   54987.3682738568       3.714934443495022E-004  3.040741724368304E-004
   54987.3887079949      -2.735618129784401E-004  3.041148390174768E-004
   54987.4091421331       6.088149174399149E-005  3.040262599825575E-004
   54987.4295762711      -4.593905509349128E-004  3.041167271930147E-004
   54987.4500104090       4.985931203842497E-004  3.042281059475535E-004
   54987.4704445469       5.151844756090540E-004  3.042343133246342E-004
   54987.4908786846       5.605255412843846E-005  3.042869226155575E-004
   54987.5113127222      -8.923152631612474E-005  3.042279171299998E-004
   54987.5317469597      -9.665087034349540E-005  3.038656706530634E-004
   54987.5521810972       7.001758344515885E-005  3.039416461162676E-004
   54987.5726151345      -2.010164253815061E-004  3.045357605492518E-004
   54987.5930493717      -2.773627660250799E-004  3.044034466484371E-004
   54987.6134835087      -3.896533984859563E-004  3.042002081539818E-004
   54987.6339175458       3.128297973331584E-005  3.046058590660945E-004
   54987.6543516827      -3.407067822697951E-003  3.040120278594409E-004
   54987.6747859195      -6.862206188039011E-003  3.036683563093582E-004
   54987.6952200561      -8.254956732698715E-003  3.037264177071471E-004
   54987.7156540928      -8.256131623342711E-003  3.036463354621480E-004
   54987.7360882292      -7.420569359657847E-003  3.036674358237835E-004
   54987.7565224657      -3.833569211780574E-003  3.040977746310535E-004
   54987.7973906381       7.038444051121751E-005  3.044826084078614E-004
   54987.8178248742      -5.157511930998782E-004  3.044102204781791E-004
   54987.8382589102      -5.476794394146944E-004  3.045663253907708E-004
   54987.8586930462       1.519201819017990E-004  3.045840742408265E-004
   54987.8791271819       2.468397380956944E-004  3.046159608052220E-004
   54987.8995613175      -3.334707015345550E-005  3.045387344257239E-004
   54987.9199954532      -1.896535223447904E-004  3.045838146166901E-004
   54987.9404295887      -8.649905413524728E-004  3.044667005289550E-004
   54987.9608638241      -7.821822549192170E-005  3.045038031782737E-004
   54987.9812978592      -8.341832138201166E-004  3.046456759677489E-004
   54988.0017319945      -3.343799056843011E-005  3.043582720486940E-004
   54988.0221660295      -2.684658040571497E-004  3.042305133713643E-004
   54988.0426002645      -1.825389215153184E-004  3.045049124814022E-004
   55030.3204931828      -1.640751787569394E-004  2.958920428451566E-004
   55030.3409271017      -4.816031887029393E-004  2.959255233259220E-004
   55030.3613609201       2.342793610630167E-004  2.959158839422216E-004
   55030.3817947382       2.924631672831524E-004  2.959774636944049E-004
   55030.4022284562       6.581240103509245E-005  2.959387657802289E-004
   55030.4226623741       4.622291148015378E-005  2.958948270360798E-004
   55030.4430961918      -3.638119079012458E-004  2.959418541264630E-004
   55030.4635299093       2.218490803940210E-004  2.958879250501778E-004
   55030.4839637265      -3.327600633793448E-004  2.959317468115150E-004
   55030.5043976437       3.971759998866453E-005  2.959645955850961E-004
   55030.5248313605      -2.329861590943949E-004  2.959618113941729E-004
   55030.5656990938      -9.077218532216325E-005  2.959461590939409E-004
   55030.5861328101      -1.538132592331709E-003  2.958418338222898E-004
   55030.6065666261      -4.803890611612016E-003  2.956497714417149E-004
   55030.6270004420      -8.271946262510932E-003  2.954185198191538E-004
   55030.6474342578      -9.100103570502616E-003  2.953820679749663E-004
   55030.6678680734      -8.495590729308278E-003  2.953829570443368E-004
   55030.6883018888      -6.213766931184694E-003  2.955483239472365E-004
   55030.7087357039      -2.677312836812384E-003  2.957532310405579E-004
   55030.7291695188      -1.245721096587715E-005  2.960261051475923E-004
   55030.7496033337      -4.246778487775327E-004  2.959432111270811E-004
   55030.7700370482       4.049302108548591E-004  2.959416435574016E-004
   55030.7904709626       4.430014620933065E-004  2.959776040737792E-004
   55030.8109047768      -4.102078321851499E-004  2.959313958630793E-004
   55030.8313384908       1.618632869075931E-004  2.958584921747041E-004
   55030.8517724045       4.812690972098022E-004  2.959261316365439E-004
   55030.8722062183      -3.887167650714618E-004  2.958711965080763E-004
   55030.8926400315      -4.080817013518701E-005  2.959104793363118E-004
   55030.9130737448       4.639371714796336E-004  2.959462760767528E-004
   55030.9335076578       3.292273032506898E-005  2.959178024603367E-004
   55030.9539414707      -5.510299163213883E-005  2.959717549331843E-004
   55030.9743751835       1.939090676517097E-004  2.959597524966835E-004
   55073.2514888722      -5.934566059688784E-004  2.954768942422912E-004
   55073.2719221587      -2.789569614353171E-004  2.954655001164123E-004
   55073.2923556449      -3.853646457532278E-004  2.954161801629159E-004
   55073.3127890310      -2.252806633420423E-004  2.954645876504795E-004
   55073.3332223170      -1.025465986814744E-004  2.955022093227861E-004
   55073.3536558026      -7.791008885027484E-005  2.955001972184214E-004
   55073.3740891879       3.350600423268624E-005  2.954567731986447E-004
   55073.3945224732      -3.513249710458410E-004  2.954034992261061E-004
   55073.4149558583       3.204364043887242E-004  2.955941344163759E-004
   55073.4353893432      -1.100637670213844E-004  2.954049498129736E-004
   55073.4558226278       1.617001488631864E-004  2.955203182620680E-004
   55073.4762560122       8.785003782230127E-005  2.954584811476984E-004
   55073.4966894964       2.806893185602899E-004  2.954988402178034E-004
   55073.5171228803      -1.992407138957653E-004  2.954448643483934E-004
   55073.5375561643      -3.383050414703770E-003  2.952068511193047E-004
   55073.5579895479      -6.122171297338164E-003  2.950217141211942E-004
   55073.5784230312      -8.725733478438524E-003  2.948386828136977E-004
   55073.5988563144      -9.838651339440396E-003  2.947591345016068E-004
   55073.6192896974      -7.777953455415321E-003  2.948847506450234E-004
   55073.6397231802      -4.033175881462125E-003  2.951035786929607E-004
   55073.6601564630      -1.248830622115560E-003  2.953023324903763E-004
   55073.6805898453       3.239154310896719E-004  2.955492832062940E-004
   55073.7010232276      -4.715613733875523E-004  2.953247931902608E-004
   55073.7214566094      -1.011046993398823E-004  2.954191983194629E-004
   55073.7418899912       2.959833100193432E-004  2.953986795342559E-004
   55073.7623233728       5.552372216890422E-004  2.954698050838902E-004
   55073.7827568542       6.945748173659005E-004  2.954761221557327E-004
   55073.8031901354      -2.368684676609112E-004  2.953592563266461E-004
   55073.8236235165       3.203747091264919E-004  2.954844279353775E-004
   55073.8440567972       9.938015708121917E-005  2.954849426597498E-004
   55073.8644902778      -2.180889892637872E-004  2.953939066355304E-004
   55073.8849236580      -4.185928137878658E-004  2.953546004107325E-004
   55073.9053569383       5.478766763733489E-005  2.954239010285012E-004
   55073.9257904182      -1.394585923475411E-005  2.953786988699836E-004
   55116.2020502945       1.119046127997514E-004  2.685455491611553E-004
   55116.2224834301       3.962437407236674E-004  2.686523831757356E-004
   55116.2429163656      -2.393244909116854E-004  2.686067493924045E-004
   55116.2633494010       5.047455391506972E-004  2.687306555381093E-004
   55116.2837825363      -5.701200333498857E-004  2.685714005835906E-004
   55116.3042154714       8.830539574766760E-005  2.686777944753876E-004
   55116.3246485065       3.861180744502146E-004  2.686717949069192E-004
   55116.3450815414       1.122676210592255E-003  2.687652167587844E-004
   55116.3655145761      -4.623695243710646E-005  2.686320911989854E-004
   55116.3859476108      -3.185886909142788E-004  2.686107336618121E-004
   55116.4063806455      -3.174713658837813E-005  2.686136523707967E-004
   55116.4268137799      -5.925402595229334E-004  2.686103167033857E-004
   55116.4472467143      -2.466348175181876E-004  2.686322070207705E-004
   55116.4676797485      -9.819344064525559E-004  2.686110347984533E-004
   55116.4881126826      -3.747833143314727E-003  2.683908807493267E-004
   55116.5085458166      -7.191073239367629E-003  2.681367214240934E-004
   55116.5289788506      -8.352843950262479E-003  2.679954883393369E-004
   55116.5494118843      -8.644160695598480E-003  2.680354468551980E-004
   55116.5698449180      -6.743044777255736E-003  2.681364666161662E-004
   55116.5902779516      -3.644965688679225E-003  2.684235193283692E-004
   55116.6107109850      -7.616269459900238E-004  2.685898857404933E-004
   55116.6311439183       1.568111266883054E-004  2.686808521705143E-004
   55116.6515770516       6.016534171127130E-004  2.687202779061639E-004
   55116.6720100846       2.193644934964656E-004  2.686554408708624E-004
   55116.6924430177       2.100081967149059E-005  2.686659111602359E-004
   55116.7128761505       7.908486999941289E-005  2.687117765871372E-004
   55116.7333091834       4.258909236993791E-004  2.687506463782183E-004
   55116.7537421161      -1.259819833475673E-004  2.686687835405065E-004
   55116.7741752485       8.303196123549128E-005  2.686911371450316E-004
   55116.7946082810       1.164275311011931E-004  2.686860641508441E-004
   55116.8150412134      -1.269855490614313E-004  2.686896082974682E-004
   55116.8559073777       3.994549813239878E-004  2.686802498972318E-004
   55116.8763403097      -3.913434742919275E-005  2.686346624426147E-004
   55159.1521530241       4.026471986349200E-004  2.716529781624380E-004
   55159.1725858901      -3.714392976676972E-004  2.715754007307750E-004
   55159.1930189562      -3.276342542846145E-004  2.715798946160371E-004
   55159.2134519223      -1.335881904598324E-004  2.716050511077618E-004
   55159.2338847885       5.008013996610217E-005  2.716486927563892E-004
   55159.2543178547      -4.434763293664767E-004  2.716024335354185E-004
   55159.2747508210      -1.075751443820883E-004  2.715829291468068E-004
   55159.2951837874       1.763878325504731E-004  2.715927045054697E-004
   55159.3156166538       2.766264689328946E-004  2.717049358152359E-004
   55159.3360497203      -2.179919332360170E-004  2.716598116477592E-004
   55159.3564826868      -3.869742511510843E-004  2.715952757490990E-004
   55159.3769155534      -4.889601575965852E-004  2.715983102798687E-004
   55159.3973486200      -8.800504159567346E-005  2.716299527915593E-004
   55159.4177815866      -1.991921230874105E-003  2.714692848112623E-004
   55159.4382144534      -4.991331462473325E-003  2.711067162951711E-004
   55159.4586475202      -8.794684596704627E-003  2.708133165491444E-004
   55159.4790804870      -9.788846073292778E-003  2.707667330271754E-004
   55159.4995133539      -8.833444943169511E-003  2.708528812709361E-004
   55159.5199464209      -5.667563743402382E-003  2.710921922433190E-004
   55159.5403793879      -2.532077939088162E-003  2.713747973989741E-004
   55159.5608123549      -1.116583187794618E-004  2.716385930967281E-004
   55159.5812452221      -3.800313497221985E-004  2.716671547489348E-004
   55159.6016782892       4.802998389965563E-004  2.716740577273271E-004
   55159.6221112565       1.694611271898516E-004  2.716530939842231E-004
   55159.6425441238      -3.944632997444630E-004  2.716790148997295E-004
   55159.6629771911      -1.970080897972792E-006  2.716379676590885E-004
   55159.6834101585       1.026820661889083E-004  2.716346783203915E-004
   55159.7038430259       1.684666094847742E-005  2.716084562682439E-004
   55159.7242760935       1.538902776121454E-005  2.716073907078209E-004
   55159.7447090610      -3.730775968272537E-004  2.716631241508132E-004
   55159.7651419287       2.259117142042744E-004  2.716531866416513E-004
   55159.7855748964      -2.857256704305033E-004  2.716360913461698E-004
   55159.8060079641       8.241665373076579E-005  2.716683592954999E-004
   55202.1025061396      -9.768989492631164E-005  3.113550779276463E-004
   55202.1229394877       1.098687443787938E-004  3.113957471453989E-004
   55202.1433727359      -4.126005380985509E-004  3.113347667998426E-004
   55202.1638058843       7.001410544216213E-006  3.113616291469032E-004
   55202.1842391331       2.866166255428571E-004  3.113623100980088E-004
   55202.2046724819       1.372035787237103E-004  3.113033256436240E-004
   55202.2251057310      -5.070496485747311E-004  3.113136807966429E-004
   55202.2455388802      -4.725695401480712E-004  3.112991225316275E-004
   55202.2659722297      -5.224265615693113E-004  3.113312446389518E-004
   55202.2864054793      -1.679159049828849E-004  3.112992399369906E-004
   55202.3068386292       8.235797229527719E-006  3.113639772541637E-004
   55202.3272719793      -1.597262049679582E-005  3.113498651295279E-004
   55202.3477052295      -8.939962426466330E-004  3.112986998723207E-004
   55202.3681383800      -2.706253005538617E-003  3.111489610723159E-004
   55202.3885716306      -6.099801670740868E-003  3.109625683179741E-004
   55202.4090049815      -8.373701994980665E-003  3.107057323458160E-004
   55202.4294381326      -8.617468229964009E-003  3.107371735020347E-004
   55202.4498713838      -7.732931863499104E-003  3.108175726946357E-004
   55202.4703047354      -4.837865771778693E-003  3.109508043005988E-004
   55202.4907378870      -1.473699415253549E-003  3.112238891749998E-004
   55202.5111711389       3.719485100126541E-004  3.113839596469510E-004
   55202.5316044909      -1.964403403200699E-004  3.113170620710981E-004
   55202.5520377432      -2.414864690123419E-004  3.113475639844126E-004
   55202.5724708957      -1.387176260537748E-004  3.113817289450534E-004
   55202.5929042484       2.971231325512580E-004  3.113647990917049E-004
   55202.6133375012       3.552067505427914E-004  3.113822924907960E-004
   55202.6542039076       9.939949962598504E-004  3.114732112039241E-004
   55202.6746372611      -1.673912040836001E-004  3.113265484244307E-004
   55202.6950704148       2.055413000536799E-004  3.113854859166703E-004
   55202.7155036687      -6.125315350370419E-004  3.113420459323503E-004
   55202.7359370227      -3.622911743056401E-004  3.113723599970839E-004
   55202.7563701770      -4.246681712503086E-004  3.113414119433899E-004
   55245.0332452041       2.107839869136541E-005  3.123484916663637E-004
   55245.0536790225      -2.443867977470759E-004  3.122106812512425E-004
   55245.0741127410       1.403050054538113E-005  3.123564517499770E-004
   55245.0945463597       1.451406333592420E-004  3.123505814818256E-004
   55245.1149801787      -1.606875702898636E-004  3.122293487039638E-004
   55245.1354138980      -1.766056941628902E-004  3.122620578381032E-004
   55245.1558475175      -1.898590764370933E-005  3.122766865463363E-004
   55245.1762813371      -1.961140133377448E-004  3.122934285511040E-004
   55245.1967150569       8.265574212318327E-005  3.122526654090610E-004
   55245.2171486771       3.847361739004462E-004  3.123954772926472E-004
   55245.2375824974       1.038035152103323E-004  3.122786824375078E-004
   55245.2580162180       1.025497958726529E-004  3.122666131661886E-004
   55245.2784498388      -3.235610687221113E-004  3.122762873681020E-004
   55245.2988836598      -5.845548400751355E-005  3.122643355021459E-004
   55245.3193173810      -4.090915516593796E-003  3.119542914194639E-004
   55245.3397510025      -7.192213651689539E-003  3.117656210010794E-004
   55245.3601848242      -9.407426967742327E-003  3.115545966015745E-004
   55245.3806185461      -8.973746047068798E-003  3.116036016001020E-004
   55245.4010521682      -6.857991812498576E-003  3.117725479174980E-004
   55245.4214858906      -3.913602830908247E-003  3.119933169621342E-004
   55245.4419197132      -1.024302544244682E-003  3.121924834199733E-004
   55245.4623534359       2.842131949483129E-004  3.123823278919881E-004
   55245.4827870589      -1.576242007601536E-004  3.122161993033048E-004
   55245.5032208822       7.263563649972937E-005  3.122566102292587E-004
   55245.5236546056       4.894969250579528E-005  3.123077989675385E-004
   55245.5440882294      -3.481017408679676E-005  3.122524540794075E-004
   55245.5645220532       4.694476271336345E-004  3.122977960306086E-004
   55245.5849557773       4.602133310831480E-004  3.122860789753785E-004
   55245.6053894018       3.233655505583410E-004  3.122823689659069E-004
   55245.6258232263       1.764022024270950E-004  3.122575025100177E-004
   55245.6462569511       2.259733365654881E-004  3.122559762402983E-004
   55245.6666905762      -3.403286620373702E-005  3.122754890116335E-004
   55245.6871244014       1.279827193731986E-004  3.122369800525606E-004
   55245.7075581268       2.859368262344564E-004  3.122850223271113E-004
   55287.9853654871       5.849450951964652E-004  3.088120184895913E-004
   55288.0057994880      -2.168231461683323E-004  3.087701972567484E-004
   55288.0262335889       3.481036302654950E-005  3.088241473468575E-004
   55288.0466677900       9.113138004432919E-004  3.088643824983656E-004
   55288.0671017912       2.409156587026562E-004  3.086665888260243E-004
   55288.0875358925      -4.203526537848168E-004  3.086646761985323E-004
   55288.1079700940      -4.706289570030053E-004  3.087118621182430E-004
   55288.1284040955       1.782911274244015E-004  3.087189295100731E-004
   55288.1488381972       1.108059283345675E-004  3.088623299225205E-004
   55288.1692723991      -6.230920897406511E-004  3.087693808913554E-004
   55288.1897064010       2.826114398792878E-004  3.088561721949854E-004
   55288.2101405031       2.408032844458674E-006  3.088600907488714E-004
   55288.2305747053       1.163160824280141E-004  3.089063670042871E-004
   55288.2510087076      -1.771780031178505E-003  3.086842922926879E-004
   55288.2714428101      -5.220809973672358E-003  3.084642934816592E-004
   55288.2918770127      -7.573131652611420E-003  3.084056317969967E-004
   55288.3123111154      -9.263042870252369E-003  3.082686223593395E-004
   55288.3327451182      -7.614525648528936E-003  3.084548469678269E-004
   55288.3531793212      -5.801307022934243E-003  3.084801542950074E-004
   55288.3736134242      -2.099389925928175E-003  3.086277065085959E-004
   55288.3940474274      -3.079594702948274E-005  3.087808100068563E-004
   55288.4144816307      -2.182952003370042E-004  3.088392617689892E-004
   55288.4349157342       1.461887988343236E-004  3.088633328857176E-004
   55288.4553497378      -1.143900279678700E-004  3.088428771014436E-004
   55288.4757839415      -3.181204130221493E-004  3.088291155133915E-004
   55288.4962180453       3.666711687388968E-005  3.087207954881141E-004
   55288.5166520493       3.976065646214000E-004  3.089012822141255E-004
   55288.5370862533       6.739127765031938E-005  3.087946182443593E-004
   55288.5575203575       7.103460764668057E-005  3.088241240221319E-004
   55288.5779543619      -3.197316528091854E-004  3.087826526601717E-004
   55288.5983885663      -1.764435614869386E-004  3.086936455076181E-004
   55288.6188225709       8.291273127805088E-004  3.088660152291514E-004
   55288.6392566756       1.518675658309654E-004  3.088240073985044E-004
   55330.9175854348       2.875940919890851E-004  3.071142117195769E-004
   55330.9380196509       1.798097529077669E-004  3.070623375300384E-004
   55330.9584539669       3.887832627689214E-004  3.071374897956378E-004
   55330.9788880828       3.335341590198215E-004  3.070581157547207E-004
   55330.9993222988       3.568923554486680E-005  3.070937092858519E-004
   55331.0197566148      -4.009262802530111E-004  3.070548736178746E-004
   55331.0401907307       4.200536584282322E-004  3.070761224428159E-004
   55331.0606249467      -6.876506356923162E-005  3.070253911648275E-004
   55331.0810592626      -2.240145697028906E-004  3.070671190987683E-004
   55331.1014933785      -1.678425011139018E-004  3.070790613582304E-004
   55331.1219276943       9.874564925138607E-005  3.070521912744407E-004
   55331.1423619101       8.122236727925447E-005  3.070531009387356E-004
   55331.1627960260      -7.312379116908296E-005  3.070690783757113E-004
   55331.1832303418      -7.017916357408005E-004  3.070107665619315E-004
   55331.2036645576      -1.435160555831483E-003  3.071227019196633E-004
   55331.2445329891      -8.794495416454939E-003  3.065715853052671E-004
   55331.2649672049      -9.378678177452193E-003  3.064476377138966E-004
   55331.2854013205      -7.106851186980290E-003  3.066743540458727E-004
   55331.3058356362      -4.061192440999006E-003  3.068188973698702E-004
   55331.3262698520      -7.820160423924749E-004  3.069791615588628E-004
   55331.3467039676      -2.625253499973779E-004  3.069826369429641E-004
   55331.3671382832      -2.615354198307607E-004  3.070370068781324E-004
   55331.3875724989      -8.618613003725795E-004  3.070167376916625E-004
   55331.4080066145      -1.073848077459805E-003  3.069150885378815E-004
   55331.4284409300      -3.544747913231117E-005  3.070699180658297E-004
   55331.4488751457      -4.041630953841580E-004  3.069335850452124E-004
   55331.4693092612      -4.626695148524096E-005  3.070651131723743E-004
   55331.4897435767       1.093407362207088E-005  3.070612879173903E-004
   55331.5101777922       6.764402305736716E-005  3.069508919915423E-004
   55331.5306119077      -1.630725893028151E-004  3.069747298610155E-004
   55331.5510462231      -2.442105372267855E-004  3.069710445543846E-004
   55331.5714804386       3.522633216241911E-004  3.070873882852382E-004
   55331.5919145541       9.899676035818317E-005  3.070038857679054E-004
   55373.8701364469      -2.817110945547707E-004  2.938818946908307E-004
   55373.8905703886      -1.050667364350666E-004  2.937776288427908E-004
   55373.9110045303       3.639275587854485E-004  2.939498307330579E-004
   55373.9314385715       6.348905293103169E-004  2.939008121231755E-004
   55373.9518725129       1.724424673363867E-004  2.939484877574447E-004
   55373.9723066539      -5.730578205789261E-004  2.938283377495657E-004
   55373.9927406949      -5.736771190615331E-004  2.938517703585411E-004
   55374.0131746356       3.151359665685138E-004  2.938653621979370E-004
   55374.0336087764       3.629332238805905E-004  2.938183580514744E-004
   55374.0540428169      -9.849843695408644E-005  2.938936573048223E-004
   55374.0744768574      -4.276122402980809E-004  2.938040021052641E-004
   55374.0949108977       1.448623038542429E-004  2.938865951054770E-004
   55374.1153449377       8.194464333688423E-005  2.937845058041205E-004
   55374.1357789778      -1.181360472686910E-003  2.937482686173157E-004
   55374.1562130176      -4.449447093557879E-003  2.935751405369704E-004
   55374.1766470574      -7.449595456105684E-003  2.934419544037425E-004
   55374.1970811970      -9.369619616047098E-003  2.932808204849084E-004
   55374.2175151364      -7.916784485494488E-003  2.933732079451970E-004
   55374.2379491757      -5.132736346491251E-003  2.935657165529260E-004
   55374.2583833148      -2.977773996694300E-003  2.936657682361106E-004
   55374.2788173537      -6.184575045933283E-004  2.938270179287045E-004
   55374.2992512926      -9.028627159612945E-005  2.938906703418205E-004
   55374.3196854313       9.805382699568099E-005  2.938497095856174E-004
   55374.3401193699      -4.537001053542822E-004  2.938696689818000E-004
   55374.3605534083      -5.743247189171630E-005  2.938786530255574E-004
   55374.3809875465       2.634050326262294E-004  2.939114864638254E-004
   55374.4014214847      -1.315343338108566E-004  2.938910871273556E-004
   55374.4218555227      -4.651282130957446E-004  2.939168815210302E-004
   55374.4422896606      -5.023086136912713E-005  2.938681176134192E-004
   55374.4627235983       8.765550571632197E-005  2.939327193713654E-004
   55374.4831577358       1.550722912673219E-004  2.938549657143105E-004
   55374.5035917733       3.810749121300194E-004  2.939531187078351E-004
   55374.5240257106       1.710155215839393E-005  2.938583463080955E-004
   55374.5444598478       4.878342195713259E-005  2.938908324250842E-004
   55416.8221269090      -3.424954311136430E-004  2.943343385439730E-004
   55416.8425606732       2.747638193767443E-004  2.945319643518834E-004
   55416.8629943373       3.114397460233231E-004  2.944567808722952E-004
   55416.9038616649       7.963361977125771E-005  2.943805785836212E-004
   55416.9242953284       2.800419885577998E-004  2.945432638708360E-004
   55416.9447288918       6.507162647855225E-004  2.943970879217630E-004
   55416.9651626546       4.557108689526856E-004  2.944823205636983E-004
   55416.9855963175       5.461562535566955E-004  2.944330704062964E-004
   55417.0060298801      -4.321570943641717E-004  2.943031490930937E-004
   55417.0264636428       3.793220570300626E-004  2.943700431714830E-004
   55417.0468973049       1.395461634907669E-004  2.944170473179456E-004
   55417.0673310668       1.814011326242149E-004  2.943724281109341E-004
   55417.0877646288      -1.859342423652266E-003  2.942593403024004E-004
   55417.1081982905      -4.821476138310077E-003  2.940661833616167E-004
   55417.1286319517      -9.063430986939069E-003  2.937552150429012E-004
   55417.1490656130      -8.671448565456430E-003  2.938533448816738E-004
   55417.1694991740      -7.867157129548996E-003  2.939430000812321E-004
   55417.1899329347      -3.736212091257296E-003  2.941561627277023E-004
   55417.2103665955      -1.573646581534582E-003  2.943215108113916E-004
   55417.2308002558      -2.235848944565078E-005  2.944592352760021E-004
   55417.2512339161      -5.229601112988203E-004  2.944102398208717E-004
   55417.2716675759       2.637337444437726E-004  2.945033682332227E-004
   55417.2921012358      -4.119726215918718E-004  2.944818806234112E-004
   55417.3125349954      -2.074927547517369E-004  2.944547664088754E-004
   55417.3329685548       6.813596308163916E-005  2.944914898454713E-004
   55417.3534023139       4.632319071844471E-004  2.945180483459603E-004
   55417.3738359728       2.829409713922537E-005  2.945321495898990E-004
   55417.3942695315      -6.897034453634543E-004  2.944519646838892E-004
   55417.4147032901       5.058482720787794E-005  2.945386560751975E-004
   55417.4351369483       1.645680434592123E-005  2.944337418941030E-004
   55417.4555705066      -2.923514872998911E-005  2.945388413132132E-004
   55417.4760042645       3.140177892424489E-005  2.945235360221729E-004
   55459.7527872060       3.010399738891945E-004  2.945554432703627E-004
   55459.7732205467      -1.363802944932546E-004  2.945798252241682E-004
   55459.7936536870      -1.919995791944684E-004  2.945496777371267E-004
   55459.8140869273       2.501844705042888E-004  2.945566241627123E-004
   55459.8345202673       3.187947403402447E-004  2.945635011240421E-004
   55459.8549534071       1.445082898998695E-004  2.945734345126294E-004
   55459.8753866469       2.264301328629426E-004  2.944887807394929E-004
   55459.8958199863      -3.919599421484676E-004  2.945533824974390E-004
   55459.9162531256      -1.335720732679180E-004  2.945561147581693E-004
   55459.9366863647      -2.504509519813958E-004  2.945491914873357E-004
   55459.9571197039       3.180493579346688E-005  2.945605604705441E-004
   55459.9775528425      -3.921031571371136E-004  2.944908183576647E-004
   55459.9979860812      -5.734776745136561E-005  2.946074951527509E-004
   55460.0184194196      -5.483358307222241E-004  2.944582627764202E-004
   55460.0388525578      -3.757008504232884E-003  2.942379221568448E-004
   55460.0592858959      -7.319841030076435E-003  2.941099921523100E-004
   55460.0797191339      -8.803627943358761E-003  2.940056105305103E-004
   55460.1001523714      -8.627179923639705E-003  2.940041517811373E-004
   55460.1205856091      -7.136821517083169E-003  2.940910978747171E-004
   55460.1410188463      -3.320522646257595E-003  2.942747845219524E-004
   55460.1614520836      -3.897409281188313E-004  2.945305287572624E-004
   55460.1818853204       2.412881894153784E-005  2.945324274469224E-004
   55460.2023185571      -2.213211666901582E-005  2.945148066806870E-004
   55460.2227517939       8.713536686817402E-004  2.945801262359436E-004
   55460.2431851302      -4.315025431417263E-004  2.944895216915554E-004
   55460.2636182666      -6.795297696173819E-004  2.945054984704023E-004
   55460.2840515026      -3.779996477517589E-004  2.944548821826352E-004
   55460.3044848385       3.616713454097642E-004  2.945916573024157E-004
   55460.3249179741       7.682856078812250E-004  2.945534288069429E-004
   55460.3453511097       5.506020102075126E-007  2.945862853999628E-004
   55460.3657844451       6.639940302033409E-007  2.945759120710884E-004
   55460.3862176803       1.139779558729792E-004  2.944775043752923E-004
   55460.4066510152       5.400489009135256E-004  2.945439585133946E-004
   55460.4270841499      -6.927127500400143E-005  2.944493713516706E-004
   55502.7031327523      -5.366382363416466E-004  2.727898425691980E-004
   55502.7235658245      -2.368482213292999E-004  2.728236754904888E-004
   55502.7439986964      -5.140532866587666E-005  2.729361215873313E-004
   55502.7644316684       1.243380706208441E-004  2.729477295352218E-004
   55502.7848646403      -3.101044175102263E-005  2.729893954619998E-004
   55502.8052976122       1.780647501916643E-004  2.728714049185023E-004
   55502.8257305839       5.984817052777647E-004  2.729007079089090E-004
   55502.8461636556       1.682443491006769E-004  2.729402976173651E-004
   55502.8665965273       2.674910895492655E-004  2.729023358528205E-004
   55502.8870295989       6.777569053673105E-005  2.728596082234916E-004
   55502.9074625705       2.297368783876763E-005  2.727784705552076E-004
   55502.9278954420       3.547234752820927E-005  2.729662267529987E-004
   55502.9483285135      -6.159857109333533E-005  2.729779526678393E-004
   55502.9687614848      -1.834770240847550E-003  2.727022167186582E-004
   55502.9891943562      -4.830442926531342E-003  2.724527402125709E-004
   55503.0096274274      -8.129610020826461E-003  2.722471238185336E-004
   55503.0300603987      -9.414853575408610E-003  2.722651963552901E-004
   55503.0504932698      -8.393391423027197E-003  2.723579655648546E-004
   55503.0709263408      -5.668832378959765E-003  2.725407671507411E-004
   55503.0913593119      -2.472227171963159E-003  2.726876124102349E-004
   55503.1117921828      -1.070559927024428E-004  2.729282649884541E-004
   55503.1322252537      -1.382156662943501E-004  2.729763483173179E-004
   55503.1526582246      -2.466998330877823E-004  2.728702252490012E-004
   55503.1730912954       4.698644995557721E-004  2.730421266886978E-004
   55503.1935241661      -2.565938757889130E-004  2.728849947111547E-004
   55503.2139571368       2.602756550722507E-004  2.729711577715132E-004
   55503.2343902074       1.341916085328965E-004  2.729899145165803E-004
   55503.2548230780      -1.026045818106613E-004  2.729430344506076E-004
   55503.2752560485       1.210077114595087E-004  2.729493102923533E-004
   55503.2956891190       7.910947591582840E-005  2.729810198085422E-004
   55503.3161219894       3.236668818804578E-004  2.730070669111259E-004
   55503.3365549597      -4.673767044157673E-004  2.730070669111259E-004
   55503.3569880300      -3.422096348840720E-004  2.730464442790717E-004
   55545.6532457073       1.322074671077367E-004  2.759752805295598E-004
   55545.6736788363      -8.841831408989975E-005  2.759666453488119E-004
   55545.6941117655       1.800162490390722E-004  2.759848358525185E-004
   55545.7145447948       4.364772587497345E-004  2.759762950453307E-004
   55545.7349779242      -3.326273733265106E-004  2.759469448681440E-004
   55545.7554109537      -2.854057316891145E-004  2.759312552637797E-004
   55545.7758438833       1.676565451513845E-004  2.759672115901724E-004
   55545.7962770130       4.581458793884163E-004  2.760011860718034E-004
   55545.8167100429      -4.254712572477892E-004  2.759233986649025E-004
   55545.8575761029      -8.201392837281496E-005  2.759304294951289E-004
   55545.8780091331       2.782954089293188E-004  2.759843639847181E-004
   55545.8984421634      -3.299387565544043E-004  2.759340156904122E-004
   55545.9188751938      -2.299429385836826E-003  2.757787004039007E-004
   55545.9393082243      -5.913856552901775E-003  2.755080606269642E-004
   55545.9597412550      -9.063314093743391E-003  2.752688472455363E-004
   55545.9801742857      -9.277744471470450E-003  2.752627837443008E-004
   55546.0006073166      -7.503482547425944E-003  2.753802788266078E-004
   55546.0210403476      -4.857421341970536E-003  2.755907554589895E-004
   55546.0414733787      -1.294461043062856E-003  2.758529016155183E-004
   55546.0619065099       5.048271035046348E-005  2.759792678124734E-004
   55546.0823394412      -4.783381318972380E-004  2.759346527119428E-004
   55546.1027724727      -1.445243236929405E-004  2.759326000870109E-004
   55546.1232056042       7.890908038628019E-004  2.759902623322234E-004
   55546.1436385359      -2.187004239925239E-004  2.759369648641649E-004
   55546.1640715677      -1.187147788676013E-004  2.759720482351269E-004
   55546.1845046996      -3.273117965729710E-005  2.759888467288222E-004
   55546.2049376316       2.963775493234344E-004  2.759931171324161E-004
   55546.2253706638       3.064367343559304E-004  2.760299228208496E-004
   55546.2458037960      -1.925732331269359E-004  2.759624221319981E-004
   55546.2662367284      -1.120133039942406E-004  2.759633422742089E-004
   55546.2866698609      -3.042939040074355E-004  2.759841752375979E-004
   55546.3071028935      -5.731885266679893E-005  2.759695473357846E-004
   55588.5834050725       1.810774088000233E-004  3.396345254542319E-004
   55588.6038385763       3.780353584996732E-004  3.397146993884577E-004
   55588.6242718804      -7.280556767441659E-005  3.396067572757429E-004
   55588.6447052847       3.463721288685662E-004  3.397136049506254E-004
   55588.6651386892       1.340799024003303E-004  3.397434856486512E-004
   55588.6855720940       4.678188056674859E-004  3.397517066584146E-004
   55588.7060054989       7.523505808793018E-006  3.398320842089813E-004
   55588.7264390041       3.583018361787982E-004  3.398058177010064E-004
   55588.7468723096       5.529413918781145E-005  3.397796530012019E-004
   55588.7673057152      -5.610581483878052E-004  3.397489832898552E-004
   55588.7877392211       5.317073009509787E-004  3.398985140401970E-004
   55588.8081725272       1.167536870589903E-004  3.398030434283618E-004
   55588.8286060335       6.866944614345449E-004  3.397848961219799E-004
   55588.8490394400      -7.606008864778913E-004  3.396427719160380E-004
   55588.8694727468      -3.324743226548299E-003  3.395009531346074E-004
   55588.8899062538      -6.790660940134141E-003  3.391931870353508E-004
   55588.9103396610      -9.722563843579279E-003  3.389104911980663E-004
   55588.9307729685      -9.902602863357313E-003  3.387544701768586E-004
   55588.9512064761      -7.386868334302243E-003  3.391402213346765E-004
   55588.9716398840      -4.346147582818261E-003  3.394862927580633E-004
   55588.9920733921      -1.101296262424278E-003  3.397950769390244E-004
   55589.0125067004       6.485137060001644E-004  3.398142677791534E-004
   55589.0329401090      -6.339626870577320E-005  3.397028641886434E-004
   55589.0533736178      -6.872256391265985E-005  3.399219044673568E-004
   55589.0738069268       6.856172965097329E-005  3.398082356450545E-004
   55589.0942403360       1.357645812487540E-004  3.397859905598121E-004
   55589.1146738455      -6.329988113535912E-004  3.398038578937253E-004
   55589.1351071552       5.871037311844240E-005  3.398051813999411E-004
   55589.1555405651      -4.200349915011170E-004  3.397741299079553E-004
   55589.1759740752      -5.391658864890569E-004  3.396972901913115E-004
   55589.1964074856       2.540908644643736E-004  3.398175765446929E-004
   55589.2168408962      -3.837062511787837E-004  3.398346803173277E-004
   55589.2372743069      -1.400620880406267E-004  3.398601323599391E-004
   55589.2577077180      -1.069590165906353E-004  3.398559073208656E-004
   55631.5349160972       2.888786227639439E-004  3.464936473216547E-004
   55631.5553499696      -1.963461839473712E-004  3.464464592346533E-004
   55631.5757838422      -7.015993577152990E-005  3.464878188038967E-004
   55631.5962177149      -5.054154119389365E-004  3.464358202808417E-004
   55631.6166516879      -3.737276117388166E-005  3.464966252106403E-004
   55631.6370855610      -7.723376141455240E-005  3.464663627319754E-004
   55631.6575193344      -2.857540234737499E-004  3.463612203439478E-004
   55631.6779533080      -3.107294381020642E-004  3.464523132044539E-004
   55631.6983871818       2.752466319302371E-004  3.465208810072489E-004
   55631.7188209557       1.230386936355021E-004  3.464581417222119E-004
   55631.7392549299       2.907232992770403E-004  3.465275239903705E-004
   55631.7596888042       2.873812440573609E-005  3.464839500934198E-004
   55631.7801227788       5.759101372790898E-004  3.465001121404780E-004
   55631.8005565536      -1.466151178583730E-003  3.463353356166121E-004
   55631.8209904285      -5.396789023881965E-003  3.460034664330024E-004
   55631.8414244037      -8.643139654271326E-003  3.457521529642577E-004
   55631.8618581791      -1.067761657652633E-002  3.455712652974188E-004
   55631.8822920546      -9.284650984820564E-003  3.456835342573775E-004
   55631.9027260303      -4.955222366387568E-003  3.461070562464307E-004
   55631.9231598063      -1.976864543523638E-003  3.463865960304313E-004
   55631.9435936824       6.696257022364982E-005  3.464560801067604E-004
   55631.9640276588       6.467651367336735E-005  3.464733874957361E-004
   55631.9844614353      -6.606869011371863E-005  3.464633084868620E-004
   55632.0048954121      -6.685528183476563E-004  3.464387727177846E-004
   55632.0253292891       6.390144089785110E-005  3.464602796937913E-004
   55632.0457631662      -3.529632978094277E-005  3.464393072106795E-004
   55632.0661970436      -3.007650608259915E-004  3.464764926449347E-004
   55632.0866309211       6.294108275106680E-005  3.464991704149014E-004
   55632.1070647989      -3.857268474611875E-004  3.464873606671298E-004
   55632.1274986768      -1.509408437749826E-004  3.464153822906248E-004
   55632.1479325549       7.111874623055847E-005  3.463887085499681E-004
   55632.1683664333       3.235610602578820E-004  3.464232724238343E-004
   55632.1888003118       3.907465080388306E-005  3.464245704780075E-004
   55674.4668480833      -3.405112633771967E-004  3.088276277503283E-004
   55674.4872821575      -2.179302290260532E-004  3.088084010625838E-004
   55674.5077164318      -2.381093992407379E-004  3.088662251459503E-004
   55674.5281505061       6.609643463548753E-004  3.088724900217321E-004
   55674.5485846805      -9.321791267791202E-005  3.088028322841109E-004
   55674.5690189550      -4.927906020812944E-004  3.088414056763774E-004
   55674.5894530296      -3.616436668607559E-005  3.088288039147471E-004
   55674.6098872042      -1.655688846134984E-004  3.087692275864301E-004
   55674.6303214789       6.630133170426600E-004  3.089135597629692E-004
   55674.6507555537      -1.371135590588768E-005  3.087645469321103E-004
   55674.6711897286       6.975955822485780E-005  3.087205007747930E-004
   55674.6916240036      -7.335991062118463E-005  3.087828374889909E-004
   55674.7120581786      -7.924987726370958E-005  3.087446481504122E-004
   55674.7324923537      -7.866956813088466E-004  3.087676913716790E-004
   55674.7529265289      -2.462035078203084E-003  3.086498588995968E-004
   55674.7733607042      -5.804202434407046E-003  3.083188526274410E-004
   55674.7937948795      -8.344743724054693E-003  3.082669813762351E-004
   55674.8142290549      -9.406189898356954E-003  3.081967235547267E-004
   55674.8346632304      -7.148715184314591E-003  3.083212769663451E-004
   55674.8550975060      -4.240466822541311E-003  3.084703378039149E-004
   55674.8755315816      -8.929955304982640E-004  3.087553776503146E-004
   55674.8959657573      -1.172314068063063E-004  3.088621925822285E-004
   55674.9164000331      -8.229826335194312E-004  3.088172583007582E-004
   55674.9368341090       1.175377166402480E-004  3.088534553608316E-004
   55674.9572683850       1.115347926408106E-004  3.088778667733611E-004
   55674.9777025610      -1.434926444394691E-004  3.088323324080036E-004
   55674.9981366371       1.753706557618973E-004  3.088850437766515E-004
   55675.0185709133       3.627923311633197E-005  3.088296200288337E-004
   55675.0390050895      -1.877558398238888E-004  3.088015120995592E-004
   55675.0594391659       4.333508763196825E-004  3.088706657667152E-004
   55675.0798734423       2.234859414194101E-004  3.089341786453319E-004
   55675.1003076188       3.350600020368688E-004  3.088905405450579E-004
   55675.1207418953       4.049028201495997E-004  3.088786348807366E-004
   55675.1411759720       5.179053933068722E-005  3.089198006353956E-004
   55717.4195579586      -1.711139776104931E-004  3.054089738485493E-004
   55717.4399922450      -1.085932116501320E-004  3.053928195903070E-004
   55717.4604264312      -3.375931294686829E-004  3.053987964258231E-004
   55717.4808606175      -1.877188034602462E-004  3.053701604227280E-004
   55717.5012948036       3.210233643173854E-004  3.053716006240571E-004
   55717.5217289897      -2.194922389420206E-005  3.052909733529787E-004
   55717.5421632758      -1.323694905361883E-004  3.053802178286767E-004
   55717.5625973617      -2.509023706165348E-004  3.052407103265904E-004
   55717.5830315477       1.452162971078419E-004  3.053308189230860E-004
   55717.6034658336      -1.462853215085103E-004  3.052679781384228E-004
   55717.6238999193       2.787758742441859E-004  3.053945718352575E-004
   55717.6443341051       2.715074241765869E-004  3.052763073027766E-004
   55717.6647683908       2.922165068266480E-004  3.053447888759790E-004
   55717.6852024763      -1.090898651975869E-003  3.052167309744596E-004
   55717.7056366618      -4.123125516662385E-003  3.049893711912935E-004
   55717.7260708472      -7.838142690309802E-003  3.046824162813348E-004
   55717.7465050327      -9.133916889207727E-003  3.045986925773987E-004
   55717.7669393180      -6.775022513851647E-003  3.047014029355245E-004
   55717.7873734032      -5.640495980883897E-003  3.049871148758778E-004
   55717.8078075885      -3.010398396665392E-003  3.051083558244390E-004
   55717.8282418736      -3.863408962855308E-004  3.052630814539036E-004
   55717.8486759587      -1.538023076655959E-004  3.052995665542428E-004
   55717.8691101436      -7.573046177484777E-004  3.052768113732418E-004
   55717.8895444286      -1.566787458164853E-004  3.052436627393152E-004
   55717.9099786135      -7.377700602007042E-005  3.054067655398446E-004
   55717.9304126983       5.108972410412527E-004  3.052590488901819E-004
   55717.9508469830       5.965227827187114E-005  3.053243140137491E-004
   55717.9712811678       9.700142443369586E-005  3.053393881209946E-004
   55717.9917153523       3.030663693723845E-004  3.053229218191309E-004
   55718.0121495369       1.417231372113914E-004  3.053168969769039E-004
   55718.0325837213      -4.412236111778212E-004  3.052150507395756E-004
   55718.0530180057       1.523599455204305E-004  3.052547762929054E-004
   55718.0734520901       2.545972908947203E-004  3.052756112054675E-004
   55718.0938862744      -1.799946497920146E-004  3.052978143092923E-004
   55760.3719429935      -3.240061717635356E-005  2.960116739356607E-004
   55760.3923768234      -1.734377593198833E-004  2.960146863801964E-004
   55760.4128107529      -5.345784558263844E-004  2.959596216963596E-004
   55760.4332447823      -2.357091412491519E-004  2.959830673887142E-004
   55760.4536786116      -3.301900933994073E-005  2.959923382451532E-004
   55760.4741125406      -5.774696183346029E-004  2.959725121566980E-004
   55760.4945465693      -3.423497565100408E-004  2.959831841501303E-004
   55760.5149803981       3.324865414633393E-005  2.960202208713199E-004
   55760.5354144266       3.834239982003496E-005  2.960303791145214E-004
   55760.5558483549      -2.767685471364301E-004  2.959972188723465E-004
   55760.5762821832      -3.557084352139306E-004  2.959425511773245E-004
   55760.5967162110       2.987559709310972E-004  2.960044814324285E-004
   55760.6171501391       1.745858199742045E-005  2.960219022357119E-004
   55760.6375840667      -2.675146418463115E-003  2.957678760988262E-004
   55760.6580179940      -5.271059658305655E-003  2.955683308386967E-004
   55760.6784519214      -8.356881758732393E-003  2.953509444341859E-004
   55760.6988857485      -8.953123823858711E-003  2.953641151219229E-004
   55760.7193197756      -7.943698330741267E-003  2.953933288282333E-004
   55760.7397537023      -4.819109658540155E-003  2.956070255719951E-004
   55760.7601876289      -1.191256108465710E-003  2.958606313677828E-004
   55760.7806215554       2.987583315494646E-005  2.959446762350977E-004
   55760.8010554818      -4.729756822022813E-004  2.959263913973351E-004
   55760.8214895080       4.746613769146535E-005  2.959812225583397E-004
   55760.8419233340      -5.833586072645502E-006  2.959329533889204E-004
   55760.8623572597      -1.425257299095817E-004  2.959511681698333E-004
   55760.8827912852       2.529423162500599E-005  2.959337006619835E-004
   55760.9032251107      -1.191592105614925E-004  2.959064718997470E-004
   55760.9236590360       5.410850112117505E-004  2.959812926151894E-004
   55760.9440930610       1.910457822904554E-004  2.959598552191918E-004
   55760.9645268860      -2.349090022383260E-004  2.959574732863032E-004
   55760.9849608108      -2.082447418412237E-004  2.959017547385362E-004
   55761.0053948354       4.494885142625193E-005  2.958827226277105E-004
   55761.0258286597      -1.747426771848692E-004  2.959632413002590E-004
   55803.3032181921       6.344967698261872E-004  2.954891198940087E-004
   55803.3236516092      -2.490685128702097E-004  2.955194311576305E-004
   55803.3440851261      -3.022596695455571E-004  2.954598828354151E-004
   55803.3645187427       4.121053827588206E-005  2.955051395602988E-004
   55803.3849521592      -4.630048900645667E-004  2.954999787057068E-004
   55803.4053857753      -1.641595347504632E-004  2.955969840902097E-004
   55803.4258192913       2.778171669826079E-005  2.956086135272542E-004
   55803.4462527070      -2.706047171319170E-004  2.957312597187346E-004
   55803.4666863227       2.758958723674265E-004  2.957480266580877E-004
   55803.4871198380      -3.992965492527478E-005  2.957810701388465E-004
   55803.5075532532      -9.571387250983943E-005  2.956797912865139E-004
   55803.5279868682       5.668288899007834E-005  2.957936803717862E-004
   55803.5484202830      -6.091699158838892E-005  2.958560776725546E-004
   55803.5688537976      -6.303808462266858E-004  2.958036517967218E-004
   55803.5892874119      -3.622833821205984E-003  2.956233955225335E-004
   55803.6097208260      -7.160368796155892E-003  2.955134529731257E-004
   55803.6301543398      -8.930731662472158E-003  2.953979292280279E-004
   55803.6505879537      -8.044796906082063E-003  2.954373245298229E-004
   55803.6710214671      -6.878253740062568E-003  2.955425265657367E-004
   55803.6914549804      -4.026939837100674E-003  2.956617166193003E-004
   55803.7118884934      -9.427307358910175E-004  2.959258075902545E-004
   55803.7323220063       3.937897865049500E-004  2.960187029729105E-004
   55803.7527555190       3.294517611058811E-004  2.960453012235000E-004
   55803.7731890314       4.711856672952042E-004  2.960304024668046E-004
   55803.7936225437      -3.344509833302922E-006  2.960581916838384E-004
   55803.8140561559       3.556091048848575E-004  2.960672757220116E-004
   55803.8344895676      -2.502856678290311E-004  2.960652674256546E-004
   55803.8549230792      -1.516193828793311E-004  2.960790452727554E-004
   55803.8753566907       5.211175053398964E-004  2.961190710861974E-004
   55803.8957901020       3.178631160871692E-004  2.961476309285775E-004
   55803.9162236128      -6.458754842907366E-004  2.960345358209348E-004
   55803.9366572236      -6.608087090597126E-004  2.960995485774240E-004
   55803.9570906342      -1.479353450032361E-004  2.961434275175976E-004
   55803.9775242446      -6.669794042590826E-005  2.961307005232418E-004
   55846.2540064280      -9.921173892679658E-005  2.739325843116287E-004
   55846.2744394507       2.947101399652929E-005  2.739607491996788E-004
   55846.2948726734      -2.761635178424315E-004  2.738877591762404E-004
   55846.3153057957      -1.740798746699967E-004  2.739719435492512E-004
   55846.3357388179      -1.172968577382028E-004  2.739662150974444E-004
   55846.3561720401      -2.836286624394724E-004  2.739392913739525E-004
   55846.3766051619       4.772334390557020E-006  2.739347086125070E-004
   55846.3970381839       9.801787344199120E-005  2.739891766417700E-004
   55846.4174714054      -1.035082265675724E-004  2.739471679951868E-004
   55846.4379045269       2.160781422579916E-004  2.739480033944087E-004
   55846.4583376482      -1.341382822293014E-004  2.739979602678738E-004
   55846.4787707696      -4.609632337256864E-004  2.739276196533961E-004
   55846.4992038904      -3.919064071645773E-004  2.739544240341421E-004
   55846.5196370114      -1.025795892391712E-003  2.738922464634891E-004
   55846.5400701321      -4.812216826229898E-003  2.735892591000078E-004
   55846.5605032527      -8.200936746748044E-003  2.732835745904673E-004
   55846.5809364733      -9.417359229853317E-003  2.731728722593009E-004
   55846.6013694934      -7.998132799895918E-003  2.733005212603958E-004
   55846.6218026135      -5.697220199799791E-003  2.735355309957698E-004
   55846.6422358337      -2.790536842474434E-003  2.736975745762547E-004
   55846.6626689536      -3.542460448539009E-004  2.738868283028218E-004
   55846.6831019732       1.659420423893998E-005  2.739491490847700E-004
   55846.7035351927      -5.037980647559781E-004  2.739380024722959E-004
   55846.7239682121      -4.770660218751388E-004  2.739418453087163E-004
   55846.7444013313      -1.363899150375047E-004  2.739509630945088E-004
   55846.7648345505       7.531164832030868E-005  2.739837346125536E-004
   55846.7852675695      -6.241650401828114E-005  2.739147067682816E-004
   55846.8057006882       3.057614190244973E-004  2.739456881451367E-004
   55846.8261339070       5.915688688138410E-004  2.739928523983461E-004
   55846.8465669255      -4.431815226213498E-005  2.739430864732745E-004
   55846.8874332620      -2.001711212340496E-007  2.739335151850473E-004
   55846.9078662801      -8.521888815271605E-005  2.739773139728201E-004
   55889.2042041057       2.649115668316160E-004  2.768168597963529E-004
   55889.2246369562       3.506534516182214E-004  2.768496551829468E-004
   55889.2450699067      -1.047215192218065E-004  2.767942562802652E-004
   55889.2655029572       2.204246708552571E-004  2.767939698576748E-004
   55889.2859359077       4.053404499340107E-004  2.768475308820684E-004
   55889.3063687582       1.880565801335443E-004  2.768050926015997E-004
   55889.3268018087       2.844170253677447E-004  2.767741589618430E-004
   55889.3472347592       1.206806395088744E-004  2.767959509472580E-004
   55889.3676676097       6.611353643093398E-004  2.768504905821686E-004
   55889.3881006602      -2.136177098410741E-004  2.767910340261239E-004
   55889.4085336107      -3.916317449426110E-004  2.767350622782616E-004
   55889.4289666612       6.984987667202347E-005  2.767998176522276E-004
   55889.4493995117      -5.106129111887014E-004  2.768056415782312E-004
   55889.4698324622      -2.935004572993671E-003  2.765801076568876E-004
   55889.4902655126      -6.567842798055779E-003  2.762850446517390E-004
   55889.5106983632      -9.119268904631550E-003  2.761167475113650E-004
   55889.5311313136      -9.806328029497990E-003  2.760615395570769E-004
   55889.5515643641      -8.328932494887309E-003  2.761707620381933E-004
   55889.5719972146      -5.036954590794229E-003  2.764375169439967E-004
   55889.5924301651      -1.280313410290002E-003  2.767637761429432E-004
   55889.6128632156      -5.882449743046525E-004  2.767855442598090E-004
   55889.6332960660      -4.012717106789410E-004  2.768252853942187E-004
   55889.6537291165      -3.501380271525578E-004  2.767820355830773E-004
   55889.6741619670       9.101912450071303E-005  2.768818299872616E-004
   55889.6945949175      -1.160777833678628E-004  2.767898883357625E-004
   55889.7150279679       1.151363242746228E-006  2.768215857690935E-004
   55889.7354608185       3.641156436251514E-004  2.768010110796874E-004
   55889.7558937689       4.493552522046862E-004  2.768134227252687E-004
   55889.7763268194      -2.275763132673081E-004  2.768277199862365E-004
   55889.7967596699      -3.625358073828799E-004  2.768402032374655E-004
   55889.8171927204       1.387321642656314E-004  2.768572931186892E-004
   55889.8376256708      -5.310866152663518E-005  2.768712084828698E-004
   55889.8580586213       2.242106871106486E-004  2.768338542033797E-004
   55932.1339578340      -4.554119188413530E-004  3.387262934078627E-004
   55932.1543910608       2.945519080164161E-004  3.388635098118227E-004
   55932.1748241878       2.335839496649950E-004  3.388731195975300E-004
   55932.1952574149       3.198503881463033E-004  3.389369357884066E-004
   55932.2156904421       1.005744869235770E-003  3.390888631511839E-004
   55932.2361235696       4.981974119799837E-005  3.389840057039219E-004
   55932.2565566972      -1.024410237511209E-004  3.390193274631839E-004
   55932.2769898250      -4.035790910406067E-005  3.390294009919012E-004
   55932.2974229529       4.168878494386075E-004  3.391825134757041E-004
   55932.3178560810       1.292264709300550E-004  3.391712290624607E-004
   55932.3382892093       2.409520997332937E-004  3.393197814066652E-004
   55932.3587224377      -2.024501073406570E-004  3.393426593951587E-004
   55932.3791554663      -3.000247372434428E-004  3.393379446745570E-004
   55932.3995885951      -6.175042844919210E-004  3.393714887522806E-004
   55932.4200218240      -3.144010756509941E-003  3.391703531034417E-004
   55932.4404548531      -6.029481038784090E-003  3.389968359271987E-004
   55932.4608879823      -8.056470724419840E-003  3.387694730347942E-004
   55932.4813212117      -8.247634078295540E-003  3.388481547654914E-004
   55932.5017542413      -6.382344834221843E-003  3.390050802473766E-004
   55932.5221873710      -3.814218842775663E-003  3.392992994237233E-004
   55932.5426206009      -8.586969154682489E-004  3.395202729679901E-004
   55932.5630537310      -2.108576086490288E-005  3.396221676126881E-004
   55932.5834868612      -3.944422603987530E-004  3.396839742505214E-004
   55932.6039199916      -1.169429436684855E-004  3.397118245946222E-004
   55932.6243531222       2.280062467259203E-004  3.398501488291060E-004
   55932.6447862529      -2.182201075561219E-004  3.398631851603872E-004
   55932.6652193838      -7.054359228142459E-005  3.398498396670993E-004
   55932.6856525148       9.141482419483538E-005  3.398526994156610E-004
   55932.7060856461       3.140546648836562E-004  3.398292288666548E-004
   55932.7265187774      -1.248831164536446E-004  3.399530740138263E-004
   55932.7469520090      -2.191580420957129E-004  3.399833461269793E-004
   55932.7673851407       1.748677473425442E-004  3.399940379797100E-004
   55932.7878181726      -3.581816320166187E-004  3.400110676535773E-004
   55932.8082514046       2.208431531400823E-004  3.400727454739078E-004
   55975.0848366797       1.588848639675344E-004  3.545924102996199E-004
   55975.1052702440      -1.289254673418894E-004  3.545968931487167E-004
   55975.1257038086       2.670165514460088E-004  3.546488838928382E-004
   55975.1461373735       3.022063979667422E-004  3.546411806061720E-004
   55975.1665709386      -6.468572534645833E-005  3.546089247034762E-004
   55975.1870046039       6.693595750977277E-004  3.546553247679771E-004
   55975.2074381693       3.114957180569977E-004  3.546113722360290E-004
   55975.2278716351      -2.430609193169175E-004  3.545782919013154E-004
   55975.2483053011      -2.521242170632210E-004  3.545907871990849E-004
   55975.2687388673      -1.373149357486447E-004  3.545599482889197E-004
   55975.2891723338      -2.706696087210192E-004  3.546405107551575E-004
   55975.3096060005      -3.492041300464654E-004  3.545545637173036E-004
   55975.3300395674      -2.779602303296658E-004  3.546108054390168E-004
   55975.3504732345      -2.015005918150514E-003  3.544797980386907E-004
   55975.3709067019      -5.641372530676647E-003  3.541697858365033E-004
   55975.3913402695      -8.976431965837972E-003  3.538099985512421E-004
   55975.4117739373      -9.932497733251666E-003  3.536266912447879E-004
   55975.4322074054      -9.352066563737771E-003  3.538944255425633E-004
   55975.4526409737      -6.623226003052318E-003  3.540836584541454E-004
   55975.4730746423      -3.398296051272065E-003  3.543577821000587E-004
   55975.4935081110       7.564692566064402E-005  3.546687990787678E-004
   55975.5139416800       1.436508526651004E-004  3.546861379146418E-004
   55975.5343753492      -2.953044432332241E-004  3.546394029246337E-004
   55975.5548088187      -6.596588825084071E-004  3.546185602526840E-004
   55975.5752424884       1.202916137155174E-004  3.546791817694918E-004
   55975.5956760582      -8.163014550266467E-005  3.546715300098267E-004
   55975.6161096284      -6.587544695688674E-004  3.546457665092709E-004
   55975.6365431988      -4.014107697157820E-004  3.546751368999045E-004
   55975.6569767694      -2.942040244261479E-004  3.546496825613554E-004
   55975.6774103402       2.773928234864886E-004  3.547225675044276E-004
   55975.6978439113       3.193056579278153E-004  3.547442603718956E-004
   55975.7182774826      -5.026762398092632E-004  3.546811655590346E-004
   55975.7387110542       1.804157154621233E-004  3.547186772158437E-004
   56018.0162246148      -3.746007169421750E-004  3.110928207405906E-004
   56018.0366585155      -1.525449206866147E-004  3.110602521013296E-004
   56018.0570926165       2.795290362720415E-004  3.110721217771767E-004
   56018.0775266176       7.024100362029717E-004  3.111861484992495E-004
   56018.0979606189      -3.197794669274057E-004  3.110656518309158E-004
   56018.1183946204       4.245089574417271E-005  3.111206706972402E-004
   56018.1388286220       4.713671885916426E-004  3.110931369409717E-004
   56018.1592626238      -8.224640980647457E-005  3.111317133874750E-004
   56018.1796966257       1.906293411324533E-004  3.110859129784172E-004
   56018.2001305278      -1.667551505111220E-004  3.111272379359261E-004
   56018.2205646301       4.481723438831686E-005  3.111259974575076E-004
   56018.2409986325       2.300179057337370E-004  3.110174677574460E-004
   56018.2614325351       1.992974015596616E-005  3.111047877088627E-004
   56018.2818666379       1.155975092630435E-004  3.111765651953893E-004
   56018.3023006408      -3.212053278429994E-003  3.109096677505717E-004
   56018.3227347439      -6.238050122014616E-003  3.106504077611148E-004
   56018.3431686472      -8.103706217822859E-003  3.105888459792107E-004
   56018.3636026506      -8.492874589205779E-003  3.105496371319451E-004
   56018.3840367542      -7.062563422101986E-003  3.106455431398659E-004
   56018.4044706580      -4.572657722978879E-003  3.108564487941094E-004
   56018.4249046619      -1.838748366400411E-003  3.110511309364880E-004
   56018.4453387660       3.367851992710502E-004  3.113270765768285E-004
   56018.4657726703      -9.464277495041529E-008  3.112658796415181E-004
   56018.4862067747      -2.775047123650953E-004  3.111587850047248E-004
   56018.5066407793      -5.772589126440408E-005  3.113350059094640E-004
   56018.5270747841      -1.335343854317328E-004  3.112964537860670E-004
   56018.5475087890      -3.057211569355012E-004  3.110917262008095E-004
   56018.5679427940      -3.215437095430707E-004  3.113172986881183E-004
   56018.5883767993       1.050108295643781E-004  3.113360031568201E-004
   56018.6088108047       1.332806622800220E-004  3.113301899344277E-004
   56018.6292448103       2.064821249223581E-004  3.113690096119935E-004
   56018.6496789160      -1.828708530082768E-004  3.112252843771965E-004
   56018.6701129219      -5.111950990632774E-005  3.113361490954576E-004
   56018.6905468280       1.429395792942323E-004  3.113296548260903E-004
   56060.9687781020      -1.377768866506202E-005  3.114883630943337E-004
   56060.9892122137      -3.976092286761546E-005  3.112938025674864E-004
   56061.0096465254      -6.338636015899013E-004  3.114115020786020E-004
   56061.0300807371      -6.331079541832541E-005  3.114517081732238E-004
   56061.0505148489      -3.413702440568933E-005  3.114858091681781E-004
   56061.0709491607       2.397212387110770E-004  3.115206155332136E-004
   56061.0913833725      -3.721114269507053E-004  3.114383547878957E-004
   56061.1526860081      -4.015571780109362E-004  3.113388976064631E-004
   56061.1731203201      -2.095973953615271E-004  3.114861496916655E-004
   56061.1935544321       7.451952842285614E-004  3.115140239714214E-004
   56061.2139886440      -8.975079082274018E-005  3.114734530302061E-004
   56061.2344229560      -1.250208876741099E-003  3.113891004977511E-004
   56061.2548571681      -3.934569607036753E-003  3.110784214616940E-004
   56061.2752912802      -8.046402520744844E-003  3.108160481146378E-004
   56061.2957255923      -8.390320189863298E-003  3.107921141780935E-004
   56061.3161598044      -9.370273560655229E-003  3.106340626337187E-004
   56061.3365940166      -6.795117791250194E-003  3.108699967642874E-004
   56061.3570282288      -3.678156109143349E-003  3.110969313455458E-004
   56061.3774624410      -7.251182425948022E-004  3.114196016729814E-004
   56061.4183308656       4.465835459370737E-004  3.114126695877018E-004
   56061.4387650779       3.137471141911874E-005  3.114051294247661E-004
   56061.4591992902       3.695482045416032E-004  3.115023245573179E-004
   56061.4796335025      -3.819722144111637E-004  3.113434217042245E-004
   56061.5205019273       3.399306746501018E-004  3.113901707144259E-004
   56061.5409361398       3.208534355312320E-004  3.114482786152433E-004
   56061.5613704523       2.195459654206200E-004  3.114664236525015E-004
   56061.5818045648       2.425716433591685E-004  3.113381679132758E-004
   56061.6022387773       7.164936259635990E-004  3.115096944585099E-004
   56061.6226730899       2.102786057736061E-004  3.114355576306776E-004
   56061.6431072025      -1.581435945718912E-005  3.114062726107596E-004
   56103.9214623563       5.142472867272208E-004  3.062626410101924E-004
   56103.9418963831      -2.761902440180375E-004  3.060639212321773E-004
   56103.9827647366      -6.903118685308574E-004  3.061412443869276E-004
   56104.0031987630       9.328143299303093E-005  3.061717455621578E-004
   56104.0236329894      -2.246335050687387E-004  3.062101031007049E-004
   56104.0440671157       1.037077709418188E-004  3.061442361289956E-004
   56104.0645012419      -2.053941631582346E-004  3.062246239951327E-004
   56104.0849353680      -8.472994570429826E-005  3.063093656972875E-004
   56104.1053694940      -1.098471255643885E-004  3.061432388816396E-004
   56104.1258036198       1.837176277184049E-004  3.061108648272286E-004
   56104.1462377457       2.828831721166658E-004  3.062058222340059E-004
   56104.1666718713       1.879704884073519E-004  3.061802343262370E-004
   56104.1871060968      -1.634468748410334E-003  3.060275338652359E-004
   56104.2075401223      -4.794374740787699E-003  3.055519928150556E-004
   56104.2279742477      -8.005635629603547E-003  3.055850479164415E-004
   56104.2484084729      -8.511823244925054E-003  3.054808720523975E-004
   56104.2688425980      -7.447198657819731E-003  3.055359152418282E-004
   56104.2892766230      -4.467126432669666E-003  3.057405212115544E-004
   56104.3097108479      -1.696319790955192E-003  3.058152904401491E-004
   56104.3301449727       1.443140523731401E-004  3.060863471361344E-004
   56104.3505789975      -3.090368330713744E-004  3.060810446989732E-004
   56104.3710132221      -5.037096051474510E-005  3.059976650907681E-004
   56104.3914473465      -2.576669289731104E-004  3.061474224559136E-004
   56104.4118813710      -3.120665210323281E-004  3.060606132897281E-004
   56104.4323155952      -4.112799980271475E-005  3.061903770615409E-004
   56104.4527496194       5.396955085217314E-004  3.061017436623870E-004
   56104.4731838435      -6.310780956221285E-004  3.061183076977393E-004
   56104.4936179674      -1.381489323504237E-004  3.060733829205063E-004
   56104.5140519913       1.796937085805084E-004  3.060927441130767E-004
   56104.5344862150      -5.092045849052207E-004  3.060696858083572E-004
   56104.5549203386       6.378113556468890E-004  3.061145132931652E-004
   56104.5753543622      -2.228780188346935E-004  3.059692070564624E-004
   56146.8532126183      -1.436069570937004E-005  2.982964964110763E-004
   56146.8736464211       2.003011228595142E-004  2.982487363750131E-004
   56146.8940803237      -2.248871122828566E-004  2.982680290710624E-004
   56146.9145140263       2.180175241557336E-004  2.983150815510356E-004
   56146.9349479286      -1.738309974956831E-004  2.982445617940832E-004
   56146.9553817307       2.357342802177254E-004  2.982989021017817E-004
   56146.9758154325      -2.845335614579669E-004  2.982639252457414E-004
   56146.9962493342       4.252648455604913E-006  2.982916378592595E-004
   56147.0166831358      -1.077230009829400E-004  2.982514958437634E-004
   56147.0371168370      -4.722575578237631E-004  2.981979102625608E-004
   56147.0575507381      -4.578561835610895E-005  2.982409768432281E-004
   56147.0779845391      -1.020144001188106E-004  2.982349154460586E-004
   56147.0984182400      -1.574536695638784E-004  2.982717319479324E-004
   56147.1188521405      -7.545596980910174E-004  2.981757637569493E-004
   56147.1392859407      -3.186817403766917E-003  2.980209740696988E-004
   56147.1597197409      -6.317559712043508E-003  2.978775760354944E-004
   56147.1801535409      -8.906218954504164E-003  2.976541062371250E-004
   56147.2005873407      -8.878721312074345E-003  2.976566298538453E-004
   56147.2210212402      -6.892418099336384E-003  2.978254291516744E-004
   56147.2414549398      -4.485304530995937E-003  2.979880962967249E-004
   56147.2618887389      -3.070443483085272E-004  2.982389249305676E-004
   56147.2823226379      -3.306382736188995E-004  2.982425098814227E-004
   56147.3027564368       4.845838162206295E-004  2.982527694447252E-004
   56147.3231901354       2.443806881193833E-004  2.982422032737838E-004
   56147.3436240337      -4.321963410096608E-004  2.982470382403976E-004
   56147.3640577321      -8.648133932642743E-006  2.982748923651336E-004
   56147.3844915300      -2.267148068394453E-004  2.982511420657185E-004
   56147.4049254279       7.367714612072085E-005  2.982907887919517E-004
   56147.4253591256       4.331650264866038E-004  2.982826754821217E-004
   56147.4457929230       1.875795688015547E-004  2.984022052908960E-004
   56147.4662268205      -2.180616205297303E-004  2.982645148758162E-004
   56147.4866605174      -1.482666397231158E-004  2.982843028611283E-004
   56147.5070944144       2.170504384060301E-004  2.983118032078195E-004
   56147.5275282112       7.207954488430701E-005  2.983218740894979E-004
   56189.8046277575      -5.014714937275899E-004  2.985041641234396E-004
   56189.8250611319       6.771159209173483E-005  2.985173954223193E-004
   56189.8454946063       2.214310019705845E-004  2.985215228328433E-004
   56189.8659278805       4.050652193074988E-004  2.985737640574753E-004
   56189.8863612544      -1.256176220646443E-004  2.985271361111559E-004
   56189.9067947281      -3.450191210019327E-005  2.985263577994571E-004
   56189.9272281015      -3.305631444909807E-004  2.984974659257893E-004
   56189.9476613747       1.887844679626660E-004  2.984979376298492E-004
   56189.9680948480       7.047564127993233E-005  2.985003904909606E-004
   56189.9885282207       5.288068977837845E-005  2.985430797083799E-004
   56190.0089614935      -1.021225628136113E-004  2.985126076261116E-004
   56190.0293949660      -1.361573208104039E-004  2.985154850208768E-004
   56190.0498283383      -8.726532992475722E-005  2.985232445526619E-004
   56190.0702616104      -1.169845953698512E-003  2.984429369364668E-004
   56190.0906950822      -4.625218186900981E-003  2.982460476618718E-004
   56190.1111284540      -7.550439828123645E-003  2.980485687572019E-004
   56190.1315619254      -9.212406809711693E-003  2.979673649032931E-004
   56190.1519951967      -8.644701384226128E-003  2.980128843450718E-004
   56190.1724285679      -5.070164743585015E-003  2.982141604674237E-004
   56190.1928620387      -2.674218257298522E-003  2.983350818031747E-004
   56190.2132953094       1.778549415076824E-006  2.985254379765403E-004
   56190.2337286801       2.697779181426441E-005  2.985193765793708E-004
   56190.2541621503      -1.445436480262963E-004  2.985138812270732E-004
   56190.2745954205       2.655444908827853E-004  2.985460278587542E-004
   56190.2950287902       1.752464455906377E-005  2.985496599800153E-004
   56190.3154622599      -2.953304319022187E-004  2.984946828718360E-004
   56190.3358955294       3.310508477636365E-004  2.985457920067243E-004
   56190.3563288987      -4.056421568848778E-004  2.985007914394114E-004
   56190.3767622680      -1.445095669223573E-004  2.984820412030311E-004
   56190.3971956368      -4.093623833754112E-004  2.984783147409580E-004
   56190.4176290056       2.447789155137770E-004  2.985240228643607E-004
   56190.4380624741       6.357544809802995E-004  2.985583157495142E-004
   56190.4584957425       1.746414899908011E-004  2.985131736709834E-004
   56232.7551586582      -8.474586623119507E-005  2.754510293775503E-004
   56232.7755916902       4.597610182746070E-004  2.755244348645450E-004
   56232.7960247221      -2.467600817771531E-004  2.754903830086279E-004
   56232.8164578539      -5.201731661204079E-004  2.754147604156570E-004
   56232.8368908855      -3.856945590849925E-004  2.754712002221381E-004
   56232.8573238171       2.501587094234647E-004  2.755222177585688E-004
   56232.8777569485      -3.829064485065814E-004  2.754965523469964E-004
   56232.8981899799      -2.709852935672830E-004  2.754601146922571E-004
   56232.9186229111      -5.012169109230857E-005  2.755188920996045E-004
   56232.9390560422      -1.383342307110791E-004  2.754922627289120E-004
   56232.9594890733       2.620221453408789E-005  2.755083367472396E-004
   56232.9799220041       9.248329340971750E-005  2.755332068925378E-004
   56233.0003551350       1.324084755172095E-006  2.755065052249114E-004
   56233.0207881656      -2.284447081608909E-003  2.753045798882308E-004
   56233.0412210962      -6.410205988861106E-003  2.749958960790005E-004
   56233.0616542267      -8.261863269947267E-003  2.748390117322061E-004
   56233.0820872571      -9.378233585461748E-003  2.747015511616815E-004
   56233.1025203872      -7.646909196019847E-003  2.749148994139351E-004
   56233.1229533174      -4.699044277988285E-003  2.751181742933837E-004
   56233.1433863474      -1.616095547852581E-003  2.754222792967936E-004
   56233.1638194774      -7.416603712058212E-004  2.753867574032184E-004
   56233.1842524072      -3.027661071891563E-004  2.754751283555525E-004
   56233.2046854369       7.963743692607217E-005  2.754617775217393E-004
   56233.2251185665      -2.211109752026097E-004  2.755392557360164E-004
   56233.2455514960       5.513635044818166E-005  2.755459552519010E-004
   56233.2659845254       7.050130684804756E-006  2.755663911852469E-004
   56233.2864176547       1.487009978669018E-004  2.755192294852965E-004
   56233.3068505838      -1.076667369672712E-004  2.754889611689258E-004
   56233.3272836129       2.549495534396318E-004  2.755467746171531E-004
   56233.3477167419       2.959604853611797E-004  2.755886827398989E-004
   56233.3681496708       8.620782517798631E-005  2.755392075380604E-004
   56233.3885827994      -1.390025193926947E-004  2.755267724654112E-004
   56233.4090158280       4.444325581864916E-005  2.755165544987383E-004
   56275.6848273458      -1.411416399398346E-004  2.793388211027352E-004
   56275.7052603152       2.367967283478656E-004  2.793543167455906E-004
   56275.7256931845      -1.389530113443671E-004  2.793237592414838E-004
   56275.7461262540       2.070850640583100E-004  2.793657396611636E-004
   56275.7665592234       2.412564099931735E-004  2.793738851157284E-004
   56275.7869921930      -1.105380147775614E-004  2.793495692469241E-004
   56275.8074251626       1.663100017808006E-004  2.793498343356822E-004
   56275.8278581322       2.080843531986343E-004  2.793488221786061E-004
   56275.8482912019       2.070690028754818E-004  2.793691858150180E-004
   56275.8687241717      -1.704100877891745E-004  2.793587268585650E-004
   56275.8891570415       3.129994610147069E-004  2.793709691393901E-004
   56275.9095901114      -4.007601450904952E-004  2.793301454706544E-004
   56275.9300230814       4.368709281796779E-004  2.794183718291205E-004
   56275.9504559513      -7.388493869009416E-005  2.793317119042245E-004
   56275.9708890214      -3.932763991980059E-003  2.790582848998114E-004
   56275.9913219915      -6.907717374251221E-003  2.787901596705588E-004
   56276.0117548617      -9.364671916760159E-003  2.786265035109458E-004
   56276.0321879319      -8.991359968938073E-003  2.786765329892784E-004
   56276.0526209022      -7.235646193026080E-003  2.788070771531164E-004
   56276.0730539725      -3.700535392294535E-003  2.790454883424923E-004
   56276.0934868429      -3.180481189438700E-004  2.793330373480146E-004
   56276.1139198134       2.997005846228085E-004  2.793418575739635E-004
   56276.1343528839       6.550915102374599E-004  2.794190466005045E-004
   56276.1547857544       1.124504010954208E-004  2.793654745724056E-004
   56276.1752187251      -6.119492876965893E-005  2.793326517643666E-004
   56276.1956516958      -1.073386522975062E-004  2.793519550457464E-004
   56276.2160846665      -1.608415554205100E-004  2.793564133566768E-004
   56276.2365176373       1.776489793665625E-004  2.793444602635877E-004
   56276.2569507081      -1.240939634850058E-004  2.793428697310395E-004
   56276.2773835791      -2.343821863082240E-005  2.793592570360811E-004
   56276.2978166500       3.802195704685207E-004  2.794210227167007E-004
   56276.3386824922       2.400818737899879E-004  2.793557867832488E-004
   56276.3591155633       1.753260467765028E-004  2.793569676331708E-004
   56361.5863757734       2.556378243618873E-004  3.212256493176792E-004
   56361.6068093953      -1.832140183053443E-004  3.211560302764473E-004
   56361.6272431174      -7.037331194448271E-004  3.211445084715871E-004
   56361.6476769397       2.361284004803732E-004  3.212352670954651E-004
   56361.6681105623       4.030133033983141E-004  3.212681237677996E-004
   56361.6885442850       6.911527004049844E-006  3.212199860576631E-004
   56361.7089781081      -1.176325360038311E-004  3.211899121941296E-004
   56361.7294117312       1.269666796677171E-004  3.212123455387622E-004
   56361.7498455548      -8.914490465838920E-005  3.211647692725066E-004
   56361.7702792784      -2.738668367172625E-004  3.211979921038939E-004
   56361.7907129022      -6.864039843181846E-004  3.211722877383900E-004
   56361.8111467264       9.015872940132397E-005  3.212311172928671E-004
   56361.8315804507       2.135879959213050E-004  3.212155921490300E-004
   56361.8520141752      -2.564280627545545E-003  3.210392499492197E-004
   56361.8724479000      -6.402034446674421E-003  3.207318228085205E-004
   56361.8928816251      -7.966966136990550E-003  3.206805849517373E-004
   56361.9133154502      -8.601964788145566E-003  3.205902657187227E-004
   56361.9337490757      -7.820500070723546E-003  3.206555884937354E-004
   56361.9541828014      -4.900168839913288E-003  3.208667158035581E-004
   56361.9746166273      -1.630541941720853E-003  3.210790148223497E-004
   56361.9950503534       2.128210912264450E-004  3.212620699381273E-004
   56362.0154839797       1.393910350930838E-004  3.212439816809208E-004
   56362.0359178062       4.423735266019246E-004  3.212473503442062E-004
   56362.0563515330      -7.184463590902412E-004  3.211628652454322E-004
   56362.0767851600      -2.748497401520167E-004  3.212087083588381E-004
   56362.0972189872       7.808706805358945E-004  3.212741531868684E-004
   56362.1176526147       3.679005246282063E-004  3.212306046701932E-004
   56362.1380864423       2.285969483000194E-004  3.212614108518323E-004
   56362.1585201703       5.201180594578414E-004  3.212441037339384E-004
   56362.1789537983      -4.046122554135501E-005  3.212438108066962E-004
   56362.1993876266      -2.758620400670209E-004  3.212142739764401E-004
   56362.2198213552      -1.178087590980592E-005  3.212208160181827E-004
   56362.2402549840       3.154738298578597E-004  3.212260642979390E-004
   56404.5180526784       2.772435623217273E-004  3.135920241251506E-004
   56404.5384866800       1.575875103223545E-004  3.135233824709885E-004
   56404.5589207818      -8.512153717332716E-006  3.136385886180723E-004
   56404.5793549836       6.306642675557583E-005  3.135216230465665E-004
   56404.5997889856      -2.513494987805842E-004  3.133842674331291E-004
   56404.6202231878      -1.432818272748548E-004  3.134632005150746E-004
   56404.6406572900       2.087866035453967E-004  3.133599970167874E-004
   56404.6610912924       4.289601304390267E-004  3.135400608504408E-004
   56404.6815254949      -1.600634874929785E-004  3.135218158602018E-004
   56404.7019595975       5.992144277255917E-005  3.134968705961365E-004
   56404.7223936002      -1.476867723710917E-004  3.135302273550412E-004
   56404.7428278031      -4.633658266580687E-004  3.135423746140642E-004
   56404.7632619061       2.284226290545366E-004  3.135612221469135E-004
   56404.7836960092      -7.409077703124378E-004  3.134806983524769E-004
   56404.8041301124      -3.959087945149875E-003  3.132725078297761E-004
   56404.8245642158      -7.199925338043034E-003  3.130367208555249E-004
   56404.8449983193      -8.665408080385517E-003  3.129467973963680E-004
   56404.8654324229      -8.394339102880122E-003  3.130674023252399E-004
   56404.8858665267      -6.967017326535041E-003  3.131913573910248E-004
   56404.9063006305      -2.705017069457916E-003  3.134510773577560E-004
   56404.9267347345       6.388576628157949E-006  3.135041734125731E-004
   56404.9471688386       6.796431327598107E-004  3.135782138485232E-004
   56404.9676029429       9.098375544724924E-005  3.136519650640203E-004
   56404.9880370472       2.023373811639306E-004  3.136117393193586E-004
   56405.0084712517       1.698966446594952E-004  3.135788886962467E-004
   56405.0289053563       5.082829383096232E-005  3.135095480926567E-004
   56405.0493393610      -2.613393576696987E-004  3.133744821411384E-004
   56405.0697735659       4.932213930619600E-004  3.136731504621974E-004
   56405.0902076708       5.216549177429197E-004  3.135948440245666E-004
   56405.1106416760       1.323419223788758E-004  3.136287551226727E-004
   56405.1310758811      -2.033136459286267E-004  3.133218681204095E-004
   56405.1719439920       4.033556058602450E-005  3.136915159609585E-004
   56405.1923781976      -8.045730122907546E-005  3.135038600904157E-004
