   54965.3604925808       6.702655873542795E-004  4.822352738554370E-004
   54965.3809268744       1.176323526877354E-003  4.821957629131931E-004
   54965.4013612682       1.191959325944625E-003  4.818385070051089E-004
   54965.4217954618       6.883678855449382E-004  4.818735268524294E-004
   54965.4422297554       6.568701465454740E-004  4.820496953973466E-004
   54965.4626640490       8.130460244020199E-004  4.820265983377399E-004
   54965.4830984426       1.784020533844188E-003  4.822375194028988E-004
   54965.5035326362       2.520069813781722E-004  4.821151905316482E-004
   54965.5239669298       9.002221212353057E-004  4.821831450750745E-004
   54965.5444012233      -8.532826388241155E-005  4.820378260750487E-004
   54965.5648355169       7.380259195353123E-004  4.822005213351953E-004
   54965.5852698104      -1.276874098676828E-007  4.820882974275228E-004
   54965.6057041038      -2.731316556337626E-003  4.817351048910361E-004
   54965.6261383974      -3.631957358128934E-003  4.814619500819367E-004
   54965.6465726908      -5.104573872010576E-003  4.813686529314419E-004
   54965.6670069843      -5.585971174097093E-003  4.813012865075888E-004
   54965.6874412777      -3.643466362278747E-003  4.814732312846613E-004
   54965.7078756712       5.179091156497506E-004  4.819129843292576E-004
   54965.7283098645       1.963061704144398E-004  4.817925267475584E-004
   54965.7487441579       8.573769125641562E-005  4.818558832652297E-004
   54965.7691784513       3.530028252239914E-004  4.817990495282807E-004
   54965.7896127446       8.921694555019677E-005  4.819187585941592E-004
   54965.8100470379      -2.119746429491975E-004  4.818988159940821E-004
   54965.8304812313       2.204130938037174E-004  4.818930951945962E-004
   54965.8509156246       1.078387095005962E-004  4.817622118568246E-004
   54965.8713499178       4.763365151929655E-004  4.820714023561437E-004
   54965.8917842111      -1.535199068577464E-004  4.817952000183463E-004
   54965.9122185043       7.207301980913794E-004  4.818983348053403E-004
   54965.9326527976       1.450870506374713E-003  4.821155647895585E-004
   55005.7793856161       9.016423800920492E-004  4.462939420389063E-004
   55005.7998197383      -2.626468073396726E-005  4.462013869217418E-004
   55005.8202537603      -3.233974490992608E-004  4.461936222307045E-004
   55005.8406879823      -3.789620040948183E-004  4.461119894455992E-004
   55005.8611221041      -1.589355510133172E-004  4.462072363223232E-004
   55005.8815561256       2.177524730961888E-005  4.462043375043360E-004
   55005.9019902472      -7.209208901459707E-005  4.462701303197252E-004
   55005.9224244685       6.814379761195255E-004  4.463908971476585E-004
   55005.9428584898      -1.044855465428540E-004  4.462879373445041E-004
   55005.9632926109       9.442771259693394E-004  4.463799230509925E-004
   55005.9837268317       1.738351905883340E-004  4.464006806583655E-004
   55006.0041609523      -7.425138059508063E-004  4.462808973579636E-004
   55006.0245949729      -4.527987804412548E-003  4.459925684974457E-004
   55006.0450290935      -8.022735539815584E-003  4.455978633697170E-004
   55006.0654633137      -7.097793248018291E-003  4.456788232149324E-004
   55006.0858973338      -5.464621630263622E-003  4.458942675089136E-004
   55006.1063314540      -2.500373810498724E-003  4.461771093210985E-004
   55006.1267656736      -1.931131597491254E-004  4.464112924027831E-004
   55006.1471996933      -2.165395567280681E-004  4.465181863160631E-004
   55006.1676338130       2.691211990608622E-004  4.465545250701176E-004
   55006.1880679322      -7.187568098288022E-005  4.464812781513325E-004
   55006.2085020514       5.414430100769696E-004  4.465624450549756E-004
   55006.2289361706      -3.930105716758447E-004  4.464829346187538E-004
   55006.2493702894       6.162060540784164E-004  4.465971273416088E-004
   55006.2698045081       5.623111881780662E-004  4.466113108439036E-004
   55006.2902385269       4.766204656561079E-004  4.467010189076877E-004
   55006.3106726454       4.987959031210742E-004  4.466692872036487E-004
   55006.3311066637      -5.497584295921509E-005  4.466282896349718E-004
   55006.3515408817       1.710975252289249E-005  4.466562425227060E-004
   55046.1977139169       8.961755452894238E-004  4.460959941820623E-004
   55046.2181476508      -2.877703310590896E-004  4.459358862528735E-004
   55046.2385812844       2.572127225242138E-004  4.461220835439477E-004
   55046.2590151178       6.591532318211968E-004  4.461255517726110E-004
   55046.2794488510      -2.454015055379788E-004  4.460865212589968E-004
   55046.2998825840      -2.535544128753342E-004  4.461243094220450E-004
   55046.3203163167       1.820092172781784E-004  4.461491046687574E-004
   55046.3407500492      -2.848819313773232E-004  4.461324882299376E-004
   55046.3611837816       1.979008808733473E-004  4.462607091612667E-004
   55046.3816174136       4.908162580379294E-004  4.462593632814869E-004
   55046.4020512454       1.674388853792896E-004  4.462816220624604E-004
   55046.4224849770      -2.000456877688794E-004  4.462838479405578E-004
   55046.4429186083      -3.586312604814457E-003  4.459539521006869E-004
   55046.4633524396      -6.654213136717102E-003  4.457181125515811E-004
   55046.4837861705      -7.295218239766865E-003  4.454586683417218E-004
   55046.5042198011      -4.683495975018381E-003  4.459190627556261E-004
   55046.5246535315      -3.483816884838231E-003  4.461000318214017E-004
   55046.5450872616      -5.055176846253673E-004  4.463435325323311E-004
   55046.5655209918       9.433463930601516E-004  4.465517815459511E-004
   55046.5859547215       8.385112032938125E-005  4.464350523573572E-004
   55046.6063884509       1.122689458567194E-003  4.465379086312978E-004
   55046.6268221804       2.139150442207471E-004  4.464929251878885E-004
   55046.6472559094      -2.848261801425833E-004  4.464578287843999E-004
   55046.6676895381       2.264315951289175E-004  4.465758520881667E-004
   55046.6881233669       4.942660414122280E-004  4.465983179275679E-004
   55046.7085570952       1.544132408150212E-003  4.468423880491733E-004
   55046.7289907232       1.501087625215058E-003  4.467619458500270E-004
   55046.7494245513       5.565158055602648E-004  4.466601248682247E-004
   55046.7698582789       7.924283846449942E-004  4.467602376179988E-004
   55086.6560397756       5.887151751217790E-003  4.501423817400202E-004
   55086.6764730473       4.305432176971768E-003  4.499669514871844E-004
   55086.6969064190       4.198514935037867E-003  4.499872949777021E-004
   55086.7173395903       2.818961312451629E-003  4.498430270182293E-004
   55086.7377728613       2.049486831490643E-003  4.497302319397610E-004
   55086.7582062323       2.225843037088726E-003  4.497614977623378E-004
   55086.7786394028       2.508784827439658E-003  4.496482368024072E-004
   55086.7990726734       2.298865411953788E-003  4.496954461239139E-004
   55086.8195059435       3.014572885227107E-003  4.497520248392723E-004
   55086.8399392135       9.067089996572797E-004  4.495438275902592E-004
   55086.8603724834      -1.394810448616779E-003  4.493774561436336E-004
   55086.8808057528      -5.079781009049378E-003  4.490219368233397E-004
   55086.9012391221      -5.819826064525357E-003  4.488803088588196E-004
   55086.9216722913      -4.886950232266041E-003  4.488461442182555E-004
   55086.9421055602      -3.016480528808207E-003  4.491403742439618E-004
   55086.9625387289       8.311904617903654E-004  4.494155031297163E-004
   55086.9829720973       1.748644908271313E-003  4.495434652380108E-004
   55087.0034053655       1.215125889587387E-003  4.495974039584165E-004
   55087.0238385335       1.447380969262335E-003  4.495502981661236E-004
   55087.0442719013       9.067518639180872E-004  4.494574324613176E-004
   55087.0647051690       1.204462913009685E-003  4.495111123586887E-004
   55087.0851384363       1.190613743248026E-003  4.495214652800718E-004
   55087.1055716034       7.918068102548137E-004  4.493732114458665E-004
   55087.1260049704       1.056336135809355E-003  4.494339313297781E-004
   55087.1464382370       1.587097224943657E-003  4.495003453204504E-004
   55087.1668714036       9.052097055111119E-004  4.494407124932840E-004
   55087.1873047697       1.098328577731955E-003  4.494105854920594E-004
   55127.0318047788       4.496366762049231E-003  4.350309482470103E-004
   55127.0522376103       4.895763652374763E-003  4.350979561981391E-004
   55127.0726706416       4.362273323637922E-003  4.349882465600997E-004
   55127.0931035729       4.114816300515356E-003  4.350251202677489E-004
   55127.1135364041       4.952893898218402E-003  4.349313201844705E-004
   55127.1339694351       3.945903079142221E-003  4.349807337147959E-004
   55127.1544023660       4.458633544150548E-003  4.349886056299120E-004
   55127.1748352969       5.528442402525258E-003  4.351685272266363E-004
   55127.1952681277       4.901296577269898E-003  4.350541773017916E-004
   55127.2157011583       5.502610730645507E-003  4.352145710248768E-004
   55127.2361340888       5.710371361793642E-003  4.351946288399160E-004
   55127.2565669192       3.799713071831690E-003  4.349341098807046E-004
   55127.2769999496       2.839275658115037E-003  4.348537611050106E-004
   55127.2974328797       7.230440814831596E-004  4.345785202834944E-004
   55127.3178657099       1.963666070653458E-004  4.345542140192762E-004
   55127.3382987399      -3.739463236674956E-004  4.345506233211531E-004
   55127.3587316698      -9.120878456548853E-004  4.345607601381622E-004
   55127.3791644995       2.138383638468300E-003  4.349085606825208E-004
   55127.3995974292       4.226543370506652E-003  4.350757214905304E-004
   55127.4200303588       4.356228078646884E-003  4.351761781757140E-004
   55127.4404632883       4.954366958146439E-003  4.351869502700834E-004
   55127.4608962177       4.867681879716201E-003  4.351680852945595E-004
   55127.4813292469       4.962645533323817E-003  4.352223324569738E-004
   55127.5017620761       5.192342839415387E-003  4.351872817191409E-004
   55127.5221950051       3.890489159146693E-003  4.351151363076206E-004
   55127.5426278340       4.817172417419080E-003  4.352458653400578E-004
   55127.5630608629       4.672719925933766E-003  4.352207304531958E-004
   55127.5834937915       3.967195177645211E-003  4.350247888186914E-004
   55127.6039267202       4.804863315957419E-003  4.352139633682714E-004
   55127.6243596487       6.296835804177059E-003  4.352849763288452E-004
   55167.4480457392       3.528320811345687E-003  4.378635671340927E-004
   55167.4684785349       3.842524199318520E-003  4.378974578002242E-004
   55167.4889115307       2.914712573275802E-003  4.378495910321672E-004
   55167.5093444267       3.459880254566894E-003  4.378579877416244E-004
   55167.5297772226       5.744482796271155E-003  4.380212816439630E-004
   55167.5502101187       4.789787906811727E-003  4.378424924981853E-004
   55167.5706431148       5.677239414793034E-003  4.379831373815933E-004
   55167.5910759111       5.013132145303079E-003  4.379360439946706E-004
   55167.6115088073       5.929009891706194E-003  4.380526864421631E-004
   55167.6319418037       4.973491327529445E-003  4.380714409346678E-004
   55167.6523746002       4.668352426737687E-003  4.379671725853227E-004
   55167.6728074967       3.305976465908689E-003  4.378752783341251E-004
   55167.6932404933       1.727886887514796E-003  4.376347291806293E-004
   55167.7136733899      -2.797662553832958E-003  4.371447922321040E-004
   55167.7341061867      -3.152766543196073E-003  4.371752855453960E-004
   55167.7545390835      -3.068543712830940E-003  4.371446265075752E-004
   55167.7749720804      -1.836755039201554E-003  4.372977835929047E-004
   55167.7954048774       1.445961059968193E-003  4.375843213031314E-004
   55167.8158377745       1.374346566723528E-003  4.376203111466272E-004
   55167.8362707716       1.791405458579032E-003  4.376677912241171E-004
   55167.8567035688       2.935756643481779E-004  4.375963363314665E-004
   55167.8771364661       1.937381436142305E-003  4.376058378711155E-004
   55167.8975693635       3.219825578176350E-003  4.375476409407658E-004
   55167.9180022609       2.969669516040829E-003  4.375275606520310E-004
   55167.9384351585       2.686637226675836E-003  4.374234304064599E-004
   55167.9588679561       3.270650091989680E-003  4.374746945273564E-004
   55167.9793009538       3.083585294390678E-003  4.373871091139065E-004
   55167.9997338515       3.562720934685792E-003  4.374919574991023E-004
   55168.0201666494       4.146246472576109E-004  4.373422253873673E-004
   55168.0405996473       1.942681401016388E-003  4.374180996007847E-004
   55207.8645700161      -3.007666096318196E-003  4.722727885945233E-004
   55207.8850033260      -2.382940463534045E-003  4.723967228641938E-004
   55207.9054364362      -2.432048625564454E-003  4.724213102836710E-004
   55207.9258696466      -1.612650089103496E-003  4.724594877368568E-004
   55207.9463028572      -2.468970201315202E-003  4.724550716881674E-004
   55207.9667360681      -1.305149523926241E-003  4.725280362087712E-004
   55207.9871692792      -1.145785511094344E-003  4.725046453960357E-004
   55208.0076024905      -1.377753754920774E-003  4.725319679166366E-004
   55208.0280357020      -1.648077933134040E-003  4.724220225495886E-004
   55208.0484689138      -1.378134988714863E-003  4.725136484372347E-004
   55208.0689021258      -1.970377782920640E-003  4.724787189166333E-004
   55208.0893354380      -1.304530329646170E-003  4.724848444035251E-004
   55208.1097685504      -3.349790156531030E-003  4.722651246132494E-004
   55208.1302017631      -6.286530284523084E-003  4.719865716581761E-004
   55208.1506350760      -7.171707149042805E-003  4.720113585121102E-004
   55208.1710681891      -4.798634724821782E-003  4.721397088304702E-004
   55208.1915014025      -3.786556879422975E-003  4.722066048454555E-004
   55208.2119347160      -2.019964669919827E-003  4.724491456357326E-004
   55208.2323678298      -6.540693879737436E-004  4.726131662312483E-004
   55208.2528010439      -9.817185692319041E-004  4.726991509728266E-004
   55208.2732342581       1.248057164726646E-006  4.726986096507292E-004
   55208.2936674726      -1.004824797422588E-004  4.727484967556012E-004
   55208.3141006873       1.570252837889141E-004  4.727802638155282E-004
   55208.3345339023      -4.849113514157066E-004  4.726312577855565E-004
   55208.3549671174       4.024702681564296E-004  4.727529982762007E-004
   55208.3754003328      -1.484160801040746E-004  4.727496933623428E-004
   55208.3958335484       5.921686085752498E-004  4.728579008005517E-004
   55208.4162668643      -4.432536391436592E-004  4.727635683024186E-004
   55208.4366999804      -8.239815176108722E-004  4.726928830327513E-004
   55208.4571331967       2.043783451305403E-004  4.728271878941828E-004
   55248.2819422124      -2.554688066014998E-003  4.737843308343164E-004
   55248.3023758193      -4.064599117093559E-003  4.736498550290647E-004
   55248.3228095265      -3.578525556175882E-003  4.735546678118304E-004
   55248.3432433340      -3.111201607739811E-003  4.737119931077202E-004
   55248.3636770417      -4.457510490070149E-003  4.735832439204464E-004
   55248.3841106496      -3.564055146770162E-003  4.736640148755075E-004
   55248.4045443579      -3.370198577077321E-003  4.737216229429268E-004
   55248.4249781662      -4.783464102306234E-003  4.735891699728812E-004
   55248.4454117750      -4.434215142543052E-003  4.736303674335579E-004
   55248.4658454839      -4.200772079997028E-003  4.736541286245706E-004
   55248.4862792931      -5.526708705352767E-003  4.735602234859881E-004
   55248.5067129026      -5.472365804239709E-003  4.736021047219457E-004
   55248.5271466123      -7.807260995723486E-003  4.732558580140593E-004
   55248.5475804222      -9.136475265436594E-003  4.731550866320306E-004
   55248.5680140325      -9.628930826279580E-003  4.731315248754749E-004
   55248.5884477430      -9.608020940423456E-003  4.730894157144236E-004
   55248.6088815537      -9.469584385461305E-003  4.731134333211666E-004
   55248.6293151646      -7.449424973816510E-003  4.732734652275435E-004
   55248.6497488759      -4.366229067337302E-003  4.735918196020948E-004
   55248.6701826873      -4.731601399337260E-003  4.734525858605133E-004
   55248.6906163991      -3.942726621572246E-003  4.735826456170756E-004
   55248.7110500111      -3.366036583104082E-003  4.736807673698906E-004
   55248.7314838233      -2.370682363420862E-003  4.737976644522948E-004
   55248.7519175357      -3.248061074627384E-003  4.736460942650195E-004
   55248.7723511484      -2.077944057824244E-003  4.737970091676505E-004
   55248.7927848615      -2.546862008012352E-003  4.736865794597786E-004
   55248.8132186746      -3.342182825592732E-003  4.736570916507880E-004
   55248.8336522881      -3.540310413534198E-003  4.736223900552803E-004
   55248.8540860019      -2.704609855064044E-003  4.736882888979809E-004
   55248.8745197160      -1.116049385952667E-003  4.738264399953677E-004
   55288.7002598449      -3.317947357365458E-003  4.738055442838244E-004
   55288.7206939718      -3.398658197964366E-003  4.738103845660273E-004
   55288.7411281987      -3.571233962961662E-003  4.738651007996260E-004
   55288.7615622258      -3.742788806475716E-003  4.739128722804988E-004
   55288.7819963532      -2.475188855538324E-003  4.740458222057911E-004
   55288.8024305806      -3.086362038433710E-003  4.739769534079250E-004
   55288.8228646082      -2.318923148620367E-003  4.740858597574917E-004
   55288.8432987359      -3.655868555685560E-003  4.739844242782818E-004
   55288.8637329638      -2.319810701681191E-003  4.741384189088044E-004
   55288.8841669919      -2.690805351266645E-003  4.740567654525109E-004
   55288.9046011202      -1.738626550584321E-003  4.742040783891228E-004
   55288.9250353485      -2.006836495564102E-003  4.742060776361197E-004
   55288.9454693771      -4.094210950647215E-003  4.739513314793071E-004
   55288.9659035057      -6.908628196438560E-003  4.737438832974996E-004
   55288.9863377346      -7.947926838607233E-003  4.736739622643721E-004
   55289.0067718636      -9.292257918950053E-003  4.735086561047882E-004
   55289.0272058928      -8.987961274693590E-003  4.735059729048713E-004
   55289.0476401221      -6.883107228603524E-003  4.738409520003743E-004
   55289.0680742516      -2.298302688466203E-003  4.746086102354119E-004
   55289.0885082812      -2.945592092575167E-003  4.746577496221246E-004
   55289.1089425110      -2.887738738521439E-003  4.745760961658311E-004
   55289.1293766409      -2.021138733426575E-003  4.747337210080060E-004
   55289.1498106710      -3.016137745921577E-003  4.746722178569705E-004
   55289.1702449013      -2.252925859844601E-003  4.747026274560282E-004
   55289.1906790317      -2.359394153198302E-003  4.744252056293300E-004
   55289.2111130623      -1.910024035401414E-003  4.749105491437034E-004
   55289.2315472930      -1.531048280407288E-003  4.749353818958751E-004
   55289.2519814238      -1.540094936228753E-003  4.749357501782166E-004
   55289.2724154549      -2.248717070048256E-003  4.748247393581269E-004
   55289.2928495861      -6.272920436224405E-004  4.751767120531034E-004
   55329.1396104559      -2.109043280910106E-004  4.752478957685448E-004
   55329.1600446495      -1.028434232074438E-003  4.752903534613469E-004
   55329.1804790431      -4.964410481134163E-005  4.753459114831549E-004
   55329.2009133367      -3.050491142179146E-004  4.752686774149597E-004
   55329.2213475303      -1.406537387138251E-003  4.751369901719812E-004
   55329.2417819239      -1.210799551573327E-003  4.753059265432173E-004
   55329.2622162175       1.610654430467262E-004  4.754017851755413E-004
   55329.2826504111       2.078609295970146E-004  4.754501353858079E-004
   55329.3030848048       1.625459021289632E-003  4.757433933531918E-004
   55329.3235190984       2.337961565169744E-004  4.754509771740170E-004
   55329.3439532920      -6.271702397441237E-004  4.753770576468957E-004
   55329.3643876857      -5.994344558090114E-004  4.754259339747930E-004
   55329.3848219794      -4.159052729563406E-003  4.750903761498962E-004
   55329.4052561731      -4.261777218447449E-003  4.750798537972810E-004
   55329.4256905667      -6.854166266402117E-003  4.748095871703611E-004
   55329.4461248605      -5.580466072555135E-003  4.749980951174614E-004
   55329.4665591541      -2.952310402139613E-003  4.752527360507478E-004
   55329.4869934478       3.042966426801685E-004  4.755960278048168E-004
   55329.5074277416       6.421364710851307E-006  4.755788763700541E-004
   55329.5278621353      -3.749469108395020E-004  4.756029725575427E-004
   55329.5482963290       7.996585622918051E-004  4.756771551434795E-004
   55329.5687306227       8.061664421878945E-004  4.757133520364756E-004
   55329.5891650165      -3.196163091596649E-004  4.755573581589561E-004
   55329.6095993102       9.708549973996838E-005  4.756179142982563E-004
   55329.6300335040       1.211238460893105E-003  4.759543139113623E-004
   55329.6504678977       4.137827961860907E-004  4.757761178698249E-004
   55329.6709021915       2.258564401946828E-004  4.757489702000778E-004
   55329.6913363853      -3.515374308871166E-005  4.757151408364201E-004
   55329.7117707790       1.123011583014977E-003  4.758841824311824E-004
   55369.5585706492       5.838114755092327E-004  4.656920738528676E-004
   55369.5790049168       7.058725914248498E-004  4.656577709833422E-004
   55369.5994389843       1.363972087740306E-003  4.655373952694250E-004
   55369.6198732514      -7.610760481604473E-004  4.650951934007737E-004
   55369.6403073186       3.526240413033177E-004  4.653656178629829E-004
   55369.6607414858       1.831940669943188E-003  4.654185452966370E-004
   55369.6811757527       3.446069914466721E-004  4.651884214449439E-004
   55369.7016098194       1.326751219279387E-004  4.650232731206492E-004
   55369.7220439861      -2.974326536921978E-004  4.649476174053464E-004
   55369.7424782526      -7.500201908151594E-004  4.647881511514639E-004
   55369.7629123191      -6.643238577263011E-004  4.648139309153710E-004
   55369.7833464853      -6.105377595673200E-004  4.647563736465662E-004
   55369.8037807514      -3.481415084665374E-003  4.645018379368059E-004
   55369.8242148174      -5.773174780740908E-003  4.637519624776879E-004
   55369.8446489834      -6.339690922891328E-003  4.637964194174869E-004
   55369.8650832489      -5.696387171546302E-003  4.637454386190665E-004
   55369.8855174147      -2.404518633522090E-003  4.643883543638516E-004
   55369.9059514800       4.535342117313323E-004  4.646816649429987E-004
   55369.9263857453      -9.072804288501324E-005  4.645778093226872E-004
   55369.9468199106      -2.539521551639945E-004  4.645263024066361E-004
   55369.9672539757       6.515021995534553E-004  4.645989592514437E-004
   55369.9876882406       2.247200349507761E-004  4.645356146887005E-004
   55370.0081224054       1.048911980072731E-005  4.644700604319082E-004
   55370.0285566703       5.445996454016555E-004  4.643514209061725E-004
   55370.0489907346       1.160137289528018E-003  4.643397937065328E-004
   55370.0694248993       1.073084208796038E-003  4.643512630708833E-004
   55370.0898591634       1.225983754458149E-003  4.641242433132116E-004
   55370.1102932276       1.375128687285621E-003  4.642559305561901E-004
   55370.1307273917       3.376424421506208E-004  4.642045814754282E-004
   55409.9770182158       7.284024923337462E-005  4.429990688862964E-004
   55409.9974521263      -1.862387854220215E-003  4.427847161015125E-004
   55410.0178859365      -2.251041206928761E-003  4.430004668392406E-004
   55410.0383197466      -1.484828912155067E-003  4.430900911557771E-004
   55410.0587535563      -1.743421835874170E-003  4.430381597927002E-004
   55410.0791873661      -1.688331619807859E-003  4.429682103694531E-004
   55410.0996211754      -1.721619621643300E-003  4.430803054851674E-004
   55410.1200549845      -2.211037086229162E-003  4.429975156052472E-004
   55410.1404887936      -1.273978726249458E-003  4.429275144059652E-004
   55410.1609226022      -1.240540147176228E-003  4.430515180097230E-004
   55410.1813564108      -1.541987890617991E-003  4.430326197569582E-004
   55410.2017902192      -3.486374907572642E-003  4.427800044823300E-004
   55410.2222239271      -6.370073925578756E-003  4.425872940801644E-004
   55410.2426578351      -7.488278383467217E-003  4.425938178605709E-004
   55410.2630916427      -7.733070561544486E-003  4.423939105895442E-004
   55410.2835253502      -6.572147964692854E-003  4.425771459773099E-004
   55410.3039592574      -4.090514858562044E-003  4.427965728135211E-004
   55410.3243930642      -3.630060290619186E-004  4.430879165623083E-004
   55410.3448269709      -1.243974458520758E-003  4.432297828981314E-004
   55410.3652606777      -1.601560971557170E-003  4.432107293172617E-004
   55410.3856944840      -1.151428773966123E-003  4.432126450305557E-004
   55410.4061283900      -1.133224960856882E-003  4.432914999318180E-004
   55410.4265620958      -1.695144138890936E-003  4.432472314219170E-004
   55410.4469959014      -3.535906755465223E-004  4.434662958258833E-004
   55410.4674298070      -7.549904993729983E-004  4.433251543545498E-004
   55410.4878635121      -9.923645145153426E-004  4.433605173864356E-004
   55410.5082973173      -7.974880055783284E-004  4.433676624792617E-004
   55410.5287312219      -1.000970467152640E-003  4.433710796975699E-004
   55410.5491650266      -4.661587976786397E-004  4.435025390503637E-004
   55450.3946305352       3.836371881005274E-005  4.470903076177104E-004
   55450.4150637877      -8.083427754779215E-005  4.470746712551489E-004
   55450.4354972400       2.886442754833629E-004  4.470166820959803E-004
   55450.4559305923      -1.348968126676175E-003  4.468744533279124E-004
   55450.4763638441      -3.778426218309372E-004  4.470625556629655E-004
   55450.4967972959      -1.051441346515358E-003  4.467740595961018E-004
   55450.5172306472      -1.509991067716543E-003  4.467043690530295E-004
   55450.5376638983      -5.152375562451628E-004  4.467553166714419E-004
   55450.5580973494      -4.035831328268458E-004  4.467504497241545E-004
   55450.5785307001      -5.044734080470459E-004  4.466919945806712E-004
   55450.5989639507      -1.141869292867970E-003  4.465066363754716E-004
   55450.6193974011      -4.870754863987026E-004  4.465237742430473E-004
   55450.6398307511      -4.616501176810339E-003  4.461422884173739E-004
   55450.6602640010      -8.150343131489546E-003  4.457448037968942E-004
   55450.6806974505      -7.935059311538151E-003  4.457769567146118E-004
   55450.7011307999      -8.361929193269169E-003  4.456795659928295E-004
   55450.7215641492      -6.063221315019574E-003  4.459131276865880E-004
   55450.7419974980      -1.833591274149615E-003  4.462587327200259E-004
   55450.7624308467      -1.323662618608279E-003  4.463336526426302E-004
   55450.7828641953      -1.158238206918183E-003  4.462046267634802E-004
   55450.8032975436      -1.092054524784558E-003  4.461760463921756E-004
   55450.8237308914      -1.578239174581997E-003  4.460895804137725E-004
   55450.8441642393      -8.327123297570127E-004  4.461300174970856E-004
   55450.8645975869      -1.156406489324024E-003  4.460173010689516E-004
   55450.8850309343      -8.033377110789885E-004  4.459836984222548E-004
   55450.9054643814      -1.701892366761215E-003  4.458942294338233E-004
   55450.9258976283      -1.058469925678263E-003  4.459492155829635E-004
   55450.9463309750      -1.337590730367655E-003  4.458558633919091E-004
   55450.9667644214       4.025122082984556E-004  4.459644895132802E-004
   55490.8114078131       5.166916476839756E-005  4.334992587377745E-004
   55490.8318408904       9.324921963531629E-004  4.336237095302175E-004
   55490.8522738676       1.750018564448563E-003  4.337080876687500E-004
   55490.8727068446       4.576276390597656E-004  4.335810192046827E-004
   55490.8931398215       7.780359801112802E-004  4.336915740594597E-004
   55490.9135727983       8.227860571530243E-006  4.336184741869686E-004
   55490.9340057749      -6.020953026358855E-004  4.335618600761974E-004
   55490.9544387514       5.417394211584270E-004  4.337061661863874E-004
   55490.9748716277       4.204586017155787E-004  4.337752838563009E-004
   55490.9953047040       2.168813445490025E-004  4.337576841917621E-004
   55491.0157376800       2.361102392007819E-004  4.338110401367880E-004
   55491.0361705560      -8.214727842493774E-004  4.336832197883178E-004
   55491.0566036318      -2.250855832931720E-003  4.335455692474708E-004
   55491.0770366074      -4.669863986399680E-003  4.333421984403079E-004
   55491.0974694830      -4.852452895845571E-003  4.333659245703507E-004
   55491.1179025584      -4.692114312775941E-003  4.334094224754293E-004
   55491.1383355337      -3.037562929654403E-003  4.335739459217826E-004
   55491.1587686088      -2.160707427787401E-004  4.339334859041569E-004
   55491.1792014839      -3.169324361843584E-004  4.339340428555663E-004
   55491.1996344588       6.147969514527230E-004  4.341125736298675E-004
   55491.2200675335      -4.533481272156470E-004  4.340018795372381E-004
   55491.2405004081       5.298842926262370E-004  4.341314264350776E-004
   55491.2609333826      -4.895852067465789E-005  4.341132976666997E-004
   55491.2813664570       1.956285977704475E-004  4.340398636233630E-004
   55491.3017993311       1.930583116483975E-004  4.341858962829224E-004
   55491.3222323053       1.366368642524707E-004  4.342732541114955E-004
   55491.3426653792      -3.112056287440934E-004  4.342109869439183E-004
   55491.3630983530       9.628967960861878E-006  4.342978156686525E-004
   55491.3835312267       2.964020358597885E-005  4.342745907948782E-004
   55531.2276880472       1.743518382132159E-003  4.409095529357274E-004
   55531.2481208225       9.813681443988642E-004  4.408930114788666E-004
   55531.2685537979       7.180054456943363E-004  4.408321088422426E-004
   55531.2889866733       3.490187486242524E-004  4.408983582123974E-004
   55531.3094196488       7.678613206372198E-004  4.409393219885628E-004
   55531.3298524243       3.093454459794476E-003  4.414447275450737E-004
   55531.3502852999       1.310825839154983E-003  4.409629924234647E-004
   55531.3707182754       1.089350470661499E-003  4.409871362670646E-004
   55531.3911510511       1.870280756789855E-003  4.411030657029429E-004
   55531.4115839267       1.206396181281377E-003  4.410473984095678E-004
   55531.4320169025       8.794887257013162E-004  4.410937646144050E-004
   55531.4524496782       1.040525428290140E-003  4.410584817426159E-004
   55531.4728826540      -1.837185119303419E-003  4.408103041945624E-004
   55531.5137484057      -4.138818322862003E-003  4.404611235084039E-004
   55531.5341812816      -3.916280569106312E-003  4.405355043691368E-004
   55531.5546141575      -1.594174855422681E-003  4.407832642036333E-004
   55531.5750470336       8.676973898043006E-004  4.410777522613831E-004
   55531.5954799096       5.668931584601467E-004  4.410358138202511E-004
   55531.6159127856       7.740217192107046E-004  4.410667246234759E-004
   55531.6363456618       2.448941939896532E-004  4.410696764659460E-004
   55531.6567786379       1.168668303561660E-003  4.411715985738765E-004
   55531.6772114141       1.526765727620782E-004  4.410421630663189E-004
   55531.6976443904       1.523204111331111E-004  4.410699270940803E-004
   55531.7180772667       3.862673684962292E-004  4.410698157037984E-004
   55531.7385100430       6.141357583657747E-004  4.410808990368465E-004
   55531.7589430194       6.255190349397921E-004  4.411913981964826E-004
   55531.7793758958       9.558561317433156E-004  4.411514647804246E-004
   55531.7998086722       1.058694438731189E-003  4.414505198397320E-004
   55571.6441012326       1.077948287865782E-003  4.650806183610719E-004
   55571.6645343605       4.052966615408771E-004  4.650741226433931E-004
   55571.6849673888       8.103549338476235E-004  4.651473674599788E-004
   55571.7054006172       2.414229052760009E-003  4.650507716582889E-004
   55571.7258337459       1.657940760321441E-003  4.651718663951900E-004
   55571.7462669747       3.065961794119776E-004  4.649707231374102E-004
   55571.7667000038       1.060668735081816E-003  4.650349243470551E-004
   55571.7871331330       1.281681283671121E-003  4.651448195707168E-004
   55571.8075663624       1.177145754768905E-003  4.651258083969929E-004
   55571.8279993921       1.166691681422583E-003  4.651143288959225E-004
   55571.8484325220       2.092372314904667E-004  4.649127376576132E-004
   55571.8688657521       1.595484110513690E-003  4.652418073553701E-004
   55571.8892987823      -2.274455922581908E-003  4.647364293204418E-004
   55571.9097319128      -3.107752264557062E-003  4.646179944679350E-004
   55571.9301651435      -4.693613051498180E-003  4.644055956993496E-004
   55571.9505982744      -5.759071557125406E-003  4.643792768432370E-004
   55571.9710314055      -4.011704018542006E-003  4.645405778326676E-004
   55571.9914645368      -1.521247163961625E-003  4.648256894409599E-004
   55572.0118976683       3.882511229313934E-004  4.650145972305256E-004
   55572.0323308000       8.857203095469224E-004  4.651183327219056E-004
   55572.0527639320       1.036311062736051E-003  4.650287366159904E-004
   55572.0731970641       1.133806273575066E-003  4.651228965235507E-004
   55572.0936301964       1.542657127296510E-003  4.651322201183225E-004
   55572.1140633289       1.234240267289133E-003  4.650297445721819E-004
   55572.1344964617       9.404736639866407E-004  4.649880263853651E-004
   55572.1549295946       1.816485946247504E-003  4.651795380617590E-004
   55572.1753627278       2.278821140738740E-004  4.649589076509426E-004
   55572.1957959611       6.083633803271038E-004  4.649621835085651E-004
   55572.2162289947       7.900145652093293E-004  4.650232488545030E-004
   55572.2366621285       1.016845173509306E-004  4.649859264766327E-004
   55612.0612797094       3.588338254062462E-004  4.672599036435453E-004
   55612.0817133175       6.349634032321028E-005  4.672948181260692E-004
   55612.1021470260      -1.389931155800772E-004  4.672483681449087E-004
   55612.1225806346       3.780167675022650E-004  4.672975620068129E-004
   55612.1430142436       3.296822266684041E-004  4.673441519818888E-004
   55612.1634478529      -1.800484692171533E-005  4.673061576332241E-004
   55612.1838814623       2.086876798609083E-003  4.675459112128967E-004
   55612.2043150720      -2.722068360463403E-004  4.674053573217422E-004
   55612.2247486820      -5.101578611521607E-004  4.673271007229818E-004
   55612.2451822923       4.769259311288021E-004  4.673897619995563E-004
   55612.2656160028       1.086842885671846E-003  4.674184887510154E-004
   55612.2860495136       2.731561820709105E-004  4.674116290491562E-004
   55612.3064832246      -2.161376593904141E-003  4.672077419106328E-004
   55612.3269168359      -5.383814264167119E-003  4.669218463364138E-004
   55612.3473503474      -6.598253910075291E-003  4.667224110044030E-004
   55612.3677840592      -7.155427356345556E-003  4.666563338762905E-004
   55612.3882176712      -6.437603283631077E-003  4.668840759780139E-004
   55612.4086511835      -2.052137311134294E-003  4.672805947442551E-004
   55612.4290848961      -5.777051432592772E-004  4.674345320537308E-004
   55612.4495185089      -6.346044897050929E-004  4.675867334386544E-004
   55612.4699520221      -8.023569702301225E-004  4.674832499363223E-004
   55612.4903857353      -1.371869486704091E-003  4.673369002970663E-004
   55612.5108192489      -5.055108804505881E-004  4.675629064742376E-004
   55612.5312529628      -8.065102834623472E-004  4.674944214507786E-004
   55612.5516865769      -5.823819917317730E-004  4.676311115098656E-004
   55612.5721200913      -4.231635695089997E-004  4.676787094411330E-004
   55612.5925538059       4.244285517873703E-005  4.676973006331105E-004
   55612.6129874208      -3.438627963414653E-005  4.676691058585303E-004
   55612.6334210359      -6.972122437064465E-004  4.676017967839614E-004
   55612.6538546513      -1.203332210952812E-003  4.676167201353529E-004
   55652.4794246556      -2.033286738033491E-004  4.680545033554891E-004
   55652.4998588159      -6.093463498783036E-004  4.679381771662960E-004
   55652.5202928764      -1.319551936356911E-003  4.679363875326161E-004
   55652.5407269371      -1.415798191415574E-003  4.678117778961046E-004
   55652.5611609980      -1.406562370118158E-003  4.678321285876645E-004
   55652.5815950590      -8.604716788072064E-004  4.678877606289138E-004
   55652.6020291203      -1.599586241465389E-003  4.677479135399278E-004
   55652.6224631817      -3.481187628292526E-004  4.680617130225995E-004
   55652.6428972433      -2.246797103447773E-003  4.676675845538960E-004
   55652.6633313051      -2.121179001070783E-003  4.675838808300678E-004
   55652.6837654671      -2.888592176264249E-003  4.675680297889030E-004
   55652.7041994292      -2.115282597018542E-003  4.676143046026259E-004
   55652.7246335916      -6.130317617139114E-003  4.672695700234875E-004
   55652.7450676540      -7.500579968859111E-003  4.670409571039786E-004
   55652.7655016167      -7.213833771936407E-003  4.669956026732910E-004
   55652.7859357796      -8.014422054407166E-003  4.670009204419399E-004
   55652.8063698427      -7.885226150617597E-003  4.669167053942032E-004
   55652.8268038059      -4.000449059350819E-003  4.673668238308920E-004
   55652.8472379694      -3.409897575035070E-003  4.672190512213236E-004
   55652.8676720329      -3.473078489388604E-003  4.672424187239439E-004
   55652.8881059967      -2.282481904210210E-003  4.672728936288930E-004
   55652.9085401607      -3.441701516991524E-003  4.671230245912995E-004
   55652.9289741249      -2.866102598880871E-003  4.671770203960415E-004
   55652.9494082892      -3.037202845048492E-003  4.670935212017767E-004
   55652.9698423537      -3.540382497929873E-003  4.670113003172833E-004
   55652.9902763183      -3.473491914022908E-003  4.669546456282169E-004
   55653.0107104832      -3.103071724782636E-003  4.669724397002341E-004
   55653.0311445483      -3.404303382274376E-003  4.669578669688407E-004
   55653.0515786135      -2.611839042049757E-003  4.669589918814395E-004
   55653.0720126789      -2.505840378323909E-003  4.669377208068442E-004
   55692.8982746110       4.843704126373805E-004  4.630210307998091E-004
   55692.9187088950      -1.229108197542406E-005  4.630011402997669E-004
   55692.9391431791      -3.021566264923448E-003  4.629841132136125E-004
   55692.9595774631      -3.248408855726859E-003  4.629216294319887E-004
   55692.9800117472      -2.261337471321068E-003  4.630641354052992E-004
   55693.0004460314      -2.238146961540233E-003  4.630884744233457E-004
   55693.0208803156      -3.167181481417369E-003  4.630011914321578E-004
   55693.0413145998      -3.569229780660099E-003  4.630349388101215E-004
   55693.0617489841      -3.210059365264639E-003  4.630799353140731E-004
   55693.0821831684      -3.022383222088032E-003  4.630544713834277E-004
   55693.1026174527      -3.088591452057754E-003  4.632112944261773E-004
   55693.1230518371      -3.488723171200525E-003  4.632213675071756E-004
   55693.1434860215      -4.881735227343809E-003  4.631916084556985E-004
   55693.1639203060      -8.200265579741961E-003  4.628143536759768E-004
   55693.1843546905      -8.523583600284934E-003  4.629013810052105E-004
   55693.2047888750      -1.025098006923830E-002  4.627256901102358E-004
   55693.2252232596      -8.603942751635785E-003  4.628438059331088E-004
   55693.2456575443      -5.326730877836972E-003  4.631714111613111E-004
   55693.2660917289      -2.460212922266836E-003  4.633464373352048E-004
   55693.2865261136      -2.188274989199157E-003  4.634322886194489E-004
   55693.3069603983      -2.136696900421287E-003  4.634555027248966E-004
   55693.3273946831      -2.113010558144501E-003  4.635464161158353E-004
   55693.3478289679      -2.191241801264843E-003  4.635674826608672E-004
   55693.3682632527      -2.849271878564874E-003  4.635475921608249E-004
   55693.3886975376      -2.567992698872090E-003  4.636114565170017E-004
   55693.4091318225      -2.697427368444916E-003  4.635429391132572E-004
   55693.4295661075      -2.173988681764216E-003  4.637165847125978E-004
   55693.4500004925      -1.734423516742911E-003  4.637735973284001E-004
   55693.4704347775      -2.145358067378145E-003  4.637991123914364E-004
   55693.4908689625      -2.480391380283553E-003  4.637339697254882E-004
   55733.3172759380       8.280694452131865E-004  4.628671223033382E-004
   55733.3377102525       2.458039644929189E-004  4.627018624160977E-004
   55733.3785785809       4.474275189216836E-004  4.626960844559312E-004
   55733.3990128950      -4.140121225317817E-004  4.626320155701910E-004
   55733.4194470089      -7.037113850497656E-004  4.625918766433705E-004
   55733.4398812228       9.752769352870949E-004  4.629262824795565E-004
   55733.4603155366       2.262827084119623E-004  4.626737396011279E-004
   55733.4807497503      -2.954392495151392E-004  4.626423954455344E-004
   55733.5011838638       8.192198305438936E-004  4.627131626744765E-004
   55733.5216181773      -1.450483191972385E-003  4.625790935456570E-004
   55733.5420523906       8.260335304650646E-004  4.628291820693245E-004
   55733.5624866038      -2.265325084180203E-003  4.624464561237814E-004
   55733.5829208170      -4.646053117367654E-003  4.623608093691007E-004
   55733.6033550300      -5.821189738821175E-003  4.622019410307170E-004
   55733.6237893430      -3.845375265917661E-003  4.623497136402853E-004
   55733.6442234558      -4.641231500338794E-003  4.623229202674778E-004
   55733.6646576685      -3.064468140005827E-003  4.624386328679807E-004
   55733.6850919811      -3.040289183940947E-004  4.626577351627906E-004
   55733.7055260935       7.405458121356734E-005  4.627605624007982E-004
   55733.7259603060       1.206398140655374E-003  4.627903214522754E-004
   55733.7463946182      -2.512851967569896E-004  4.627368369714420E-004
   55733.7668287304       2.302362282448067E-004  4.626814605921469E-004
   55733.7872629424       4.115977061349696E-004  4.628029511528163E-004
   55733.8076971544       8.072539721448724E-004  4.628188021939811E-004
   55733.8281313663       3.701372136359904E-004  4.627457340074506E-004
   55733.8485656781      -5.340339380011105E-004  4.627369903686145E-004
   55733.8689997897       8.084415045612747E-004  4.628630317120699E-004
   55733.8894340012       1.406471200094961E-004  4.627629656231684E-004
   55733.9098683127       5.437529995098167E-004  4.628434480063728E-004
   55773.7358465202      -1.644168415681491E-003  4.397677801078921E-004
   55773.7562805161      -2.335163242495386E-003  4.397423482741292E-004
   55773.7767144118      -2.049597750159005E-003  4.397374968198973E-004
   55773.7971484075      -1.930098156367910E-003  4.397727336980025E-004
   55773.8175822028      -2.584524415122247E-003  4.396932209165389E-004
   55773.8380160980      -1.902351387997214E-003  4.397893818462088E-004
   55773.8584500930      -2.288099318599190E-003  4.397443399237612E-004
   55773.8788838878      -2.685007005834961E-003  4.396888801416999E-004
   55773.8993177823      -2.782418745251536E-003  4.396948040226567E-004
   55773.9197517766      -2.496603173275158E-003  4.397192655655733E-004
   55773.9401855706      -1.937771710255665E-003  4.397495999215073E-004
   55773.9606194647      -3.072518937118907E-003  4.396825987851681E-004
   55773.9810534583      -3.997392215345008E-003  4.395939448425728E-004
   55774.0014873519      -5.871394538474850E-003  4.393905923083480E-004
   55774.0219211457      -8.174555767104352E-003  4.391642081335065E-004
   55774.0423551389      -8.929951032448535E-003  4.390641149725119E-004
   55774.0627890318      -7.731051592414717E-003  4.392424952844274E-004
   55774.0832229244      -5.215845659850116E-003  4.394578998523229E-004
   55774.1036568169      -2.641428819452951E-003  4.396816795622610E-004
   55774.1240907091      -1.779820822708111E-003  4.397773808804773E-004
   55774.1445246010      -2.053987414879721E-003  4.397835090331913E-004
   55774.1649584930      -9.762813334303067E-004  4.398195119303858E-004
   55774.1853923845      -1.219114797440524E-003  4.398183373677822E-004
   55774.2058262760      -2.023236601711553E-003  4.398094515463470E-004
   55774.2262601673      -2.103610167075165E-003  4.397754913667238E-004
   55774.2466940583      -1.125206254650402E-003  4.398269167815818E-004
   55774.2671279491      -1.923848457501154E-003  4.397802917530164E-004
   55774.2875618397      -1.550320896469448E-003  4.398576086130908E-004
   55774.3079956301      -2.881163816511600E-004  4.399444751778112E-004
   55774.3284296204      -4.129836843509427E-004  4.403619555814496E-004
   55814.1740980543      -3.415586619054389E-004  4.443329474721550E-004
   55814.1945316002       1.242109757001453E-004  4.443334070836085E-004
   55814.2149649456       1.186176498281233E-004  4.444047489947868E-004
   55814.2353984907      -1.273860649525504E-004  4.443460719325507E-004
   55814.2558319359      -3.757570669862265E-004  4.443448973699472E-004
   55814.2762652806       7.593448695653038E-004  4.444198651048146E-004
   55814.2966988253       6.354615861885460E-004  4.444852320670968E-004
   55814.3171322695      -3.771878523196603E-004  4.443742103670956E-004
   55814.3375656135       4.236660916119295E-004  4.444443777156704E-004
   55814.3579991575       3.125518368759517E-004  4.444218567544466E-004
   55814.3784326011       4.898578932195363E-004  4.444628132417516E-004
   55814.3988659444      -1.019266847394840E-003  4.442562944952912E-004
   55814.4192994877      -5.499215219934239E-003  4.438685867002548E-004
   55814.4397329305      -5.609629058066390E-003  4.438613861208159E-004
   55814.4601663731      -7.022088572558705E-003  4.436673279515406E-004
   55814.4805998155      -7.038297040044550E-003  4.437270263725624E-004
   55814.5010331579      -3.698803090666836E-003  4.439657179207711E-004
   55814.5214665998       2.463607102156651E-004  4.443193123323664E-004
   55814.5419001415      -5.050580982821629E-004  4.442540985739021E-004
   55814.5623335831       5.220597289561368E-004  4.444248697628643E-004
   55814.5827670244      -7.325505090116646E-005  4.443174738865522E-004
   55814.6032004653       3.505559237977351E-004  4.443045536979137E-004
   55814.6236339063       1.265000862435528E-003  4.444286998583106E-004
   55814.6440674468       7.868419579295516E-004  4.443678268746852E-004
   55814.6645007871       4.174692148681824E-004  4.443326410645193E-004
   55814.6849342274      -2.317547005188381E-004  4.442506770219701E-004
   55814.7053677672       1.776548185515869E-003  4.444473907240882E-004
   55814.7258011068       3.803280195620040E-004  4.443313132980979E-004
   55814.7462345461       3.871102981867214E-005  4.442708999259262E-004
   55854.5910048300      -7.100799021833026E-004  4.325116386003763E-004
   55854.6114377677      -1.079446175630383E-003  4.325519240594870E-004
   55854.6318709054      -4.294475334306602E-004  4.324576477788877E-004
   55854.6523039427      -1.934641442747909E-004  4.325544436311565E-004
   55854.6727370799       4.399359386575430E-004  4.325038860721626E-004
   55854.6931700169       7.183457214279265E-004  4.325940369002481E-004
   55854.7136030539      -4.938405413135172E-005  4.324512242555106E-004
   55854.7340360907       3.355576883664613E-004  4.324685843811893E-004
   55854.7544691273      -3.356169001067499E-005  4.324125169896434E-004
   55854.7749021636       7.208805379277372E-004  4.325058242042160E-004
   55854.7953351999       6.999450627749315E-004  4.324818744295557E-004
   55854.8157682360      -8.150121868618632E-004  4.322695382193014E-004
   55854.8362012721      -2.150005816413780E-003  4.321194991107646E-004
   55854.8566343077      -4.299964530898648E-003  4.318400481562599E-004
   55854.8770673435      -4.954900453803535E-003  4.318090657310057E-004
   55854.8975003789      -4.404972803987439E-003  4.318079582269751E-004
   55854.9179334143      -2.721140245008802E-003  4.319429352806966E-004
   55854.9383664492       3.796892867191648E-004  4.322900270438663E-004
   55854.9587995844       1.228960324861639E-003  4.324247549091808E-004
   55854.9792326191       1.215864107650066E-003  4.323718715917228E-004
   55854.9996655538       7.438583211167860E-004  4.322396079228762E-004
   55855.0200986882       1.862945617827849E-003  4.324248379719831E-004
   55855.0405317227       2.230939016267808E-003  4.323647281907258E-004
   55855.0609646569       1.287178812726442E-003  4.322937648699693E-004
   55855.0813977909       2.383494889697246E-003  4.323497491987128E-004
   55855.1018308246       1.039095610504193E-003  4.322409369277128E-004
   55855.1222637584       6.647376083090961E-004  4.321109436421288E-004
   55855.1426968919       1.357887270173164E-003  4.321876382962433E-004
   55855.1631299254       2.281687579637870E-003  4.322943739971861E-004
   55895.0073413067       5.647759851321599E-004  4.374689650790548E-004
   55895.0277741743      -8.796185985904259E-005  4.373360645953905E-004
   55895.0482071418       9.456380412300458E-004  4.374473687504593E-004
   55895.0686399093       1.126565865919638E-003  4.375099427281845E-004
   55895.0890727768       1.034297045605426E-003  4.375877171987289E-004
   55895.1095057444       9.699604801109984E-004  4.375513910665273E-004
   55895.1299385119       9.248800524570555E-004  4.375487884320555E-004
   55895.1503713795      -3.969601452435967E-006  4.373458383184600E-004
   55895.1708043470       4.750687475645332E-004  4.375285211082968E-004
   55895.1912372145      -5.098059766300844E-004  4.373863452783768E-004
   55895.2116700821       3.705743885726864E-004  4.375065094656899E-004
   55895.2321029496       2.672820398538223E-004  4.374421634815158E-004
   55895.2525358172      -3.309305059933543E-003  4.368023307154749E-004
   55895.2729686847      -4.817734976414578E-003  4.366535098613718E-004
   55895.2934015523      -6.214968197140736E-003  4.365651033521344E-004
   55895.3138344198      -3.751612905485979E-003  4.368203276559711E-004
   55895.3342673874      -2.339691576471514E-003  4.370825846104019E-004
   55895.3547001549      -3.372041398479464E-004  4.374346601417089E-004
   55895.3751330225       2.294246604991335E-004  4.374700448954845E-004
   55895.3955659900      -2.016787653936758E-004  4.374352138937242E-004
   55895.4159987576      -2.769968167006809E-004  4.375184705092197E-004
   55895.4364317251       3.028966297823343E-004  4.375546305158166E-004
   55895.4568644927       2.097329384378455E-004  4.375817643645647E-004
   55895.4772973603       8.019064310613722E-004  4.376142972954617E-004
   55895.4977303278       1.639117848730498E-003  4.376525061845152E-004
   55895.5181631954       2.063267656887691E-004  4.375471548636105E-004
   55895.5385959630       4.674482367164057E-004  4.375303208023464E-004
   55895.5590289306      -3.392822198982071E-004  4.375242849053799E-004
   55895.5794616981       4.016722604347489E-004  4.376169276175342E-004
   55935.4236546308       2.567535528677833E-003  4.633683739913274E-004
   55935.4440875809       1.427407005637038E-003  4.632632512917047E-004
   55935.4849537817       2.267707239517636E-003  4.633344715707567E-004
   55935.5053867323       1.346516178686086E-003  4.630760740960518E-004
   55935.5258198832       4.477062094196960E-004  4.628305545019931E-004
   55935.5462528341       1.309923960955306E-003  4.629177881456746E-004
   55935.5666858853       1.110700468689885E-003  4.628893168312895E-004
   55935.5871190366       3.669863369706317E-004  4.627877215511482E-004
   55935.6075519881       7.280339142192727E-004  4.628191043863751E-004
   55935.6279850399       6.510182191232783E-004  4.628326821518390E-004
   55935.6484181917       2.457836333248364E-004  4.627075427464294E-004
   55935.6688512438      -2.420678476683813E-003  4.621063136926091E-004
   55935.6892842961      -4.884086318613812E-003  4.618611580386557E-004
   55935.7097173484      -5.720675313080514E-003  4.617358506608898E-004
   55935.7301504010      -4.892725414816113E-003  4.617656937495177E-004
   55935.7505834538      -2.628706076832854E-003  4.620018068916261E-004
   55935.7710165067       1.454610096225384E-004  4.623153552899678E-004
   55935.7914495599       3.835118787216540E-004  4.626301634809815E-004
   55935.8118827132      -3.021133403909859E-004  4.622206468764330E-004
   55935.8323156667      -7.385024900571358E-004  4.621794376583652E-004
   55935.8527488203       2.336418412018926E-004  4.622395997572971E-004
   55935.8731818741       1.061475846850568E-003  4.623328804058037E-004
   55935.8936148281       2.350174510561409E-004  4.625247608274318E-004
   55935.9140479824      -4.758231149111225E-004  4.621552216436718E-004
   55935.9344810367      -9.573386363082026E-005  4.621554456068136E-004
   55935.9549139913      -6.813735969789514E-004  4.620550541285588E-004
   55935.9753471460      -1.065623547234829E-003  4.623287930784682E-004
   55935.9957802009      -2.290481707506453E-004  4.620721313181113E-004
   55975.8406590632      -6.059012016873533E-004  4.684003778584290E-004
   55975.8610926654       8.779050938478861E-005  4.684703103494163E-004
   55975.8815260680      -7.336609551310547E-004  4.684062009001125E-004
   55975.9019596706      -9.177066842155357E-004  4.684462343116865E-004
   55975.9428265769      -7.833278638043062E-004  4.684991176085140E-004
   55975.9632601804      -1.509030088956420E-004  4.685668944542627E-004
   55975.9836936841      -1.165164518997286E-003  4.685055845442298E-004
   55976.0041270882      -1.146964587989130E-003  4.685166987151353E-004
   55976.0245606925      -9.198008880206832E-004  4.685476336240788E-004
   55976.0449941971      -5.720848994951178E-004  4.686831033293981E-004
   55976.0654278018      -1.380243519840119E-003  4.685587757903770E-004
   55976.0858612068      -3.321045750145801E-003  4.683725504380762E-004
   55976.1062947122      -5.087972023998244E-003  4.681532345315932E-004
   55976.1267283178      -6.512272756309612E-003  4.680984755434542E-004
   55976.1471617236      -5.374914257136654E-003  4.682301658707578E-004
   55976.1675952297      -6.358071639216978E-003  4.681811459381242E-004
   55976.1880288361      -3.710321043997600E-003  4.684743976767519E-004
   55976.2084622427      -2.034339487515524E-003  4.686570396187859E-004
   55976.2288957496      -1.026109846856471E-003  4.688781472304023E-004
   55976.2493293567      -1.798311835651045E-003  4.687885059829478E-004
   55976.2697627640      -2.039747598203467E-003  4.687678173877358E-004
   55976.2901963717      -1.343257785650698E-003  4.688302471134770E-004
   55976.3106297795      -8.502260033440567E-004  4.689162489598793E-004
   55976.3514968961      -9.814262280466446E-004  4.689331021862902E-004
   55976.3719304047      -2.141992759090661E-003  4.688558349024131E-004
   55976.3923638137      -1.447324374911130E-003  4.689417247672446E-004
   55976.4127974229       1.479975442283843E-003  4.694255411440430E-004
   55976.4332309323      -6.485837742375988E-004  4.690364051853867E-004
   56016.2585951183      -1.539016116735015E-004  4.625266629755341E-004
   56016.2790291986      -1.331192838137096E-003  4.622335509522553E-004
   56016.2994631791      -3.715788283047416E-004  4.622618118830094E-004
   56016.3198970599      -3.185038852561162E-004  4.624597398738023E-004
   56016.3403311408      -9.089745806237781E-004  4.623788131510864E-004
   56016.3607651219      -7.711198963028520E-004  4.624226505732974E-004
   56016.3811990032      -9.439033494490490E-004  4.623043301235335E-004
   56016.4016330848      -1.115225410382559E-003  4.623037720082044E-004
   56016.4220670665      -8.895571243167089E-004  4.622970746242555E-004
   56016.4425011485      -7.671015951440374E-004  4.621819506531945E-004
   56016.4629350307      -1.231767241112069E-003  4.621520661142104E-004
   56016.4833690130      -1.711663675864172E-003  4.622300500470093E-004
   56016.5038030956      -2.835733990642741E-003  4.619097933236346E-004
   56016.5242369784      -7.020386161112557E-003  4.614190577361062E-004
   56016.5446709614      -9.996814883945770E-003  4.610958582228146E-004
   56016.5651050445      -8.783452972663808E-003  4.615004918363939E-004
   56016.5855389279      -6.424653423177884E-003  4.616037431722728E-004
   56016.6059729115      -3.428220791816927E-003  4.618287143876472E-004
   56016.6264069953      -1.383190685553037E-003  4.621700780180123E-004
   56016.6468409794      -3.552204377638146E-004  4.620644927453028E-004
   56016.6672749635      -4.408766894102856E-004  4.620277586090982E-004
   56016.6877089479      -8.470251718214472E-004  4.618836126409253E-004
   56016.7081429326      -1.192562418447785E-003  4.619943731648681E-004
   56016.7285769174      -8.004549411432249E-004  4.617902044299410E-004
   56016.7490109024      -1.827385422571215E-003  4.617961914852893E-004
   56016.7694448877      -9.852872435001103E-004  4.620032522723761E-004
   56016.7898788731      -8.522181117848193E-004  4.618592585174747E-004
   56016.8103128587      -8.616539324906025E-004  4.619809783969703E-004
   56016.8307468446      -2.584696947203202E-004  4.619111632430787E-004
   56016.8511808306       2.310693425289223E-004  4.619751942926508E-004
   56056.6773412153      -5.419800933043062E-004  4.631129377598487E-004
   56056.6977755765      -4.896727700600678E-004  4.631385603272290E-004
   56056.7182097378      -7.095865990915939E-004  4.629937040304554E-004
   56056.7386439991       4.011302000286321E-004  4.631002025827944E-004
   56056.7590783605      -1.099736846744026E-003  4.630650413170627E-004
   56056.7795125220      -7.141608503301589E-004  4.630575828667560E-004
   56056.7999467836      -4.969499593495685E-004  4.629170392793434E-004
   56056.8203810452      -1.376253077071121E-004  4.630697599284812E-004
   56056.8408154069      -4.804903703236052E-004  4.630929470835164E-004
   56056.8612496687      -2.310942909179436E-004  4.629460612764553E-004
   56056.8816838305      -2.185086838764949E-003  4.629960379672861E-004
   56056.9021180925      -2.128193333888584E-003  4.629929429640976E-004
   56056.9225524544      -4.878012673566468E-003  4.625913028781924E-004
   56056.9429867165      -5.625371574014992E-003  4.627060716849531E-004
   56056.9634208786      -7.344963105636815E-003  4.625657310485693E-004
   56056.9838552408      -8.876826758239309E-003  4.622736845181916E-004
   56057.0042895030      -6.728397677633668E-003  4.626046469083330E-004
   56057.0247237654      -3.794227105217818E-003  4.627585852636433E-004
   56057.0451580278      -2.026683915344218E-003  4.629635658026854E-004
   56057.0655922903      -1.491584036989235E-003  4.629311951135991E-004
   56057.0860266528      -1.343695652533672E-003  4.630110056056568E-004
   56057.1064608154      -2.686280714977451E-004  4.630245525868262E-004
   56057.1268950781      -2.010456476090994E-003  4.628059235911003E-004
   56057.1473294408      -2.276503841426525E-003  4.629738655673947E-004
   56057.1677636037      -1.444244816555473E-003  4.629203879713179E-004
   56057.1881978665      -2.457632120180797E-003  4.628885246598034E-004
   56057.2086322295      -1.231453510711966E-003  4.630236393071968E-004
   56057.2290663925      -7.807308626532894E-004  4.630092805219124E-004
   56057.2495007556      -1.188642766128400E-003  4.629695528580337E-004
   56057.2699350188      -1.556007497745093E-003  4.629579339116375E-004
   56097.0963597433       5.956402345301814E-004  4.583919924044749E-004
   56097.1167939954      -5.303794373812121E-005  4.584008715119829E-004
   56097.1372282476       5.395781391768217E-004  4.583397832523278E-004
   56097.1576624996      -9.334199287200917E-004  4.582635751410305E-004
   56097.1780967516       3.752345521157441E-004  4.583329843928646E-004
   56097.1985310035       5.363131136748578E-004  4.582798619610881E-004
   56097.2189652553       8.526762068983285E-005  4.581647379900271E-004
   56097.2393995071      -3.366980954586651E-004  4.582902124635545E-004
   56097.2598337587       1.206821189764229E-004  4.583284687324748E-004
   56097.2802681102      -4.810669447052884E-005  4.581580913438353E-004
   56097.3007022618       2.934148834051742E-004  4.582360245388771E-004
   56097.3211365132      -5.061177932854655E-004  4.581610848715095E-004
   56097.3415708645      -1.430758944229948E-003  4.581546411763465E-004
   56097.3620050159      -3.330498531761372E-003  4.578754820362946E-004
   56097.3824393671      -5.265804992157674E-003  4.575691274583897E-004
   56097.4028736182      -5.961868319883545E-003  4.574999211575843E-004
   56097.4233077692      -2.324899049461537E-003  4.578710171136620E-004
   56097.4437421201      -1.460845813129663E-003  4.580261731751449E-004
   56097.4641763711      -1.337601829848323E-004  4.582228834597652E-004
   56097.4846105218       5.416002366549488E-004  4.581766613629664E-004
   56097.5050448725      -4.652631290973375E-004  4.581522565017587E-004
   56097.5254791231      -9.840760392109127E-004  4.580005506077646E-004
   56097.5459132738      -4.925730022988795E-004  4.579541255599370E-004
   56097.5663476242      -5.338840345140428E-004  4.580092775020011E-004
   56097.5867817746       1.558662978057290E-004  4.581111081806786E-004
   56097.6072161249      -6.596366242069829E-004  4.578883186888634E-004
   56097.6276503752      -5.914216924463034E-005  4.579636642582885E-004
   56097.6480845254      -4.816139367578298E-004  4.578959293524417E-004
   56097.6685188754      -7.826480209426334E-004  4.580832531519821E-004
   56097.6889531255       5.915340962543425E-004  4.582873711491520E-004
   56177.9330588238       3.045591165513617E-004  4.414541037351771E-004
   56177.9534923674       5.077908379378382E-004  4.415481787306774E-004
   56177.9739260109       1.671185456441071E-004  4.415470021537897E-004
   56177.9943594541       1.169635963700344E-004  4.415815832831851E-004
   56178.0147929970       3.476232376794508E-004  4.416994967495408E-004
   56178.0352266397      -5.908755838778257E-004  4.416213822753000E-004
   56178.0556601822      -4.735511691100758E-004  4.416101280615914E-004
   56178.0760937245      -6.850491196082054E-004  4.417091651422268E-004
   56178.0965272665      -8.289322374545049E-004  4.419350679046679E-004
   56178.1169608083      -2.753297840671909E-004  4.419547627786579E-004
   56178.1373943499       1.409093487743762E-003  4.421322212666354E-004
   56178.1578278912       2.290831728102294E-005  4.420269432129433E-004
   56178.1782614323       7.309580814696126E-005  4.421225017184325E-004
   56178.1986949731      -5.291118600985523E-003  4.414049944389943E-004
   56178.2191285138      -6.308656427732928E-003  4.412820165764697E-004
   56178.2395620542      -6.018656374475073E-003  4.413434031966983E-004
   56178.2599956943      -3.828589699249707E-003  4.415354921624968E-004
   56178.2804291343      -6.710606292291699E-004  4.420209068619542E-004
   56178.3008626740       1.566594875992644E-003  4.423753122827405E-004
   56178.3212963134       5.512299815200183E-004  4.423175065486919E-004
   56178.3417297527       1.971621776108989E-004  4.422938726999039E-004
   56178.3621633916       8.624474604306265E-004  4.424071310142256E-004
   56178.3825969304       1.144268722699460E-003  4.424312764181822E-004
   56178.4030303690       3.880625207006716E-004  4.424437072087785E-004
   56178.4234640070       7.097232736341663E-004  4.425179850192550E-004
   56178.4438974451       1.441757905026764E-003  4.425471948193805E-004
   56178.4643309829       4.859598865476489E-004  4.424573657317793E-004
   56178.4847646205       1.364375848865063E-003  4.426436229686562E-004
   56178.5051981579       2.737204927919512E-004  4.426283786246328E-004
   56178.5256315950       1.962182295192516E-003  4.427600017695061E-004
   56218.3501415970      -1.537994217445937E-003  4.359634733342044E-004
   56218.3705747073      -1.610144398269342E-003  4.358752750958614E-004
   56218.3910078177      -2.699513123593622E-003  4.357740662911785E-004
   56218.4114408278      -1.826838079499349E-003  4.358699424388423E-004
   56218.4318740377      -1.581635233798506E-003  4.358781508218979E-004
   56218.4523071476      -2.069942279018022E-003  4.358468528715394E-004
   56218.4727403573      -1.452228156998636E-003  4.358427207603414E-004
   56218.4931733664      -1.344361295641305E-003  4.358498123565867E-004
   56218.5136064756      -1.918124044675618E-003  4.358358525214580E-004
   56218.5340396848      -1.538799417418857E-003  4.357895058688308E-004
   56218.5544726936      -2.201262850754726E-003  4.357526519040911E-004
   56218.5749058023      -2.965245668993921E-003  4.356099544694059E-004
   56218.5953390108      -3.753161431900631E-003  4.355705598146727E-004
   56218.6157721190      -5.717541206476273E-003  4.353166024940119E-004
   56218.6362051271      -6.206334741725494E-003  4.353143130810508E-004
   56218.6566383351      -6.784716356236231E-003  4.352093072012129E-004
   56218.6770714429      -5.164983885611041E-003  4.353582865617061E-004
   56218.6975045502      -5.569969858241652E-003  4.352904138433105E-004
   56218.7179376578      -2.188656707136527E-003  4.356685299376057E-004
   56218.7383707649      -3.005882661870851E-003  4.355732680226877E-004
   56218.7588039720      -3.608958314598176E-003  4.355301600518103E-004
   56218.7996700853      -1.643831711737986E-003  4.356565803187356E-004
   56218.8201032916      -3.286750202320832E-003  4.354842601139072E-004
   56218.8405362980      -1.744212760591890E-003  4.356840253545986E-004
   56218.8609694042       2.363102801700157E-004  4.358711150649931E-004
   56218.8814026099       4.502993782259823E-003  4.364127566679856E-004
   56218.9018356156       4.969149613901269E-003  4.363324038569850E-004
   56258.7869809586      -3.879599923888422E-003  4.361153563404043E-004
   56258.8074137343      -4.040620376277615E-003  4.361987803151333E-004
   56258.8278466098      -3.448193317854065E-003  4.362452665661118E-004
   56258.8482795853      -3.359590391545653E-003  4.363360334141184E-004
   56258.8687124609      -2.540389270472287E-003  4.364441104576846E-004
   56258.8891453363      -2.549619218357946E-003  4.364279728882759E-004
   56258.9095782118       6.683663672677476E-004  4.366252532783143E-004
   56258.9300110872      -3.784518882194998E-004  4.366409162133286E-004
   56258.9504439625       5.807031078968183E-004  4.367551355843515E-004
   56258.9708768379       1.032446256229225E-003  4.368810532972121E-004
   56258.9913097131       8.576562842532720E-005  4.372050889902189E-004
   56259.0117426884      -7.968825395238133E-004  4.367887787870116E-004
   56259.0321754636      -6.957442911895262E-003  4.363395792122411E-004
   56259.0526083388      -5.980936044490126E-003  4.365040539897271E-004
   56259.0730413139      -7.091392102536287E-003  4.364384148449521E-004
   56259.0934740890      -4.450062358050233E-003  4.366363932267470E-004
   56259.1139070641      -1.891991126173331E-003  4.369820945838734E-004
   56259.1343399391      -7.220664548237554E-004  4.371603337587963E-004
   56259.1547727141      -4.368924973963129E-005  4.372280110395002E-004
   56259.1752056891      -6.520012701675126E-004  4.373142828205953E-004
   56259.1956385639      -6.777456760487244E-005  4.374037095244297E-004
   56259.2160713388      -3.506878270203018E-004  4.374438300905895E-004
   56259.2365043137      -2.862687346324444E-004  4.375064259913064E-004
   56259.2569371885      -9.767482103476555E-004  4.377617513758099E-004
   56259.2773700632       5.645419310387201E-004  4.379951598191613E-004
   56259.2978029380      -4.719742166863217E-004  4.379432292324827E-004
   56259.3182358127       2.932304810633335E-004  4.381153260799489E-004
   56259.3386687873      -5.181512431640112E-005  4.381280295299160E-004
   56259.3591015619      -1.387960207405170E-004  4.381246791694852E-004
   56299.2032649332       3.703002110845066E-003  4.421775264237120E-004
   56299.2236978160       4.096375688704024E-003  4.421803742300782E-004
   56299.2441308990       3.551461897147501E-003  4.420850285561494E-004
   56299.2645638821       3.132430611235693E-003  4.420242753536694E-004
   56299.2849967654       2.359276846649383E-003  4.419325592368740E-004
   56299.3054298488       4.225188328778939E-003  4.420360574545180E-004
   56299.3258628323       1.797880793452222E-003  4.417659346447782E-004
   56299.3462957160       2.975369757246771E-003  4.418434396494126E-004
   56299.3667287999       2.896776764179432E-003  4.418221648606765E-004
   56299.3871617839       2.892154247895018E-003  4.417930446445981E-004
   56299.4075947680       3.180218130360402E-003  4.418299823683485E-004
   56299.4280277523       2.035368363416890E-003  4.416470247691522E-004
   56299.4484607367       1.916356403905972E-004  4.414396932978211E-004
   56299.4688937213      -2.299019800771296E-003  4.411389705294791E-004
   56299.4893268060      -4.234455780787738E-003  4.408588245581170E-004
   56299.5097596909      -4.922624274133036E-003  4.408001094915658E-004
   56299.5301926759      -8.028908020659697E-004  4.411795378103631E-004
   56299.5506256610       1.829665896325938E-003  4.414360637406876E-004
   56299.5710586463       3.114339519895148E-003  4.415130103519168E-004
   56299.5914917318       2.547936712178789E-003  4.414082836687816E-004
   56299.6119246174       1.081625633609473E-003  4.414107126800939E-004
   56299.6323577031       9.667733076630380E-004  4.413573302705619E-004
   56299.6527906890       7.155976315240675E-004  4.412861351114057E-004
   56299.6732235750       1.292572012548066E-003  4.413380936177545E-004
   56299.6936566612       5.926505188940112E-004  4.412484156368880E-004
   56299.7140896475       1.175295435976942E-003  4.412207193239927E-004
   56299.7345225340       1.023388618366816E-003  4.412058381397455E-004
   56299.7549556206       1.425893871111139E-003  4.411592960494265E-004
   56299.7753886073       8.312466602578006E-004  4.410202281718747E-004
   56339.6200630399       1.791158515004776E-003  4.691222505037344E-004
   56339.6404963349       2.179403490684351E-003  4.692504952081514E-004
   56339.6609298302       1.016063671573253E-003  4.691460151474257E-004
   56339.6813632256       1.036873986128617E-003  4.692070157535399E-004
   56339.7017965213       9.787087256465377E-004  4.691918851283258E-004
   56339.7222300172       2.211114040369999E-003  4.693178799256478E-004
   56339.7426634134       6.612180269240930E-004  4.691281002621815E-004
   56339.7630968099       1.324506209063214E-003  4.692637696600122E-004
   56339.7835302066       8.925939449917486E-004  4.692751035670035E-004
   56339.8039636036      -6.807270810371691E-006  4.691370436428843E-004
   56339.8243971008      -3.632428086086659E-005  4.691633956797349E-004
   56339.8448303982      -6.868384134213201E-004  4.690348134892536E-004
   56339.8652637959      -2.179559506901740E-003  4.689225993728886E-004
   56339.8856972939      -3.191992288539391E-003  4.687885049100245E-004
   56339.9061306922      -3.485450644665322E-003  4.687929203526985E-004
   56339.9265639907      -1.369591213376209E-003  4.690527283744978E-004
   56339.9469974894      -2.220081187637168E-003  4.689078062337387E-004
   56339.9674308883      -4.955486282310906E-004  4.691659830728942E-004
   56339.9878641875       1.822802063019546E-004  4.693561845939408E-004
   56340.0082976871      -4.614553950338385E-004  4.692117405584395E-004
   56340.0287310868       1.126339842845603E-003  4.693325043217655E-004
   56340.0491645868       1.477935946753384E-003  4.693583782533584E-004
   56340.0695978870       1.840752699291404E-003  4.693879082839808E-004
   56340.0900312875       1.526542817243737E-003  4.693955860919426E-004
   56340.1104647883       8.557649836777870E-004  4.693695152934789E-004
   56340.1308980893       1.079360074345503E-003  4.694575710324109E-004
   56340.1513314905       2.979653194776777E-004  4.694044169772906E-004
   56340.1921982938       5.030343861032183E-004  4.694622114657944E-004
   56380.0378262785      -9.039431949893206E-004  4.658680692529899E-004
   56380.0582602678      -1.300124363561417E-003  4.657858913963438E-004
   56380.0786941573      -6.398353734486939E-004  4.659021553454797E-004
   56380.0991280472       1.763948344026822E-004  4.659514845585384E-004
   56380.1195619372      -1.236883919358056E-003  4.657809416007347E-004
   56380.1399958274      -2.233319470703599E-004  4.659172859706939E-004
   56380.1604297178      -2.314845915322272E-003  4.655956336276197E-004
   56380.1808636085       1.614113585401977E-005  4.659229388622702E-004
   56380.2012974994      -1.343488131121395E-003  4.657193503940080E-004
   56380.2217313906      -2.411308830383430E-004  4.658818499339470E-004
   56380.2421652820       2.291935504777909E-004  4.658359518292083E-004
   56380.2625991735      -8.552585725429829E-004  4.657915724117587E-004
   56380.2830331653      -2.961194809070311E-003  4.654746729974228E-004
   56380.3034669574      -5.079609964949605E-003  4.653004739405897E-004
   56380.3239009496      -7.031847502376509E-003  4.650459532004637E-004
   56380.3443348422      -5.440708691462293E-003  4.651826350564871E-004
   56380.3647686348      -3.254588710496331E-003  4.655153963158430E-004
   56380.3852026279      -1.327768353071912E-003  4.656289322526263E-004
   56380.4056365210      -3.857136803464556E-005  4.657996720773009E-004
   56380.4260703144      -5.554762562248738E-004  4.658186275445765E-004
   56380.4465043080      -3.157389432606461E-005  4.658302989376320E-004
   56380.4669382018      -1.158422136049553E-003  4.657349310006412E-004
   56380.4873719959      -7.382757051196398E-004  4.658061124363604E-004
   56380.5078059902      -1.417171075703827E-004  4.657879725604067E-004
   56380.5282398847       7.043737474377032E-005  4.657892100093089E-004
   56380.5486738795       5.582830231589675E-004  4.657826009072172E-004
   56380.5691076745       6.150534997177992E-004  4.658001501825585E-004
   56380.5895415697       1.116838210150739E-003  4.658447545907176E-004
   56380.6099755650       1.261548778787702E-003  4.658371611542719E-004
   56420.4564076215       3.453483455074791E-004  4.658643254325944E-004
   56420.4768417461      -2.154238637432915E-004  4.661956180677289E-004
   56420.4972760707       4.555205328495848E-004  4.659322253848946E-004
   56420.5177102955       5.028585889370607E-004  4.659447144902351E-004
   56420.5381444204      -7.465159323782888E-005  4.658813004206694E-004
   56420.5585787453       1.487432746485773E-003  4.660127673703558E-004
   56420.5790129704      -3.614811892782566E-005  4.661002930596197E-004
   56420.5994472956      -1.825957699328473E-004  4.658654469032780E-004
   56420.6198814209       1.507362569815873E-004  4.662509779387485E-004
   56420.6403156463      -2.201185886441248E-004  4.661443872478627E-004
   56420.6607499718       6.478245505152636E-004  4.660791380444511E-004
   56420.6811840974      -6.523199277322922E-004  4.661139036356438E-004
   56420.7016183230      -2.648367078119551E-003  4.660952974174835E-004
   56420.7220526488      -6.371496932675136E-003  4.659475691428844E-004
   56420.7424867747      -6.531679932614942E-003  4.657855166290988E-004
   56420.7629211007      -6.716532978206846E-003  4.658812494447293E-004
   56420.7833553268      -5.817788575077421E-003  4.657417792724369E-004
   56420.8037895530      -1.460949368779385E-003  4.665921089303349E-004
   56420.8242237793       3.783737413856070E-004  4.664601322212468E-004
   56420.8446580057      -1.707479393072697E-004  4.667129219085267E-004
   56420.8650922322      -4.552298713894620E-004  4.664042116148854E-004
   56420.8855264588      -3.314965844881668E-004  4.664946429327387E-004
   56420.9059606855      -2.221833864889389E-004  4.663611369454457E-004
   56420.9263949123       5.957000627219156E-004  4.667409586756176E-004
   56420.9468292393      -1.093385218964293E-003  4.666869751549825E-004
   56420.9672633663       7.933658878400696E-005  4.665976653078129E-004
   56420.9876976934       8.163873692892398E-004  4.667940246293297E-004
   56421.0081318206      -1.793877528466492E-004  4.668551957575281E-004
   56421.0285660479       1.816361139372891E-005  4.667009425625878E-004
   56421.0490003753      -1.132171436080132E-004  4.666121424748198E-004
