   54978.2964476815      -1.100379930285555E-005  1.604225040597468E-004
   54978.3168821916       1.455879981255848E-004  1.603854885760970E-004
   54978.3373166017       1.052979556592781E-004  1.605472572343448E-004
   54978.3577512114      -9.484390863556680E-005  1.603785802407822E-004
   54978.3781857211       1.773808122913501E-004  1.605332939677403E-004
   54978.3986201307      -2.562666488828969E-004  1.604638624491516E-004
   54978.4190547399       3.491088505458428E-005  1.605173699799721E-004
   54978.4394892492       1.751591454535184E-004  1.604481583553457E-004
   54978.4599236581      -3.400293842416025E-004  1.604004413655318E-004
   54978.4803581669      -1.981684516502158E-004  1.603741090635492E-004
   55088.9041735579       6.580540812772817E-005  1.961209400251493E-004
   55088.9246062979      -4.029825083442518E-004  1.961916668369677E-004
   55088.9450391377       1.075774854346623E-004  1.961672631642948E-004
   55088.9654720773       4.393921671981271E-004  1.961471390065047E-004
   55088.9859049166      -2.152678746017989E-004  1.961225683283729E-004
   55089.0063376555      -1.584233689404524E-004  1.961534225868935E-004
   55089.0267704942      -5.443615743128127E-005  1.961455524546457E-004
   55089.0472033328       2.277434069972717E-004  1.961504582399991E-004
   55089.0676361710      -3.317386907086828E-005  1.961291232926324E-004
   55089.0880689089      -1.257125560939487E-004  1.961098759135012E-004
   55089.1085018464       2.006246376522469E-004  1.961359913921271E-004
   55199.5266134722       1.918007267964761E-005  1.699065300771008E-004
   55199.5470465942      -2.136607934328794E-004  1.698716096274466E-004
   55199.5674797164       6.456197234117056E-005  1.698959754047149E-004
   55199.5879128391      -1.781010531476390E-004  1.698961094931118E-004
   55199.6083459623      -1.298577086616959E-004  1.698834668728311E-004
   55199.6287790857      -3.433903766536517E-005  1.698892901403543E-004
   55199.6492121096      -5.077388469876265E-005  1.699092118450391E-004
   55199.6696453339      -2.907079441279992E-004  1.698728738894747E-004
   55199.6900784584      -2.599026126108850E-004  1.698782565808366E-004
   55199.7105114832      -3.138370548350089E-004  1.698825090985674E-004
   55310.1361611093       7.852294542121108E-005  1.653231569081206E-004
   55310.1565958673      -5.999432678005512E-005  1.653307242005445E-004
   55310.1770305253       2.718717937064685E-004  1.653439669622862E-004
   55310.1974650834      -8.618562009832242E-005  1.653448201374124E-004
   55310.2178998415      -1.858027209639124E-004  1.653230085298378E-004
   55310.2383344996       1.257333630497737E-004  1.653064272567325E-004
   55310.2587691578      -1.687432487592622E-004  1.653032742182226E-004
   55310.2792038159       3.943039317364505E-004  1.653646286381690E-004
   55310.2996384741      -6.298986676078755E-005  1.653170177566689E-004
   55310.3200731323      -1.000680833824763E-004  1.653229157934110E-004
   55420.7467181458       1.621732892076455E-004  1.994234646796411E-004
   55420.7671516085      -1.147341649671008E-004  1.993909740428471E-004
   55420.7875851706       1.509671159638515E-006  1.993653479216687E-004
   55420.8080185323      -3.472610187988945E-004  1.994061349362312E-004
   55420.8284520936      -3.069698805843180E-004  1.994118623848430E-004
   55420.8488855548       1.907262873519500E-004  1.993828040058568E-004
   55420.8693189156      -1.949928455291516E-004  1.994031659279435E-004
   55420.8897524759       7.209100372063126E-005  1.994254019049068E-004
   55531.3493744564      -5.474672176009054E-005  1.751586293120879E-004
   55531.3698071440      -6.370325956639444E-005  1.751420147695010E-004
   55531.3902396317       1.460720145860517E-004  1.751515451372746E-004
   55531.4106722196       1.705767710509232E-004  1.751788446507125E-004
   55531.4311049076       1.795793667813683E-005  1.751591968288547E-004
   55531.4515373959       2.287220428105474E-004  1.751771225308684E-004
   55531.4719700842      -2.431372754059247E-004  1.751393337420164E-004
   55531.5128352615       2.333797021192296E-005  1.751527975880703E-004
   55531.5332678503      -2.602697024634004E-005  1.751468680163344E-004
   55641.9555097760      -4.857645494971141E-005  1.634730673643753E-004
   55641.9759441476      -5.901239434058514E-005  1.635106470578307E-004
   55641.9963784194      -7.998748991921989E-005  1.634775500315867E-004
   55642.0168128915       1.180930660222845E-004  1.635068741462611E-004
   55642.0372472639       6.455370620428447E-005  1.635091528354269E-004
   55642.0576815365       2.224349142543325E-004  1.635236654705237E-004
   55642.0781160094       2.806270901760666E-004  1.635478531956851E-004
   55642.0985502825      -1.045435904249992E-004  1.635056227349979E-004
   55642.1189847560       7.260694216726371E-005  1.635326494827265E-004
   55642.1394191296      -6.486680442729931E-005  1.635358620608946E-004
   55642.1598534035       1.208156595287058E-004  1.635259628374695E-004
   55752.5675321191      -1.259768650179183E-004  1.993048828237372E-004
   55752.5879662435      -1.621336486071767E-004  1.993140929383606E-004
   55752.6084003673       5.289450498047188E-005  1.992921400624089E-004
   55752.6288344910       4.789546828698477E-005  1.993124107256440E-004
   55752.6492686144      -3.871404001265510E-005  1.992804697116874E-004
   55752.6697028376       1.856452095849725E-004  1.993091724661645E-004
   55752.6901368603      -3.075831362430170E-004  1.992594210250708E-004
   55752.7105709827      -4.653240881834497E-004  1.992748342990867E-004
   55752.7310052047      -1.134027556871642E-004  1.992660447376424E-004
   55752.7514392267       2.603340329419002E-004  1.992911727900968E-004
   55752.7718733483       2.151237669651973E-004  1.992908153198945E-004
   55863.1727040456      -5.242744043620906E-005  1.741327975706504E-004
   55863.1931364877      -1.595507118780093E-004  1.741102763397761E-004
   55863.2135691296       2.067420588192093E-005  1.741318320935613E-004
   55863.2340016715       1.197722243462263E-004  1.741084439036683E-004
   55863.2544343132      -2.267559601953906E-005  1.741264727105361E-004
   55863.2748667548       1.052815545239394E-004  1.741249949394814E-004
   55863.2952992964       1.511902177542268E-005  1.741276943346081E-004
   55863.3157319377       3.932207518793085E-004  1.741405804982054E-004
   55863.3361643790       2.285859645572152E-004  1.741515751148527E-004
   55863.3565969202      -1.938918208869156E-004  1.741087591614933E-004
   55863.3770295613       6.564972992695317E-005  1.741272608550987E-004
   55973.7962610807       3.455275554524739E-004  1.724785037017071E-004
   55973.8166948848      -5.762676232046182E-005  1.724500559632522E-004
   55973.8371285893      -2.284075488893089E-004  1.724466153246148E-004
   55973.8575621941      -3.516552177923460E-004  1.724413102058218E-004
   55973.8779959993       2.528089836575376E-004  1.724757934779759E-004
   55973.8984297050      -2.438784671990879E-004  1.724386960893152E-004
   55973.9188634112       2.009800937696760E-005  1.724685854361377E-004
   55973.9392971176       6.580456899747400E-004  1.724638761821367E-004
   55973.9597308245      -2.343116558676250E-004  1.724509209282728E-004
   55973.9801646316      -1.156936253846608E-004  1.724552265319308E-004
   56084.4076345190      -9.271229368756906E-005  1.654162826872242E-004
   56084.4280690922       6.113041110555884E-005  1.654290063844643E-004
   56084.4485037655       1.909896238954101E-004  1.654277622896231E-004
   56084.4689382385      -2.248982330922411E-004  1.654468007106786E-004
   56084.4893728115       3.989384247127248E-005  1.654345671114063E-004
   56084.5098074842       1.976613038481290E-004  1.654261788961887E-004
   56084.5302419568      -1.940714232749885E-004  1.653672917403694E-004
   56084.5506765293       2.869980428195085E-004  1.654366594527302E-004
   56084.5711112018       3.496802228624141E-004  1.653936250811759E-004
   56084.5915456739       1.545456763909492E-004  1.654143599951968E-004
   56195.0160869538      -2.465067367626306E-004  2.016381609660887E-004
   56195.0365198263      -6.693083293796143E-005  2.016467921805909E-004
   56195.0569528986      -2.842515901685383E-004  2.016315682796347E-004
   56195.0773858705      -2.452435410138509E-004  2.016233274215673E-004
   56195.0978187420       2.216086203368217E-004  2.016595655105954E-004
   56195.1182518134       7.896103306137547E-005  2.016514764578081E-004
   56195.1386847843       5.385110437765572E-004  2.016696497184937E-004
   56195.1591177550       2.303920856487895E-004  2.016553366492187E-004
   56195.1795507254       2.333812216064324E-004  2.016509342960932E-004
   56195.1999836956      -4.091657262765835E-004  2.016319803225381E-004
   56305.6180084123       1.059892480959057E-004  1.684724459452725E-004
   56305.6384414660      -7.714655534862835E-005  1.685243573334071E-004
   56305.6588743200      -3.280103752645314E-005  1.685022183660717E-004
   56305.6793073742       2.898736474421515E-004  1.685418888966056E-004
   56305.6997403289      -1.325701956996772E-004  1.685128973917617E-004
   56305.7201731839      -1.759848389690788E-004  1.685072943197818E-004
   56305.7406062391       1.248351662714864E-004  1.685144592236725E-004
   56305.7610391947      -9.913614037238005E-005  1.685179147767751E-004
   56305.7814720507      -3.455954461772937E-005  1.685451296978205E-004
   56305.8019051069      -5.290558875636897E-005  1.685439973696851E-004
   56305.8223380635       9.274860814900698E-005  1.685812470607573E-004
