   54970.8779948802      -4.564064211165508E-005  9.215425316278595E-005
   54970.8984292237      -3.221442376131201E-004  9.212761063271652E-005
   54970.9188637671       1.257213908578692E-004  9.217006159455607E-005
   54970.9392982105       5.185053150902341E-005  9.217295665663605E-005
   54970.9597325538       2.517060354856326E-005  9.220623494755549E-005
   54970.9801669970       2.180496044852376E-004  9.223537459302725E-005
   54971.0006015402      -5.055962947486670E-005  9.215676022685523E-005
   54971.0210358832      -9.821359628758852E-005  9.219006836377549E-005
   54971.0414703262      -3.110751816581825E-006  9.224329373191271E-005
   54971.0619047692       4.896484791183653E-005  9.218478562162954E-005
   54971.0823392121      -9.568352749267373E-005  9.221413418910707E-005
   54971.1027736549       6.645502043012286E-005  9.224405977926722E-005
   54971.1232080977       1.071565808143937E-004  9.219968872470796E-005
   54971.1436425403       2.052655463657960E-004  9.220180779076651E-005
   54971.1640769830       9.971595291680124E-005  9.219855457667663E-005
   54971.1845114255       4.566384272308710E-005  9.210573351411208E-005
   54971.2049457680      -6.865490646879024E-006  9.222167527864876E-005
   54971.2253803104      -9.046778065424643E-005  9.218986939043666E-005
   54971.2458147528      -7.162311418185130E-005  9.222192399532230E-005
   54971.2662490952       2.317421015129995E-005  9.215665079151888E-005
   54971.2866836373      -9.747653773040099E-007  9.223336496230507E-005
   54971.3071180795      -6.785228165973045E-005  9.220993585165775E-005
   54971.3275524216       8.549554207948340E-005  9.224978026275860E-005
   54971.3479868637      -8.299993791827109E-005  9.223139512625064E-005
   54971.3684214056      -1.165205427000604E-005  9.217377244732526E-005
   54971.3888558475      -5.874193441957054E-005  9.221448239245002E-005
   54971.4092901893       7.734946944371046E-005  9.222241148000243E-005
   54971.4297247311      -1.049995916059254E-004  9.222699781546248E-005
   54971.4501591728      -4.752537637764398E-006  9.222203343065866E-005
   54971.4705935143      -8.235775191278716E-005  9.219208794316463E-005
   54971.4910279559       4.898420801557890E-005  9.223376290898273E-005
   54971.5114624975       6.951745292571587E-005  9.223195225159937E-005
   54971.5318968388      -1.421694225696157E-004  9.223361367897860E-005
   54971.5523312801      -9.871999950294974E-005  9.215847139756917E-005
   54971.5727658215       3.829748293826540E-005  9.216229168567472E-005
   54971.5932001627      -4.894065465110842E-006  9.219403788188516E-005
   54971.6136346038       1.518380508480632E-005  9.224563166864398E-005
   54971.6340690449      -2.467968556962852E-005  9.225432680355088E-005
   54971.6545034859      -2.574000382760122E-005  9.222323721935858E-005
   54971.6749379269      -1.675148679702865E-004  9.224888488273386E-005
   54971.6953723677      -9.158047094148802E-005  9.222935564952762E-005
   54971.7158067085       1.644321041247565E-004  9.219153081781590E-005
   54971.7362412492      -1.207968695449146E-005  9.222009344060505E-005
   54971.7566756900      -3.825371306109826E-005  9.218150256153883E-005
   54971.7771100305      -2.456483430901546E-005  9.217325511664429E-005
   54971.7975445710       4.552684508274396E-005  9.224191086720784E-005
   54971.8179790115       6.750494242457883E-005  9.221913836857867E-005
   54971.8384134519       4.107754716886625E-005  9.222149620264382E-005
   54971.8588477922      -7.577650408929770E-005  9.223237009561092E-005
   54971.8792823325       4.671400425348970E-005  9.223079820623414E-005
   54971.8997167727       2.879244882691978E-005  9.216840016717682E-005
   54971.9201511127      -4.610770485191651E-006  9.221499972313099E-005
   54971.9405856528       2.537023785904591E-004  9.224774078603558E-005
   54971.9610200928       1.586889668552249E-004  9.219754976131553E-005
   54971.9814544327      -4.582207812753314E-005  9.221975518592904E-005
   54972.0018888725       3.729285607878552E-006  9.217330485997900E-005
   54972.0223234123      -2.456416213983958E-004  9.220859278162063E-005
   54972.0427577520      -1.839258672409194E-005  9.218466623762624E-005
   54972.0631921916       6.340317836150966E-005  9.217799068210847E-005
   54972.0836267312       6.965422043170300E-005  9.220117107608225E-005
   54972.1040610707      -3.662126002890176E-005  9.211519469637348E-005
   54972.1244955100      -2.697196374845667E-005  9.207940934138477E-005
   54972.1449299494      -2.862664206988441E-004  9.202956652000767E-005
   54972.1653644886      -7.965416054381835E-004  9.201757837634313E-005
   54972.1857988278      -1.040045888233809E-003  9.197675899588199E-005
   54972.2062332670      -1.248686173136782E-003  9.202376644718076E-005
   54972.2266677060      -1.328190509591987E-003  9.197207317375253E-005
   54972.2471021450      -1.478429461629127E-003  9.207683263664692E-005
   54972.2675365839      -1.622159126099310E-003  9.201491213360278E-005
   54972.2879710227      -1.680409815104866E-003  9.192958241724523E-005
   54972.3084054615      -1.623602501148902E-003  9.193951118685287E-005
   54972.3288399002      -1.760503547970860E-003  9.197962421196115E-005
   54972.3492743388      -1.801154379350134E-003  9.207257460719594E-005
   54972.3697087774      -1.850432472438324E-003  9.205593048740274E-005
   54972.3901432159      -1.883000054636152E-003  9.213619633228707E-005
   54972.4105776543      -1.743286626239682E-003  9.206484449298237E-005
   54972.4310120926      -1.828907732564056E-003  9.212450664863076E-005
   54972.4514466309      -1.816269212464694E-003  9.208418470151672E-005
   54972.4718809691      -1.950290067158633E-003  9.206964969911513E-005
   54972.4923154072      -1.879292369450170E-003  9.209004446634527E-005
   54972.5127497453      -1.659132362563542E-003  9.209081051369978E-005
   54972.5331842832      -1.920473859731708E-003  9.208181691878463E-005
   54972.5536187212      -1.825132447539790E-003  9.210842960285324E-005
   54972.5740531590      -1.787574084527677E-003  9.206626715235500E-005
   54972.5944875968      -1.808146760567175E-003  9.204378316506713E-005
   54972.6149220345      -1.760552979912178E-003  9.207140066449684E-005
   54972.6353564721      -1.695080760696133E-003  9.203204373807611E-005
   54972.6557908096      -1.882490381276636E-003  9.207479315992390E-005
   54972.6762253471      -1.772843351094400E-003  9.199633797242293E-005
   54972.6966597845      -1.286422508833152E-003  9.211215040428938E-005
   54972.7170941218      -1.784733425922114E-003  9.209603356384408E-005
   54972.7375286591      -1.651897377978329E-003  9.204611115313145E-005
   54972.7579630962      -1.613686475876785E-003  9.207089328248282E-005
   54972.7783974334      -1.757460368752684E-003  9.209994338995211E-005
   54972.7988318704      -1.688548427350112E-003  9.205269717064675E-005
   54972.8192664073      -1.667150138688345E-003  9.205816893746460E-005
   54972.8397007442      -1.519692039242848E-003  9.212883431875033E-005
   54972.8805696177      -1.298235117254687E-003  9.210484808275429E-005
   54972.9010041544      -1.018268083563756E-003  9.217353367931866E-005
   54972.9214384909      -1.009011222353084E-003  9.212416839395475E-005
   54972.9418729275      -5.650195366949662E-004  9.214707022525417E-005
   54972.9623074639       5.904304647774694E-005  9.203335696211239E-005
   54972.9827418003      -3.152935796035816E-005  9.209379511378224E-005
   54973.0031762366      -1.572863186266593E-004  9.212108430720287E-005
   54973.0236105728       1.223808733572529E-004  9.221695961051847E-005
   54973.0440451089      -1.871328234592795E-005  9.221296024640797E-005
   54973.0644795450       5.377897187686109E-005  9.218176122687931E-005
   54973.0849139810       6.990749939594920E-005  9.211204096895302E-005
   54973.1053484170       1.791946886424700E-004  9.217070825790726E-005
   54973.1257828527      -9.557268472026870E-005  9.206342183360973E-005
   54973.1462172886       1.322936025149879E-005  9.195013636314644E-005
   54973.1666516242       6.792703205227291E-005  9.215215399406130E-005
   54973.1870861598      -1.433763182840941E-004  9.205645776675065E-005
   54973.2075205953      -2.801950018405108E-005  9.213098323080970E-005
   54973.2279549308       4.696711415652643E-005  9.211298609231246E-005
   54973.2483894662      -3.526722739788379E-005  9.212708335336862E-005
   54973.2688239015      -7.842911296351840E-005  9.215178589338446E-005
   54973.2892582368      -7.163724940439931E-005  9.211630894707094E-005
   54973.3096926720      -7.178213077385642E-006  9.212702366136697E-005
   54973.3301272070       6.298769715273878E-005  9.189838339771656E-005
   54973.3505616421      -9.162225487524545E-005  9.207891190803770E-005
   54973.3709959770       4.709655827439541E-005  9.214016585039674E-005
   54973.3914304118       7.984200972455113E-005  9.221356711509141E-005
   54973.4118649466       9.764958532443302E-006  9.223497664634959E-005
   54973.4322992813       4.147028939360808E-006  9.218382060093621E-005
   54973.4527337159       3.768335866727313E-005  9.220111138408060E-005
   54973.4731682505       1.147363866513817E-004  9.218422849628081E-005
   54973.4936025849      -2.657083513346592E-005  9.216776345249256E-005
   54973.5140370193       3.199695291833393E-006  9.215212414806047E-005
   54973.5344714536      -1.706623913078076E-006  9.212331280859778E-005
   54973.5549058879       5.552599316449580E-005  9.213132148548572E-005
   54973.5753403221      -2.738948894953630E-005  9.222152604864464E-005
   54973.5957747561      -4.305531581438871E-005  9.214534910587328E-005
   54973.6162091901      -5.327243114017222E-005  9.222537618275101E-005
   54973.6366436241      -2.140387355642481E-005  9.216487833907952E-005
   54973.6570780580       1.390813879398323E-005  9.219669417595856E-005
   54973.6775123918      -1.358497874137665E-004  9.222402316404696E-005
   54973.6979469254       1.583144047507812E-004  9.218061713018104E-005
   54973.7183813591       4.482797947358286E-005  9.211989046716989E-005
   54973.7388156926       3.510839535825205E-005  9.202516920921951E-005
   54973.7592502260      -9.379726031610858E-005  9.212879452408256E-005
   54973.7796846594      -1.495521643885001E-004  9.214995533866721E-005
   54973.8001189927      -1.239778753336918E-005  9.218246758223216E-005
   54973.8205534260      -2.705027099549895E-004  9.212711319936944E-005
   54973.8409879592      -1.293990139794587E-004  9.221276127306914E-005
   54973.8614223923       2.086921562043376E-004  9.219948975136913E-005
   54973.8818567252      -3.077835214182478E-005  9.212045754118555E-005
   54973.9022911582      -5.915002567391525E-005  9.212705350736780E-005
   54973.9227256910       1.619832418398026E-005  9.207506177393132E-005
   54973.9431601237       1.422198150362597E-004  9.211240906962986E-005
   54973.9635944565       1.225928652328623E-004  9.204800139985034E-005
   54973.9840289891       1.953954586597639E-005  9.216165497099046E-005
   54974.0044634215       5.244524074798917E-006  9.217947303348276E-005
   54974.0248977540      -3.282285302463883E-005  9.224720355802074E-005
   54974.0453321864       1.191821405488458E-004  9.223859796111631E-005
   54974.0657666186       5.228135864032701E-005  9.216321691170029E-005
   54974.0862011509      -1.606094776929190E-005  9.221096056435272E-005
   54974.1066354830      -2.160113006056674E-004  9.216013282494841E-005
   54974.1270700151       3.705355707195324E-005  9.221220414772042E-005
   54974.1475044471      -1.291752057186457E-004  9.221885980590431E-005
   54974.1679387790      -4.696579272378543E-005  9.218600930766335E-005
   54974.1883732108      -1.270792814757060E-004  9.219291368252077E-005
   54974.2088077424       5.324619907187689E-005  9.220785658026697E-005
   54974.2292420741      -5.372086362953610E-005  9.219707222530234E-005
   55016.9777773465      -8.197775375429206E-005  8.979811289095179E-005
   55016.9982113345       1.006182741711825E-004  8.982544587097372E-005
   55017.0186454225      -6.635486469974694E-005  8.980573247300057E-005
   55017.0390796103       3.033841526667302E-006  8.980879177821464E-005
   55017.0595135978      -2.461444384399547E-004  8.981493906962916E-005
   55017.0799476851      -2.862556600258248E-005  8.979581841204125E-005
   55017.1003817720       1.488671690297316E-005  8.982459500171105E-005
   55017.1208158588       7.112554305832575E-005  8.981318952945986E-005
   55017.1412499454      -6.695716024796017E-005  8.982713804917025E-005
   55017.1616840318       3.428642438807472E-005  8.980855276999479E-005
   55017.1821182177       4.692062616329373E-005  8.980514929294415E-005
   55017.2025522037      -1.085759205733394E-004  8.978596171305467E-005
   55017.2229862893       1.302617411101936E-004  8.980829464111736E-005
   55017.2434204746      -1.388549230429970E-005  8.983412664951864E-005
   55017.2638544598       1.081542193668295E-004  8.981501555225951E-005
   55017.2842885448       3.749613169901078E-005  8.982309403009041E-005
   55017.3047225293      -8.292392961661843E-005  8.985032184649560E-005
   55017.3251567138       3.270391793153138E-005  8.983408840820345E-005
   55017.3455907979       3.552798051753570E-005  8.984490114006943E-005
   55017.3660248819      -9.182934266149800E-005  8.985856284991599E-005
   55017.3864589657      -9.308648099137784E-005  8.984916504671153E-005
   55017.4068930491      -1.215668479910281E-004  8.986967195197456E-005
   55017.4273271325       5.934557508968652E-006  8.986637363854065E-005
   55017.4477611153       6.161281366723337E-005  8.986751131766713E-005
   55017.4681952982      -1.559385203875330E-005  8.987594352766341E-005
   55017.4886292807       7.326710728339236E-006  8.986062788093549E-005
   55017.5090633628      -5.994732893022103E-005  8.987726285303696E-005
   55017.5294975450       8.047063831440049E-005  8.988680406117334E-005
   55017.5499316268       5.408872742851401E-005  8.987257829192793E-005
   55096.8525250769      -1.528353224422574E-006  8.969490462574721E-005
   55096.8729580894       8.261664530850865E-005  8.970089086627968E-005
   55096.8933910018      -8.657419466717720E-005  8.969491390674028E-005
   55096.9138240139       9.749717545082248E-006  8.969945231235327E-005
   55096.9342571257      -1.854288135483273E-005  8.969333613791778E-005
   55096.9751230488      -7.736922669066004E-005  8.969994420498618E-005
   55096.9955561597      -8.951420346725580E-005  8.969521089851865E-005
   55097.0159890707       1.869035608927927E-004  8.970624599928316E-005
   55097.0364220814       5.013183888058492E-005  8.969848708907362E-005
   55097.0568550918       1.305740705936920E-004  8.971380072764506E-005
   55097.0772881021       3.404446041832543E-005  8.970189321353164E-005
   55097.0977211121       2.726286544740830E-005  8.970335961043726E-005
   55097.1181541216      -7.092141073383740E-005  8.969866342794203E-005
   55097.1385872312       3.231365000555542E-005  8.970579123062255E-005
   55097.1590201405      -1.435594049511435E-004  8.969147065830998E-005
   55097.1794531496      -1.898291511218675E-004  8.969771676664851E-005
   55097.1998862582       9.575741458212050E-005  8.970589332154636E-005
   55097.2203191668       3.941140072549754E-005  8.970368444519483E-005
   55097.2407521752      -4.702907045983640E-005  8.968904831911776E-005
   55097.2611851831      -8.234192438116850E-006  8.969973074214549E-005
   55097.2816181910       1.121602205380601E-004  8.970522509004506E-005
   55097.3020511987       8.233156631143324E-005  8.970223661027536E-005
   55097.3224842059      -4.350011887443994E-005  8.970155909778099E-005
   55097.3429172131       6.997363956839919E-005  8.971019970233250E-005
   55097.3633502198      -7.500251120795554E-005  8.969816225431604E-005
   55097.3837832266       9.415424742043044E-005  8.970871474344073E-005
   55097.4042161331       8.422600096325006E-005  8.971282622337234E-005
   55097.4246492391       6.196692053217490E-005  8.971584254612125E-005
   55097.4450822452      -5.245507537798844E-005  8.971132270249441E-005
   55176.7446660279       2.752106930703491E-005  8.963574757589608E-005
   55176.7650987380       1.817001987136635E-005  8.962993767423201E-005
   55176.7855315484      -1.081196533989637E-004  8.962291196247529E-005
   55176.8059644589      -6.625957477446320E-005  8.962770095490127E-005
   55176.8263971696      -2.846426612279629E-005  8.962868474016708E-005
   55176.8468299805       2.942249591453283E-005  8.962803507065192E-005
   55176.8672628915       7.003154970308678E-005  8.963588679079218E-005
   55176.8876956027      -2.226823188045124E-005  8.961480965552204E-005
   55176.9081284141      -7.438495070799522E-005  8.963010473210734E-005
   55176.9285612256      -2.987271319299101E-005  8.961281424201121E-005
   55176.9489940373       1.536865100542073E-004  8.963230432746577E-005
   55176.9694268492       1.967931973519965E-004  8.962853624427789E-005
   55176.9898596612       9.388031463797297E-005  8.963335307968310E-005
   55177.0102925734      -9.183806344403855E-005  8.962091654896446E-005
   55177.0307252858       4.340187324847200E-005  8.963124629425539E-005
   55177.0511580984      -6.834778514508422E-005  8.963755736954544E-005
   55177.0715910111      -1.342402814714649E-004  8.962952931053677E-005
   55177.0920237239       2.998239598595021E-006  8.963766874146232E-005
   55177.1124565370      -7.771446068205456E-005  8.963257347626491E-005
   55177.1328893502       1.317978130968012E-004  8.964880593315064E-005
   55177.1533221636      -4.984179241662723E-006  8.963489372453331E-005
   55177.1737549771       9.079060649841431E-005  8.964867599924761E-005
   55177.1941876909       1.802221179403318E-005  8.963942284915323E-005
   55177.2146206047       8.610939726705347E-005  8.964950200763115E-005
   55177.2350534188      -2.163409280064865E-004  8.963184027781210E-005
   55177.2554861331      -1.712175211738831E-004  8.964189159331081E-005
   55177.2759190474       2.075764621967124E-005  8.963954350206318E-005
   55177.2963518620      -1.048832820770285E-004  8.964583601536708E-005
   55177.3167845768      -2.550918516059930E-004  8.962169615238265E-005
   55256.6184986758       1.117397284851052E-004  9.408164369237564E-005
   55256.6389325938      -7.744181008284556E-005  9.406533438864719E-005
   55256.6593665121       6.743299484801568E-005  9.406629133832967E-005
   55256.6798004307      -1.322203620613971E-004  9.406795828293788E-005
   55256.7002343496      -1.596808686241680E-004  9.405809038244854E-005
   55256.7206683688      -8.368380071610559E-005  9.406992363121052E-005
   55256.7411021884      -3.387362469009503E-005  9.406422309224171E-005
   55256.7615361080      -1.842561910048168E-005  9.405090811493910E-005
   55256.7819699282       7.342672921573090E-005  9.407736314325826E-005
   55256.8024039486       5.908208914728874E-005  9.407198158751696E-005
   55256.8228378692       2.455743819940182E-005  9.405534301077945E-005
   55256.8432716901       4.315391136422431E-005  9.406418193311559E-005
   55256.8637057114       1.113658797905481E-004  9.406783480555950E-005
   55256.8841396328       2.662938483644073E-005  9.405728777948904E-005
   55256.9045735547       1.197927540474986E-004  9.407329867955307E-005
   55256.9250074769       2.052645110250939E-005  9.404912798273404E-005
   55256.9454413992       6.900756379935036E-005  9.405645430718494E-005
   55256.9658753219       1.500714843515327E-004  9.405544590859478E-005
   55256.9863092450      -4.336733349763477E-006  9.406289571042407E-005
   55257.0067431681      -1.339788196995650E-004  9.404687452057850E-005
   55257.0271770918      -7.769313203065398E-005  9.405722604079984E-005
   55257.0476110156      -1.228205368238866E-004  9.404593815045908E-005
   55257.0680449397      -5.138736590681869E-005  9.403943500853076E-005
   55257.0884788642       6.255452141235018E-005  9.406264875566729E-005
   55257.1089127889      -9.851354644152543E-006  9.404242933495660E-005
   55257.1293467139      -2.495065384144901E-005  9.405639256849575E-005
   55257.1497805393       4.488437094618547E-005  9.407280477003953E-005
   55257.1702144649       6.858592983394196E-005  9.405947950295538E-005
   55257.1906484907      -1.063759135350173E-004  9.404329367660531E-005
   55416.3733356793      -5.563673478603537E-005  9.077448111915308E-005
   55416.3937693945      -7.521506682017787E-005  9.078211831803747E-005
   55416.4142031096       1.598651956062902E-004  9.078598036551376E-005
   55416.4346368241      -3.791725217205943E-005  9.077922178243025E-005
   55416.4550705387       8.099255199889299E-005  9.078712932463796E-005
   55416.4755041528      -4.332633359904747E-005  9.076268256411300E-005
   55416.4959379666       3.950821824383333E-005  9.077612248933051E-005
   55416.5163716800      -1.530477293287813E-005  9.078415554808121E-005
   55416.5368052934       7.502355751287659E-005  9.076925769994139E-005
   55416.5572391063       2.836295910180198E-005  9.077794730676306E-005
   55416.5776728190      -2.478957085372269E-005  9.077259837100840E-005
   55416.5981064315      -6.556647855171516E-005  9.076544392805855E-005
   55416.6185402434      -6.076946220134882E-005  9.077278181826352E-005
   55416.6389739552       3.451671632703768E-005  9.078269762515891E-005
   55416.6594076670      -6.253277658163636E-005  9.076770322583219E-005
   55416.6798413780      -9.639739034805750E-005  9.076270187435038E-005
   55416.7002750891       7.992037435178290E-006  9.075687983777987E-005
   55416.7207088997       5.972738740356309E-005  9.076858184163304E-005
   55416.7411425100       9.314366079493652E-005  9.077434594749142E-005
   55416.7615762202       1.494796296630518E-005  9.077490594437549E-005
   55416.7820100301      -1.071327354877916E-004  9.076507703354831E-005
   55416.8024436395      -1.860739105359333E-004  9.076033637027115E-005
   55416.8228773489       1.361523740097681E-004  9.077127561974776E-005
   55416.8433111579       1.120076108529489E-006  9.077515697746144E-005
   55416.8637448664       2.158590750345191E-005  9.076847563532745E-005
   55416.9046122829       7.841280645015658E-006  9.078777621759024E-005
   55416.9250459907       1.057813079541337E-004  9.075616535899676E-005
   55416.9454795983       4.123159512547936E-005  9.076239291055227E-005
   55496.2466521822      -1.533866798313355E-004  9.070347109807794E-005
   55496.2670848419      -1.936484241427117E-004  9.067590770100877E-005
   55496.2875176017       2.822932239077147E-007  9.068893299979637E-005
   55496.3079504611      -1.175244182827218E-005  9.070662038507480E-005
   55496.3283831206      -2.843992970091858E-005  9.071357545696211E-005
   55496.3488159799      -1.404793723580600E-005  9.069944648055627E-005
   55496.3692487391      -1.955339939785361E-005  9.068190181221125E-005
   55496.3896813981       1.147368309497576E-004  9.070768600484413E-005
   55496.4101142570       1.976173291984296E-005  9.069563118120359E-005
   55496.4305470158       1.274613097113075E-005  9.070741959990179E-005
   55496.4509796746      -3.294946070420135E-005  9.069801931122236E-005
   55496.4714125331      -2.398924722923912E-005  9.068050318626400E-005
   55496.4918452916       1.021333364359389E-004  9.068465149179461E-005
   55496.5122780499       2.932139109959042E-004  9.070823784365325E-005
   55496.5327108081      -2.033436566817315E-005  9.067381451931902E-005
   55496.5531435662       2.335594160556287E-004  9.070539301944763E-005
   55496.5735763241      -3.013245812055754E-005  9.070276702787321E-005
   55496.5940091820      -2.751995055668699E-004  9.070346158361571E-005
   55496.6144418397       6.323626230742008E-005  9.069323353672260E-005
   55496.6348746972      -3.140159823622479E-005  9.067869543844103E-005
   55496.6553074547       8.867551805824547E-005  9.068681127471995E-005
   55496.6757401121       2.070714056929823E-004  9.070476506494070E-005
   55496.6961729694       4.256238749578145E-005  9.069818105708019E-005
   55496.7166057264       1.418317448231843E-004  9.069239626404670E-005
   55496.7370383835       9.609056808024263E-006  9.069840940417363E-005
   55496.7574712404       3.529800119417281E-004  9.073641016630489E-005
   55496.7779039971      -3.395601004851923E-005  9.069176830953977E-005
   55496.7983366538      -6.989830734338565E-005  9.071070208936981E-005
   55496.8187695102       1.114764420930836E-004  9.071370865943328E-005
   55576.1184610315      -4.855738341247307E-005  9.727915478783334E-005
   55576.1388941558      -2.021839943044945E-005  9.726837464077988E-005
   55576.1593272805      -2.236774248709494E-005  9.728536885507349E-005
   55576.1797604055      -1.386500741973329E-005  9.727191204054329E-005
   55576.2001936306       9.256895383913388E-005  9.727151316460557E-005
   55576.2206267561      -1.022280937411635E-004  9.726099543593220E-005
   55576.2410597820       4.680414127955501E-005  9.726337819482327E-005
   55576.2614930081      -4.082753167566899E-005  9.725581004874194E-005
   55576.2819261344      -2.735790598507037E-006  9.725927397135892E-005
   55576.3023591610       1.407200923657648E-004  9.728996642509240E-005
   55576.3227923880       5.908309164026626E-005  9.727712891793916E-005
   55576.3432255151       8.918604446517264E-006  9.724647845114650E-005
   55576.3636585426      -6.839819824089322E-005  9.726127884778268E-005
   55576.3840917704      -8.528164270138472E-005  9.725634538223729E-005
   55576.4045248985       1.284506027521282E-005  9.727216396218816E-005
   55576.4249581268      -1.207192624257392E-004  9.727513453825060E-005
   55576.4453911554      -8.689996776278797E-005  9.724893468718399E-005
   55576.4658242844      -1.418698171218313E-005  9.728632405797696E-005
   55576.4862575135       3.107809061531075E-005  9.725595700303478E-005
   55576.5066905431       7.567662368712647E-005  9.726603386882963E-005
   55576.5271236727       1.668444577276329E-004  9.725828727824984E-005
   55576.5475568028       2.874210780012820E-004  9.725903254644924E-005
   55576.5679899331       1.911196875343801E-004  9.725831876845545E-005
   55576.5884230638       1.681861682911734E-004  9.727198551768971E-005
   55576.6088562946      -2.330415403684061E-005  9.725307040085395E-005
   55576.6292893258       1.060865212887396E-004  9.725036224317159E-005
   55576.6497225572      -4.816656829109700E-005  9.725720611452393E-005
   55576.6701556890      -4.810993733894708E-005  9.724456804533956E-005
   55576.6905887210      -1.412913341887201E-004  9.725493881972009E-005
   55576.7110219534      -1.473884646008283E-004  9.724157647580671E-005
   55656.0142865079      -1.604792694076540E-004  9.498781391808665E-005
   55656.0347207617      -5.941881575877161E-006  9.499987623110006E-005
   55656.0551550157       5.013062830228066E-005  9.499103053489022E-005
   55656.0755892699      -4.365530756833547E-005  9.499169218075172E-005
   55656.0960235243       3.465218320353181E-005  9.500365270209414E-005
   55656.1164577789       8.769223343429999E-005  9.498940186815423E-005
   55656.1368920338      -3.683746391103249E-005  9.499736197682639E-005
   55656.1573262888      -6.523949145531560E-005  9.499025691819063E-005
   55656.1777605440       6.466050010534019E-005  9.500073128113645E-005
   55656.1981947994       9.240474025840051E-005  9.499748412683159E-005
   55656.2186290550      -7.794568681562808E-005  9.498348777206916E-005
   55656.2390634108       4.572491231069620E-005  9.499891938939268E-005
   55656.2594975668       2.151582489295922E-005  9.499950978108447E-005
   55656.2799319229       6.635429902757117E-006  9.499639495595189E-005
   55656.3003661793      -4.591893103733646E-005  9.499473575171459E-005
   55656.3208003359       1.026939662500670E-004  9.497894786354260E-005
   55656.3412346927       1.025318432329447E-004  9.499706678098048E-005
   55656.3616689496       1.024185868309102E-004  9.500886443564930E-005
   55656.3821031068       9.338577078032984E-005  9.499476628921590E-005
   55656.4025374642       9.792639241124057E-005  9.500321499790884E-005
   55656.4229717217      -1.732464109229781E-004  9.499047068069972E-005
   55656.4434060794       5.311943351227200E-005  9.500294016039715E-005
   55656.4638402374      -9.696212948406835E-005  9.500025286028277E-005
   55656.4842744955      -8.468807774042464E-005  9.500019178528017E-005
   55656.5047088538       8.919963246634133E-005  9.498821090560353E-005
   55656.5251430124      -1.303017723774946E-005  9.498726424306324E-005
   55656.5455772711       5.256352213911519E-005  9.500209528952785E-005
   55656.5660116300       1.058419745794126E-004  9.499856311854417E-005
   55656.5864457891      -1.133747326464984E-006  9.500174919784646E-005
   55735.8923876302       2.027479858712766E-005  9.391417644738805E-005
   55735.9128220460       4.691854429039743E-005  9.390324402192272E-005
   55735.9332562617      -3.098875416895908E-005  9.390721389709170E-005
   55735.9536905772      -1.095345086055133E-004  9.389959988010095E-005
   55735.9741249924      -3.764083977109145E-005  9.390089263432264E-005
   55735.9945592077      -6.451217982028634E-005  9.390769231794540E-005
   55736.0149935227      -6.245925957981679E-005  9.389238285062708E-005
   55736.0354279375       7.593172875819398E-005  9.389773709252165E-005
   55736.0558622523      -1.137079077051517E-004  9.389891787590525E-005
   55736.0762965668       7.648372872015585E-005  9.389810354253726E-005
   55736.0967308812      -2.090518597603896E-004  9.388234619186655E-005
   55736.1171651953       1.903993139551474E-005  9.390327455942402E-005
   55736.1375995094      -1.039663179072114E-004  9.388222404186135E-005
   55736.1580338232       1.774292708589531E-005  9.389080507972660E-005
   55736.1784681371       1.250186072876414E-004  9.389517194241246E-005
   55736.1989025507       1.406222960176340E-005  9.389133439641579E-005
   55736.2193367641      -2.925351255456121E-006  9.388461614612984E-005
   55736.2397710772      -9.631057424086542E-005  9.386389136191437E-005
   55736.2602054904       7.578690673737398E-005  9.388991949218890E-005
   55736.2806397033       8.641160584565988E-005  9.387128143722892E-005
   55736.3010740163       1.102167108091301E-005  9.389177210060109E-005
   55736.3215084287       6.544466730695753E-005  9.389652577163676E-005
   55736.3623770537       3.434612615338395E-005  9.387424357485500E-005
   55736.3828113656      -5.228940853374553E-005  9.387730750415209E-005
   55736.4032455776      -2.666320393784893E-005  9.389056077971620E-005
   55736.4236799896      -1.140434686589531E-004  9.388589872118443E-005
   55736.4441143012      -7.529376529691323E-005  9.386106155346059E-005
   55736.4645486127       1.445526104357775E-004  9.386843127044094E-005
   55815.7683668378      -5.101859947453935E-005  9.073104497695681E-005
   55815.8092335913      -1.783905801222563E-005  9.072556123748399E-005
   55815.8296668175      -4.654243226709376E-005  9.073794861325743E-005
   55815.8501001435      -1.832006165417566E-004  9.072521850376694E-005
   55815.8705334692      -4.131528965833908E-006  9.072809746699017E-005
   55815.8909667947      -6.061522281908260E-005  9.074671280402203E-005
   55815.9114002197      -7.045410813399933E-005  9.071657182170532E-005
   55815.9318334445       1.293321878037546E-004  9.074735910188846E-005
   55815.9522667691      -4.709580617368037E-005  9.072738262238031E-005
   55815.9727001934       1.390384990191951E-004  9.073993646881632E-005
   55815.9931334175       2.368619390280546E-005  9.074655612575137E-005
   55816.0135667411       9.746643489372264E-005  9.072277040578800E-005
   55816.0340001645      -1.153091266933304E-004  9.071393766827999E-005
   55816.0544334877       2.496177707322911E-005  9.073070224323976E-005
   55816.0748667106       7.165875242676201E-005  9.073183816070199E-005
   55816.0953001333       2.773770930747377E-004  9.075998149506788E-005
   55816.1157334556       5.134413130192250E-005  9.071979351864560E-005
   55816.1361666776      -8.976689312290009E-005  9.072874376485660E-005
   55816.1566000993       9.435314381578408E-006  9.071329137041354E-005
   55816.1770334206      -1.255552908308033E-007  9.072252559599010E-005
   55816.1974668419      -3.075520680184685E-005  9.072278999057182E-005
   55816.2179000628       1.274581890553517E-004  9.073943705682862E-005
   55816.2383333834      -9.413732338470204E-005  9.071267444972284E-005
   55816.2587668038      -1.901872264620241E-005  9.072980134318351E-005
   55816.2792000237      -1.669090197686796E-005  9.072392590803406E-005
   55816.2996333436      -4.287081858322939E-005  9.071866739357529E-005
   55816.3200667630      -1.778879696208158E-004  9.072432739610260E-005
   55816.3404999820      -1.271642237709036E-004  9.072041043933630E-005
   55895.6405931686      -6.092099753562952E-005  9.013750806806515E-005
   55895.6610259623       6.554660605173623E-005  9.013188974332875E-005
   55895.6814586561       4.152466694939960E-006  9.012925968862831E-005
   55895.7018912499      -3.909977341343129E-005  9.012748746538932E-005
   55895.7223240437      -2.532740315397408E-005  9.011724062144892E-005
   55975.5132151944      -1.252963551456876E-005  9.281480539014142E-005
   55975.5336488312       8.660533163884487E-005  9.282862026629663E-005
   55975.5540822682       1.635115208413751E-004  9.283350541219546E-005
   55975.5745159057       6.722839079653653E-006  9.282288466989718E-005
   55975.5949494434      -2.741629532954093E-006  9.284383937467378E-005
   55975.6153829813       5.478737790176602E-005  9.283470197627191E-005
   55975.6358165198      -5.432405656979888E-006  9.283713466026202E-005
   55975.6562500584      -1.127734390048429E-004  9.283276374024727E-005
   55975.6766835974       1.426334259353457E-004  9.284036834995618E-005
   55975.6971171368      -2.645928071065562E-005  9.282902571362832E-005
   55975.7175506765       2.114709895417732E-005  9.283593809618557E-005
   55975.7379842164      -1.582044292958162E-005  9.283064750295505E-005
   55975.7584177567      -2.756313875307281E-005  9.282820493000564E-005
   55975.7788512973      -3.309245626792467E-005  9.283083539318193E-005
   55975.7992848383       1.624061401681587E-004  9.281689196055570E-005
   55975.8197183796      -3.670375136055615E-005  9.282953993951240E-005
   55975.8401519212       4.698778128986447E-005  9.282296378157165E-005
   55975.8605855631      -1.266227512564111E-005  9.281361871502429E-005
   55975.8810190053       2.420352293852623E-005  9.283781699845437E-005
   55975.9014526478       4.302722724824903E-005  9.283845978080948E-005
   55975.9218861908       2.391148276315036E-004  9.284900141143329E-005
   55975.9423196340      -1.455568292821896E-004  9.281639751259023E-005
   55975.9627532775       6.772176585956302E-006  9.283520631319668E-005
   55975.9831868213      -4.949173636226156E-005  9.281532950498481E-005
   55976.0036202655      -3.037692343932363E-005  9.282401201125846E-005
   55976.0240539100      -1.891087062277919E-006  9.282399223333983E-005
   55976.0444874548      -3.012272002118621E-004  9.281449883240282E-005
   55976.0649210998      -4.603829169802509E-005  9.282740392430157E-005
   55976.0853545454       5.321787697609714E-005  9.283077605942608E-005
   56055.3899808742      -6.112677223080176E-005  9.372906051829760E-005
   56055.4104152099      -6.332536564190860E-005  9.370140599151652E-005
   56055.4308497457      -1.189170276583162E-006  9.370082497123397E-005
   56055.4512841816      -3.707341274195031E-006  9.372341340888488E-005
   56055.4717185176      -6.363568215594917E-006  9.370826610818576E-005
   56055.4921530536      -1.714924412777874E-004  9.370868403505565E-005
   56055.5125874897      -2.811092686283434E-005  9.371108966289213E-005
   56055.5330219259       4.842693918116758E-005  9.372549284989607E-005
   56055.5534563621      -1.150110983519914E-004  9.371706295913013E-005
   56055.5738907984      -2.917189453885971E-004  9.370613570048313E-005
   56055.5943252349      -1.569607385594196E-004  9.371382147755388E-005
   56055.6147596713      -3.445251463227716E-004  9.370962182217835E-005
   56055.6351941079      -9.971496863292462E-005  9.370008085753879E-005
   56055.6556285445      -9.851526727677751E-005  9.371429037111522E-005
   56055.6760629812      -4.414437063160470E-005  9.372264890851313E-005
   56055.6964974180      -1.933613977495030E-004  9.370710406762069E-005
   56055.7169319548      -2.339159916525668E-004  9.369651318913726E-005
   56055.7373662917      -1.369593326017160E-004  9.372288335529380E-005
   56055.7578008287       1.563198189391546E-005  9.370767489456493E-005
   56055.7782352658      -1.358253199514881E-004  9.368653391095123E-005
   56055.7986696029      -1.327847486964906E-004  9.373258741334600E-005
   56055.8191041401      -1.866147154789832E-004  9.372073256091458E-005
   56055.8395385774      -1.124500458281608E-004  9.370904080189582E-005
   56055.8599729147       3.091067289513472E-004  9.375575687127944E-005
   56055.8804074521       1.224168007809556E-004  9.373786756258028E-005
   56055.9008418896      -5.710827939886531E-005  9.374155755104130E-005
   56055.9212764272       3.267280357444058E-004  9.375951821310849E-005
   56055.9417107648       5.037997487411516E-005  9.376195442095983E-005
   56055.9621452025       4.322284980973201E-005  9.375087426223847E-005
   56135.2678503320       3.653605434639218E-005  9.467884044073700E-005
   56135.2882843783      -1.310971042582931E-004  9.467068706208176E-005
   56135.3087184244      -2.676408516821827E-004  9.466535298423863E-005
   56135.3291525703      -1.476994622189309E-004  9.465995996630883E-005
   56135.3495865159      -2.057710850609240E-004  9.467633548705377E-005
   56135.3700206613      -7.896987026401181E-005  9.466050025043658E-005
   56135.3904547065       9.139729042484390E-005  9.468297607015130E-005
   56135.4108886514      -7.335982124190288E-005  9.467869309052035E-005
   56135.4313227959       1.774502228628627E-004  9.469203319680206E-005
   56135.4517568404       2.661541717796645E-005  9.467697400465930E-005
   56135.4721907846       7.616660961295985E-005  9.468938089290217E-005
   56135.4926249286      -3.342863307254085E-005  9.467785810595927E-005
   56135.5130589722      -2.048323576420152E-006  9.467769110904705E-005
   56135.5334929157       1.589400275392450E-004  9.468230808250243E-005
   56135.5539270590      -1.776986754961074E-004  9.467030395151844E-005
   56135.5743611019       3.980208295040200E-005  9.467852609360813E-005
   56135.5947950447       3.713084272016776E-005  9.468489162296788E-005
   56135.6152291871       1.522100016680961E-004  9.468552031722564E-005
   56135.6356632292       6.411505698433739E-005  9.466626655558192E-005
   56135.6560973714       4.884364788138029E-005  9.468014694599141E-005
   56135.6765313131       1.557976106858483E-005  9.466059848391436E-005
   56135.6969653545      -6.178536292589243E-006  9.467319201576500E-005
   56135.7173993960      -9.943724911165575E-005  9.466695418992634E-005
   56135.7378334369      -5.509003345216534E-005  9.468000941912251E-005
   56135.7582674777      -3.293635623913271E-005  9.466983243082513E-005
   56135.7787015182      -1.036922906760829E-005  9.467780898922038E-005
   56135.7991355585      -1.226585550899717E-004  9.468834944138553E-005
   56135.8195695985       8.925202656095976E-005  9.469391927957532E-005
   56135.8400036384      -1.251214311798199E-004  9.465977332270106E-005
   56215.1424350197      -1.531090079079922E-004  9.295639866748864E-005
   56215.1628680020      -1.367556137441550E-004  9.295483802897203E-005
   56215.1833010841      -1.898154281593234E-004  9.295223696477766E-005
   56215.2037339659      -2.073180618626935E-004  9.295355676401701E-005
   56215.2241669475       2.857992769822459E-005  9.295884559454556E-005
   56215.2446000289      -8.540870826900804E-005  9.295113873767337E-005
   56215.2650329100      -2.999100180045566E-005  9.296204394014752E-005
   56215.2854658909       4.753812527846790E-005  9.295872999169247E-005
   56215.3058989716       2.449013494241203E-004  9.296793968565475E-005
   56215.3263318520       1.049165840851796E-004  9.296149482659538E-005
   56215.3467649322       9.058144598106388E-005  9.295653353748390E-005
   56215.3671979122       1.526159009703765E-004  9.296443306577790E-005
   56215.3876308919      -2.719537057704891E-005  9.295951031095078E-005
   56215.4080638714       1.738873993728518E-005  9.294950103058802E-005
   56215.4284968509      -1.803676520628628E-005  9.295801710743180E-005
   56215.4489298300       6.824018504780760E-005  9.295660097248153E-005
   56215.4693628088      -2.436550055618936E-004  9.294548383144340E-005
   56215.4897957876      -4.767446568954004E-005  9.295502106682273E-005
   56215.5102287659      -1.452305257688691E-004  9.294948176344585E-005
   56215.5306618441       9.839478055639894E-005  9.296535788860256E-005
   56215.5510947222       1.776008265563789E-006  9.295605185892939E-005
   56215.5715276998       1.538113467272062E-004  9.296428856221155E-005
   56215.5919607774       4.863734364146666E-007  9.296604187214997E-005
   56215.6123936546      -2.579676006786435E-005  9.295598442393176E-005
   56215.6328267318      -4.070608006756515E-005  9.296513631646749E-005
   56215.6532597085       1.041827531973460E-004  9.295504996753600E-005
   56215.6736925852      -8.060472135473784E-005  9.295772810029910E-005
   56215.6941256617      -3.963206333401637E-005  9.295997272236312E-005
   56215.7145585377      -3.917053088531297E-005  9.295160114908570E-005
   56215.7349915137       9.953961219788532E-005  9.296128288803139E-005
   56295.0345709551      -6.555209226588588E-005  9.303689678751867E-005
   56295.0550036865       9.712435924003060E-005  9.304128969593581E-005
   56295.0754366181       2.142436716685570E-004  9.304499862080555E-005
   56295.0958694499      -2.397144063983614E-004  9.303416085332903E-005
   56295.1163021819       1.230096334103870E-004  9.304483485009702E-005
   56295.1367351140      -2.076116173836962E-004  9.301729247035003E-005
   56295.1571679463      -7.787736299735837E-005  9.303995062955427E-005
   56295.1776007788      -1.483008109848249E-005  9.303075056916309E-005
   56295.1980336115      -3.160807952029554E-005  9.304751298286011E-005
   56295.2184664443       5.302858994182813E-005  9.304660742717762E-005
   56295.2388993773       6.275719061976659E-006  9.303723396250682E-005
   56295.2593321105       1.397257104485128E-005  9.304545139864680E-005
   56295.2797649439      -5.461535416029228E-005  9.301813059103489E-005
   56295.3001978775      -9.427289887697921E-005  9.302214779017951E-005
   56295.3206307112       1.918762625681136E-004  9.304560553578424E-005
   56295.3410634451      -4.072666782972689E-005  9.303700275680066E-005
   56295.3614963792      -1.007051628847400E-004  9.302819767282419E-005
   56295.3819292135      -5.277563656302942E-005  9.304105849022965E-005
   56295.4023619480      -2.167350852487759E-004  9.302734028499715E-005
   56295.4227948826       9.018494002410726E-005  9.304947823136252E-005
   56295.4432277174       2.017341351283619E-004  9.306129862309024E-005
   56295.4636606524       1.478366249905161E-004  9.303079873701855E-005
   56295.4840933875      -9.993642533956404E-006  9.305067279417771E-005
   56295.5045262229       3.444411166797501E-005  9.305106777059240E-005
   56295.5249591584      -2.263666675953457E-004  9.303513384400915E-005
   56295.5453918941      -3.821801286929549E-005  9.306089401310445E-005
   56295.5658247301      -1.862185874351718E-004  9.302927663278629E-005
   56295.5862576661       9.983751699915722E-005  9.304848597354023E-005
   56295.6066904023      -4.863148602196610E-005  9.303347686978163E-005
   56374.9085231196      -1.434970350995268E-004  9.803812339487433E-005
   56374.9289570662       2.708852487121050E-005  9.802346557995514E-005
   56374.9493911129      -8.772529603140455E-005  9.802654043725998E-005
   56374.9698249600      -1.204084342013578E-004  9.803903888636963E-005
   56374.9902589073      -8.021186757301013E-005  9.802970485351544E-005
   56375.0106929549      -4.385425871256121E-005  9.803434201695900E-005
   56375.0311268029       1.016461781844225E-004  9.804917894977944E-005
   56375.0515607511       1.487974387108792E-004  9.803349618242531E-005
   56375.0719947995       5.517952772216006E-005  9.804775595756393E-005
   56375.0924286483       8.301494110352081E-005  9.803925780824894E-005
   56375.1128626973      -4.753059833340068E-005  9.803722780536807E-005
   56375.1332966466       3.382354495296003E-005  9.804551698379827E-005
   56375.1537304962       1.279344661853088E-004  9.803287922076543E-005
   56375.1741645461      -1.241890018905956E-004  9.802101763530469E-005
   56375.1945984962       1.387448622401921E-004  9.803279961280931E-005
   56375.2150324468      -4.959063316201107E-005  9.803179456236340E-005
   56375.2354663975      -9.043672813735526E-005  9.804227295958669E-005
   56375.2559003485       5.889091251598533E-005  9.802436116946141E-005
   56375.2763342999       3.254977256639258E-005  9.803392407518940E-005
   56375.2967682514       1.225619800959699E-005  9.803316779960634E-005
   56375.3172022034       4.618816171086948E-005  9.804132761510786E-005
   56375.3376362555      -6.608730116319794E-005  9.804493982611645E-005
   56375.3785040608      -5.218147423602382E-005  9.803614314696604E-005
   56375.3989381137       1.134241057192398E-004  9.803736711929126E-005
   56375.4193720671      -6.728201062633499E-005  9.803690937354362E-005
   56375.4398059206      -3.197357138040591E-005  9.803651133376306E-005
   56375.4602399745      -1.114131421788844E-004  9.805065169696752E-005
   56375.4806739286      -3.157855385294006E-005  9.804655188722773E-005
