   54966.6074218639       1.838979669768204E-004  2.281346179598655E-004
   54966.6278564640       2.436602610020877E-004  2.280933175010264E-004
   54966.6482911640      -1.980765780572602E-004  2.280121205146081E-004
   54966.6687257639      -2.334922384263916E-004  2.280045854911366E-004
   54966.6891602638      -2.204677196525617E-004  2.280444109335886E-004
   54966.7095949636       1.515092566424237E-004  2.280489959242859E-004
   54966.7300295632       7.940160749408953E-005  2.280305315625243E-004
   54966.7504640629       4.571383083282754E-004  2.281077477818256E-004
   54966.7708986624       2.037942100341361E-004  2.280335349091439E-004
   54966.7913333620       4.210622149625198E-004  2.280419229541405E-004
   54966.8117678614      -1.980220755403161E-004  2.280760615864253E-004
   54966.8322024608      -4.043344242793068E-003  2.278801687474478E-004
   54966.8526371601      -1.629585458531491E-002  2.270667416381598E-004
   54966.8730716593      -2.621705322945200E-002  2.263554460852181E-004
   54966.9139408575      -2.047602581646069E-002  2.268357327463999E-004
   54966.9343754566      -8.204608456679585E-003  2.274887384951281E-004
   54966.9548100555      -5.702141357417645E-004  2.280953078845849E-004
   54966.9752446544       1.023002942805995E-004  2.281448186756029E-004
   54966.9956793531       1.054278799594854E-006  2.281531356354724E-004
   54967.0161138518       4.489431062775218E-004  2.281484084745209E-004
   54967.0365484505      -1.560933914346307E-006  2.280366804260176E-004
   54967.0569829490       3.390845884498894E-005  2.281607595153527E-004
   54967.0774176475      -3.017959810243109E-004  2.281535621462349E-004
   54967.0978522460       1.815874849546706E-004  2.281000172742546E-004
   54967.1182867443       4.300203167724170E-004  2.281868122144311E-004
   54967.1387213427      -5.324423238006748E-005  2.281400559720879E-004
   54967.1591560408       1.009317877205262E-004  2.280675491424563E-004
   54989.8210529869      -2.956827783592297E-004  2.278662182912564E-004
   54989.8414874400      -2.967424226966164E-004  2.278033790389091E-004
   54989.8619218929      -4.363904498894122E-004  2.277849324484293E-004
   54989.8823563455       7.976360296702012E-006  2.278070754655177E-004
   54989.9027907981      -5.512122831263788E-005  2.279173640401975E-004
   54989.9232251503       1.739768893893601E-004  2.278763301505849E-004
   54989.9436597024      -1.700269305610069E-004  2.278973358056399E-004
   54989.9640941544       1.735428208784473E-004  2.279365747957935E-004
   54989.9845285060      -1.109123908271670E-007  2.278588254380391E-004
   54990.0049630575       2.764219848603311E-004  2.280329306855636E-004
   54990.0253975090      -1.743259516236995E-004  2.278808085135916E-004
   54990.0458318602      -5.602959756659143E-003  2.275925583232427E-004
   54990.0662663112      -1.827379609427393E-002  2.267824366723644E-004
   54990.0867008620      -2.727213389726657E-002  2.262061673183296E-004
   54990.1071352125      -2.716505158417704E-002  2.261759561393165E-004
   54990.1275696630      -1.891907326610032E-002  2.266693757777282E-004
   54990.1480042133      -5.770978719357389E-003  2.275990803836531E-004
   54990.1684386634       2.657119530529162E-004  2.278820525033156E-004
   54990.1888730132       2.173872783184372E-004  2.279204740145076E-004
   54990.2093074628       8.909943376345097E-005  2.278892143298699E-004
   54990.2297420124      -3.285095120475479E-005  2.278651164717865E-004
   54990.2501763615       1.540341420918079E-004  2.278981532846015E-004
   54990.2706108107      -1.231156934911048E-005  2.279517336991454E-004
   54990.2910453598       5.375572894823488E-004  2.278266771893127E-004
   54990.3114797085       1.193730911754898E-004  2.279198875622092E-004
   54990.3319141569      -2.340662880806477E-005  2.278908315165112E-004
   54990.3523486053       4.868323463980140E-004  2.279066124147252E-004
   54990.3727830535       4.108553466162235E-004  2.278822479874151E-004
   55013.0344320557      -4.835518250895232E-004  2.576954991158340E-004
   55013.0548662445      -1.691937788227404E-004  2.576763071485918E-004
   55013.0753005329       2.813581675757959E-004  2.576726757772480E-004
   55013.0957346212      -3.123349854083912E-006  2.576641912647626E-004
   55013.1161688094      -1.620320124473551E-005  2.576425387888996E-004
   55013.1366030970      -4.439154261671741E-004  2.577036103097701E-004
   55013.1570372845       2.534942950704888E-005  2.576699098261778E-004
   55013.1774713717       2.801134460383992E-006  2.576613404685674E-004
   55013.1979055586      -8.075936577256471E-005  2.576398237449043E-004
   55013.2183398451       8.379087558945120E-004  2.576834511081046E-004
   55013.2387739316      -8.452849627904602E-005  2.576442356913967E-004
   55013.2592081177      -7.022666618757611E-003  2.572342470790731E-004
   55013.2796424035      -2.097397640548782E-002  2.563651275581101E-004
   55013.3000764890      -2.841978598820727E-002  2.559133272682581E-004
   55013.3205106741      -2.718046924406214E-002  2.559764011340752E-004
   55013.3409448592      -1.698926336944961E-002  2.566073094824957E-004
   55013.3613790439      -4.419958745841890E-003  2.573813854945964E-004
   55013.3818132283      -8.637999280216579E-004  2.577359532713648E-004
   55013.4022474125      -5.082344129037075E-005  2.576845540947277E-004
   55013.4226816964      -2.981646060361554E-004  2.576566061106005E-004
   55013.4431157799      -8.237519872922316E-005  2.576459156248688E-004
   55013.4635499633      -7.620364932825474E-005  2.576592702475210E-004
   55013.4839840463       2.981526573329063E-004  2.576634106896139E-004
   55013.5044183291      -2.572262874701581E-004  2.577237695114356E-004
   55013.5248525114       1.161964848808150E-004  2.577581317870018E-004
   55013.5452865937      -7.940750286905551E-005  2.577410948859310E-004
   55013.5657208758       1.030407181552562E-004  2.577231925645866E-004
   55013.5861550574      -1.785140943045826E-004  2.577168631182724E-004
   55036.2474750567       3.478828805929535E-004  2.574834202417468E-004
   55036.2679088977      -5.202935230746997E-004  2.574189209778322E-004
   55036.2883428385       3.387981653424355E-005  2.574633289161812E-004
   55036.3087766790      -6.497972831176480E-005  2.574599860182619E-004
   55036.3292104190       3.590630021088614E-006  2.574585097130895E-004
   55036.3496442589       6.165841120386872E-005  2.574699128978700E-004
   55036.3700781982      -2.532096639005221E-004  2.574514845367514E-004
   55036.3905119373      -7.805283963457921E-005  2.574434751569651E-004
   55036.4109457760      -3.827189362407557E-004  2.574746642248618E-004
   55036.4313797144      -2.327298750050000E-004  2.574515863509013E-004
   55036.4518134526      -5.473979543039187E-004  2.574221790306266E-004
   55036.4722472903      -8.894395564555735E-003  2.568576535078924E-004
   55036.4926811278      -2.128157243480766E-002  2.561318543718342E-004
   55036.5131149648      -2.828756920951003E-002  2.556997381509485E-004
   55036.5335488016      -2.608472186928290E-002  2.558415652616559E-004
   55036.5539826379      -1.526071393634021E-002  2.564714894066282E-004
   55036.5744165740      -3.229476273603704E-003  2.572768563007752E-004
   55036.5948503099       9.289868964201808E-005  2.574727806630900E-004
   55036.6152841453       5.745883160646059E-005  2.574490919042306E-004
   55036.6357178804      -1.637542787030766E-004  2.574501948908537E-004
   55036.6561518151      -2.795730501697902E-004  2.574510094040523E-004
   55036.6765856496      -4.594850319294963E-005  2.574547425895459E-004
   55036.6970193838       2.314554712434802E-004  2.574829451090476E-004
   55036.7174533176       1.647130924904427E-004  2.574845401973949E-004
   55036.7378871511       3.441302904461097E-004  2.574763102202840E-004
   55036.7583208842       5.230628660106706E-004  2.575002874525680E-004
   55036.7787547170      -1.623819554459338E-004  2.574629216595819E-004
   55036.7991886493      -5.205823013465505E-005  2.574452059975122E-004
   55059.4600951347      -6.675792823784832E-005  2.564946521257135E-004
   55059.4805286871      -1.072914787223489E-004  2.564678240972344E-004
   55059.5009621392       3.610993276836894E-006  2.564790915298151E-004
   55059.5213954909      -5.470624941827928E-006  2.564573372398024E-004
   55059.5418290421       2.455140766346453E-004  2.564575917751769E-004
   55059.5622623931       4.093582031741150E-004  2.564882548032995E-004
   55059.5826958439       3.782444960085396E-004  2.564745947381978E-004
   55059.6031292942       2.713128467131121E-004  2.564976217050834E-004
   55059.6235628440      -6.080072607688169E-004  2.564204296104905E-004
   55059.6439961936      -1.335314670434240E-004  2.564679259113842E-004
   55059.6644296430      -1.485780804545644E-003  2.564087209832605E-004
   55059.6848630918      -9.814014790490710E-003  2.558800849483400E-004
   55059.7052965405      -2.233305489972615E-002  2.551250481822568E-004
   55059.7257299887      -2.828765461521854E-002  2.547632006937759E-004
   55059.7461633367      -2.462523791779103E-002  2.549728529972922E-004
   55059.7665968842      -1.394940552725388E-002  2.556278234231215E-004
   55059.7870303312      -2.446658121223244E-003  2.562815211720782E-004
   55059.8074636782       3.933499835067078E-004  2.564706579244045E-004
   55059.8278972245      -4.430860175619333E-005  2.564448310683988E-004
   55059.8483306709       3.413336914865894E-004  2.564160685710730E-004
   55059.8687640165       4.942338952509395E-004  2.564362277727385E-004
   55059.8891974622      -2.266526477157083E-005  2.564254015348070E-004
   55059.9096310071       2.519104975742259E-004  2.564537737445585E-004
   55059.9300644520       8.313712030756371E-004  2.564712857783285E-004
   55059.9504977965      -2.925069808247249E-004  2.564556233682803E-004
   55059.9709313405       2.150610568827371E-004  2.564883566174492E-004
   55059.9913647843       2.712932392714418E-004  2.564711330571037E-004
   55060.0117981276       1.927550787270693E-004  2.564544694745822E-004
   55082.6518413516       1.602719619060444E-004  2.559125127550595E-004
   55082.6722743254       5.662017110719120E-006  2.558873985981024E-004
   55082.6927074987      -2.427005024741025E-005  2.558848193063069E-004
   55082.7131405718       7.098143675743351E-005  2.559115115825862E-004
   55082.7335736444      -8.989397066936355E-004  2.558459602391233E-004
   55082.7540067168       4.748025191814165E-005  2.559010077561292E-004
   55082.7744397890      -1.054309219288285E-004  2.558917256994700E-004
   55082.7948728607       1.055305910213633E-005  2.558909620933463E-004
   55082.8153058322       8.889044651838596E-005  2.558993787297320E-004
   55082.8357390032      -1.342639477648344E-004  2.558679690645107E-004
   55082.8561720742      -1.887053745381895E-004  2.558769965857953E-004
   55082.8766050448      -1.285801547655230E-003  2.558190473655194E-004
   55082.9174712847      -2.313175178226579E-002  2.545133827081532E-004
   55082.9379042543      -2.816773042000664E-002  2.542202258327548E-004
   55082.9583373237      -2.413791094161610E-002  2.544637992171881E-004
   55082.9787704926      -1.248311467736685E-002  2.551447492202481E-004
   55082.9992034613      -1.779539972709743E-003  2.557738079449468E-004
   55083.0196365297       3.085341663098262E-004  2.559023143710519E-004
   55083.0400695977      -1.891841440759823E-004  2.558739760993504E-004
   55083.0605026654       7.542686196642112E-004  2.559397989472128E-004
   55083.0809357327      -5.154240573432833E-004  2.558623183791954E-004
   55083.1013686998      -2.845689760055947E-004  2.558695132457830E-004
   55083.1218018666       1.380970033823203E-003  2.562385046937767E-004
   55083.1422349332       1.106648997144521E-004  2.559013131985787E-004
   55083.1626679993      -6.943888063252190E-004  2.558592978927506E-004
   55083.2035341306       2.760621689246179E-005  2.558894857881739E-004
   55083.2239671958      -1.266066506583341E-004  2.558897063854985E-004
   55105.8636433172      -3.995956488298535E-004  2.452039274445278E-004
   55105.9045088371      -6.072598825457298E-005  2.452511155302687E-004
   55105.9249415968      -4.461537240918467E-005  2.451836287604730E-004
   55105.9453743563      -2.966466342317897E-004  2.451828843543494E-004
   55105.9658071153      -4.191346941868623E-004  2.452135139429007E-004
   55105.9862398743       6.294696346542672E-005  2.451913088529195E-004
   55106.0066725331      -1.895049758064982E-004  2.452181256296180E-004
   55106.0271053917      -4.346544783800921E-004  2.451709012313833E-004
   55106.0475381500       2.054241135029944E-004  2.452044358194415E-004
   55106.0679708081       2.096197944823075E-004  2.452075768501584E-004
   55106.0884036657      -1.567308178923921E-003  2.451156880845045E-004
   55106.1088364233      -1.196394326945238E-002  2.445387551824262E-004
   55106.1292691807      -2.366355393226927E-002  2.438374156764631E-004
   55106.1497018379      -2.799058496865681E-002  2.435981344983258E-004
   55106.1701346948      -2.349811239855382E-002  2.438311880837701E-004
   55106.1905674515      -1.203993196833164E-002  2.444964692833533E-004
   55106.2110001079      -1.454170523330967E-003  2.451334085814968E-004
   55106.2314329641       9.807173603149089E-005  2.453125562698404E-004
   55106.2518657201       1.319589655077724E-004  2.452839601809440E-004
   55106.2722983759      -4.672499530022911E-005  2.453086708329999E-004
   55106.2927312314       3.387415037345853E-004  2.453350881722662E-004
   55106.3131638867      -3.050957738226501E-006  2.452300179713495E-004
   55106.3335966418      -1.179013509884363E-004  2.453032058026775E-004
   55106.3540293966       9.238274765976939E-005  2.453455643267381E-004
   55106.3744621512      -9.118741119640283E-005  2.453325462976976E-004
   55106.3948949055       1.090392753599900E-004  2.453349066097970E-004
   55106.4153276597       4.719979993834666E-004  2.453690040415097E-004
   55106.4357604135       3.351572433376582E-004  2.453439484207623E-004
   55129.0955644096      -1.252354363662223E-004  2.460384611778840E-004
   55129.1159969764       4.020314055508400E-005  2.460812736081176E-004
   55129.1364294431      -1.444372594777699E-004  2.460400589276129E-004
   55129.1568621097       1.095143234686180E-004  2.461186573205225E-004
   55129.1772946761       2.568427573599319E-004  2.460667486105829E-004
   55129.1977271426       5.643037585825184E-004  2.461009186672833E-004
   55129.2181598090       1.745307695493192E-004  2.460854495449088E-004
   55129.2385923751       2.466711834525626E-004  2.460506077070725E-004
   55129.2590248412      -2.264996150492804E-004  2.460708337661396E-004
   55129.2794575072       2.206983030368370E-004  2.460997021987398E-004
   55129.2998900732      -1.684777258147752E-003  2.459948135602923E-004
   55129.3203225390      -1.303334623258989E-002  2.453421872648113E-004
   55129.3407551046      -2.470159931988947E-002  2.446940455623191E-004
   55129.3611877703      -2.864091702485683E-002  2.444834330980659E-004
   55129.3816203357      -2.324304980565095E-002  2.447626943319174E-004
   55129.4020528011      -1.129715500294715E-002  2.454413203729856E-004
   55129.4224854664      -1.651971618760073E-003  2.459503852240830E-004
   55129.4429180316       5.086018154099037E-005  2.460729217345351E-004
   55129.4633504966       3.943035898013036E-006  2.460736479844119E-004
   55129.4837831617       6.450383995926234E-004  2.461194017266462E-004
   55129.5042157265      -6.614090846024379E-005  2.460536579565547E-004
   55129.5246481914      -2.334797816372358E-005  2.460393145214892E-004
   55129.5450807561      -4.615389044126950E-005  2.460670572667805E-004
   55129.5655133206       2.113386405089290E-004  2.460598855492477E-004
   55129.5859458852       3.162694800213917E-004  2.460881729819466E-004
   55129.6063784496       1.620744874530899E-004  2.460599218617416E-004
   55129.6268110138      -9.897834309202658E-005  2.460810194206608E-004
   55129.6472435779       3.695461532466915E-004  2.461368861924286E-004
   55152.2864909188      -1.073515093281685E-004  2.474080050391841E-004
   55152.3069233552       5.986118933241080E-004  2.474603131865560E-004
   55152.3273558917      -6.112032536464973E-005  2.474471499075401E-004
   55152.3477885281       2.396565855264932E-004  2.474293930980540E-004
   55152.3682209647      -6.380519249427063E-005  2.473739439199653E-004
   55152.3886535013       1.994387155863642E-004  2.474102201013082E-004
   55152.4090861379       2.757714576762105E-004  2.474174099750878E-004
   55152.4295186746       6.947751530212987E-004  2.474530688440355E-004
   55152.4499511114       1.476965758442361E-004  2.474124896321729E-004
   55152.4703837482      -8.416516161291465E-005  2.474042466960720E-004
   55152.4908162850       1.104555773272509E-004  2.473912105107846E-004
   55152.5112487220      -1.862525105258306E-003  2.473031345569836E-004
   55152.5316812589      -1.359012234934942E-002  2.466326788270287E-004
   55152.5521138959      -2.524027993701472E-002  2.459909281234518E-004
   55152.5725463330      -2.889036765350728E-002  2.457760852536666E-004
   55152.5929788701      -2.272713643476243E-002  2.461423330665041E-004
   55152.6134115073      -1.116430130281731E-002  2.468185261704852E-004
   55152.6338439446      -5.193151127323992E-004  2.473411537380306E-004
   55152.6542764818       2.314232626567936E-004  2.474691734350521E-004
   55152.6747091192       9.795793620881454E-004  2.474550115624558E-004
   55152.6951416566       6.344972956566775E-004  2.474416122522300E-004
   55152.7155740940       3.569829915082146E-004  2.474520884067019E-004
   55152.7360066315       3.108277569108253E-005  2.474108737261972E-004
   55152.7564392691      -5.975611899233790E-005  2.474356933157346E-004
   55152.7768717067      -9.340517444755836E-005  2.474105469137527E-004
   55152.8177368821      -8.594634626490905E-005  2.474489110634912E-004
   55152.8381693199       9.189626145489349E-005  2.474287031606711E-004
   55152.8586018577      -4.593430006557542E-004  2.474177731000262E-004
   55175.4979193578       1.404204154367150E-004  2.486550668587728E-004
   55175.5183521420      -1.158134506260566E-004  2.486352220808910E-004
   55175.5387848263      -7.735933599539724E-005  2.486460795165482E-004
   55175.5592174109      -9.228878845801702E-006  2.486569914209461E-004
   55175.5796500957       2.265068249456270E-004  2.486583349832181E-004
   55175.6000828807      -1.238420076904445E-004  2.486568461709708E-004
   55175.6205154659      -3.381037211344085E-004  2.486372918930397E-004
   55175.6409481513      -2.608462753528329E-005  2.486604229516137E-004
   55175.6613809368       3.473027931566453E-004  2.486813571043106E-004
   55175.6818135227      -2.683513555086225E-004  2.486445362355601E-004
   55175.7022462086      -4.338971255637425E-004  2.486313548002974E-004
   55175.7226789949      -2.335547082023215E-003  2.485239242872814E-004
   55175.7431115813      -1.392793515136637E-002  2.477797178823441E-004
   55175.7635442679      -2.492637716618884E-002  2.471680702361578E-004
   55175.7839769548      -2.896744976087329E-002  2.469652286455857E-004
   55175.8044096418      -2.312788541990296E-002  2.472756096866553E-004
   55175.8248423291      -1.047450399018790E-002  2.479753332866426E-004
   55175.8657078042       5.726922302631277E-004  2.487028722569089E-004
   55175.8861403920       1.632623406935263E-004  2.486710261998141E-004
   55175.9065730801      -5.679270212999299E-005  2.486663600443560E-004
   55175.9270058684      -2.038314921661843E-004  2.486471507351164E-004
   55175.9474384569      -1.817510416818324E-004  2.486669410442574E-004
   55175.9678711456       4.626470011628303E-004  2.486928500086099E-004
   55175.9883039345      -3.879518725833364E-004  2.486367472056322E-004
   55176.0087365236       2.562359537143788E-004  2.486765456988772E-004
   55176.0291692130       3.861306307939572E-005  2.486583531394651E-004
   55176.0496019025      -1.934284608908765E-004  2.486592972643048E-004
   55198.7096138643       2.467816524147626E-004  2.129624597393095E-004
   55198.7300469534       2.134750956521714E-004  2.129497288760226E-004
   55198.7504799427      -9.823193142999287E-005  2.129406188686575E-004
   55198.7709128324      -1.307888025434689E-004  2.129434791794999E-004
   55198.7913459224      -1.285674047091234E-004  2.129322198056059E-004
   55198.8117789128       4.520063792530227E-004  2.129750087331209E-004
   55198.8322118034       2.168851201544975E-005  2.129400236594649E-004
   55198.8526448943       1.103806266522511E-004  2.129562431099642E-004
   55198.8730778857      -1.063045909714955E-004  2.129618810637056E-004
   55198.8935107773       3.068458541617414E-004  2.129930138111981E-004
   55198.9139437693       1.829395966790326E-004  2.129725286948183E-004
   55198.9343768615      -2.841207625259745E-003  2.127853850045004E-004
   55198.9548098542      -1.434502231671220E-002  2.120452919742242E-004
   55198.9752427471      -2.476886117006560E-002  2.113267918107697E-004
   55198.9956758403      -2.742426963167011E-002  2.111978463526207E-004
   55199.0161088339      -2.141184682803809E-002  2.115911308266546E-004
   55199.0365417277      -9.731570525139732E-003  2.123568674529802E-004
   55199.0569748219       1.569553563807169E-005  2.130288420978771E-004
   55199.0774078164      -3.975820201285174E-005  2.130164915071299E-004
   55199.0978407113      -1.389632542033725E-004  2.129951135769610E-004
   55199.1182737065       1.957675537378467E-004  2.130268415336462E-004
   55199.1387068021      -2.747108211842431E-004  2.130029670315861E-004
   55199.1591396979       5.379345794209733E-005  2.130265439290499E-004
   55199.1795726940       1.661256129692479E-004  2.130359680746000E-004
   55199.2000057905       6.265043116959745E-006  2.130197486241007E-004
   55199.2204386873       2.986928735611016E-004  2.130819975854971E-004
   55199.2408716845       2.013078169276206E-004  2.130747558736534E-004
   55199.2613047819      -2.971703225912448E-004  2.130484840012340E-004
   55221.9217122827       6.963400249060392E-005  2.161895186458925E-004
   55221.9421455773      -1.539067120349680E-004  2.161632137062957E-004
   55221.9625789722       1.993429343416508E-004  2.161806401087690E-004
   55221.9830124675       2.846069060531420E-004  2.161804086385274E-004
   55222.0034457633       1.574456489430442E-004  2.161822604004600E-004
   55222.0238791594      -4.166284655560126E-005  2.161900973214964E-004
   55222.0443126559       1.041072603564785E-004  2.161760768382921E-004
   55222.0647459528      -2.474536973078312E-004  2.161630814375862E-004
   55222.0851793500       3.553339857982341E-004  2.161955534057622E-004
   55222.1056128477      -7.332043092000973E-006  2.161586173686415E-004
   55222.1260461456       4.136803717735837E-005  2.161962643500757E-004
   55222.1464795440      -3.170494207261121E-003  2.159593545578181E-004
   55222.1669130428      -1.624189505345264E-002  2.151313689700960E-004
   55222.1873464419      -2.601608184986193E-002  2.143875228151884E-004
   55222.2077797414      -2.874917911685837E-002  2.142070090939330E-004
   55222.2282131414      -2.155265883509161E-002  2.147140446581151E-004
   55222.2486466417      -8.483741745044848E-003  2.156232101662771E-004
   55222.2690799423      -4.453509062567473E-004  2.161218962681736E-004
   55222.2895133433       4.279310452282026E-005  2.161805739744143E-004
   55222.3099468449      -1.165809520309313E-004  2.161671652339912E-004
   55222.3303801465       7.599900713395336E-005  2.161581544281583E-004
   55222.3508135489       1.338020235897019E-005  2.161827564081206E-004
   55222.3712470514       3.968286877906735E-004  2.161928584308067E-004
   55222.3916803542       1.755927745568098E-004  2.161779286002248E-004
   55222.4121137577      -1.788681002266035E-004  2.161609982054120E-004
   55222.4325472612       2.743773083175860E-004  2.162055727605049E-004
   55222.4529806654       4.285073519838534E-005  2.161649166659302E-004
   55222.4734139698       1.921349075972856E-004  2.162068293132450E-004
   55245.1342945358       3.622410191046477E-004  2.182709155917728E-004
   55245.1547282603      -1.159215367758648E-004  2.182444949170553E-004
   55245.1751621852      -2.551194814111035E-004  2.182276637237747E-004
   55245.1955960103       2.029659577429399E-005  2.182347897004976E-004
   55245.2160297360      -6.626866659797948E-005  2.182366579960189E-004
   55245.2364636618       7.651722373847036E-005  2.182606813003772E-004
   55245.2568974881      -4.656772972821965E-004  2.181621245782300E-004
   55245.2773312147      -4.936875314239808E-004  2.182085343616669E-004
   55245.2977651417       9.483334673210386E-005  2.182614914462228E-004
   55245.3181989691      -2.708778829679792E-004  2.182202897432214E-004
   55245.3386326968       1.937008690202635E-004  2.182029625422803E-004
   55245.3590666250      -4.674972750296935E-003  2.178816653133779E-004
   55245.3795004534      -1.795994851862981E-002  2.170380389507604E-004
   55245.3999341823      -2.747966542466229E-002  2.164206086149332E-004
   55245.4203680116      -2.778792825435705E-002  2.163998258939570E-004
   55245.4408019412      -2.089953148537771E-002  2.168505811222576E-004
   55245.4612357712      -7.800668032853619E-003  2.177008043867601E-004
   55245.4816695015      -2.424458327988654E-004  2.181604712193616E-004
   55245.5021034320      -2.841294490563140E-004  2.181784597638501E-004
   55245.5225372632       1.921261860582391E-004  2.182030121430463E-004
   55245.5429709947      -1.611248116860642E-004  2.181839158481159E-004
   55245.5634049263      -2.518665223074645E-004  2.182098074479956E-004
   55245.5838387585      -1.305153315680485E-004  2.181912402279031E-004
   55245.6042724911      -2.231118602025184E-004  2.181895372682686E-004
   55245.6247064239      -1.148363386674900E-004  2.182133125687967E-004
   55245.6451402572      -1.475547326454940E-004  2.182071620738061E-004
   55245.6655739907       7.532520144093446E-005  2.182256300923665E-004
   55245.6860079247       8.808300549745240E-005  2.182212486913651E-004
   55268.3473414483       3.164220980034216E-005  2.180961720929682E-004
   55268.3677756520      -4.671838685795793E-004  2.180679988578502E-004
   55268.3882097561       9.968872485499602E-005  2.180858386000406E-004
   55268.4086439604       7.100878209209682E-006  2.180803163814200E-004
   55268.4290782651       3.632126951957915E-004  2.180935763195448E-004
   55268.4495123700       3.765146048806400E-005  2.180706111648623E-004
   55268.4699465751      -2.521153287167177E-004  2.180824161471829E-004
   55268.4903807807      -7.741323604462114E-004  2.180773734026342E-004
   55268.5312491926      -5.911661010074010E-004  2.180887650452377E-004
   55268.5516833989      -3.307065142357235E-004  2.180662297638610E-004
   55268.5721176056      -7.060569867032074E-003  2.176981259453932E-004
   55268.5925517125      -1.995480959449869E-002  2.169004794929069E-004
   55268.6334202274      -2.873525951253564E-002  2.162108469752952E-004
   55268.6538544352      -1.960209400271695E-002  2.169235603827102E-004
   55268.6742886434      -6.619258136047912E-003  2.177236042055558E-004
   55268.6947228518      -7.225198198601568E-004  2.180774395369889E-004
   55268.7151570605      -1.021887791157750E-003  2.180851276557271E-004
   55268.7355912695      -8.619775638710747E-004  2.181293054046916E-004
   55268.7560254788      -8.595744574976250E-004  2.181200796622058E-004
   55268.7764596883      -7.148020963333446E-004  2.181424826748730E-004
   55268.7968937982      -8.839201969996768E-004  2.181257341495358E-004
   55268.8173281084      -2.417946771046120E-004  2.181449627131757E-004
   55268.8377623189      -7.828654963641934E-004  2.181196828560774E-004
   55268.8581964297      -1.470763621115312E-004  2.181527334998573E-004
   55268.8786307406      -1.120153032029281E-004  2.181485339683315E-004
   55291.5607412372      -1.393892308904077E-004  2.325455092006047E-004
   55291.5811758130      -3.079259547348334E-004  2.325310862977899E-004
   55291.6016102889      -1.089050800877622E-004  2.325545796438444E-004
   55291.6220446650      -8.563452882515143E-005  2.325255003416562E-004
   55291.6424792413       3.495906973838281E-005  2.325559626619225E-004
   55291.6629137178      -3.471862519091040E-004  2.325329183477116E-004
   55291.6833480944      -5.808824528907852E-005  2.325242610137680E-004
   55291.7037826713       2.515082285312609E-004  2.325444674467277E-004
   55291.7242171483       2.471016371559109E-004  2.325037312778809E-004
   55291.7446515255       1.937960477853551E-004  2.325581539373190E-004
   55291.7650860028      -1.792834237189789E-004  2.325096944207633E-004
   55291.7855205804      -7.624300106682136E-003  2.320313497784679E-004
   55291.8059549582      -2.003368697876362E-002  2.312272055917674E-004
   55291.8263894360      -2.790650635723269E-002  2.307714562318394E-004
   55291.8468240142      -2.663100828904008E-002  2.308391702338465E-004
   55291.8672583924      -1.653118468838644E-002  2.314420044644473E-004
   55291.8876928709      -3.875314088842674E-003  2.322437238791926E-004
   55291.9081274495       1.627777414188181E-004  2.325606505543692E-004
   55291.9285618283      -2.829981276846194E-004  2.325189085541929E-004
   55291.9489963073       1.201470394771587E-004  2.325329183477116E-004
   55291.9694308865       6.381263661747738E-005  2.325381450783705E-004
   55291.9898652658       2.347574452135071E-004  2.325341756368735E-004
   55292.0102997454       1.271106617983797E-005  2.324804175445639E-004
   55292.0307343251      -4.784000780602149E-004  2.324357478567677E-004
   55292.0511687050       2.679193880559261E-004  2.325419349071301E-004
   55292.0716031850      -1.658868829077509E-004  2.325186211738130E-004
   55292.0920377653       5.825233698288912E-004  2.325588723882687E-004
   55292.1124722457       2.296870084688152E-004  2.325252309225501E-004
   55314.7743928953      -1.721548560221775E-004  2.324272162517403E-004
   55314.7948275040      -9.827661564054679E-005  2.324567625470458E-004
   55314.8152621129       2.015908113783826E-004  2.324779927726088E-004
   55314.8356968217       4.574739280727158E-007  2.324217021407015E-004
   55314.8561313307      -2.606277456480566E-004  2.324451416029347E-004
   55314.8765659396      -3.039638842262660E-004  2.324171579384448E-004
   55314.8970006487      -5.840242996946188E-005  2.324702694248997E-004
   55314.9174351577      -2.539045802488760E-004  2.324709699145757E-004
   55314.9378698669      -8.985880811385183E-005  2.324885899241165E-004
   55314.9583044761       1.314303624728730E-004  2.324925773268872E-004
   55314.9787389853      -7.945336655007518E-004  2.324261924591370E-004
   55314.9991736946      -9.720262303775651E-003  2.318656390669247E-004
   55315.0196082039      -2.197256828323979E-002  2.310328107260584E-004
   55315.0400428133      -2.813311958870790E-002  2.306500380213439E-004
   55315.0604775228      -2.504126496503301E-002  2.308479712579801E-004
   55315.0809120323      -1.444835720618221E-002  2.315016358932706E-004
   55315.1013466418      -2.590507232512862E-003  2.322992960601502E-004
   55315.1217813514       1.544696604818263E-004  2.324758374197597E-004
   55315.1422158610       3.237285737613949E-004  2.324911045024404E-004
   55315.1626504707      -3.309629446106577E-004  2.324530266021075E-004
   55315.1830851805       2.307286316056700E-004  2.324925773268872E-004
   55315.2035197902      -1.520580388120196E-004  2.324651684231570E-004
   55315.2239543001       3.322657211324298E-005  2.324974627933450E-004
   55315.2443890100      -1.796927096933132E-004  2.324477100650798E-004
   55315.2648236199      -4.903229496122652E-005  2.324892724525187E-004
   55315.2852581299       2.390853700795503E-004  2.324773820893015E-004
   55315.3056928399       6.635247087209972E-004  2.325156396023719E-004
   55315.3261274500       1.794376640196216E-004  2.325001569844063E-004
   55337.9676828110       3.102687043132768E-005  2.321645146619907E-004
   55337.9881175057      -2.133493299194544E-004  2.322191708179874E-004
   55338.0085521001      -3.029979005286787E-005  2.321459247436677E-004
   55338.0289865945       1.748456434926826E-004  2.321937017318213E-004
   55338.0494212889      -4.803825578558740E-005  2.321630418375438E-004
   55338.0698558832      -3.659452194790802E-004  2.321175638924292E-004
   55338.0902904774      -8.056392920963162E-005  2.321799074735875E-004
   55338.1107250715      -8.047159523594249E-005  2.321607607557786E-004
   55338.1311596656       6.036357814886983E-005  2.321675321559793E-004
   55338.1515942596      -2.610853748722386E-004  2.321631855277337E-004
   55338.1720288535      -3.390942999673685E-004  2.321223415912446E-004
   55338.1924634473      -2.098923564752719E-003  2.320568368259077E-004
   55338.2128981410      -1.226565109639233E-002  2.314197504462810E-004
   55338.2333327347      -2.461489502471592E-002  2.304946550422023E-004
   55338.2537672283      -3.009760221275715E-002  2.301945760417957E-004
   55338.2742019218      -2.484661072094141E-002  2.304803758295775E-004
   55338.2946364153      -1.277106520150151E-002  2.313584845415473E-004
   55338.3150710087      -2.143216185061525E-003  2.320504605737293E-004
   55338.3355057020      -3.577947593957909E-005  2.321621437738567E-004
   55338.3559401951      -3.923860003097746E-004  2.321824938970063E-004
   55338.3763747882      -1.435868688662856E-004  2.321656282609626E-004
   55338.3968094814      -2.101912917940041E-006  2.321515466223490E-004
   55338.4172439743      -4.251565351284237E-004  2.321570966559352E-004
   55338.4376785672      -4.364917252797085E-005  2.321672986594207E-004
   55338.4581132601       1.125241023367529E-004  2.321942585313073E-004
   55338.4785477528      -3.535867093862333E-005  2.321407159742826E-004
   55338.5194170380      -1.042089758159781E-004  2.321572044235777E-004
   55338.5398515305       2.372909325987216E-005  2.321834997283359E-004
   55361.1813123827       2.413056340073716E-004  2.314881828992378E-004
   55361.2017468256       2.589953101126419E-004  2.314545593947929E-004
   55361.2221812687      -1.401305314827628E-004  2.314163018817226E-004
   55361.2426157113       2.371637272591265E-005  2.314797770231266E-004
   55361.2630500536       2.991267267160591E-004  2.315292603322857E-004
   55361.2834845960       1.176824268200871E-004  2.314901406780757E-004
   55361.3039190382       2.180801579005909E-004  2.314728619327360E-004
   55361.3243533801       3.727432675728615E-004  2.315211597978280E-004
   55361.3447879218      -2.527184115702630E-004  2.314167688748399E-004
   55361.3652223632       5.671145917847120E-004  2.314890450403774E-004
   55361.3856569047       3.923370556442318E-004  2.315528794072563E-004
   55361.4060912459      -2.366374888496670E-003  2.312978472813945E-004
   55361.4265256869      -1.366471089783761E-002  2.305744030976166E-004
   55361.4469602276      -2.539255582725664E-002  2.298501506565202E-004
   55361.4673945681      -2.890865672547627E-002  2.296484635136720E-004
   55361.4878290087      -2.330159809432486E-002  2.299987442741873E-004
   55361.5082635490      -1.082855961566631E-002  2.307949675391676E-004
   55361.5286979890      -6.763606721580384E-004  2.313903478411655E-004
   55361.5491323288      -3.432611920706208E-006  2.314328621761127E-004
   55361.5695668684       1.339402922293509E-004  2.315782227645062E-004
   55361.5900013080      -1.228536943176373E-005  2.314202892844933E-004
   55361.6104356471       4.227078023975039E-004  2.314438544756427E-004
   55361.6308701862       2.903612013696044E-004  2.314720895979651E-004
   55361.6513046251      -2.392333767591293E-004  2.314433156374305E-004
   55361.6717389638      -3.117792703390965E-004  2.314451836098996E-004
   55361.6921735024       4.081268977571550E-004  2.314464408990616E-004
   55361.7126079406       2.105891774295543E-006  2.314934455524442E-004
   55361.7330422788      -1.380445643611727E-004  2.314159426562477E-004
   55477.2442995998      -1.100246721541520E-005  2.471718247945969E-004
   55477.2647322595      -2.085143333466766E-004  2.471192934365949E-004
   55477.2851650190       9.284857430080784E-005  2.471690539931994E-004
   55477.3055978782       2.223255388100753E-004  2.471636262589550E-004
   55477.3260305372       6.025428343734429E-004  2.472227050586155E-004
   55477.3464633960       1.974091865799554E-004  2.471833444962975E-004
   55477.3668961546       3.419105841533376E-004  2.472088890078115E-004
   55477.3873288129       2.128434992150208E-004  2.471722043564322E-004
   55477.4077616710       2.275959102415737E-004  2.471833444962975E-004
   55477.4281944288      -1.114361866815239E-004  2.471495065586828E-004
   55477.4486270864       7.758970132876186E-005  2.471549342929272E-004
   55477.4690599438      -7.134929057605599E-003  2.467074308891381E-004
   55477.4894927012      -1.888957540509018E-002  2.457960459883678E-004
   55477.5099253581      -2.718988547444190E-002  2.452652667179194E-004
   55477.5303582148      -2.602730233655426E-002  2.452329470276458E-004
   55477.5507909713      -1.637630848534177E-002  2.461081596855144E-004
   55477.5712237275      -4.066034750252689E-003  2.469189417218450E-004
   55477.5916564837       2.838310550117296E-004  2.472213196579168E-004
   55477.6120892395       5.997175246785780E-004  2.472165371787923E-004
   55477.6325220950      -2.619872213802665E-004  2.471602671367128E-004
   55477.6529547505      -5.801275816619267E-005  2.471854510644833E-004
   55477.6733875056      -4.780414138627620E-005  2.471679912200606E-004
   55477.6938202606       6.605208871013346E-005  2.472088890078115E-004
   55477.7142530152       5.643995707553806E-004  2.472189284183545E-004
   55477.7346857698       6.740297060492395E-007  2.472111663788232E-004
   55477.7551186240       1.054774780313572E-004  2.471891328142855E-004
   55477.7755512781       5.259296095561083E-005  2.472179225794910E-004
   55477.7959840317       1.310594739489801E-005  2.472095722191150E-004
   55500.4557972374       9.244947756892330E-006  2.495903548527849E-004
   55500.4762297061       1.441878949370867E-005  2.496051577643606E-004
   55500.4966622747      -8.054081838559934E-005  2.495808847849948E-004
   55500.5170949431       5.347192055626948E-005  2.496197898731105E-004
   55500.5375274115      -1.697204848646328E-004  2.495560424628761E-004
   55500.5579599798      -1.520383941232550E-004  2.495828395284465E-004
   55500.5783926479      -1.199990073564861E-004  2.495840351482276E-004
   55500.5988251160      -3.856394506477345E-004  2.495475592558577E-004
   55500.6192577840       3.330922510815792E-004  2.496229402363433E-004
   55500.6396903518      -7.126095648002373E-005  2.495969971849022E-004
   55500.6601229196      -6.033246740105858E-004  2.495685110691648E-004
   55500.6805554872      -8.317147094541011E-003  2.490532368996874E-004
   55500.7009880547      -2.035464805543197E-002  2.482722125112423E-004
   55500.7214206221      -2.811251314441898E-002  2.477244478486654E-004
   55500.7418531895      -2.602444489454792E-002  2.478843192936832E-004
   55500.7622857568      -1.629915840078211E-002  2.485345087175090E-004
   55500.7827183239      -4.064134709252931E-003  2.493305068203557E-004
   55500.8031508910       2.591572829997446E-004  2.496454292750833E-004
   55500.8235834579       5.222158054163373E-005  2.496128818477085E-004
   55500.8440160247      -1.251786506843988E-004  2.496022161601372E-004
   55500.8644485914      -3.846490850250017E-004  2.495891782110956E-004
   55500.8848811581      -5.043825206320074E-004  2.495637096119486E-004
   55500.9053138247      -7.943777720953449E-006  2.496575183195368E-004
   55500.9257462911      -3.734233124941255E-006  2.496306263635076E-004
   55500.9461788574      -1.270401572169844E-004  2.496389008115166E-004
   55500.9666115237      -5.903210094226896E-005  2.496178541077506E-004
   55500.9870439899      -2.324938574993496E-007  2.496489781782431E-004
   55501.0074765559       8.826931095184953E-005  2.496522424100265E-004
   55523.6671667812       3.489042622575322E-004  2.513711261372523E-004
   55523.6875993195       8.515860161100175E-004  2.514123655306549E-004
   55523.7080318579       1.405416962187989E-004  2.513623772369492E-004
   55523.7284643962       2.029712656410609E-004  2.513606312525069E-004
   55523.7488970347       3.179666737176401E-004  2.513850370785151E-004
   55523.7693294732       7.916192806658451E-004  2.514255553044307E-004
   55523.7897620118       6.958314773175545E-004  2.514221202698215E-004
   55523.8101946504       7.488618019513282E-005  2.513880356170138E-004
   55523.8306270891       5.356139359724565E-005  2.513826648170446E-004
   55523.8510596278       5.010552590056783E-005  2.513786414615907E-004
   55523.8714922666       2.048855045866382E-005  2.514046414473070E-004
   55523.8919247054      -8.498217167782873E-003  2.507613980050667E-004
   55523.9123573442      -2.137163915740137E-002  2.498251707821777E-004
   55523.9327898832      -2.893211159721620E-002  2.493153053688530E-004
   55523.9532223221      -2.664303651518685E-002  2.494687242626711E-004
   55523.9736549612      -1.559300965558008E-002  2.503344478746578E-004
   55523.9940875003      -3.687260423514638E-003  2.512046503163007E-004
   55524.0145199394       3.026778943608921E-004  2.514685406822756E-004
   55524.0349525786       2.064951158027295E-004  2.514748983430164E-004
   55524.0553851178       2.889011419482390E-004  2.514644603925464E-004
   55524.0758176571       6.198387992311094E-004  2.515324019610606E-004
   55524.0962501965       9.047349613016120E-004  2.515279610875879E-004
   55524.1166827359       6.683720198072951E-004  2.514941990623402E-004
   55524.1575478149       4.696927598113465E-004  2.515349829815404E-004
   55524.1779803544      -3.847798699257998E-004  2.514734749861341E-004
   55524.1984128941      -8.400009668763087E-005  2.515215464925717E-004
   55524.2188454338      -4.050977041898385E-004  2.514441158781756E-004
   55546.8786023226      -3.007245887631793E-005  2.520696148046169E-004
   55546.8990351070      -1.761322877650295E-004  2.521238162346941E-004
   55546.9194676917      -9.155389216086718E-005  2.521123534672688E-004
   55546.9399003766       1.491959368860041E-004  2.521106264609183E-004
   55546.9603331617       1.248266745177418E-004  2.521122016425347E-004
   55546.9807658470       7.728645586446703E-005  2.521222410530777E-004
   55547.0011984325       1.999623537314310E-004  2.521047812086551E-004
   55547.0216312182      -1.809028413168878E-004  2.521041359535351E-004
   55547.0420639041      -2.222455229975440E-004  2.520728221021249E-004
   55547.0624964903       2.229401084317129E-004  2.521289972537456E-004
   55547.0829292766      -2.560218468991016E-004  2.521018016482482E-004
   55547.1033619631      -8.846104202671845E-003  2.513978852466392E-004
   55547.1237947498      -2.232890569470158E-002  2.505028974171528E-004
   55547.1442273367      -2.871562387428206E-002  2.500845633404046E-004
   55547.1646600239      -2.635478665919089E-002  2.502477179952975E-004
   55547.1850928112      -1.533994627311730E-002  2.509604022753013E-004
   55547.2055253988      -3.299116124612755E-003  2.517414266637465E-004
   55547.2259580865       3.356614010685544E-004  2.521237593004189E-004
   55547.2463907745      -5.328676618387984E-005  2.521078556595208E-004
   55547.2668234626       1.418689274934604E-004  2.521238731689694E-004
   55547.2872560510       4.610784592120609E-004  2.521474249808482E-004
   55547.3076888396       4.429487675798871E-004  2.521345388565407E-004
   55547.3281215283      -1.175201982483998E-004  2.521096775563301E-004
   55547.3485543173      -3.980160306593650E-005  2.521066031054644E-004
   55547.3689869065       2.213527895389422E-004  2.521170030997509E-004
   55547.3894195959       2.182268094983453E-004  2.521116133216901E-004
   55547.4098523855      -1.594397078569232E-004  2.521011563931282E-004
   55547.4302849753      -6.164013271048319E-005  2.521074760976855E-004
   55570.0902843217       7.710143375261325E-004  2.111233196721228E-004
   55570.1107173085       1.041830619370465E-004  2.111130079179965E-004
   55570.1311503957      -1.371924814688175E-004  2.111508952984796E-004
   55570.1515832832      -4.638372010209446E-004  2.110682515787165E-004
   55570.1720162711      -6.187747673145338E-004  2.111004508625687E-004
   55570.1924493593      -5.075858589308480E-004  2.111310534877174E-004
   55570.2128823477      -5.442644820361497E-004  2.111286086040778E-004
   55570.2333152365      -5.195504167672116E-004  2.111129912861351E-004
   55570.2537483257      -1.052612671587294E-003  2.111247999077957E-004
   55570.2741812151      -1.195083733504854E-003  2.111607746242070E-004
   55570.2946143049      -1.855601016571451E-003  2.110574242368840E-004
   55570.3150472950      -1.107031478214948E-002  2.105222940933182E-004
   55570.3354801854      -2.345258364479730E-002  2.096283814336064E-004
   55570.3559132762      -2.941223192880649E-002  2.092703806149505E-004
   55570.3763462672      -2.596094879377486E-002  2.094537302560591E-004
   55570.3967791586      -1.506402971755605E-002  2.102171659623514E-004
   55570.4172122504      -2.691944912342925E-003  2.109667473280193E-004
   55570.4376452423       1.819613369082873E-004  2.111873856025972E-004
   55570.4580783347      -3.834011944248150E-004  2.111923917929069E-004
   55570.4785112274      -8.615565370456713E-004  2.111365586338719E-004
   55570.4989442203      -7.100369232362347E-004  2.111657142870707E-004
   55570.5193773137      -4.178341248755046E-004  2.111897805906523E-004
   55570.5398102073      -4.738697308731554E-004  2.111861049492622E-004
   55570.5602432013      -3.150499912920601E-004  2.111919094689235E-004
   55570.5806762956      -1.622218624310889E-004  2.112146119598627E-004
   55570.6011091901      -1.014787274608020E-004  2.112032856621854E-004
   55570.6215421851      -4.617678008078663E-005  2.111926412708293E-004
   55570.6419752803      -2.775404727239916E-005  2.112080257427111E-004
   55593.2819526785       9.232247240564817E-005  2.127016999597540E-004
   55593.3023860682       5.675403739302531E-005  2.126888268989577E-004
   55593.3228195585      -2.617052110831519E-005  2.127076042705843E-004
   55593.3432528491      -5.041842291286791E-005  2.127288431577120E-004
   55593.3636862401       1.369637288672898E-004  2.126865649657945E-004
   55593.3841197314       3.286354584819406E-004  2.127077373254762E-004
   55593.4045530233      -1.823135567153855E-004  2.126878622509911E-004
   55593.4249864154      -3.859298141534184E-004  2.126551307475711E-004
   55593.4454199077      -6.834471572974010E-004  2.128052332975534E-004
   55593.4658533007      -8.361849063094340E-004  2.126764195302833E-004
   55593.4862865940       2.199378613714220E-004  2.126929349687467E-004
   55616.4945178996       4.187131486965701E-004  2.136192464946487E-004
   55616.5149517182      -6.224655329228890E-004  2.134711896636301E-004
   55616.5353856373      -1.342340185946922E-004  2.134887196456446E-004
   55616.5558193566      -3.657950637515617E-004  2.134973515817600E-004
   55616.5762532764      -5.418801918480876E-004  2.134712561910760E-004
   55616.5966870965       1.291177369888707E-004  2.135162453764170E-004
   55616.6171208170      -2.667198392219960E-004  2.134824328019999E-004
   55616.6375547377      -6.302449128470222E-006  2.135401786251067E-004
   55616.6579885589       5.490354582704526E-005  2.134745492996518E-004
   55616.6784222805       2.125099998053770E-004  2.134843122023487E-004
   55616.6988562024      -9.544897998703394E-005  2.134788236880558E-004
   55616.7192900245      -1.262235249633203E-003  2.134066913047568E-004
   55616.7397239474      -1.230775872219159E-002  2.126862988560106E-004
   55616.7601576704      -2.401015435982212E-002  2.119272373292912E-004
   55616.7805914937      -2.866258429565449E-002  2.116328700127109E-004
   55616.8010254174      -2.414816192368052E-002  2.119305969653130E-004
   55616.8214591414      -1.196264132309510E-002  2.126949806877105E-004
   55616.8418929661      -1.451570119391676E-003  2.133573279398429E-004
   55616.8623268908      -1.412385323714682E-004  2.135022247171777E-004
   55616.8827606159      -5.192212908102789E-004  2.134091029246734E-004
   55616.9031944415      -3.266790225217031E-004  2.134860252840826E-004
   55616.9236282676      -1.911625486284985E-004  2.134642375455256E-004
   55616.9440620939      -2.309944842714406E-004  2.134189489866778E-004
   55616.9644960205       9.994827351600399E-005  2.134571856362522E-004
   55616.9849297475      -9.402495328869609E-005  2.133987745386857E-004
   55617.0053635750       5.208245149883606E-004  2.134499008809179E-004
   55617.0257975027       7.336930137138431E-004  2.134475557884473E-004
   55617.0462313308       5.390875313744381E-004  2.134336349203769E-004
   55617.0666650593       4.106596376580729E-004  2.134200300576749E-004
   55662.9209514378      -7.880317075581456E-005  2.333597134869158E-004
   55662.9413858096      -3.859477056175065E-004  2.333350902874148E-004
   55662.9618203815       1.343579852373100E-004  2.334323591252096E-004
   55662.9822548537      -2.861751675741209E-004  2.333233726683541E-004
   55663.0026894261       1.184382811050266E-004  2.333422540545211E-004
   55663.0231237986      -2.063537916969782E-004  2.333408321007488E-004
   55663.0435582713      -6.141775984083164E-004  2.333123390270572E-004
   55663.0639927442       6.555890980952661E-005  2.333474018871653E-004
   55663.0844272173      -1.009449921580696E-004  2.333276205302563E-004
   55663.1048616906       2.099607453756036E-004  2.333459979328078E-004
   55663.1252961640      -3.313140415566185E-004  2.333261985764839E-004
   55663.1457306377      -3.933988848744741E-003  2.331085136534103E-004
   55663.1661650115      -1.631408873368700E-002  2.322518315041059E-004
   55663.1865995855      -2.621637919853026E-002  2.316764622093340E-004
   55663.2070340596      -2.900626487277291E-002  2.315011839076232E-004
   55663.2274686340      -2.125689199081227E-002  2.319560831188717E-004
   55663.2479030085      -8.406125268270115E-003  2.328740532757060E-004
   55663.2683374833      -6.110742889431364E-004  2.333068312061162E-004
   55663.2887720582      -1.519559594170827E-004  2.333152189334316E-004
   55663.3092064332      -8.254257403694787E-005  2.333109530721146E-004
   55663.3296409085      -3.663992801136162E-004  2.333032493225631E-004
   55663.3500754839       2.837177375614175E-004  2.333525317203947E-004
   55663.3705099596       1.002958705642598E-005  2.333465919134975E-004
   55663.3909444354      -8.897729408052779E-005  2.333291324811028E-004
   55663.4113789114      -1.333054031337211E-004  2.333441799919090E-004
   55663.4318133875      -2.480985538529934E-004  2.333236066607470E-004
   55663.4522478639      -2.171678097155905E-004  2.333443239872277E-004
   55663.4726823404       2.164817714755962E-005  2.332959055613084E-004
   55686.1346080631      -2.792392966470825E-004  2.328044675379350E-004
   55686.1550426704      -1.697477148437931E-004  2.328171211265674E-004
   55686.1754773778       2.686801987039633E-004  2.328237449112285E-004
   55686.1959119852       1.559373521535790E-004  2.328504020446063E-004
   55686.2163464927       2.288007106663326E-004  2.328569358321932E-004
   55686.2367812002       1.784646673885781E-004  2.328498440627463E-004
   55686.2572158078      -4.065546141536203E-004  2.328327446186484E-004
   55686.2776503154       2.590595313922694E-004  2.328602657239386E-004
   55686.2980850232       9.651792826614880E-005  2.328522739837497E-004
   55686.3185196309      -2.940132803828099E-004  2.328315206584393E-004
   55686.3389543387      -1.579697137475966E-004  2.328346525566214E-004
   55686.3593888465      -5.149044749315990E-003  2.325528717173030E-004
   55686.3798234545      -1.720190715861980E-002  2.318505525496654E-004
   55686.4206926704      -2.775627216258592E-002  2.312192050747415E-004
   55686.4411272785      -1.945098829106873E-002  2.317160069237373E-004
   55686.4615619867      -6.043625048271495E-003  2.324769861843380E-004
   55686.4819964948       2.294373907081315E-004  2.328682754635424E-004
   55686.5024311031      -5.397735436929452E-005  2.328355345279486E-004
   55686.5228658113       1.575785871952284E-004  2.328592037584631E-004
   55686.5433003197      -1.798216022983468E-004  2.328421223137800E-004
   55686.5637350281      -5.298864573266560E-004  2.328180570961391E-004
   55686.5841696365       4.741845680278356E-004  2.328722533342220E-004
   55686.6046041450       1.574185378734327E-004  2.328680414711494E-004
   55686.6250388535      -3.350113508768793E-004  2.328256708486163E-004
   55686.6454733621       1.289644639768106E-004  2.328436882628711E-004
   55686.6659080708      -3.655502332557958E-004  2.328087873974965E-004
   55686.6863426794       2.141670702007215E-004  2.328326006233297E-004
   55709.3483349865      -8.800910088313518E-005  2.322433357803015E-004
   55709.3687695826      -2.694847477346940E-005  2.322300522121496E-004
   55709.3892042785      -3.420296468249484E-004  2.322180646018662E-004
   55709.4096387743       1.430267515323269E-004  2.322224744585020E-004
   55709.4300733702       3.403158865884492E-004  2.322712888715478E-004
   55709.4505080660       2.794187119057323E-004  2.322131327622001E-004
   55709.4709425616       3.329376655902827E-004  2.322399338908967E-004
   55709.5118118527      -3.160243739452895E-004  2.321908674860432E-004
   55709.5322463482      -2.119865399555776E-004  2.322038270647279E-004
   55709.5526810435       4.140237482253006E-005  2.322659790441700E-004
   55709.5731156388      -6.104551409813364E-003  2.318824295133469E-004
   55709.5935501340      -1.981620504306181E-002  2.310046700492649E-004
   55709.6139848291      -2.788843125296991E-002  2.304516740271391E-004
   55709.6344194243      -2.683446908751674E-002  2.304720313653230E-004
   55709.6548539193      -1.736599567979735E-002  2.312330466247534E-004
   55709.6752886141      -4.730041231684634E-003  2.319600789889662E-004
   55709.6957232090       2.347100742794428E-004  2.322530554643150E-004
   55709.7161578038      -3.959140478220213E-004  2.322234104280737E-004
   55709.7365923986       1.769827977060601E-006  2.322073729494514E-004
   55709.7570269931       1.823436371051201E-004  2.322507875380452E-004
   55709.7774616878       4.977350682966453E-005  2.322195045550535E-004
   55709.7978961822       3.474903097249182E-004  2.322537394420789E-004
   55709.8183307766      -4.393745091648693E-004  2.321951693461899E-004
   55709.8387653709       1.527437788724217E-004  2.322544414192577E-004
   55709.8591999652       1.497574999684836E-004  2.322425798048782E-004
   55709.8796345593       1.404803968345636E-004  2.322305741951800E-004
   55709.9000691535       5.510625740647868E-004  2.322513275204904E-004
   55732.5619689733      -1.659485386682480E-004  2.319162504138310E-004
   55732.5824033208       1.400539811180490E-004  2.319272300568834E-004
   55732.6028378681      -6.320333934461964E-005  2.319266000773640E-004
   55732.6232723151      -3.864521174030688E-004  2.318833294840889E-004
   55732.6437066622      -1.883904931498925E-004  2.319573250784956E-004
   55732.6641412087      -1.537079063806956E-004  2.319171863834027E-004
   55732.6845756553       3.757583056531733E-004  2.319325398842611E-004
   55732.7050102016       1.859510817521226E-004  2.319069807151885E-004
   55732.7254445477      -7.319295753038801E-006  2.319066207268917E-004
   55732.7458789939      -2.429585133733037E-004  2.318992589662222E-004
   55732.7663135395      -6.349916982427706E-004  2.318850034296690E-004
   55732.7867478851      -8.539858858675475E-003  2.314214464998825E-004
   55732.8071823305      -2.101715472400756E-002  2.306535734633981E-004
   55732.8276168760      -2.840989251705683E-002  2.301568616114766E-004
   55732.8480512209      -2.654051919475720E-002  2.302775656873928E-004
   55732.8684856658      -1.563430035667168E-002  2.309736030592513E-004
   55732.8889202103      -3.337357640895267E-003  2.317064852332870E-004
   55732.9093545548       2.300855976411498E-006  2.318995649562745E-004
   55732.9297889993      -1.426154412904612E-004  2.318817995338275E-004
   55732.9706579873      -4.086681902454314E-004  2.318804855765442E-004
   55732.9910924308      -3.791767907941335E-004  2.318582203003872E-004
   55733.0115268744      -7.607384525321059E-005  2.318929411716134E-004
   55733.0319613179      -1.297455347697429E-004  2.318797655999506E-004
   55733.0523957610       3.579498799823888E-004  2.318991149709034E-004
   55733.0728302041       1.058766776538267E-004  2.318948491095864E-004
   55733.0932646467       3.100817568060243E-004  2.318795136081428E-004
   55733.1136990893      -6.607447422046775E-005  2.318820335262204E-004
   55848.6045539580       3.651992905133739E-004  2.484087177584959E-004
   55848.6249867259      -3.096404373860162E-004  2.483650287859190E-004
   55848.6454195933      -2.797903217289788E-004  2.483932226340703E-004
   55848.6658523607      -1.530526663184872E-007  2.483987962820405E-004
   55848.6862850278      -1.859678752660354E-004  2.484036420996915E-004
   55848.7067178948       1.966701639397606E-004  2.484099435779808E-004
   55848.7271506612       4.367187060150268E-004  2.484636114873015E-004
   55848.7475834277       4.263756330447066E-006  2.483851398868421E-004
   55848.7680161939       5.516026820553410E-004  2.484277945742287E-004
   55848.7884488600      -8.506322377643816E-005  2.484235808197496E-004
   55848.8088817255      -3.837504768152700E-004  2.483940079246778E-004
   55848.8293144910      -3.065238914817359E-003  2.482126057943507E-004
   55848.8497471563      -1.490981873444563E-002  2.472242696812673E-004
   55848.8701800214      -2.473038723334231E-002  2.465794503253815E-004
   55848.8906127862      -2.775976395388113E-002  2.463859432276416E-004
   55848.9110454508      -2.095827026986630E-002  2.468251313649451E-004
   55848.9314783152      -8.585158571057461E-003  2.477789913050172E-004
   55848.9519110791      -2.140733860792610E-004  2.484168005057241E-004
   55848.9723437430       8.330471617634672E-006  2.484376777438253E-004
   55848.9927766067       1.093697300227348E-004  2.484558160415151E-004
   55849.0132093701       4.368238012673054E-004  2.484792023788743E-004
   55849.0336422333       7.234342975426244E-005  2.484456838773357E-004
   55849.0540748963       1.370637070039482E-004  2.484187541555280E-004
   55849.0745076590       1.866456163894803E-004  2.484888365538880E-004
   55849.0949405216      -5.666045634911132E-005  2.484307633557936E-004
   55849.1153731838      -7.396849593117594E-004  2.484254578558358E-004
   55849.1358059459       2.337337394306971E-004  2.484800259763407E-004
   55849.1562388077      -2.154501581692614E-004  2.484315103395422E-004
   55871.8160590923      -1.264259691763359E-004  2.506304006541953E-004
   55871.8364916650       8.011535608298814E-005  2.506403412840803E-004
   55871.8569243376       1.472356516951656E-005  2.506051372807499E-004
   55871.8773568102      -2.855087712356763E-004  2.506539210655607E-004
   55871.8977894827      -2.284077090173309E-004  2.506665431755687E-004
   55871.9182220550      -3.234668961685783E-004  2.506904275020937E-004
   55871.9386545273      -2.549562128495442E-004  2.506785906826932E-004
   55871.9590871993       1.873432572434552E-004  2.507368554150821E-004
   55871.9795197714       3.117424150118620E-004  2.507340781678118E-004
   55871.9999523433       1.151166546466964E-004  2.507621762488159E-004
   55872.0203849151      -1.710590617414187E-004  2.506859839064611E-004
   55872.0408174868      -3.809837217435774E-003  2.505051372255880E-004
   55872.0612499584      -1.573268496362590E-002  2.496887797555422E-004
   55872.0816826299      -2.631305927557448E-002  2.488629604913477E-004
   55872.1021152012      -2.846889113925499E-002  2.487714454054324E-004
   55872.1225477726      -2.078511114613657E-002  2.492702773220453E-004
   55872.1429803437      -7.922509338202155E-003  2.502328329190881E-004
   55872.1634129148      -7.242521532515589E-004  2.507300559476271E-004
   55872.1838454858      -3.357555198283402E-004  2.507423141424755E-004
   55872.2042780566      -1.202908520647750E-005  2.507520632380659E-004
   55872.2247106274       1.397158318479086E-004  2.507736299996274E-004
   55872.2451432980      -6.822778501602844E-005  2.507748175122533E-004
   55872.2655757686      -1.457506671410647E-004  2.507514120214646E-004
   55872.2860083391       1.264046982965006E-004  2.508136798206087E-004
   55872.3064410094       8.185710494323928E-005  2.507694545520071E-004
   55872.3268734797      -3.629334423350672E-004  2.508038158044416E-004
   55872.3473061498      -3.812212203582188E-004  2.507787056584318E-004
   55872.3677387199      -3.322538950576437E-004  2.507761199454559E-004
   55895.0274307195      -3.464255345614342E-004  2.530836102050943E-004
   55895.0478633565      -1.187349507217883E-004  2.531688238127203E-004
   55895.0682957936       2.003675788713188E-004  2.531538266774604E-004
   55895.0887283307      -8.287316682332735E-004  2.530876515787084E-004
   55895.1091609678       6.390824087132430E-005  2.531777684642738E-004
   55895.1295934050      -2.265126956919605E-004  2.531464143002630E-004
   55895.1500259422      -9.503258954779437E-005  2.531481189554841E-004
   55895.1704585795      -7.153662606506073E-004  2.530423154111987E-004
   55895.1908911168      -2.673989218197059E-004  2.531915589334782E-004
   55895.2113236542      -1.849815768498742E-004  2.531661231791677E-004
   55895.2317561916      -5.317540808662535E-004  2.530818672430143E-004
   55895.2521887291      -4.552398907709643E-003  2.528042574365565E-004
   55895.2726212666      -1.737709652046537E-002  2.519666588132498E-004
   55895.2930538041      -2.753521726182961E-002  2.512002726406407E-004
   55895.3134863418      -2.843794282316736E-002  2.511078956504002E-004
   55895.3339189794      -2.150635646448784E-002  2.515905620725567E-004
   55895.3543514171      -8.152943053129746E-003  2.525599937507723E-004
   55895.3747839549      -6.735934172639180E-004  2.531538841377488E-004
   55895.3952165927      -2.507007546825868E-005  2.531829207367960E-004
   55895.4156490305      -3.203282729581369E-004  2.531706816953770E-004
   55895.4360816684      -5.609964803539036E-004  2.531470272100054E-004
   55895.4565141064       3.439274397765146E-005  2.531898925851160E-004
   55895.4769466444       2.474377840222530E-005  2.531874984064347E-004
   55895.4973792824      -7.141788003772742E-005  2.531813501555810E-004
   55895.5178118205      -2.443920707776437E-004  2.531740335455309E-004
   55895.5382442586       5.100848098793520E-006  2.531818481447467E-004
   55895.5586768968      -5.639881251759959E-004  2.531599557748846E-004
   55895.5791093351      -3.101317662342895E-004  2.531623308001365E-004
   55918.2388376722      -5.503455807776003E-005  2.535346160083689E-004
   55918.2592703496       1.384606605243643E-004  2.536198679228538E-004
   55918.2797030272       3.097469761992322E-005  2.536042004175631E-004
   55918.3001357050       4.028694923396969E-004  2.536237369156028E-004
   55918.3205683830      -9.615013141828221E-005  2.535652614954900E-004
   55918.3410009611      -4.912459043908690E-004  2.535164202503908E-004
   55918.3614337395       1.211481817420257E-004  2.536268780780327E-004
   55918.3818664180      -5.817717210054862E-005  2.535842233906461E-004
   55918.4022991969      -3.061868984718386E-004  2.535908696306655E-004
   55918.4227317758      -1.913091493190855E-004  2.535919039158559E-004
   55918.4431644550      -7.805703491647886E-005  2.536098889861100E-004
   55918.4635972344      -4.687896193343200E-003  2.531508578958955E-004
   55918.4840298139      -1.741143851752081E-002  2.523491144925205E-004
   55918.5044624937      -2.703811358867891E-002  2.515590355276809E-004
   55918.5248952736      -2.815280701651313E-002  2.515113817952078E-004
   55918.5453278538      -1.984037163080121E-002  2.521458966060491E-004
   55918.5657606342      -7.020796519644046E-003  2.529738227474831E-004
   55918.5861933148      -1.087934691155201E-004  2.534822696856803E-004
   55918.6066258956       1.822526071837416E-006  2.534425454729996E-004
   55918.6270586765       4.015858537553818E-005  2.534780750846306E-004
   55918.6474913577       7.382430164737386E-006  2.534871921170491E-004
   55918.6679240391      -1.726198314702110E-004  2.534257287619420E-004
   55918.6883567206       2.229052830753364E-004  2.534858130701287E-004
   55918.7087894024      -3.981172078960649E-004  2.534213809334566E-004
   55918.7292220844       1.466903939766340E-004  2.534467783809082E-004
   55918.7496547666      -1.664180627177769E-004  2.534543822924001E-004
   55918.7700874489      -1.893482861778928E-004  2.534497471624731E-004
   55918.7905202315      -1.852161267603680E-004  2.534337923557407E-004
   55941.4505211104       2.856705432174866E-004  2.137861560510424E-004
   55941.4709541853      -5.682403437334838E-005  2.137575357432436E-004
   55941.4913871605       2.282204162911139E-004  2.137994199436897E-004
   55941.5118202362      -1.167564557669198E-005  2.137846204095273E-004
   55941.5322531121      -1.106568510963468E-004  2.137868985590278E-004
   55941.5526860883      -3.697302314660256E-004  2.137392599216952E-004
   55941.5731191648       2.679282107553860E-005  2.138056975112022E-004
   55941.5935520418      -4.298042218703335E-004  2.138156876186414E-004
   55941.6139850189       2.480690550843434E-005  2.138516655055678E-004
   55941.6344180964      -2.324325361117152E-004  2.138218639350650E-004
   55941.6548509742      -7.851859892338275E-005  2.138406966376024E-004
   55941.6752839523      -5.243646256938295E-003  2.134780321123050E-004
   55941.6957170308      -1.771604385355463E-002  2.127061106856297E-004
   55941.7161500096      -2.709821459740303E-002  2.119768328425674E-004
   55941.7365829886      -2.780102594406475E-002  2.119754828280486E-004
   55941.7570159680      -1.931650163013432E-002  2.126025814472183E-004
   55941.7774489478      -7.170091361533126E-003  2.133541007794781E-004
   55941.7978819279      -9.713023601010118E-005  2.138401735069764E-004
   55941.8183149082      -5.166410901802365E-004  2.138559180513020E-004
   55941.8387478890      -1.079559137523445E-004  2.138468054533000E-004
   55941.8591809699       9.671457864257604E-005  2.138546524126907E-004
   55941.8796138512       7.216432463152955E-005  2.138558674257576E-004
   55941.9000469328      -1.971510694309675E-005  2.138564749322910E-004
   55941.9204799148       1.681619114859423E-004  2.138331365562971E-004
   55941.9409127971       7.699180027920249E-005  2.138338453139195E-004
   55941.9613458797       3.849205226831298E-004  2.138900059179020E-004
   55941.9817787626       1.306718063145418E-004  2.138659250339227E-004
   55942.0022117459      -1.572226203633287E-004  2.138651150252115E-004
   55964.6626079504       3.087997605102366E-004  2.154861618338566E-004
   55964.6830413260       2.381413833569823E-004  2.154817405363075E-004
   55964.7034746020       3.083119659552658E-005  2.154789730065439E-004
   55964.7239080785       1.638360168485509E-004  2.154817911618520E-004
   55964.7443414552       1.581213206738319E-004  2.154797323897108E-004
   55964.7647747324      -2.316028292481676E-005  2.154734716973798E-004
   55964.7852082098       1.855032392885647E-004  2.154720541821350E-004
   55964.8056415877      -2.023902433989644E-005  2.154648316044594E-004
   55964.8260750660      -6.555061628887859E-005  2.154637347176628E-004
   55964.8465083446       4.721760881920556E-004  2.155000501082189E-004
   55964.8669417236       1.249834057484023E-004  2.154684597684787E-004
   55964.8873752031      -6.156919604562217E-003  2.150939657409602E-004
   55964.9078084829      -1.884934665946858E-002  2.143138936016276E-004
   55964.9282418631      -2.759780478339502E-002  2.137741071714620E-004
   55964.9486753435      -2.713765344913577E-002  2.137921973660141E-004
   55964.9691087244      -1.771660069081615E-002  2.143840268558799E-004
   55964.9895421058      -5.430925445892076E-003  2.151426337643634E-004
   55965.0099754874       7.997920967528493E-005  2.154872924710161E-004
   55965.0304087695       1.198365158017189E-005  2.154844068149821E-004
   55965.0508422518      -4.220666986715083E-004  2.154760873505100E-004
   55965.0712756345       1.320572870164849E-004  2.154964725697440E-004
   55965.0917089178      -1.142818023246450E-004  2.154906337569502E-004
   55965.1121424013      -2.935532035776012E-004  2.154749398381690E-004
   55965.1325757852       1.523281926225639E-004  2.155143265117553E-004
   55965.1530090696      -1.195298694607327E-004  2.154942281706065E-004
   55965.1734425542       1.034781603537205E-005  2.155001007337634E-004
   55965.1938759393      -2.753463693094815E-005  2.155070195581723E-004
   55965.2143094249      -1.450870206770594E-004  2.155036445218752E-004
   55987.8751738544      -2.772257080791984E-004  2.145135438737784E-004
   55987.8956076588      -2.673561480501796E-004  2.145807577216338E-004
   55987.9160414635      -4.255689658108075E-004  2.146504353459859E-004
   55987.9364752686      -5.375476798792356E-004  2.146373908306979E-004
   55987.9569091742      -4.376059956087142E-004  2.146977364796888E-004
   55987.9773429800       1.155426537069459E-005  2.148010463407409E-004
   55987.9977766863      -3.215896210042590E-004  2.148010632159224E-004
   55988.0182105928      -1.017140402937988E-004  2.148631132582433E-004
   55988.0386442998      -2.069063726676257E-004  2.148943492191723E-004
   55988.0590781070       5.331346691872518E-005  2.149997516027286E-004
   55988.0795120147      -5.812613014711809E-004  2.149697644052295E-004
   55988.0999457229      -7.029378264843622E-003  2.146139512036151E-004
   55988.1203795313      -1.963886720847918E-002  2.138439029220846E-004
   55988.1408134401      -2.760478870446414E-002  2.134021612963478E-004
   55988.1612471492      -2.720418363509514E-002  2.134493611789618E-004
   55988.1816810587      -1.695532501801034E-002  2.141110201698131E-004
   55988.2021148687      -4.422060499858382E-003  2.149345459014700E-004
   55988.2225485790      -3.618503518454386E-005  2.152376241609433E-004
   55988.2429824895       1.438215033133794E-005  2.152454036196080E-004
   55988.2634163007       1.627511840072149E-004  2.153170218898309E-004
   55988.2838500118       2.076203349907768E-004  2.152956072845263E-004
   55988.3042839237      -3.854354889842870E-005  2.153233500828879E-004
   55988.3247177358       6.755988110183075E-004  2.154332243895377E-004
   55988.3451516482       1.807875661825609E-004  2.153944789728478E-004
   55988.3655853610       5.193340243603295E-005  2.154138685563742E-004
   55988.3860191742       3.405017872226690E-004  2.154449020151254E-004
   55988.4064530877       8.454692369741501E-005  2.154417969817322E-004
   55988.4268869017       3.938639200073979E-004  2.154837655580857E-004
   56011.0882063943       1.422819694090194E-004  2.152797614891117E-004
   56011.1086405808       6.052684729329627E-005  2.152513943090352E-004
   56011.1290746676       1.519846356827781E-004  2.152661600928347E-004
   56011.1495089545      -1.356401648419103E-004  2.152524743206502E-004
   56011.1699431418       6.107733520570591E-004  2.152800989927414E-004
   56011.1903772294       4.018093207536211E-004  2.152701257604837E-004
   56011.2108115173      -4.552721636134072E-004  2.152391935528214E-004
   56011.2312457055       5.135427945290871E-005  2.152573174977365E-004
   56011.2516799940       3.251171921077045E-004  2.152756101944664E-004
   56011.2721140828      -1.592223343482857E-005  2.152253559040036E-004
   56011.2925482719      -2.453537978260867E-004  2.151705621897213E-004
   56011.3129825613      -7.382077669691678E-003  2.146005016839714E-004
   56011.3947192219      -1.516926568268695E-002  2.141087420203126E-004
   56011.4151535127      -3.075194809260440E-003  2.150031435142071E-004
   56011.4355877038       1.248795257497992E-004  2.151821048138572E-004
   56011.4560217953      -3.112642030012047E-004  2.151626646047862E-004
   56011.4764560871      -8.716195641467195E-005  2.151750172376334E-004
   56011.4968902792      -1.391634468171921E-004  2.151633733624086E-004
   56011.5173244715       1.536650149303043E-005  2.151713553232511E-004
   56011.5377586642       1.917205343140438E-004  2.152243265179330E-004
   56011.5581928571       1.391497428113730E-004  2.151836742057353E-004
   56011.5786270503       1.941945099279696E-004  2.151715915757919E-004
   56011.5990612438      -2.629404763290211E-004  2.151646727513830E-004
   56011.6194954376      -3.245077164080179E-004  2.151742409792851E-004
   56011.6399296317      -2.939012634118887E-004  2.151516113609135E-004
   56034.3015639345       2.524506698888818E-004  2.339418053199033E-004
   56034.3219984987      -1.067478806245914E-004  2.339457210401452E-004
   56034.3424329631       1.818766922263571E-004  2.339633780379028E-004
   56034.3628673276       1.158000310206297E-004  2.339179846884316E-004
   56034.3833018923       1.063638884546414E-005  2.339495642470493E-004
   56034.4037363573      -1.757723377010523E-004  2.339019592407749E-004
   56034.4241707224       1.044713466054059E-004  2.339579395375668E-004
   56034.4446052877      -8.768429147920642E-005  2.339439444633688E-004
   56034.4650396532       1.296064438305322E-004  2.339363305628984E-004
   56034.4854742189       3.069680342586700E-004  2.339689434365800E-004
   56034.5059086848      -1.029313491827000E-003  2.338786462026679E-004
   56034.5263430508      -1.059112472305812E-002  2.332572250259424E-004
   56034.5467776170      -2.242825802132709E-002  2.324470697592232E-004
   56034.5672120834      -2.868460868603184E-002  2.320719582627150E-004
   56034.5876464501      -2.441758168817776E-002  2.323319004504412E-004
   56034.6285154839      -2.062278055927069E-003  2.337869349586686E-004
   56034.6489498510      -1.524682333486904E-005  2.339397024331067E-004
   56034.6693844183       3.764204967502405E-004  2.339384697063639E-004
   56034.6898188859      -2.254227048603674E-004  2.339037358175513E-004
   56034.7102534536       2.151801521366181E-005  2.339305113675389E-004
   56034.7306878215       2.984572188724499E-004  2.339512864388224E-004
   56034.7511222896      -3.644818836567865E-005  2.339276652190297E-004
   56034.7715568579      -3.548885604305330E-004  2.339255985889021E-004
   56034.7919912263      -1.342557771655262E-004  2.339169513733678E-004
   56034.8124256950      -4.407338891238011E-004  2.339060018593580E-004
   56034.8328602638       1.169640841718333E-004  2.339264868772903E-004
   56034.8532947328       3.267640179864806E-004  2.339476970286007E-004
   56057.4947804469      -1.873374514588244E-004  2.332386072264588E-004
   56057.5152150517       1.547136325035225E-004  2.332674675349085E-004
   56057.5356497565      -8.223091749570699E-005  2.332686096199791E-004
   56057.5560842614       4.107876320369463E-005  2.332463117686015E-004
   56057.5765188663      -3.052138854663378E-004  2.332269144507364E-004
   56057.5969535713       2.162826559708453E-004  2.332720902601941E-004
   56057.6173880763      -1.992553895978633E-004  2.332250834889566E-004
   56057.6378227814       9.205380133692209E-005  2.332123211415015E-004
   56057.6582573866       1.729725917636316E-004  2.332559741708651E-004
   56057.6786918918       3.619963535819171E-004  2.332237419922071E-004
   56057.6991265971      -1.549951827032325E-004  2.332482515003880E-004
   56057.7195612024      -2.114870599533636E-003  2.331225677576231E-004
   56057.7399957078      -1.234008302176737E-002  2.325039927294067E-004
   56057.7604304133      -2.389282243083635E-002  2.317886849085473E-004
   56057.7808650188      -2.859319808957916E-002  2.314691911421419E-004
   56057.8012997244      -2.341924131597717E-002  2.317763576411191E-004
   56057.8217342300      -1.126961548181271E-002  2.325959577700884E-004
   56057.8421688357      -1.020188793209642E-003  2.331668371503581E-004
   56057.8626035414      -1.424191488572646E-004  2.332320991543901E-004
   56057.8830380472       9.339254356275362E-004  2.333079662340772E-004
   56057.9034726531      -2.464577875005425E-005  2.332369212913546E-004
   56057.9239073590      -1.544778945193892E-004  2.332162549900779E-004
   56057.9443418649       4.339054647917173E-005  2.332263706007028E-004
   56057.9647765710      -2.805490128063859E-004  2.332075715178747E-004
   56057.9852111770      -3.684803013493942E-004  2.332145509266392E-004
   56058.0056456832       3.270494967044790E-005  2.332355072812673E-004
   56058.0260803894       5.286424680264190E-004  2.332789246422830E-004
   56058.0465149956      -1.064477856663748E-004  2.332269869640742E-004
   56058.0669496019      -4.538677854557527E-004  2.331830801380283E-004
   56080.7085080274       2.461904571424700E-004  2.327893508420365E-004
   56080.7289426262      -3.482213715302329E-004  2.327314308134581E-004
   56080.7493772251       1.114371280575011E-004  2.327894958687121E-004
   56080.7698118238       2.513329506177442E-004  2.328029833495454E-004
   56080.7902464224       3.108598277745678E-005  2.328206766039718E-004
   56080.8106811210       9.328848333955975E-005  2.327768060345948E-004
   56080.8311156195       1.331174471912444E-004  2.328077692298411E-004
   56080.8515502180       3.214318550166517E-004  2.328079867698545E-004
   56080.8719849164       9.861340606276414E-005  2.328273840877196E-004
   56080.8924194147       3.086143997659274E-004  2.328132621151804E-004
   56080.9128541130       2.388497104299780E-005  2.327551970599264E-004
   56080.9332887112      -2.798878207676103E-003  2.325932929049238E-004
   56080.9537232093      -1.436737200861671E-002  2.318309601844925E-004
   56080.9741579073      -2.551253349220717E-002  2.310676666623352E-004
   56080.9945925052      -2.848903788720658E-002  2.308600609761757E-004
   56081.0150270032      -2.186193372651124E-002  2.313922544907220E-004
   56081.0354617011      -9.446049742677709E-003  2.321744196090452E-004
   56081.0558962987      -6.967785662582715E-004  2.327373769071588E-004
   56081.0763309965       6.500592549740780E-004  2.328384605000706E-004
   56081.0967654941      -8.809717865443378E-005  2.327457884543451E-004
   56081.1172000917       5.558439706494500E-004  2.327797246964418E-004
   56081.1376347891      -2.886795353416183E-004  2.327886619653272E-004
   56081.1580692866       1.160381929730114E-004  2.327373769071588E-004
   56081.1785038839       1.936885617177531E-004  2.327360535387437E-004
   56081.1989385812       5.650526976062054E-004  2.327970191275102E-004
   56081.2193730784       5.394996049998824E-004  2.327791083330703E-004
   56081.2398076755       1.064337896106160E-005  2.327581157217734E-004
   56081.2602423726       4.464975969566964E-004  2.327387184039083E-004
   56103.9221483164      -1.153135667708582E-005  2.321970256421085E-004
   56103.9425826716      -4.218743401063207E-004  2.322023553724378E-004
   56103.9834516817       1.819381293270972E-004  2.322290402807531E-004
   56104.0038860362      -2.844511412168904E-004  2.321961010970514E-004
   56104.0243205909       1.958235888694926E-004  2.321825592312147E-004
   56104.0447550452       4.307678077135613E-004  2.322691764132327E-004
   56104.0651894994       4.613690551311667E-004  2.322135042981266E-004
   56104.0856239532       1.465448861854846E-004  2.321935087452246E-004
   56104.1060584070      -1.256725660359059E-005  2.322566859907944E-004
   56104.1264928608      -5.272342875406455E-005  2.321683647453378E-004
   56104.1469273141      -3.933945955753027E-003  2.319574778306423E-004
   56104.1673617675      -1.648257458990365E-002  2.312025233423335E-004
   56104.1877963205      -2.663362672513014E-002  2.305910183645539E-004
   56104.2082306734      -2.829644660204966E-002  2.304285884878521E-004
   56104.2286651260      -2.039434449798849E-002  2.309659123210487E-004
   56104.2490996787      -7.897186639198583E-003  2.317440710774577E-004
   56104.2695341308      -3.903276365189168E-004  2.321756342074536E-004
   56104.2899684830       1.458504985552000E-004  2.321751084857544E-004
   56104.3104030351       2.128599967865519E-005  2.321410816019855E-004
   56104.3308374868       2.465467758518969E-004  2.321451242205686E-004
   56104.3512718385      -4.215531192068855E-004  2.320789920564829E-004
   56104.3717063898       3.258639125134355E-004  2.321890673032835E-004
   56104.3921408412       1.478432547716846E-004  2.321201252473575E-004
   56104.4125751922       7.757121051610305E-005  2.321471545940274E-004
   56104.4330097430      -1.729997194133137E-005  2.321500732558744E-004
   56104.4534440937       9.917135311021674E-005  2.321306396813404E-004
   56104.4738786443       3.231939240788684E-005  2.321596631448002E-004
   56219.9852444522       1.417917629369381E-004  2.502307772493898E-004
   56220.0056773307      -5.385103039370343E-004  2.501809040986054E-004
   56220.0261101088       2.492544773211591E-004  2.502058591866743E-004
   56220.0465427867      -2.631007588826950E-005  2.502301663310618E-004
   56220.0669756644      -5.972107335605603E-005  2.501945109159130E-004
   56220.0874084418       1.688803831982888E-004  2.502238905336913E-004
   56220.1078412192      -5.329242819818170E-005  2.501907713552380E-004
   56220.1282739961      -1.112469447897002E-004  2.501926411355754E-004
   56220.1487067728      -4.760345730636661E-005  2.501973988934640E-004
   56220.1691395493      -2.415354204663434E-004  2.501910305327105E-004
   56220.1895723256      -8.623237335507739E-004  2.501916784763918E-004
   56220.2100051016      -1.027363290137939E-002  2.495270548734549E-004
   56220.2304378774      -2.226854793044908E-002  2.488806477443013E-004
   56220.2508707531      -2.774447751843823E-002  2.485505852330408E-004
   56220.2713034284      -2.498123891880666E-002  2.487276774974817E-004
   56220.2917363035      -1.423643392912888E-002  2.493308575267536E-004
   56220.3121690784      -2.259736259965450E-003  2.500743266193679E-004
   56220.3326017530       7.491036679252439E-005  2.502205582519017E-004
   56220.3530346274       7.577269273606468E-005  2.502340354804730E-004
   56220.3734674015      -4.146669182958362E-005  2.502078955811012E-004
   56220.3939000757       2.070554673843095E-004  2.502410702975844E-004
   56220.4143329494       1.851709527118661E-004  2.502035080767449E-004
   56220.4347656228      -6.407542588804382E-005  2.502165965391074E-004
   56220.4551983960      -3.112252143955274E-004  2.501912897101830E-004
   56220.4756312690       4.339633466516890E-004  2.502215209110854E-004
   56220.4960639418      -2.154288607958410E-004  2.501894569551987E-004
   56220.5164967143      -2.359241077338758E-004  2.501646499685428E-004
   56220.5369295866       1.164876197554676E-004  2.502431622300412E-004
   56243.1763257219       6.296420076870035E-004  2.508857742604901E-004
   56243.1967583999      -1.967198084886768E-004  2.509214852136687E-004
   56243.2171908777      -3.222415154657821E-005  2.509106367851758E-004
   56243.2376234555       3.213161757427141E-004  2.509406273212823E-004
   56243.2580560331       2.298007625871623E-004  2.509566778119022E-004
   56243.2784886107       4.069045503460877E-004  2.509441262171614E-004
   56243.2989212881       1.823187406835292E-004  2.509469031186527E-004
   56243.3193537653       8.780406503006155E-005  2.509403681438098E-004
   56243.3397863426      -1.953654337084609E-004  2.509385353888255E-004
   56243.3602190197       4.153377355091692E-004  2.509608246514626E-004
   56243.3806514966       3.863140690056888E-004  2.509697662742647E-004
   56243.4010840736      -1.443778491827086E-003  2.507858613448317E-004
   56243.4215167503      -1.045605291972351E-002  2.503173240125365E-004
   56243.4419492269      -2.269446730528024E-002  2.496355576710598E-004
   56243.4623818035      -2.839537113602952E-002  2.493501847611333E-004
   56243.4828144798      -2.443412012429158E-002  2.495388289357782E-004
   56243.5032470562      -1.307074778778861E-002  2.501890681889899E-004
   56243.5236796324      -2.005409272151648E-003  2.508512110932612E-004
   56243.5441122085       2.141784880334008E-004  2.509905189847433E-004
   56243.5645447845       2.248525675241364E-004  2.509780969787387E-004
   56243.5849773604       3.548838087819028E-005  2.509399793776010E-004
   56243.6054099361       2.415117616647589E-004  2.509549005949478E-004
   56243.6258425118       8.291879974642313E-006  2.509792077393353E-004
   56243.6462751873      -3.499122525170151E-004  2.509513461610389E-004
   56243.6667076628       6.642824684299775E-005  2.509736169109994E-004
   56243.6871402381      -1.340702750822764E-004  2.509793373280715E-004
   56243.7075729133      -3.763990939062989E-004  2.509521977441629E-004
   56243.7280053884      -8.045618754048967E-005  2.509828917619805E-004
   56243.7484380634       1.597566044375665E-004  2.509922591763446E-004
   56266.3876848312      -2.716411271609376E-004  2.524324713658122E-004
   56266.4081173663      -4.108529557156348E-005  2.524980062410077E-004
   56266.4285498014      -2.891526395413235E-004  2.524896570238571E-004
   56266.4489824366      -5.671316989571684E-004  2.524295463629080E-004
   56266.4694149718      -2.214423650744868E-004  2.524523354678135E-004
   56266.4898475070      -7.384434037271959E-005  2.524881204716986E-004
   56266.5102800424       1.671235766320667E-004  2.524703668148307E-004
   56266.5307125777      -1.457450633081114E-004  2.525000981734645E-004
   56266.5511451131      -3.135111709162697E-004  2.524669234569814E-004
   56266.5715776485      -9.462895836198637E-005  2.524933965845322E-004
   56266.5920100839      -1.543933635589356E-004  2.524843994237002E-004
   56266.6124427194      -5.124562195375493E-004  2.524336932024683E-004
   56266.6328752550      -1.104687254693737E-002  2.518607443740989E-004
   56266.6737403262      -2.877623272566920E-002  2.509013063961649E-004
   56266.6941728619      -2.442190495651664E-002  2.511353806792081E-004
   56266.7146054976      -1.326262819892798E-002  2.517470395143669E-004
   56266.7350379333      -2.522258495701202E-003  2.523564212903027E-004
   56266.7554704691       1.257783364889686E-004  2.525053557736215E-004
   56266.7759031049      -6.831528153239397E-005  2.524275469938342E-004
   56266.7963355408      -1.388479180186586E-005  2.524931003817064E-004
   56266.8167680768       1.287795251614376E-004  2.525035600439904E-004
   56266.8372007127       8.367405311555665E-004  2.525242942417924E-004
   56266.8576331487       5.937759446021929E-004  2.525362719435584E-004
   56266.8780657847       2.664240946965712E-004  2.525235537347280E-004
   56266.8984983208       4.727726960016554E-004  2.525282004165569E-004
   56266.9189308569      -3.277558301327810E-004  2.524161061596899E-004
   56266.9393633931       2.749342255836673E-004  2.525056149510940E-004
   56266.9597959293       2.616209580559303E-004  2.524953959536059E-004
   56289.5991095138       3.668367341647105E-004  2.532157242004590E-004
   56289.6195422819       3.135248608681085E-004  2.531929165828768E-004
   56289.6399748503      -1.963077775356536E-004  2.532127251468483E-004
   56289.6604075188      -4.464093093048405E-005  2.532028208648626E-004
   56289.6808402875      -1.209186825109621E-004  2.532046536198469E-004
   56289.7012728564      -4.152605728613423E-005  2.532266466796583E-004
   56289.7217055256       1.590438544634143E-004  2.532237772147839E-004
   56289.7421382948       2.956865563996658E-005  2.532234995246348E-004
   56289.7625708644      -1.991346896884627E-004  2.532346996939832E-004
   56289.7830036340      -3.493221188622941E-004  2.531843267009302E-004
   56289.8034363039      -7.153361119749402E-005  2.532307750065420E-004
   56289.8238688740      -7.169487281422082E-004  2.531885846165503E-004
   56289.8443016443      -1.173512808767740E-002  2.526023251736990E-004
   56289.8647342147      -2.341566589431776E-002  2.518927342792791E-004
   56289.8851668854      -2.875584812262488E-002  2.515873861912916E-004
   56289.9055996562      -2.418156587332421E-002  2.518362891282985E-004
   56289.9260323273      -1.254466860240644E-002  2.525514338257011E-004
   56289.9464649985      -1.901360965208432E-003  2.531179957806405E-004
   56289.9668976699       1.104394466771019E-004  2.532370693165891E-004
   56289.9873303416       1.482924910096717E-004  2.532299789614479E-004
   56290.0077630134       2.024349119096325E-004  2.532278314909612E-004
   56290.0281956854       6.961369381830451E-005  2.532205189837007E-004
   56290.0486283576      -1.957706602017106E-004  2.532149281553648E-004
   56290.0690611300       1.301062435659084E-004  2.532330890911182E-004
   56290.0894937027       7.631865634127877E-006  2.532318302291087E-004
   56290.1099263754       1.246637499630054E-004  2.532418640998308E-004
   56290.1303591485       2.202943583329287E-005  2.532485101507334E-004
   56290.1507917216      -3.611834876793285E-005  2.532424935308355E-004
   56290.1712244950       7.039324263493629E-004  2.532854799659214E-004
   56336.0228292294      -1.866638515950481E-004  2.188068962094766E-004
   56336.0432625866      -3.379357773594105E-004  2.188432831147599E-004
   56336.0636960445       3.305534337139093E-006  2.188148802643240E-004
   56336.0841293025      -2.802923469453766E-004  2.188253614597301E-004
   56336.1045626609       3.075785151307464E-005  2.188333285272268E-004
   56336.1249961199       1.394236115803693E-005  2.188138610232797E-004
   56336.1454293789       3.156804538095859E-004  2.188497213206901E-004
   56336.1658627386       1.858563571943694E-004  2.188252085735734E-004
   56336.1862961986       4.775587778294010E-005  2.188336852615923E-004
   56336.2067295588       3.748886359318249E-004  2.188409388603579E-004
   56336.2271629196       2.827621545027359E-004  2.188738433587397E-004
   56336.2475962805      -1.849461440793232E-003  2.187263082175699E-004
   56336.2680296421      -1.333283911379279E-002  2.180745205570579E-004
   56336.2884631039      -2.418448674845652E-002  2.174218155796061E-004
   56336.3088963662      -2.804844782135496E-002  2.172145359258865E-004
   56336.3293297287      -2.271676929811162E-002  2.175262198372492E-004
   56336.3497630917      -1.031463414505196E-002  2.182294961578516E-004
   56336.3701964551      -7.886220672802535E-004  2.188095292488412E-004
   56336.3906299188       1.188061890478043E-004  2.188517088407266E-004
   56336.4110631827       2.437813353854956E-004  2.188539681583749E-004
   56336.4314965473       2.088447282295736E-004  2.188738263713890E-004
   56336.4519300122       3.241599776500070E-004  2.188543588674419E-004
   56336.4723632773      -1.336286582434010E-004  2.188120433767505E-004
   56336.4927966430       1.902800058568577E-004  2.188566181850902E-004
   56336.5132301090      -2.124470253399569E-004  2.188410917465146E-004
   56336.5336633753      -6.919358172474688E-005  2.188585547430744E-004
   56336.5540968420       3.943393303582621E-004  2.188870255429133E-004
   56336.5745302091      -1.505151047531683E-005  2.188483963073324E-004
   56359.2353735407       2.508061448256438E-004  2.186186593759356E-004
   56359.2558074270       2.393610551911785E-004  2.186816994345288E-004
   56359.2762411137       2.678356724348241E-004  2.187142471985451E-004
   56359.2966749007      -1.076541492400773E-004  2.187557303090502E-004
   56359.3171087881      -1.218538610422426E-004  2.187917434926172E-004
   56359.3375424760      -3.287352808839517E-004  2.187566136512886E-004
   56359.3579763641       2.504381363861441E-004  2.189361359739003E-004
   56359.3784101525      -7.781021050331516E-004  2.189270137665534E-004
   56359.3988438413       2.758811440675135E-004  2.189877265580953E-004
   56359.4192777306      -1.552341687501846E-004  2.190278506805412E-004
   56359.4397114204      -1.835312017534063E-004  2.190544019097466E-004
   56359.4601453101      -2.939502891523782E-003  2.189136447215216E-004
   56359.4805791006      -1.494997794572006E-002  2.181955724184254E-004
   56359.5010128913      -2.579127772385981E-002  2.176089482353490E-004
   56359.5418804738      -2.206475311747902E-002  2.178652533833019E-004
   56359.5623142657      -9.684295061305193E-003  2.185644017776747E-004
   56359.5827480577      -6.701621471414398E-004  2.191491233774683E-004
   56359.6031818503      -1.429707103265399E-004  2.191924411218532E-004
   56359.6236156433      -3.918736111734322E-004  2.191965690480828E-004
   56359.6440495366      -2.953014814564003E-004  2.192247680503099E-004
   56359.6644832303       7.033111885523802E-005  2.192549205978719E-004
   56359.6849170242      -2.023625398626105E-004  2.192614777152573E-004
   56359.7053509186      -8.159066100563717E-004  2.192323783834410E-004
   56359.7257846133      -3.048364611402121E-005  2.192876891974478E-004
   56359.7462185086       4.203458391656145E-004  2.193368675778378E-004
   56359.7666523040       1.234971657020356E-004  2.193178927070621E-004
   56359.7870859998      -1.407781113561546E-004  2.193351178807116E-004
   56382.4483867730      -3.679959928276633E-004  2.197468742752788E-004
   56382.4688209445      -2.545428304090436E-005  2.197596317756840E-004
   56382.4892552164      -1.122558106504412E-004  2.197493204537853E-004
   56382.5096892885      -2.098764285668464E-004  2.197523102275154E-004
   56382.5301234610      -1.114681391678474E-005  2.197598356238928E-004
   56382.5505577336      -1.713284780935354E-005  2.197474008831518E-004
   56382.5709919067      -1.727356710168326E-005  2.197636577778092E-004
   56382.5914259799      -1.926586333317326E-004  2.197581878508711E-004
   56382.6118602536      -9.332622423907644E-005  2.197589013196022E-004
   56382.6322943276      -2.803737308778587E-004  2.197467893385251E-004
   56382.6527286017      -1.979768857101050E-004  2.197453114390108E-004
   56382.6731627762      -3.770450603236997E-003  2.195444190291692E-004
   56382.6935968511      -1.632864288851488E-002  2.186896834893762E-004
   56382.7140311262      -2.622736706356565E-002  2.180264463544660E-004
   56382.7344653016      -2.811792519350864E-002  2.179193580954062E-004
   56382.7548993773      -2.102742376569200E-002  2.183653949637651E-004
   56382.7753336533      -8.148200702442154E-003  2.192447621621299E-004
   56382.7957678297      -5.219527045458028E-004  2.197254532259967E-004
   56382.8162021063      -2.154916620389358E-005  2.197537881270297E-004
   56382.8366361833      -5.968786687028382E-004  2.197242471240942E-004
   56382.8570703604       1.019289446893001E-004  2.197770947722439E-004
   56382.8775046380      -8.174087224477322E-005  2.197592240792662E-004
   56382.8979387158       2.635299396436253E-005  2.197603452444150E-004
   56382.9183728939      -4.987320519675986E-004  2.197309571276362E-004
   56382.9388071723       5.354069989160770E-005  2.197575763062445E-004
   56382.9592412510       4.156257380794059E-005  2.197661379310171E-004
   56382.9796755301       5.289212783199382E-005  2.197597846618406E-004
   56383.0001097094       2.526307764316726E-005  2.197606510167283E-004
   56405.6617361500      -3.341140657651120E-004  2.347675895004034E-004
   56405.6821707045       3.388112519098208E-004  2.348461276683983E-004
   56405.7026050593      -1.632646901436052E-004  2.348016184536748E-004
   56405.7230395143       1.338546966049847E-004  2.348253676374524E-004
   56405.7434740694       2.861488681935587E-004  2.347956948276367E-004
   56405.7639084248      -8.435975412190988E-005  2.347376797455461E-004
   56405.7843429803      -1.979512360826829E-004  2.347075512721890E-004
   56405.8047774361      -3.418587690846575E-004  2.348101302486281E-004
   56405.8252117920      -2.256687439649019E-004  2.348236178894534E-004
   56405.8456463481      -2.219427970525656E-004  2.347427102710431E-004
   56405.8660808045      -1.620808819752240E-004  2.348320750047817E-004
   56405.8865151609      -4.862961997090021E-003  2.344750899599105E-004
   56405.9069497176      -1.823651430739981E-002  2.337088461486992E-004
   56405.9273841745      -2.713812108346569E-002  2.331614301966078E-004
   56405.9478185316      -2.700030275286158E-002  2.332072152692473E-004
   56405.9682530889      -1.878162738736078E-002  2.336583950813959E-004
   56405.9886875464      -5.947124394219960E-003  2.343370968130342E-004
   56406.0091221040      -6.422794397398235E-005  2.348421542823174E-004
   56406.0295564618       2.847343988441331E-004  2.347910288329728E-004
   56406.0499909198       5.760797352682978E-005  2.348069406038383E-004
   56406.0704254781       8.366246686342116E-005  2.348264430034101E-004
   56406.0908598365      -2.323396096572949E-004  2.347564713099933E-004
   56406.1112942951       2.129347742518828E-004  2.347664594548207E-004
   56406.1317288539      -1.045937634150951E-004  2.347662589628625E-004
   56406.1521633129      -4.617559184509901E-004  2.347687742256110E-004
   56406.1725977720       1.576954542394926E-004  2.348314917554487E-004
   56406.1930322314       1.661342799816889E-004  2.348490803681466E-004
   56406.2134665910       9.252284344429818E-005  2.347539378207032E-004
