   55005.6775233972      -9.918415885319387E-004  4.315012964956777E-004
   55005.6979573080      -6.036302137857330E-005  4.315662013430771E-004
   55005.7183912189       5.243048846004239E-004  4.316070094965842E-004
   55005.7388251295       1.096448859785326E-004  4.316029854907279E-004
   55005.7592589396      -5.187903633756541E-004  4.315504367083696E-004
   55005.7796929500       1.597846336010011E-004  4.316022753720473E-004
   55005.8001268599      -5.156104380361626E-004  4.315449451239069E-004
   55005.8205606698       3.397302748147091E-004  4.315893038708165E-004
   55005.8409946794       7.193254754813694E-004  4.316542087182159E-004
   55005.8614285888      -2.961578027705913E-004  4.315125163708299E-004
   55005.8818623980       4.371382929513334E-004  4.315978252949828E-004
   55005.9022963072       1.510945957543530E-004  4.315991508498531E-004
   55005.9227303160       9.019458594017316E-004  4.316225374250648E-004
   55005.9431641247      -5.501773645555375E-005  4.315537032542999E-004
   55005.9635980334      -4.105040115146563E-004  4.315634082096003E-004
   55005.9840320417      -2.383910710124226E-005  4.316475336026190E-004
   55006.0044659500       8.206385544955452E-004  4.316301593655690E-004
   55006.0248997578       1.011187902171029E-003  4.316527411396095E-004
   55006.0453336656       7.277028850665168E-004  4.316139686596532E-004
   55006.0657676734      -2.691586755708686E-004  4.315162563292139E-004
   55006.0862014807      -4.388425326704581E-004  4.315029060980202E-004
   55006.1066353881      -4.019600465953177E-004  4.315191441451814E-004
   55006.1270693952      -2.617993683143860E-004  4.314920176115856E-004
   55006.1475032020       1.111201229278214E-003  4.316761750560666E-004
   55006.1679371087      -3.485874130314537E-004  4.315311688215048E-004
   55006.1883710151       2.351564042899490E-004  4.315756222509052E-004
   55006.2088049215      -6.947866211908238E-004  4.314630447694205E-004
   55006.2292388277      -1.711574910776670E-003  4.314291957789824E-004
   55006.2496727336      -3.291776263809609E-003  4.312733010579861E-004
   55006.2701067395      -3.901229611232737E-003  4.312075440681701E-004
   55006.2905405450      -4.887922931756883E-003  4.310684081480340E-004
   55006.3109744505      -6.126852282930750E-003  4.310872973049357E-004
   55006.3314082557      -5.176771332366603E-003  4.310932149606067E-004
   55006.3518422607      -5.762729349661488E-003  4.309864131110569E-004
   55006.3722761657      -5.126928651045803E-003  4.310703017978487E-004
   55006.3927099703      -4.150809096682084E-003  4.311690556356861E-004
   55006.4131439748      -3.920840851994067E-003  4.312180538246418E-004
   55006.4335778791      -2.298138205486078E-003  4.313337558283208E-004
   55006.4540117832      -6.011109937974490E-004  4.315265293794588E-004
   55006.4744455873      -1.088636284636513E-003  4.314629500869297E-004
   55006.4948795911      -1.606985851361209E-004  4.315478329398743E-004
   55006.5153134945       5.288485349730365E-004  4.316566704629750E-004
   55006.5357472981       9.485480054327589E-005  4.315591474975172E-004
   55006.5561813013      -3.939939117905134E-004  4.315578219426469E-004
   55006.5766152042      -2.344406776900732E-004  4.315471701624392E-004
   55006.5970490071       2.529446249888156E-004  4.316859746938577E-004
   55006.6174829098      -2.288549843245669E-004  4.314970831248399E-004
   55006.6379169122       1.531010712771952E-003  4.317156576547034E-004
   55006.6583507147       3.929300167682115E-006  4.315417259192218E-004
   55006.6787846166       2.255721882171713E-005  4.315448977826615E-004
   55006.6992186186      -3.218775418799558E-004  4.315268134269310E-004
   55006.7196525204      -3.168451416533102E-004  4.314959469349511E-004
   55006.7400863219      -7.716332133556048E-004  4.314569850900134E-004
   55006.7605202232       7.985257010778568E-005  4.315308374327872E-004
   55006.7809542245       2.227597358217537E-004  4.315366604059675E-004
   55006.8013880255       4.614633869508555E-004  4.315460813137957E-004
   55006.8218219263      -2.198594147885258E-004  4.314867627333498E-004
   55006.8422559269      -3.780018199490698E-004  4.314242249482188E-004
   55006.8626897275       1.552962421356163E-004  4.315383173495554E-004
   55006.8831236276       2.690399418225908E-004  4.315357609223055E-004
   55006.9035575277      -4.521585492783808E-004  4.314624766744761E-004
   55006.9239914276      -5.669339570556486E-004  4.314637548881010E-004
   55006.9444253273      -1.835301242641973E-004  4.314765370243503E-004
   55006.9648592269      -1.272882789275176E-003  4.314140939217101E-004
   55006.9852931263      -3.703337920530902E-004  4.314557542176338E-004
   55007.0057271255       6.798144138056017E-004  4.315774685594746E-004
   55066.9374693399      -1.228442939795737E-004  4.302076496247556E-004
   55066.9579027384      -6.420343378306104E-004  4.301186480834640E-004
   55066.9783360369      -4.866717535578768E-005  4.301593142132350E-004
   55066.9987693351      -4.589329134171427E-004  4.301391941839536E-004
   55067.0192025329       3.025799209468438E-004  4.302421613926288E-004
   55067.0396359307      -1.914624516421437E-004  4.301664627412855E-004
   55067.0600692285       3.511433101821559E-005  4.302079336722278E-004
   55067.0805024258       5.588790493060714E-006  4.301620126642210E-004
   55067.1009357231       1.042808853981780E-003  4.303162031003841E-004
   55067.1213691200       3.543674137258535E-004  4.302014952628578E-004
   55067.1418023168       4.176211999595836E-005  4.301944887585433E-004
   55067.1622356134      -1.801226424132940E-004  4.301570891747027E-004
   55067.1826690098      -2.898848450904046E-004  4.301704867471418E-004
   55067.2031022062      -9.449162236774278E-005  4.301704394058964E-004
   55067.2235355021      -4.331938493301601E-004  4.301325664096021E-004
   55067.2439688981      -1.005650213859788E-003  4.300715435443230E-004
   55067.2644020937       4.025803531559902E-004  4.301975659394922E-004
   55067.2848353892       1.862790917004364E-004  4.302329298497820E-004
   55067.3052686844      -1.921680868286479E-004  4.302092592270981E-004
   55067.3257020794       1.695691593228688E-004  4.302031048652002E-004
   55067.3461352744      -2.890076820331045E-004  4.301355962493057E-004
   55067.3665685689       1.412604237764903E-004  4.302112002181581E-004
   55067.3870019635       3.926071478828064E-004  4.302193429123615E-004
   55067.4074351578       7.488103303754379E-005  4.301762150378313E-004
   55067.4278684518      -1.377814471545946E-004  4.301599296494248E-004
   55067.4483017459      -2.848892971469841E-004  4.301812805510857E-004
   55067.4687350395      -1.679211340162801E-003  4.300750941377255E-004
   55067.4891683331      -1.503785758459331E-003  4.300155388510528E-004
   55067.5096016264      -3.039579466964093E-003  4.299375204786865E-004
   55067.5300349196      -4.204043680641645E-003  4.295535829787532E-004
   55067.5504682125      -4.946641657317730E-003  4.295029278462096E-004
   55067.5709015051      -5.044706881152550E-003  4.294471598591663E-004
   55067.5913346978      -4.619138178181936E-003  4.295094135968250E-004
   55067.6117680902      -5.325910547906210E-003  4.294803460721691E-004
   55067.6322013822      -4.547458512867975E-003  4.295387178277077E-004
   55067.6526345744      -4.082828466637101E-003  4.295693949547061E-004
   55067.6730679661      -3.749590830944727E-003  4.298821785628515E-004
   55067.6935012576      -1.499548470242029E-003  4.300735318766284E-004
   55067.7139344491      -1.651359574946221E-003  4.300730584641747E-004
   55067.7343677401      -2.808133118010758E-004  4.301795762662524E-004
   55067.7548011312      -4.956253923265042E-004  4.301456799345690E-004
   55067.7752344220       1.229702801452959E-005  4.301990808593440E-004
   55067.7956676125       1.337129518583779E-004  4.301972818920200E-004
   55067.8161010031       3.332614367781428E-004  4.302361963957124E-004
   55067.8365342932       6.733958638640569E-004  4.302756789943492E-004
   55067.8569674833       1.522798426252248E-004  4.302464221047118E-004
   55067.8774007732       1.237208575777471E-003  4.303071609225188E-004
   55067.8978341628       2.973569562760847E-004  4.302458540097674E-004
   55067.9182673522      -3.895259749420177E-006  4.302156029539773E-004
   55067.9387006416       1.031077236568034E-003  4.303171972665368E-004
   55067.9591340306      -1.776224297533879E-005  4.302062767286399E-004
   55067.9795672195       2.225605804722086E-004  4.301987494706264E-004
   55068.0000005082      -3.405698519509670E-004  4.301619179817302E-004
   55068.0204337967      -2.276459553858245E-004  4.301097479293348E-004
   55068.0408670849      -6.459329130237279E-006  4.301660840113226E-004
   55068.0613003732      -8.086789131938055E-004  4.300880656389564E-004
   55068.0817336609       2.855967328607711E-005  4.301365430742131E-004
   55068.1021670487       3.387246046389070E-004  4.302086437909083E-004
   55068.1226002363       3.525246679494387E-004  4.302052352212418E-004
   55068.1430335236      -8.775775787274176E-004  4.301190268134269E-004
   55068.1634667106      -2.695711519097310E-004  4.301333712107734E-004
   55068.1839000977      -5.985337372212962E-004  4.301660840113226E-004
   55068.2043333843       6.384614118823961E-004  4.302642224129702E-004
   55068.2247666709      -1.196471879275296E-003  4.301194528846352E-004
   55068.2451999573      -7.186138628123562E-004  4.301497986229161E-004
   55128.1957940755       4.771437654202959E-004  4.718787816432566E-004
   55128.2162270158      -1.528811261560792E-004  4.718326414638606E-004
   55128.2366600561       1.169847295382276E-003  4.718927649922393E-004
   55128.2570928964      -1.629435797800838E-004  4.718278179392986E-004
   55128.2775258367       7.371193629612804E-005  4.718532023463369E-004
   55128.2979587769      -3.592071350349002E-004  4.718520817295196E-004
   55128.3183918172       1.565985560245675E-004  4.718317157369245E-004
   55128.3388246575       4.804754403506806E-004  4.718792688679598E-004
   55128.3592575977       1.766078319314079E-004  4.718400960018201E-004
   55128.3796906379       5.153813406419960E-004  4.719079664029801E-004
   55128.4001234781      -4.093547661244701E-004  4.718211916833347E-004
   55128.4205564183       1.913864879752314E-004  4.718517893946976E-004
   55128.4409892585      -2.498405293027695E-005  4.718265024325999E-004
   55128.4614222986       3.697853727044897E-004  4.717986331795751E-004
   55128.4818552387      -3.755652252102060E-005  4.718163194363024E-004
   55128.5022881789       1.675795304931782E-004  4.718236765293212E-004
   55128.5227211190       1.198428535595930E-004  4.717634068335315E-004
   55128.5431540591      -6.675158692678318E-004  4.717779748521581E-004
   55128.5635868991      -7.787039774274085E-004  4.717626759964767E-004
   55128.5840199392       7.225542913684713E-004  4.718059415501236E-004
   55128.6044528792      -3.686636912362262E-004  4.718318131818651E-004
   55128.6248857193       7.361964051428860E-004  4.717557574056908E-004
   55128.6453186593       3.929897572474417E-004  4.719483573308780E-004
   55128.6657516993       1.479765045524495E-004  4.719011939796052E-004
   55128.6861845393      -4.738197679781120E-004  4.717401174927171E-004
   55128.7066174793      -3.584707468778925E-004  4.717954662190041E-004
   55128.7270505192       3.485449867697277E-004  4.718833615554670E-004
   55128.7474833591      -1.574621240194030E-003  4.717192155529484E-004
   55128.7679162991      -3.073437175859062E-003  4.717542470091108E-004
   55128.7883492390      -3.802628295584642E-003  4.714841783561098E-004
   55128.8087821789      -4.119009750193636E-003  4.714177209065891E-004
   55128.8292151188      -5.324142450010450E-003  4.713943341208340E-004
   55128.8496480587      -5.021376673062683E-003  4.713218350849932E-004
   55128.8700810986      -2.971135951983062E-003  4.716044741353375E-004
   55128.9109468782      -3.494213659635315E-003  4.714621557995237E-004
   55128.9518127579      -2.380773726610941E-003  4.717008959041070E-004
   55128.9722456977      -1.091967576757891E-003  4.716428187194818E-004
   55128.9926785374      -1.908480611207963E-004  4.719003656976098E-004
   55129.0131115772      -5.835398031580619E-004  4.717514211058320E-004
   55129.0335445170       1.403584169199501E-004  4.718599260472415E-004
   55129.0539774567      -6.740842048748030E-004  4.717655506222257E-004
   55129.0948433362      -6.594561763436646E-004  4.717738821646509E-004
   55129.1152762759      -4.175800281405184E-004  4.718008256907396E-004
   55129.1357091156      -2.008064089483730E-004  4.717619451594218E-004
   55129.1561421552       7.995409528041009E-004  4.718837026127592E-004
   55129.1765750949       4.999900808744240E-004  4.718378547681852E-004
   55129.1970079346       2.656219518426539E-005  4.718498404958847E-004
   55129.2174409742      -1.189678225177460E-005  4.718861387362754E-004
   55129.2378739138      -6.326125587499121E-004  4.717704228692580E-004
   55129.2583067535      -6.246946652392893E-004  4.718040413737810E-004
   55129.2787397931       2.153204803789777E-006  4.719183930116293E-004
   55129.2991727327      -7.421176210175018E-004  4.718039439288403E-004
   55129.3196055723       2.251096937821995E-004  4.719047994424091E-004
   55129.3400385118      -3.200705813342086E-004  4.718070134444707E-004
   55129.3604715514      -5.263055294425500E-004  4.717257930864420E-004
   55129.3809044909      -2.179836505503685E-004  4.717647710627005E-004
   55129.4013373305      -2.096560063108432E-004  4.718660163560320E-004
   55129.4217703700       1.448562338635107E-004  4.718124703611468E-004
   55129.4422033095      -2.405743902680335E-004  4.718311797897509E-004
   55129.4626361491       6.352408843590673E-005  4.717730538826555E-004
   55129.4830691885       4.761586072343782E-005  4.718016539727351E-004
   55129.5035021280       5.086685130861746E-005  4.719118154781356E-004
   55495.7350626120       1.114238392196931E-005  4.649955174220272E-004
   55495.7554954581      -7.394123289006238E-005  4.651253241554051E-004
   55495.7759284042      -2.813669137169406E-005  4.650689053629090E-004
   55495.7963614503      -2.380862382493909E-004  4.651850304182437E-004
   55495.8167942964      -3.752993412264871E-005  4.652140858546534E-004
   55495.8372273424       1.553410684345113E-004  4.652140375095013E-004
   55495.8576602884       5.591263350994691E-004  4.653775891590422E-004
   55495.8780931343       3.085021014028744E-004  4.652964176486730E-004
   55495.8985261802       4.782906201372672E-004  4.653182213122683E-004
   55495.9189591261      -5.679934049267477E-004  4.652236581947685E-004
   55495.9393920719      -1.353149168266121E-004  4.652210959017073E-004
   55495.9598250178       7.582494826787745E-004  4.654406312373755E-004
   55495.9802579637      -4.332535703138740E-004  4.653139185937318E-004
   55496.0006909094      -3.977612274015385E-004  4.650571574909496E-004
   55496.0211238551      -2.457305859112635E-004  4.652256886911565E-004
   55496.0415568008      -3.952954893267080E-004  4.652363729697697E-004
   55496.0619897465      -2.036004971449623E-004  4.651175405859176E-004
   55496.0824227921       3.690992036478047E-004  4.652589501557986E-004
   55496.1028556378      -9.967960304650969E-004  4.651094186003655E-004
   55496.1232886833      -5.213573427866880E-004  4.652615607940117E-004
   55496.1437216289      -5.690717309499993E-004  4.651633717901047E-004
   55496.1641544744       1.924642093438234E-004  4.651448555968519E-004
   55496.1845875199       6.392020504828455E-004  4.654574070051528E-004
   55496.2050204654       2.407443723611014E-004  4.652867002731017E-004
   55496.2254533109      -2.647906068163897E-004  4.652361312440092E-004
   55496.2458863562      -4.477182305677729E-004  4.652313934191038E-004
   55496.2663192016      -1.770462271292406E-003  4.651856105600689E-004
   55496.2867521470      -2.249887340063039E-003  4.649568413003504E-004
   55496.3071851923      -3.167849282171176E-003  4.648021368136430E-004
   55496.3276180376      -4.268817307036543E-003  4.649956624574835E-004
   55496.3480510829      -4.250723595977890E-003  4.648623748731547E-004
   55496.3684840282      -4.557834777541236E-003  4.648687564332314E-004
   55496.3889168733      -5.425538671081531E-003  4.648819546597536E-004
   55496.4093499186      -5.466878052086344E-003  4.647726462708644E-004
   55496.4297828637      -5.616205734580770E-003  4.648521740460624E-004
   55496.4502157088      -4.533356178799908E-003  4.648008314945364E-004
   55496.4706487539      -3.083234512386790E-003  4.650394631652825E-004
   55496.4910816990      -3.022078198811284E-003  4.651348964955201E-004
   55496.5115146440      -1.282334367714522E-003  4.650861162370552E-004
   55496.5319475890      -9.791441693189906E-004  4.652909546464861E-004
   55496.5523805340       9.010385289554002E-005  4.652655734416357E-004
   55496.5728134790       2.114675971762736E-004  4.652837995639759E-004
   55496.5932465239      -6.775733130458539E-004  4.653064734403089E-004
   55496.6136793688       3.137967165156574E-004  4.653236359693031E-004
   55496.6341124137       9.347319925123720E-005  4.653175444801390E-004
   55496.6545453585      -2.241146489010415E-004  4.653285188296648E-004
   55496.6749782034       8.804388202541258E-004  4.652239966108331E-004
   55496.6954112481      -1.718670368460185E-004  4.651318507509380E-004
   55496.7158441929       1.631043437293478E-004  4.653542867957320E-004
   55496.7362770376      -4.195658236263444E-004  4.653273102008624E-004
   55496.7567100823      -1.051487796564832E-003  4.651435986228974E-004
   55496.7771430270      -1.013707040011913E-003  4.652535354987638E-004
   55496.7975758717       1.196855984535006E-003  4.653758970787189E-004
   55496.8180089163       1.130534379061299E-004  4.652443015747135E-004
   55496.8384418609      -2.395147045464174E-004  4.653309844324217E-004
   55496.8588747055      -6.332599927447724E-004  4.653144503904048E-004
   55496.8793077500       4.485789789321348E-004  4.653844058254878E-004
   55496.8997406945      -3.184232900392825E-004  4.654087234369921E-004
   55496.9201736390       2.414235970222833E-004  4.654396643343336E-004
   55496.9406065835       4.533817966285714E-004  4.653546735569487E-004
   55496.9610395280      -2.740196718812316E-004  4.651231969687128E-004
   55496.9814724724       7.133999339592467E-004  4.654565367924151E-004
   55497.0019054167       1.105516642176951E-004  4.653178345510516E-004
   55497.0223383611      -1.337770382613401E-004  4.653355288767187E-004
   55497.0427713054       4.113269592027624E-004  4.653491138644577E-004
   55679.4941087129       5.288210920111336E-004  5.191362161384885E-004
   55679.5145430490       9.204354734899667E-004  5.191848349286391E-004
   55679.5349771851      -2.432066399845612E-004  5.191596627784150E-004
   55679.5554114213       6.480947306499729E-004  5.192178733758084E-004
   55679.5758457574      -6.900554189082087E-005  5.191407836657468E-004
   55679.5962799936       1.293478952788529E-004  5.191569222620600E-004
   55679.6167141297       1.950844318532319E-006  5.192226946545812E-004
   55679.6371484660       5.199897427516920E-004  5.191986897613230E-004
   55679.6575826021       4.618254325374771E-004  5.191642303056734E-004
   55679.6780169383       8.449750955310531E-004  5.192923240701206E-004
   55679.6984511745      -3.319909863328530E-004  5.192272114315367E-004
   55679.7188853107      -6.212310126540999E-005  5.192463950460221E-004
   55679.7393196469       6.418652075872444E-004  5.191484977117833E-004
   55679.7597538832      -3.187409764310312E-004  5.191666155699084E-004
   55679.7801880194       9.314989892950098E-004  5.191983345092030E-004
   55679.8006223557       1.179368892603172E-004  5.193027278822093E-004
   55679.8210565919      -1.541299014203856E-004  5.191697620886864E-004
   55679.8414907282      -2.995752122614270E-005  5.191953909916364E-004
   55679.8619250644      -1.037893590919436E-004  5.191512889784413E-004
   55679.8823593007       5.482879013123387E-004  5.192424365223981E-004
   55679.9027936370      -2.011010903294475E-004  5.190844000792569E-004
   55679.9232277733      -1.795739090393322E-004  5.191512889784413E-004
   55679.9436620096      -2.889402539054675E-004  5.190259864806519E-004
   55679.9640963459       4.410913026846597E-004  5.192353314799962E-004
   55679.9845304822       5.694676968228674E-004  5.192109205843150E-004
   55680.0049647185       2.613660861594536E-004  5.191667170705141E-004
   55680.0253990549      -2.013055125997809E-004  5.192284801891085E-004
   55680.0458331912      -1.124183183629945E-003  5.190864808416746E-004
   55680.0662675276      -2.214910793166380E-003  5.189900552662191E-004
   55680.0867017639      -3.169279154674243E-003  5.189025617440689E-004
   55680.1071360003      -3.759082643715939E-003  5.188310545673233E-004
   55680.1275702366      -5.598173770254289E-003  5.185569521815154E-004
   55680.1480044730      -5.526555299268932E-003  5.182813272866212E-004
   55680.1684387094      -5.364683069659648E-003  5.184138870777211E-004
   55680.1888729458      -5.786982455824208E-003  5.187205711579724E-004
   55680.2093071822      -4.616350753867904E-003  5.187927380886554E-004
   55680.2297414185      -4.458627843761165E-003  5.188469394121220E-004
   55680.2501757550      -2.668772904396821E-003  5.188611494969259E-004
   55680.2706098914      -2.189258652749326E-003  5.189913747740937E-004
   55680.2910442278      -7.504377196035916E-004  5.192460905442048E-004
   55680.3114783642      -5.142359691557852E-004  5.191799121492607E-004
   55680.3319126006       3.726685105240879E-004  5.192205631418607E-004
   55680.3523469371       7.258581234514949E-006  5.191173877761232E-004
   55680.3727810735       8.311287165205794E-004  5.192716686968520E-004
   55680.3932153100      -5.151685857111010E-004  5.191103334840241E-004
   55680.4136496465       2.531737767810238E-004  5.192762869744132E-004
   55680.4545180193      -1.516543665346370E-004  5.192060485552394E-004
   55680.4749523558      -5.018823228847280E-004  5.191645348074906E-004
   55680.4953864923       3.054915217461929E-004  5.192258411733592E-004
   55680.5158208288       6.238709774806228E-004  5.193387098469451E-004
   55680.5362550653      -5.567372894343947E-004  5.191038374452566E-004
   55680.5566892018      -9.195244023170179E-004  5.190979504101235E-004
   55680.5771235383       4.599504699960288E-004  5.192049827988791E-004
   55680.5975577748       3.110829408980997E-005  5.192949630858700E-004
   55680.6179920113      -5.741922734914251E-005  5.192333522181842E-004
   55680.6384262479       4.196771171605107E-005  5.191839214231875E-004
   55680.6588604844       1.072518612212914E-004  5.191683410802060E-004
   55680.6792948209       7.500114144343151E-005  5.192597931259801E-004
   55680.6997289574      -1.032791078177886E-003  5.191285020924520E-004
   55680.7201631940       5.870702613441914E-005  5.191650930608222E-004
   55680.7405975305      -4.550967224005165E-004  5.191617435408327E-004
   55680.7610317670       5.140709438067326E-004  5.192081293176571E-004
   55680.7814659036      -5.895689373973667E-004  5.191810794062267E-004
   55680.8019002401       5.436599097063954E-005  5.192341134727272E-004
   55680.8223344767       1.201142514509757E-003  5.193313510530287E-004
   55740.7556771532      -8.003321117339146E-004  4.435903258340360E-004
   55740.7761111264      -6.355019705278631E-004  4.435854425620201E-004
   55740.7965450992      -3.435605035296829E-004  4.436235809164642E-004
   55740.8169790719       1.198346244144499E-004  4.436810570280914E-004
   55740.8374131447      -7.393806850092277E-004  4.436004830398291E-004
   55740.8578470170      -3.342761476909928E-005  4.437090870094626E-004
   55740.8782810893      -7.866512560783523E-005  4.436695813388540E-004
   55740.8987150614      -2.054871929518809E-004  4.437444418988577E-004
   55740.9191489332       3.123200474997034E-005  4.436390608887546E-004
   55740.9395830050      -6.407742495713187E-004  4.436266085451141E-004
   55740.9600169766       5.130409694193983E-004  4.437155817612437E-004
   55740.9804508480      -5.757017813692311E-004  4.436365704200265E-004
   55741.0008849193       1.412845384283212E-004  4.438951396732683E-004
   55741.0213188902      -1.394263238709836E-004  4.437109914855488E-004
   55741.0417527611      -1.316131624322647E-003  4.436466787930994E-004
   55741.0621868320       3.693184335062938E-004  4.437736926982329E-004
   55741.0826208025      -1.024159965421489E-004  4.437369216599532E-004
   55741.1030548729       5.794297859496034E-005  4.437761831669610E-004
   55741.1234887431       2.373178854300217E-004  4.438193512915815E-004
   55741.1439227133       3.278733750522456E-005  4.438195954551823E-004
   55741.1643567830       3.870147640867572E-004  4.438678421826994E-004
   55741.1847906528      -1.857873250671327E-004  4.437558199226547E-004
   55741.2052246223      -6.699210546423640E-004  4.437352125147476E-004
   55741.2256586918       4.591216422287214E-004  4.438553410063387E-004
   55741.2460925611      -2.543834533400569E-004  4.437853148856307E-004
   55741.2665265301      -4.429195497963612E-004  4.437892703359636E-004
   55741.2869604989      -1.406009182628454E-003  4.436428698409270E-004
   55741.3073944677      -2.627170407941137E-003  4.435614168637019E-004
   55741.3278285363      -2.517236943892498E-003  4.435606843728995E-004
   55741.3482625046      -4.318252397724764E-003  4.434383584089013E-004
   55741.3686963727      -4.344669400473178E-003  4.434048103301520E-004
   55741.3891304408      -5.143057527511652E-003  4.433616422055316E-004
   55741.4095644087      -5.640827136210280E-003  4.432501082726885E-004
   55741.4299982763      -5.651996225741307E-003  4.432973783458023E-004
   55741.4708663114      -4.295661263610473E-003  4.434127700635380E-004
   55741.4913001786      -3.143971693200021E-003  4.434410442085100E-004
   55741.5117342455      -2.352367201479577E-003  4.435544337847192E-004
   55741.5321682124      -1.665891213521120E-003  4.436122028926672E-004
   55741.5526022791      -1.077081476671848E-003  4.436945348588552E-004
   55741.5730361456      -1.095256509398013E-005  4.439080315113902E-004
   55741.5934701119      -6.653592894801941E-004  4.437001994543936E-004
   55741.6139041781       3.238545225814349E-004  4.438270180286465E-004
   55741.6343380441      -6.768203012200713E-004  4.437380448125169E-004
   55741.6547720099      -4.308170442912651E-005  4.438096335802699E-004
   55741.6752060757      -9.776027956834854E-004  4.436659677175622E-004
   55741.6956399412       8.555802058962669E-004  4.438372240671597E-004
   55741.7160739065      -7.899074007159390E-004  4.436881866052345E-004
   55741.7365079716       1.540757496032441E-004  4.437727648765499E-004
   55741.7569418367       1.012744581468716E-003  4.438586616313095E-004
   55741.7773759015      -1.043203021443562E-004  4.437263737923989E-004
   55741.7978098661       3.261930569418148E-004  4.438532900320920E-004
   55741.8182438305      -4.278325216255929E-005  4.437481043528696E-004
   55741.8386777949      -5.382817326368139E-004  4.437506436543179E-004
   55741.8591117590      -9.606402901007893E-005  4.437993298763164E-004
   55741.8795457230       5.276357880235061E-005  4.437994763744769E-004
   55741.8999796869      -1.643335277171643E-004  4.438069477806612E-004
   55741.9204136506      -5.502068455279785E-004  4.437263249596787E-004
   55741.9408476140      -4.215930633123532E-004  4.438301921554568E-004
   55741.9612815772      -8.896539464984254E-004  4.437341381949041E-004
   55741.9817155404       1.452025376347255E-004  4.438428886626982E-004
   55742.0021496034      -3.770648645278207E-004  4.437556245917741E-004
   55742.0225834662       9.015186083960458E-004  4.439127682852456E-004
   55742.0430174287      -3.589323550601264E-005  4.438259437088030E-004
   55742.0634514912      -8.498757617314556E-005  4.438386890487645E-004
   55802.5880058017      -2.690824804418845E-003  4.394520946296047E-004
   55802.6084392712      -3.475635615536432E-003  4.393608751083477E-004
   55802.6288726407      -3.621316458574886E-003  4.392801546219249E-004
   55802.6493060102      -4.703833201548879E-003  4.390434135945942E-004
   55802.6697393792      -4.566459828095892E-003  4.391204227942849E-004
   55802.6901727480      -3.612629846037829E-003  4.394039944002481E-004
   55802.7106061168      -3.965115408475217E-003  4.392648211477950E-004
   55802.7310394852      -3.191531403537340E-003  4.393955463396606E-004
   55802.7514728535      -2.214548589709819E-003  4.397239952154498E-004
   55802.7719062216      -1.057059821734763E-003  4.398901729621508E-004
   55802.7923395895      -2.038346760480092E-004  4.399372965371041E-004
   55802.8127729571       4.712173877430281E-004  4.400893127949590E-004
   55802.8332064248      -6.483639235277394E-005  4.401847319301496E-004
   55802.8536396919       5.535638891798200E-004  4.400965400375425E-004
   55802.8740730591       8.122983128311390E-004  4.403462217357153E-004
   55802.8945065260       2.284505087530864E-004  4.403092553665550E-004
   55802.9149397927       6.060828242104854E-005  4.404712334993223E-004
   55802.9353731592       4.163513639563465E-004  4.404759214404575E-004
   55802.9558066254       7.272479157571787E-004  4.406859998025814E-004
   55802.9762398914       1.192759384782915E-003  4.407796121271261E-004
   55802.9966732574      -2.320133290257820E-004  4.406342371192129E-004
   55803.0171067230       1.032118163091456E-003  4.408010008585558E-004
   55803.0375399885       1.061615883103162E-003  4.409572167303444E-004
   55803.0579733538       1.307384429026781E-003  4.409396369510871E-004
   55803.0784068189       8.505786665999882E-004  4.408848466390688E-004
   55803.0988400837       1.735985788404726E-003  4.409883231730856E-004
   55803.1192735484       1.120044574360879E-003  4.410078074284290E-004
   55803.1397069130       4.385725252948891E-004  4.410126418677247E-004
   55803.1601402771       7.517740988836064E-004  4.410735362697630E-004
   55803.1805736412       1.388295887450042E-004  4.411094283190798E-004
   55803.2010070052      -9.358065114495329E-005  4.411955204047201E-004
   55803.2214403688       5.515068899104580E-004  4.412393233547027E-004
   55803.2418737323      -1.614201671196192E-004  4.412322426102796E-004
   55803.2623070955      -3.238345721429114E-004  4.413195555139238E-004
   55803.2827404587      -2.495283398179504E-004  4.412430346414348E-004
   55803.3031739214      -3.714381233408393E-004  4.413214111572899E-004
   55803.3236071842      -3.563413604563692E-004  4.413328380138071E-004
   55863.2743457038       2.789508462976986E-004  4.935099951667756E-004
   55863.2947786591      -5.698942133317564E-004  4.934109993166942E-004
   55863.3152117143      -1.242303421037261E-003  4.933705188354232E-004
   55863.3356445695      -5.239161141162851E-004  4.934069316654285E-004
   55863.3560775245      -1.866042198417350E-004  4.934225651684859E-004
   55863.3765105796       2.383803002643514E-004  4.934469710760801E-004
   55863.3969435347       9.475786927095609E-004  4.935923773568681E-004
   55863.4173763896      -2.277214622088408E-004  4.934324647534940E-004
   55863.4378094445       5.085977515655316E-004  4.935042612487263E-004
   55863.4582422994      -6.777351890118188E-004  4.934372185146118E-004
   55863.4786753542       1.850111087156048E-004  4.935275399758494E-004
   55863.4991083090       3.314686936986000E-004  4.934750035643211E-004
   55863.5195411637       3.591150211239569E-004  4.935312155643426E-004
   55863.5399742184      -4.806133079892083E-004  4.934453538171432E-004
   55863.5604071730       1.519635776880968E-004  4.935106812766276E-004
   55863.5808400276      -9.595359191150177E-005  4.934419722757296E-004
   55863.6012730821      -4.938293389592507E-004  4.934851481885621E-004
   55863.6217060366      -3.721093142106113E-004  4.934728472190718E-004
   55863.6421388911       4.856649056823592E-004  4.934728962269183E-004
   55863.6625719454       1.425325224824192E-004  4.934232022704914E-004
   55863.6830048998       6.976927004309630E-005  4.934129596305571E-004
   55863.7034379540      -1.102679642583926E-004  4.935126905983372E-004
   55863.7238708084       1.194852982806749E-003  4.936521179218430E-004
   55863.7443037625      -5.613444370423659E-004  4.934148219287271E-004
   55863.7647368166      -1.592919218424971E-004  4.934637317596088E-004
   55863.7851696708      -1.603714206196649E-003  4.933625305564316E-004
   55863.8056026249      -1.128162243251518E-003  4.934198697369242E-004
   55863.8260356789      -2.000864703319727E-003  4.932976441675663E-004
   55863.8464685329      -2.924847408956044E-003  4.933037701483882E-004
   55863.8669014868      -4.360179007231291E-003  4.931614023540879E-004
   55863.8873345407      -4.817696953595019E-003  4.930767658030530E-004
   55863.9077674945      -5.117192192591102E-003  4.931463569451894E-004
   55863.9282003483      -5.707578964223470E-003  4.931043572206747E-004
   55863.9486334020      -4.672462428880308E-003  4.931547862948003E-004
   55863.9690663557      -4.809989186055463E-003  4.931431714351620E-004
   55863.9894993094      -3.539696938125725E-003  4.931848281047507E-004
   55864.0099322629      -2.690652512051472E-003  4.933184725023607E-004
   55864.0303652165      -2.721970504741433E-003  4.933377815939112E-004
   55864.0507982700      -1.941346474060412E-003  4.933422413079496E-004
   55864.0712311234      -6.225512864364013E-004  4.934225161606393E-004
   55864.0916639769      -3.876349857563355E-004  4.934806884745237E-004
   55864.1120970303       1.552432871039233E-004  4.935297453289453E-004
   55864.1325299836      -8.617968721267300E-004  4.934772579252635E-004
   55864.1529629369       5.707466425564078E-005  4.934839720002443E-004
   55864.1733958901      -6.888341496427142E-004  4.934106072539216E-004
   55864.1938288433      -1.317447583121245E-004  4.934837759688580E-004
   55864.2142618965      -7.722044650504412E-005  4.935390078119480E-004
   55864.2346947496      -6.662635542685758E-004  4.933983062844312E-004
   55864.2551277027      -1.585720929714651E-003  4.934109993166942E-004
   55864.2755607556       1.332994982219615E-003  4.935881136742161E-004
   55864.2959936086       9.047439610523345E-004  4.936266828494706E-004
   55864.3164265616      -2.476397715516221E-004  4.935689025983587E-004
   55864.3368596144      -4.424352107018636E-004  4.934615264065129E-004
   55864.3572924673      -5.594888448607893E-004  4.934562335590829E-004
   55864.3777254200       7.587796744834563E-005  4.934973511423593E-004
   55864.3981584727       4.248148818317699E-004  4.935296963210987E-004
   55864.4185914254       6.686582551378439E-004  4.935619434841451E-004
   55864.4390243781       7.669347205117027E-004  4.935775769872025E-004
   55864.4594573307      -5.004370639419831E-004  4.934315336044090E-004
   55864.4798902833      -2.973002483702691E-004  4.935085739392250E-004
   55864.5003232358       5.858010829506988E-005  4.934226631841790E-004
   55864.5207561883       2.618649597234679E-004  4.935415072121233E-004
   55864.5411891407       1.003603137195164E-005  4.934060005163435E-004
   55864.5616221931       2.913656439331724E-004  4.935571897230273E-004
   55864.5820550454       5.947395662242450E-005  4.935734113202436E-004
   55924.5324846757      -1.768586133737982E-004  4.964190519316186E-004
   55924.5529178494      -3.665314406045006E-004  4.964142491626543E-004
   55924.5733511234      -2.164385745117015E-004  4.962650692776801E-004
   55924.5937841975      -4.164188854427486E-004  4.963128519280907E-004
   55924.6142173717      -2.374530614401849E-005  4.963377479141508E-004
   55924.6346506462      -5.588286502870021E-004  4.962975124721127E-004
   55924.6550837208      -5.703796047793475E-004  4.962187078548202E-004
   55924.6755168957       2.676349553680790E-004  4.963036384529346E-004
   55924.6959501707      -2.097269407482782E-004  4.961623978391056E-004
   55924.7163832459       8.879123492415708E-004  4.963305927685508E-004
   55924.7368164213       5.816352341143638E-004  4.963701911085834E-004
   55924.7572495968       1.610353119645191E-003  4.964815859438482E-004
   55924.7776827726       3.237036803376281E-004  4.963630849708301E-004
   55924.7981160485       1.248729764025569E-003  4.964816349516949E-004
   55924.8185492247       6.244510944426462E-004  4.963688678967259E-004
   55924.8389823010      -8.525130423130411E-004  4.961179477222621E-004
   55924.8594155775      -1.140863944590897E-004  4.963042755549401E-004
   55924.8798487542      -3.857457444190748E-004  4.962669315758500E-004
   55924.9002818311       4.770779208662645E-004  4.964274812812295E-004
   55924.9207151081       9.967860319903821E-005  4.963258390074330E-004
   55924.9411482854      -4.245065666874659E-005  4.963296126116193E-004
   55924.9615813628      -6.764907717199398E-004  4.962875638792581E-004
   55924.9820146404       1.344114828520926E-004  4.963218203640139E-004
   55925.0024478182      -2.491123699612796E-004  4.962940819228525E-004
   55925.0228810962       1.398336740767725E-004  4.963024132567703E-004
   55925.0433141743      -1.089949382298561E-003  4.962856035653950E-004
   55925.0637473527      -1.973037836925595E-003  4.960793295391610E-004
   55925.0841806313      -6.510807095799764E-004  4.967056988262355E-004
   55925.1046137100      -3.200114156596601E-003  4.958205681092452E-004
   55925.1250468889      -3.156454685308896E-003  4.959730805277865E-004
   55925.1454801680      -3.879386890079162E-003  4.958278212705383E-004
   55925.1659132473      -5.061363142106923E-003  4.957920945503852E-004
   55925.1863465268      -5.007983458502285E-003  4.957677376506374E-004
   55925.2067797064      -5.557116902596859E-003  4.956975584143420E-004
   55925.2272127863      -4.574747721380668E-003  4.957458801510650E-004
   55925.2476460663      -4.783705795925464E-003  4.959400982470415E-004
   55925.2680792465      -2.810986937809123E-003  4.959203970927185E-004
   55925.2885124269      -1.857805614003394E-003  4.958547755861545E-004
   55925.3089456075      -4.271212872225538E-004  4.962318419577023E-004
   55925.3293787883      -9.471240317685536E-004  4.962238536787106E-004
   55925.3498119693       4.654822378256096E-004  4.963494117816356E-004
   55925.3702451504       2.786565529484530E-004  4.962447310213515E-004
   55925.3906783318      -6.425381668890839E-004  4.960917775321910E-004
   55925.4111115133      -3.100227751268170E-004  4.962081711678065E-004
   55925.4315446950       1.766661585642648E-004  4.962747728313020E-004
   55925.4519778769      -2.962827588812722E-004  4.962496808138555E-004
   55925.4724111590       9.624339726110875E-005  4.962374288522118E-004
   55925.4928442413      -7.086233042593593E-004  4.962424766604091E-004
   55925.5132774237       1.576486969123714E-005  4.962027312968367E-004
   55925.5337107064       1.506928041429934E-003  4.965040315375797E-004
   55925.5541437892       9.484140682136655E-006  4.962532583866555E-004
   55925.5745770722       5.240307764531327E-004  4.963201050893838E-004
   55925.5950102554      -6.251260570955264E-005  4.961677887022288E-004
   55925.6154433389       1.745285365384319E-005  4.962317929498557E-004
   55925.6358766224      -8.531511203557773E-004  4.963266721408248E-004
   55925.6563098062       5.592952491209058E-004  4.963167725558166E-004
   55925.6767428902      -1.261329774723929E-003  4.962054267283984E-004
   55925.6971761743       6.476861292137315E-005  4.962960422367154E-004
   55925.7176093586      -2.524359436538726E-004  4.961524982540974E-004
   55925.7380425431      -1.285585645985909E-004  4.962050836734723E-004
   55925.7584757279      -1.721009380428740E-005  4.962795756002663E-004
   55925.7789089128       1.037174955414333E-003  4.963113326848468E-004
   55925.7993421979      -3.603984246863812E-004  4.961974874572533E-004
   55925.8197752831       1.136119203567265E-003  4.963613206883533E-004
   55925.8402084686      -1.623331751710033E-005  4.962089552933517E-004
   56047.0330915204       8.665117036001924E-004  5.240630957089078E-004
   56047.0535257524      -1.054917584139003E-004  5.239346058129502E-004
   56047.0739599844       8.343605023850564E-004  5.239114725023407E-004
   56047.0943942164      -6.150679727021657E-004  5.237137878480412E-004
   56047.1148285484      -3.258896581269655E-004  5.238584864494369E-004
   56047.1352626805      -3.890944893329973E-004  5.237870347827427E-004
   56047.1556969127      -3.867357693826401E-004  5.239021371087023E-004
   56047.1761312448      -2.905310774190539E-004  5.237299965534794E-004
   56047.1965654769       3.711463598006226E-004  5.238303263884067E-004
   56047.2169996091       1.351548775485600E-004  5.238255561048441E-004
   56047.2374339413      -6.788591290883828E-004  5.237017851990775E-004
   56047.2578681736      -1.374761617313203E-004  5.238813632931882E-004
   56047.2783023058      -2.028294287129695E-004  5.237362543448194E-004
   56047.2987366381       5.721065907189349E-004  5.239580981771613E-004
   56047.3191708704      -4.437540948355467E-004  5.236698807219176E-004
   56047.3396052027       9.734955666251821E-006  5.237926257602515E-004
   56047.3600393351      -3.981654437331672E-004  5.238308906154947E-004
   56047.4009078998       6.422709611109134E-004  5.239143962245242E-004
   56047.4213420323       3.308582080605582E-004  5.238724382465229E-004
   56047.4417762648       2.415891070306486E-005  5.238927504216922E-004
   56047.4622105972      -1.698122242832389E-003  5.237157369961635E-004
   56047.4826447297      -5.648100036417247E-004  5.237172757973127E-004
   56048.2182773154      -3.670026159054984E-004  5.234444463535610E-004
   56048.2387116487       4.196725333567297E-004  5.234453183408788E-004
   56048.2591458821      -3.965820382418883E-004  5.233282155734253E-004
   56048.2795801155      -5.933746484214630E-004  5.232423504693003E-004
   56048.3000143489      -7.689779300399380E-004  5.231624353962856E-004
   56048.3204484823       7.596253340282910E-004  5.231794135022984E-004
   56048.3408828158       4.592301958503686E-004  5.229186380008820E-004
   56048.3613170493       2.060895141766661E-004  5.227859420484500E-004
   56108.2947187649      -5.733851657937494E-004  4.453384870849860E-004
   56108.3151527754      -3.323025442365513E-004  4.454433341990616E-004
   56108.3355867856       3.841145170433435E-004  4.454462452483465E-004
   56108.3560207959      -1.192544286159003E-003  4.453680416362007E-004
   56108.3764548059      -8.036721865484209E-004  4.453991750616039E-004
   56108.3968888159       2.846303042989273E-004  4.457135190445573E-004
   56108.4173229257      -7.643694288506087E-004  4.453664627620123E-004
   56108.4377568352       5.685554937113757E-004  4.454601097373138E-004
   56108.4581909445      -4.324619537675600E-004  4.453710020253040E-004
   56108.4786249538      -3.667201131286602E-004  4.454451104325236E-004
   56108.4990588629      -1.220054344142074E-004  4.456214016036259E-004
   56108.5194929720       7.457609098020512E-004  4.457522508019923E-004
   56108.5399269806       6.081963301887150E-004  4.456846059109816E-004
   56108.5603608892       6.758998259746019E-004  4.457724801275316E-004
   56108.6012290060      -3.431287379782599E-004  4.455710256490512E-004
   56108.6216631142       2.440935286736057E-004  4.457581715801989E-004
   56108.6420970223       2.642287259866372E-004  4.454566066102081E-004
   56108.6625310300       1.889288528671429E-004  4.455489707502315E-004
   56108.6829651377      -4.273785537440844E-004  4.455184294026490E-004
   56108.7033990451       1.176551073964749E-004  4.455363397567240E-004
   56108.7238330526      -8.893728601450102E-004  4.452919102964272E-004
   56108.7442671598       3.380799080165975E-004  4.456834710951586E-004
   56108.7647010668       1.792872015802249E-004  4.457236337073269E-004
   56108.7851350738      -4.209300194173426E-004  4.453940930603098E-004
   56108.8055690806      -4.282717288968119E-004  4.454147171043963E-004
   56108.8260030871      -4.649561648545353E-004  4.453404113379031E-004
   56108.8464371934      -2.051529999819945E-003  4.452439026531351E-004
   56108.8668710997      -3.531590899206960E-003  4.451497622796498E-004
   56108.8873051057      -4.422736401089034E-003  4.450714599878672E-004
   56108.9077392118      -4.560406356920010E-003  4.450116601279803E-004
   56108.9281732174      -4.248956092968603E-003  4.451405850734295E-004
   56108.9486071229      -5.913790267470964E-003  4.449481597817142E-004
   56108.9690412285      -5.951657645173469E-003  4.448961062733143E-004
   56108.9894752339      -5.286348810717212E-003  4.449541792395576E-004
   56109.0099034228      -4.289220877274347E-003  4.450546844496151E-004
   56109.0303433179      -3.421347440928479E-003  4.451020506752681E-004
   56109.0507772228      -2.325686908767999E-003  4.452609248904792E-004
   56109.0712113275      -7.410949328798822E-004  4.454023821497991E-004
   56109.0916453319      -3.565143340195087E-004  4.456693105672811E-004
   56109.1120792363      -7.919850790170102E-004  4.454201444844190E-004
   56109.1325133403      -2.986564373905765E-004  4.455502042456912E-004
   56109.1529472445      -2.414917874548062E-004  4.456302334311175E-004
   56109.1733812482      -2.292819847193872E-004  4.455629339188355E-004
   56109.1938153519      -4.183601560643346E-004  4.457466260626960E-004
   56109.2142493554       3.848408481021970E-005  4.456416309291652E-004
   56109.2346832589      -1.327655580307674E-004  4.456747379473039E-004
   56109.2551173620      -3.172801583067875E-004  4.456277664401980E-004
   56109.2755512652      -2.530922991114126E-004  4.455855315556574E-004
   56109.2959853680       7.962835028016979E-004  4.458366218914367E-004
   56109.3164193708       4.210366406827148E-004  4.455682626192214E-004
   56109.3368532734       1.534371766807041E-004  4.458114092442402E-004
   56109.3572873757      -5.168636641602609E-004  4.457113480925482E-004
   56109.3777213780       9.195721190635719E-004  4.458618345386333E-004
   56109.3981553801      -1.627741819189010E-004  4.457636976398584E-004
   56109.4185893820      -5.509367581146840E-005  4.453886163404687E-004
   56109.4390233836      -4.706915032925973E-004  4.457305906217197E-004
   56109.4594574853       7.911023966167274E-004  4.457893543454205E-004
   56109.4798913869       5.797333879171696E-004  4.458510784582245E-004
   56109.5003253881       1.429419260527975E-004  4.458370659498022E-004
   56109.5207594892      -9.320300459197961E-004  4.456914148059192E-004
   56109.5411934902      -6.793515894810698E-004  4.454309499046461E-004
   56109.5616273911       7.851439345674116E-005  4.457570367643760E-004
   56109.5820614916      -3.767718461148428E-004  4.456939311366570E-004
   56109.6024954921       2.053590126180893E-004  4.458593182078954E-004
   56169.6980846546       5.844928016249806E-004  4.412489068980331E-004
   56169.7185181756       6.469357696909928E-004  4.411349319175556E-004
   56169.7389514965       1.360409028970722E-003  4.413208936930620E-004
   56169.7593849172       9.413521962020610E-005  4.412992828526078E-004
   56169.7798184377      -2.725101952293363E-004  4.412648436593726E-004
   56169.8002517580       1.097828328642914E-003  4.414413321897485E-004
   56169.8206851782       4.960987325088873E-004  4.413166011288622E-004
   56169.8411186980       1.490999779608870E-003  4.413893280211669E-004
   56169.8615520178       9.513896088597651E-004  4.416220146046873E-004
   56169.8819854371       7.969814341457493E-004  4.413947060613713E-004
   56169.9024189565       2.462552416966357E-004  4.416910410106128E-004
   56169.9228522756       1.217571355907276E-003  4.416851202324063E-004
   56169.9432857944       4.902501069394827E-004  4.419036956278675E-004
   56169.9637192130       6.180090163410146E-004  4.419485455227827E-004
   56169.9841526314      -1.780108812039494E-004  4.419593016031914E-004
   56170.0250194678       1.245413496218095E-004  4.423118839453959E-004
   56170.0454528857       3.178469008773277E-004  4.423021146613550E-004
   56170.0658864031       1.354856754138822E-004  4.421684037535220E-004
   56170.0863197206      -6.216940642878033E-004  4.421187678962231E-004
   56170.1067531378      -2.035226821672786E-003  4.421831563592202E-004
   56170.1271866548      -3.406780609439553E-003  4.421903599727049E-004
   56170.1476199716      -3.729616528293844E-003  4.423129694214005E-004
   56170.1680532883      -4.775803284086000E-003  4.422062967340445E-004
   56170.1884868046      -4.029343329321367E-003  4.423497275860999E-004
   56170.2089202207      -4.791583480269757E-003  4.423629013176096E-004
   56170.2293537368      -3.950904467919569E-003  4.424355788700960E-004
   56170.2497870526      -3.780051542216278E-003  4.424508742137965E-004
   56170.2702204682      -3.740959660298859E-003  4.425569548233318E-004
   56170.2906539836      -2.874220100963831E-003  4.426291883174527E-004
   56170.3110872987      -1.614935027063114E-003  4.427320618387928E-004
   56170.3315207136      -1.347255278696502E-003  4.428151500929591E-004
   56170.3519542285      -1.649773982759228E-006  4.431118304209294E-004
   56170.3723875429      -4.189588566871905E-005  4.430897261822913E-004
   56170.3928209574       1.203810162344610E-004  4.430960416790451E-004
   56170.4132544713       4.262472545211171E-004  4.432875788540294E-004
   56170.4336877853      -4.621875036558976E-005  4.431951653741876E-004
   56170.4541212990      -2.630774102985178E-004  4.432453439694888E-004
   56170.4745547125       1.054247339988823E-003  4.433835448007951E-004
   56170.4949881260       1.320700008908826E-004  4.432503766309644E-004
   56170.5154215391      -1.171343579733364E-004  4.432822994934618E-004
   56170.5358549519      -2.700132009612055E-004  4.432339464714410E-004
   56170.5562883647      -4.488379809094445E-004  4.432739117243357E-004
   56170.5767217773      -6.560981140701916E-004  4.432201806621106E-004
   56170.5971551894       9.232150849780574E-005  4.433389416049718E-004
   56170.6175886015      -1.518492072450917E-004  4.433191069979797E-004
   56170.6380221133      -4.081006537417498E-004  4.433063279850170E-004
   56170.6584554252      -6.968491945541500E-004  4.433420500135303E-004
   56170.6788888366      -1.874167110406111E-004  4.433675586996372E-004
   56170.6993223478       4.482818085183027E-005  4.434032807281505E-004
   56170.7197556590       6.877410412202689E-004  4.434490680796151E-004
   56170.7401891699       1.996578151051143E-004  4.434031327086954E-004
   56170.7606225804      -1.001538677012692E-003  4.433021834402724E-004
   56170.7810558909       7.444698722605114E-004  4.434994440341898E-004
   56170.8014894011      -5.490784769048851E-004  4.433912418124637E-004
   56170.8219227111      -1.130691990010146E-003  4.433124461224972E-004
   56170.8423561211      -2.775832087048569E-004  4.433216726685358E-004
   56170.8627896307      -5.126689937463569E-004  4.433378067891489E-004
   56230.8136265102      -5.176147327874414E-004  4.974201175615748E-004
   56230.8340595790      -1.175532795448797E-004  4.976023720637048E-004
   56230.8544924477      -1.983722401091015E-004  4.975091405430553E-004
   56230.8749254163      -2.434288627198855E-004  4.975376595849534E-004
   56230.8953584848      -7.400749659753902E-004  4.974416553796748E-004
   56230.9157913533      -3.151976913797760E-004  4.974506170924936E-004
   56230.9362243217       3.683861129353261E-004  4.975378576338555E-004
   56230.9566573900       4.476903046406466E-004  4.974563605106536E-004
   56230.9770902583       1.112517232961796E-004  4.974866619926703E-004
   56230.9975233265      -4.532638002765488E-004  4.974483890423453E-004
   56231.0179562947      -7.188682961817294E-004  4.974407146473900E-004
   56231.0383891627      -4.659235618976743E-004  4.974054619428216E-004
   56231.0588222308       2.873864800263526E-004  4.975133985944498E-004
   56231.0792551986      -3.912564434082055E-004  4.973984312067980E-004
   56231.0996881666       2.127326584002720E-004  4.974783934510090E-004
   56231.1201211344       1.411745589697366E-003  4.975904891295806E-004
   56231.1405541021       1.105854097503300E-003  4.976742143029307E-004
   56231.1609870699       2.888050425362554E-004  4.974978022434117E-004
   56231.1814200375      -4.012253226099993E-004  4.973897665673325E-004
   56231.2018530050      -5.095160572565760E-005  4.974940888264979E-004
   56231.2222859725      -1.738314765819537E-003  4.972905440673954E-004
   56231.2427190399      -1.045048028859297E-004  4.975410759285141E-004
   56231.2631519073      -4.279713610810809E-005  4.974433883075680E-004
   56231.2835849746      -7.571337573573089E-004  4.974959702910676E-004
   56231.3040178418       3.123637316395644E-004  4.974926034597325E-004
   56231.3244508089       7.790828532379113E-004  4.975329559235292E-004
   56231.3448838761      -1.013337570908490E-003  4.973332731180170E-004
   56231.3653167431      -2.586843203795097E-003  4.972792057677519E-004
   56231.3857497101      -2.311574096863112E-003  4.973333721424681E-004
   56231.4061827770      -4.596124828644910E-003  4.970516970914989E-004
   56231.4266156438      -4.620221839470307E-003  4.970740766174328E-004
   56231.4470486106      -2.740043308506745E-003  4.972878208949920E-004
   56231.4674816773      -5.346315058162965E-003  4.971043780994495E-004
   56231.4879145440      -4.876022380200795E-003  4.970904651640791E-004
   56231.5083476106      -4.518853333412620E-003  4.970442702576711E-004
   56231.5287805771      -3.829375788788170E-003  4.971461664177863E-004
   56231.5492134436      -2.730681365310517E-003  4.972585096574856E-004
   56231.5696465099      -2.473275581418077E-003  4.973605048420517E-004
   56231.5900794763      -1.279332474705908E-003  4.973742197285200E-004
   56231.6105124426      -2.919247454256091E-004  4.974166021935630E-004
   56231.6309454087       4.656086886007937E-004  4.975326093379506E-004
   56231.6513783749       1.637881339575653E-004  4.975263212853099E-004
   56231.6718113410       3.799421322605578E-004  4.974233358562334E-004
   56231.6922443070       1.955238768505119E-004  4.975035456615719E-004
   56231.7126772730       2.414661921421590E-004  4.974545780705349E-004
   56231.7331102389       1.327580656029781E-005  4.975557315472673E-004
   56231.7535433046       8.139287465176448E-004  4.975429573930838E-004
   56231.7739761704      -4.678325945528528E-006  4.975915288863165E-004
   56231.7944092362      -5.516921884457515E-004  4.973862511993207E-004
   56231.8148422018      -3.367414430172078E-004  4.974638368567067E-004
   56231.8352750674      -2.061341038150921E-005  4.973873899805077E-004
   56231.8557081329       6.080678211537460E-004  4.975700405804418E-004
   56231.8761410983       3.501837039925348E-004  4.975399866595527E-004
   56231.8965739637      -2.253034776182883E-004  4.974175924380734E-004
   56231.9170070290      -4.414392120882793E-004  4.974100665797947E-004
   56231.9374399943      -4.665141218630486E-004  4.973331740935659E-004
   56231.9578728595       5.643398561903101E-004  4.975166664013340E-004
   56231.9783059246      -4.469910470340510E-004  4.974302180555803E-004
   56231.9987388897      -5.934296579492848E-004  4.974922073619283E-004
   56232.0191717547       6.478277314507785E-004  4.974089773108334E-004
   56232.0396048197       3.330664150951179E-004  4.975525132526087E-004
   56232.0600376845      -4.546570930623606E-004  4.974826515024034E-004
   56232.0804707494      -7.648181883412875E-005  4.974097199942161E-004
   56232.1009037142       5.525841884157501E-005  4.974934451675662E-004
   56232.1213366789       1.005805668045534E-003  4.975560286206204E-004
   56292.0717303416       1.145699836944125E-004  5.000251537949542E-004
   56292.0921633737       6.884596606566706E-004  5.001795824263433E-004
   56292.1125965059       6.048481325260369E-004  5.001571038759584E-004
   56292.1330297383      -8.020607730595541E-004  5.000286196507404E-004
   56292.1534627709      -6.453119143767783E-005  5.001448248440300E-004
   56292.1738959037      -3.151375393415368E-004  4.999717796158463E-004
   56292.1943291366      -7.846161865390222E-004  5.000753096794034E-004
   56292.2147621697      -4.922034739732739E-004  5.000443150262294E-004
   56292.2351954030       7.530645924240797E-004  5.001524002145342E-004
   56292.2556285364      -1.466680224552208E-004  5.000326796532328E-004
   56292.2760616700       1.438030440603644E-004  5.001633424163736E-004
   56292.2964948038      -4.767759282346962E-004  5.000240645259927E-004
   56292.3169279377       7.096364061365268E-004  5.002438988072906E-004
   56292.3373610718      -1.192946826246488E-003  5.001082848215980E-004
   56292.3577942061      -5.121618390570015E-004  5.000626840618964E-004
   56292.3782273406      -1.085901898700281E-003  4.998675563811318E-004
   56292.3986604753      -1.184745885425276E-004  5.002013678055710E-004
   56292.4190936101      -4.007249961277548E-004  5.000854596856344E-004
   56292.4395267451      -5.003751951474511E-004  5.000319864820756E-004
   56292.4599599802       1.088121360769190E-003  5.003651047353574E-004
   56292.4803930155      -1.256143258159259E-004  4.999455876485475E-004
   56292.5008261510      -1.669307973186651E-004  4.999908913348960E-004
   56292.5212593867       7.620915912178727E-004  5.001891382858682E-004
   56292.5416924225      -1.385414919806705E-004  5.000556038136474E-004
   56292.5621255585      -2.631617878764425E-004  5.001607677806466E-004
   56292.5825587947      -8.848267071764893E-004  5.000600104017184E-004
   56292.6029918310      -2.448757202041629E-003  4.999645508309207E-004
   56292.6234250675      -2.285204620566916E-003  4.999537076535324E-004
   56292.6438582042      -3.538071018135747E-003  4.997022350601288E-004
   56292.6642912411      -2.998959798687584E-003  4.998481971009545E-004
   56292.6847244781      -5.264247511814535E-003  4.996136081764524E-004
   56292.7051576153      -4.700813768736212E-003  4.996580701549672E-004
   56292.7255906527      -5.567684156055019E-003  4.996032601213193E-004
   56292.7460238903      -4.067376845953707E-003  4.996508413700416E-004
   56292.7664570280      -5.121135062538529E-003  4.995411222782947E-004
   56292.7868902659      -3.828390590143282E-003  4.995683044901039E-004
   56292.8073233040      -1.796965872612355E-003  4.999009771333562E-004
   56292.8277564422      -2.188224414809370E-003  4.998584461316366E-004
   56292.8481896806      -1.273938286127874E-003  5.000303030664080E-004
   56292.8686227192      -4.537914921286523E-004  5.000317389209479E-004
   56292.8890558580      -5.189940005541072E-004  4.998897873703892E-004
   56292.9094890969       3.217923243670207E-004  5.002970749374964E-004
   56292.9299222360      -2.801918365796796E-004  5.000679818700268E-004
   56292.9503552753      -1.316084135427831E-003  4.999253371483108E-004
   56292.9707885148       1.272404293222174E-004  5.000882818824890E-004
   56292.9912216543      -2.096870675620810E-004  4.999296942241563E-004
   56293.0116547941       9.327923407078664E-004  5.000415423416005E-004
   56293.0320879341      -8.450571084716030E-004  4.999771764484277E-004
   56293.0525210743       4.732447562463271E-004  5.001300206886002E-004
   56293.0729542146      -8.133509559653529E-004  4.999528164334730E-004
   56293.0933873551      -4.454868074131868E-004  5.000317389209479E-004
   56293.1138203958      -8.041972305549150E-004  4.999133551897355E-004
   56293.1342536366       4.249778491021150E-004  5.000841228555455E-004
   56293.1546867776      -2.679833253060870E-005  5.002370661201692E-004
   56293.1751198187      -4.022800982675934E-004  4.999598966817221E-004
   56293.1955530601      -1.183142009428262E-003  4.999951493862905E-004
   56293.2159862016      -1.292849315538414E-004  5.001254160516271E-004
   56293.2364194433       6.521528501994833E-004  5.000332242877135E-004
   56293.2568524852      -4.675744229351020E-004  5.000299564808294E-004
   56293.2772856273      -7.374761361219617E-004  4.999745027882497E-004
   56293.2977188695       1.453853328006183E-004  5.000880838335869E-004
   56293.3181519119      -1.058686433471956E-003  4.999175142166790E-004
   56293.3385850544       2.263703524463256E-004  5.001111070184526E-004
   56293.3590182972       1.645397956604455E-004  5.000686750411841E-004
   56293.3794513401      -2.221502174495349E-004  5.001124933607670E-004
