   54986.4080838619       6.723411271458701E-005  2.207589796320507E-005
   54986.4285182525       1.620309231720185E-005  2.206833726567957E-005
   54986.4489525427      -1.667950365979998E-005  2.206039853327779E-005
   54986.4693867330      -2.081458760905264E-005  2.205929879545590E-005
   54986.4898210231       6.974129876846646E-005  2.207709482461178E-005
   54986.5102554131       5.047314495554289E-005  2.207305597769252E-005
   54986.5306896028       9.270756557988591E-006  2.206989572566358E-005
   54986.5511238926       1.184632947159869E-005  2.206765142374988E-005
   54986.5715582822      -2.445141328566436E-005  2.206348706327487E-005
   54986.5919924716      -4.266168076216825E-005  2.205181131417126E-005
   54986.6124267611      -9.933262040073831E-005  2.205375528007653E-005
   54986.6328610502      -8.522099192742605E-005  2.206048669160862E-005
   54986.6532953393      -1.484773521328586E-004  2.207099546348547E-005
   54986.6737296282      -7.885450448896769E-005  2.206887518091854E-005
   54986.6941639172      -1.145321559847812E-004  2.206597790967309E-005
   54986.7145982059      -1.006038970511325E-004  2.206485575871625E-005
   54986.7350324945      -9.605536642987023E-005  2.204816992684524E-005
   54986.7554667830      -1.101910158992636E-004  2.205729356698175E-005
   54986.7759009713      -2.130935880205742E-004  2.206404888585779E-005
   54986.7963353596      -2.821630459070024E-004  2.205608774032106E-005
   54986.8167696477      -2.182640837082861E-004  2.206934735096163E-005
   54986.8372038356      -2.128905259799474E-004  2.205916581085516E-005
   54986.8576381235      -2.871062036764460E-004  2.205896110422255E-005
   54986.8780725113      -2.702254453543773E-004  2.206634399087739E-005
   54986.8985066988      -3.514110777960155E-004  2.205060100488358E-005
   54986.9189409864      -4.148929150387115E-004  2.205668243550192E-005
   54986.9393753737      -4.292462855102208E-004  2.204763500002427E-005
   54986.9598096609      -4.731477951822605E-004  2.206519046153160E-005
   54986.9802438481      -4.476180790510265E-004  2.206213480413246E-005
   54987.0006781351      -8.516527767223891E-004  2.205445008726020E-005
   54987.0211125219      -1.386047069542373E-003  2.205854123149435E-005
   54987.0415467087      -1.449859811295973E-003  2.204278778603756E-005
   54987.0619809953      -1.495644951743258E-003  2.204038360376117E-005
   54987.0824153818      -1.370681304718513E-003  2.204756925482839E-005
   54987.1028495682      -1.411779246144995E-003  2.204240975116128E-005
   54987.1232838544      -1.407944834727504E-003  2.204511875207309E-005
   54987.1437181405      -1.496123003394967E-003  2.203861595451756E-005
   54987.1641524265      -1.510894177456867E-003  2.204020579289051E-005
   54987.1845867123      -1.506678434277542E-003  2.202757524423773E-005
   54987.2050209981      -1.542690672491465E-003  2.204637538183968E-005
   54987.2254553837      -1.549615937491700E-003  2.202072280177687E-005
   54987.2458895692      -1.538930537238747E-003  2.202829395876535E-005
   54987.2663238546      -1.498133461917184E-003  2.204991217453590E-005
   54987.2867581398      -1.375235439356137E-003  2.204221400978266E-005
   54987.3071924249      -1.344836013518536E-003  2.204219458506570E-005
   54987.3276267099      -1.383664356402581E-003  2.202111129611613E-005
   54987.3480608948      -1.328554309573793E-003  2.201252407700959E-005
   54987.3684952795      -1.246048635438202E-003  2.202055545036919E-005
   54987.3889295642      -1.067815982515707E-003  2.203517927382415E-005
   54987.4093638486      -3.261267617959973E-004  2.200344376893400E-005
   54987.4297981330      -4.831337502353428E-005  2.203748782672472E-005
   54987.4502324171      -6.246117994013201E-005  2.203064733793584E-005
   54987.4706667013      -6.079199462938334E-005  2.200178071432019E-005
   54987.4911009853      -1.018701546842138E-004  2.202570598878232E-005
   54987.5115351691      -1.248487977589807E-004  2.202238585639068E-005
   54987.5319695528      -1.181990023716439E-004  2.202228275596988E-005
   54987.5524038364      -7.664573148313814E-005  2.203251509918226E-005
   54987.5728380199      -9.335069104110527E-005  2.204851658333258E-005
   54987.5932724032      -1.434759276218722E-004  2.201795403250518E-005
   54987.6137066865      -1.294148847703624E-004  2.203249268604730E-005
   54987.6341408696      -1.982077463434928E-004  2.202791144126209E-005
   54987.6545751525      -1.764244090586287E-004  2.204049417522696E-005
   54987.6750095354      -7.110617716377110E-005  2.205786435481865E-005
   54987.6954438180       7.579423046966127E-006  2.205881168332284E-005
   54987.7158780007       8.196222653533702E-005  2.206043887692072E-005
   54987.7363122831       1.709691286471138E-004  2.204722259834106E-005
   54987.7567466654       7.383077084655021E-005  2.205944373372862E-005
   54987.7976151297       1.567978664418490E-004  2.204715237051819E-005
   54987.8180495116       1.205642071877566E-004  2.205836491483269E-005
   54987.8384836935       2.009306955874646E-004  2.203125249257968E-005
   54987.8589179751       2.568188015430461E-004  2.205727713068278E-005
   54987.8793522567       3.567929437247042E-004  2.205457858923395E-005
   54987.8997865381       3.466747625071598E-004  2.205934661014381E-005
   54987.9202208195       3.457962273318849E-004  2.205125397421533E-005
   54987.9406551006       3.184244737084452E-004  2.203333840833968E-005
   54987.9610894817       4.199627021961305E-004  2.205209521388071E-005
   54987.9815236626       4.461185871100781E-004  2.205594280204834E-005
   54988.0019579434       4.059772428472996E-004  2.207495511732788E-005
   55063.8934909097       5.645073521676203E-005  2.154869905185548E-005
   55063.9139243649       1.982904516650841E-005  2.157967473734733E-005
   55063.9343578199       1.672177284595122E-005  2.156580750208687E-005
   55063.9547912746       6.326559657265918E-006  2.155870001212796E-005
   55063.9752247291      -2.831397105640399E-005  2.157770565156598E-005
   55063.9956581833      -5.858649821499640E-005  2.157773646438372E-005
   55064.0160916371      -9.872932959942293E-005  2.157972315748949E-005
   55064.0365250909      -6.813851537867954E-005  2.159102412521523E-005
   55064.0569584442      -1.603807878083341E-004  2.158843438124796E-005
   55064.0773919973      -1.842475511606434E-004  2.159824459550586E-005
   55064.0978253501      -2.054999189037288E-004  2.159525428490796E-005
   55064.1182588027      -1.895104178967211E-004  2.158748945483724E-005
   55064.1386923549      -1.459207580915001E-004  2.160676507324974E-005
   55064.1591258070      -1.555109098277940E-004  2.159988794578538E-005
   55064.1795591587      -9.664677985765646E-005  2.160788754018173E-005
   55064.1999926104      -2.378294503424527E-005  2.161718860930839E-005
   55064.2204261616      -8.389527624641513E-005  2.162143050721739E-005
   55064.2408595126      -2.072262336172415E-006  2.161707269442260E-005
   55064.2612929634       4.772070801650763E-005  2.163088857498682E-005
   55064.2817265139       8.483944057613435E-005  2.162978664993333E-005
   55064.3021598640       7.596111280583351E-005  2.162836632576317E-005
   55064.3225933140       1.107186285711492E-004  2.164430535619745E-005
   55064.3430267636       1.245209122635593E-004  2.163966289165781E-005
   55064.3634602130       1.441727856714703E-004  2.163632630367958E-005
   55064.3838936621       1.343297514821984E-004  2.164857219781605E-005
   55064.4043271110       9.188369876933500E-005  2.164918845417087E-005
   55064.4247606596       6.855216611811876E-005  2.165050460167151E-005
   55064.4451940078       1.209809433944109E-004  2.165550801636183E-005
   55064.4656274560       1.044928329334560E-004  2.165667009977377E-005
   55064.4860608038      -4.913589475965541E-004  2.165029184650140E-005
   55064.5064943515      -8.879178081195871E-004  2.165422121440189E-005
   55064.5269277988      -9.704490627467921E-004  2.164679972715743E-005
   55064.5473611458      -1.137663284318857E-003  2.164708584617931E-005
   55064.5677946924      -1.175020495269297E-003  2.165517494447482E-005
   55064.5882281389      -1.264215679890879E-003  2.165455135173482E-005
   55064.6086615852      -1.239989374072659E-003  2.164766248605417E-005
   55064.6290950311      -1.212760225591247E-003  2.165354773424269E-005
   55064.6495284767      -1.233873986020151E-003  2.165790994886858E-005
   55064.6699619221      -1.360084262928885E-003  2.165572810791712E-005
   55064.6903952673      -1.419593400455277E-003  2.165394976815036E-005
   55064.7108288122      -1.425271388653671E-003  2.165777642665838E-005
   55064.7312622570      -1.611471125783859E-003  2.165861717639959E-005
   55064.7516956012      -1.622144865054187E-003  2.167122988979488E-005
   55064.7721291454      -1.638626935998921E-003  2.166388910278736E-005
   55064.7925625892      -1.738095783118121E-003  2.166131256431341E-005
   55064.8129959327      -1.717251619619442E-003  2.166686180606084E-005
   55064.8334293760      -1.665629228158494E-003  2.166642455750433E-005
   55064.8538629191      -1.622049177876006E-003  2.166653460328197E-005
   55064.8742962620      -1.335527115085111E-003  2.167478216749730E-005
   55064.8947297043      -5.778048339578623E-004  2.167978998401872E-005
   55064.9151632467      -3.665805234517316E-004  2.167885239399317E-005
   55064.9355966886      -2.792735708637695E-004  2.168620051738587E-005
   55064.9560300303      -3.081055328262305E-004  2.168254846484505E-005
   55064.9764634717      -3.729684986094606E-004  2.168576180155232E-005
   55064.9968970129      -1.878036824761731E-004  2.169216206398022E-005
   55065.0173303539      -2.428645266390195E-004  2.168536123492169E-005
   55065.0377637947      -6.401486551310676E-005  2.168830899448557E-005
   55065.0581973349      -3.115884055460150E-005  2.168422849705045E-005
   55065.0786306750       5.589665700744817E-005  2.168773088733366E-005
   55065.0990641150       4.979796301451955E-005  2.168724815318906E-005
   55065.1194975546       8.150378930360525E-005  2.169419864450519E-005
   55065.1399309939       4.421347032534939E-005  2.168787321320609E-005
   55065.1603644328      -7.418948804593928E-005  2.169307911212727E-005
   55065.1807978717       8.639635176832527E-005  2.169889539829513E-005
   55065.2012313104      -7.551337412170511E-005  2.169837598222464E-005
   55065.2216647485      -1.228312228435113E-004  2.169568939797304E-005
   55065.2420981865      -2.510709087090168E-004  2.169594323690014E-005
   55065.2625315242      -2.548834616590279E-004  2.169690430335825E-005
   55065.3033984989      -4.864154136332566E-004  2.169580531285883E-005
   55065.3238318360      -5.090796777523776E-004  2.169537393341045E-005
   55065.3442653727      -5.655744484148739E-004  2.169463442578467E-005
   55065.3646988091      -4.982845436627414E-004  2.169777880047128E-005
   55065.3851322452      -4.097181245261705E-004  2.169789178080300E-005
   55065.4055656810      -3.373452883271844E-004  2.169914483539113E-005
   55065.4259990169      -3.180505893479735E-004  2.169767755835585E-005
   55065.4464324520      -2.449183146838729E-004  2.170060624331827E-005
   55065.4668658872      -1.118596862285104E-004  2.170133841455888E-005
   55065.4872994221      -1.387177902034686E-005  2.170403233519565E-005
   55141.3755456608       2.034453933039693E-004  2.174852775526235E-005
   55141.3959783394       2.488068567723101E-004  2.175060581157928E-005
   55141.4164112179       2.068597147377726E-004  2.174724349944847E-005
   55141.4368439964       1.015098368688516E-004  2.174653900150201E-005
   55141.4572766749       6.299565059220136E-005  2.174288893668884E-005
   55141.4777095533       1.871211735546829E-004  2.174676154914305E-005
   55141.4981423317       9.138127975472088E-005  2.174277128411428E-005
   55141.5185751101       6.068478989695869E-005  2.174491879797523E-005
   55141.5390077885       3.339207081953788E-006  2.174380747727095E-005
   55141.5594406668       7.378764616605693E-005  2.174305053179125E-005
   55141.5798734451       2.765639971280542E-005  2.174081088037191E-005
   55141.6003061234       5.371853230040635E-005  2.174517536563783E-005
   55141.6207390017      -7.154955190991075E-006  2.174266922404961E-005
   55141.6411717799       4.030749649097665E-005  2.174192928858068E-005
   55141.6616044581       5.123842731746819E-005  2.174437731263208E-005
   55141.6820373363       9.215848004506810E-005  2.174638449390409E-005
   55141.7024701144       1.352586604586037E-004  2.174436880762669E-005
   55141.7229027925       2.362956653965131E-004  2.174759362217036E-005
   55141.7433355706       3.288729041168725E-004  2.174674737413406E-005
   55141.7637684487       3.508092071435875E-004  2.174777506228534E-005
   55141.7842011268       3.939202301483924E-004  2.174759078716856E-005
   55141.8046339048       4.469561217945728E-004  2.174602019617323E-005
   55141.8250667827       3.493907013696340E-004  2.174693873675534E-005
   55141.8454995607       3.033469212423423E-004  2.174820314755663E-005
   55141.8659322387       3.367495660480113E-004  2.174274293409632E-005
   55141.8863651166       2.572151150699309E-004  2.174537806826629E-005
   55141.9067978945       3.467151343496955E-004  2.174403285991379E-005
   55141.9272305724       2.712643822109229E-004  2.174625266632055E-005
   55141.9476633502       1.441007271321126E-004  2.174463104529287E-005
   55141.9680961280      -5.906598455004408E-004  2.173406215859502E-005
   55141.9885289059      -7.979820325165754E-004  2.173392749600968E-005
   55142.0089616836      -8.936978640259330E-004  2.172819653987779E-005
   55142.0293944614      -9.389603972705940E-004  2.173148514196188E-005
   55142.0498272391      -9.966740279171438E-004  2.172603626850875E-005
   55142.0702600168      -1.083695312399935E-003  2.172855233260326E-005
   55142.0906927945      -9.258171830985873E-004  2.172625314614619E-005
   55142.1111255721      -1.018926545550691E-003  2.173347106072042E-005
   55142.1315583498      -1.042251313686737E-003  2.172970617833449E-005
   55142.1519910274      -1.014164212485125E-003  2.173027317869382E-005
   55142.1724239050      -9.854423994120065E-004  2.172899034038084E-005
   55142.1928566825      -1.021181552964490E-003  2.173229736997662E-005
   55142.2132893601      -1.026346485540008E-003  2.173035114124323E-005
   55142.2337222376      -9.956496869246712E-004  2.172738147686125E-005
   55142.2541550151      -1.011475783306071E-003  2.173043477379623E-005
   55142.2745876926      -1.030709366149019E-003  2.173230870998380E-005
   55142.2950205700      -1.087126624228052E-003  2.172778121211458E-005
   55142.3154533474      -1.098065855427044E-003  2.173007047606536E-005
   55142.3358861248      -1.216405735592119E-003  2.172476618770386E-005
   55142.3563188022      -9.955058352490997E-004  2.173019379864352E-005
   55142.3767516795      -2.967802046144330E-004  2.173624652747933E-005
   55142.3971844569      -3.647303056882878E-004  2.173868321152354E-005
   55142.4176171342      -2.741749246659708E-004  2.173535633691519E-005
   55142.4380500115      -2.532034123597926E-004  2.173967262715056E-005
   55142.4584827888      -2.153796133894659E-004  2.173828631127201E-005
   55142.4789154660      -2.081198444081611E-004  2.173854287893460E-005
   55142.4993483432      -1.976394491693956E-004  2.173726571062522E-005
   55142.5197811204      -2.081187057255685E-004  2.173675824530362E-005
   55142.5402137976      -3.160952515633975E-004  2.174099232048689E-005
   55142.5606465748      -2.687172244004721E-004  2.173669020526050E-005
   55142.5810794519      -1.892556222127251E-004  2.173618699244160E-005
   55142.6015121290      -2.234426561217306E-004  2.173880653410169E-005
   55142.6219449061      -9.573249305883103E-005  2.174107878804169E-005
   55142.6423777832      -1.781321115800205E-004  2.174000148735897E-005
   55142.6628105603      -1.970617929076823E-004  2.174224964378370E-005
   55142.6832432373      -2.365342127504944E-004  2.173787098350880E-005
   55142.7036761143      -4.172224012153336E-004  2.173865627900647E-005
   55142.7241088913      -4.454663262337677E-004  2.173928281440352E-005
   55142.7445415683      -5.235223282988866E-004  2.173323433807041E-005
   55142.7649743452      -5.065761649512002E-004  2.173855988894538E-005
   55142.7854072221      -5.380075929657391E-004  2.173787948851419E-005
   55142.8058398990      -4.978707662989246E-004  2.173335907814946E-005
   55142.8262726760      -4.737845228536264E-004  2.173729264314229E-005
   55142.8467055528      -4.072834043998830E-004  2.173762292085159E-005
   55142.8671382297      -3.177147497734900E-004  2.173623518747214E-005
   55142.8875710065      -3.081453413610324E-004  2.173701197796442E-005
   55142.9080038833      -2.561083783328977E-004  2.173924170687747E-005
   55142.9284365601      -2.074812444536889E-004  2.173951244954905E-005
   55142.9488693369      -2.025869338341257E-004  2.173973357968919E-005
   55142.9693021136      -1.514721967773580E-004  2.173932817443227E-005
   55218.8573614041      -1.849398664096613E-004  2.176904830306057E-005
   55218.8777948757      -2.362489882790086E-005  2.177058285982009E-005
   55218.8982282476      -4.485861309322381E-005  2.176925406987818E-005
   55218.9186615199       2.172397711430740E-005  2.177191889507248E-005
   55218.9390949924       1.098050137962048E-004  2.177503003139229E-005
   55218.9595283652       1.637436507568868E-004  2.177404466916710E-005
   55218.9799616383       1.476283806567391E-004  2.177399974824213E-005
   55219.0003951116       1.559996772053651E-004  2.177558357311291E-005
   55219.0208284853       1.597063811538124E-004  2.177343606308684E-005
   55219.0412617592       1.353800166590258E-004  2.177547779157991E-005
   55219.0616952335       2.068551162688337E-004  2.177665443000175E-005
   55219.0821286080       1.194397686077320E-004  2.177097265752388E-005
   55219.1025618829       1.765082200191337E-004  2.177589367240142E-005
   55219.1229952580       1.689182597686134E-005  2.177361429772463E-005
   55219.1434287333       8.727736598101998E-006  2.177109148061574E-005
   55219.1638620089      -2.382430833547389E-005  2.177183484947091E-005
   55219.1842953850      -5.518129155346330E-005  2.177098135189645E-005
   55219.2047288612      -3.276777279181964E-005  2.176841361386258E-005
   55219.2251622377      -5.366965287467718E-005  2.177192758944505E-005
   55219.2455955145      -1.865657656718867E-005  2.177259560707124E-005
   55219.2660289916      -4.261440407860029E-005  2.177009162776959E-005
   55219.2864623690      -1.202947310874336E-005  2.177316798659911E-005
   55219.3068956467      -9.704556474277037E-005  2.176911785804117E-005
   55219.3273291246      -1.254735949693941E-004  2.176901062744608E-005
   55219.3477624029      -1.722720490681118E-004  2.177241157618507E-005
   55219.3681957815      -1.249362903456008E-004  2.176834550794408E-005
   55219.3886292603      -6.532504723055776E-005  2.177086397786669E-005
   55219.4090625394      -9.797270956035664E-005  2.177082340412800E-005
   55219.4294959188       2.079090728468458E-007  2.177124797932209E-005
   55219.4499293984      -7.289374673491444E-004  2.176431276813130E-005
   55219.4703626784      -8.274651964200741E-004  2.176476197738101E-005
   55219.4907960587      -8.798895997148559E-004  2.176284921541448E-005
   55219.5112294392      -9.242138184735182E-004  2.176393746104847E-005
   55219.5316628201      -1.010263382184240E-003  2.176192761192151E-005
   55219.5520962012      -1.109813483135658E-003  2.176251593113243E-005
   55219.5725295826      -1.210519930376797E-003  2.176100600842854E-005
   55219.5929630643      -1.375954814806457E-003  2.176042783265229E-005
   55219.6133963463      -1.396472000617210E-003  2.175821801295610E-005
   55219.6338297286      -1.371711357512684E-003  2.175955259914639E-005
   55219.6542632111      -1.422766250851026E-003  2.175979893970269E-005
   55219.6746964939      -1.338868256335224E-003  2.175971779222532E-005
   55219.6951298770      -1.279684809057602E-003  2.175957433507783E-005
   55219.7155633605      -1.385712272655937E-003  2.176005252556946E-005
   55219.7359966442      -1.221458939957176E-003  2.176082052848027E-005
   55219.7564300282      -1.169235572862526E-003  2.176012787679845E-005
   55219.7768635124      -1.127501176484080E-003  2.176210294843511E-005
   55219.7972967970      -1.128962724377236E-003  2.176162475794347E-005
   55219.8177301819      -1.021952827228945E-003  2.176361576926319E-005
   55219.8381635670      -7.337859078789810E-004  2.176741376101644E-005
   55219.8585969524       5.115642079034366E-005  2.177256807489142E-005
   55219.8790303381       2.410804167563008E-005  2.177525753414134E-005
   55219.8994637241       8.079420295659112E-005  2.177443881405718E-005
   55219.9198972104       2.150535230258654E-004  2.177498800859151E-005
   55219.9403304970       1.015891916253953E-004  2.177648344067444E-005
   55219.9607638838       2.161933520268278E-004  2.177525028883086E-005
   55220.0016306585       2.675433235548308E-004  2.177856864103038E-005
   55220.0220640462       2.460815726781362E-004  2.177495033297702E-005
   55220.0424975343       2.112850690296764E-004  2.177624434542862E-005
   55220.0629308225       1.789302700954121E-004  2.177780208718167E-005
   55220.0833642112       9.894909119778639E-005  2.177332303624336E-005
   55220.1037976000       7.819005792653044E-005  2.177620377168994E-005
   55220.1242309892       1.208144031361602E-004  2.177602698611424E-005
   55220.1446643786       6.930748930100705E-005  2.177538070441949E-005
   55220.1650977684       2.818791980963020E-005  2.177582846460711E-005
   55220.2059645488      -9.025948877194878E-006  2.177414320538962E-005
   55220.2263979394       4.587858553728452E-006  2.177329405500144E-005
   55220.2468313303      -1.455423187435301E-005  2.177371718113344E-005
   55220.2672647214      -1.342950228909734E-004  2.177161169390815E-005
   55220.2876980129      -3.249882198663734E-005  2.177403162760824E-005
   55220.3081315047       4.319049410850262E-005  2.177495902734959E-005
   55220.3285648967      -2.783717122878393E-005  2.177246519148261E-005
   55220.3489981891       1.077585600506303E-005  2.177508074856564E-005
   55220.3694316817      -2.535700038119870E-005  2.177361864491092E-005
   55220.3898650746       2.663370584587987E-005  2.177437215720077E-005
   55220.4102983678       8.995918962417804E-005  2.177783976279616E-005
   55220.4307318612      -4.043836647760202E-006  2.177390411014380E-005
   55220.4511652551      -3.194870970801844E-005  2.177460835432239E-005
   55296.3426698086      -2.168859223550257E-005  2.220665357876804E-005
   55296.3631040985       8.055975995402420E-005  2.220226760113837E-005
   55296.3835382885       1.103445177692564E-004  2.220276162609116E-005
   55296.4039726786       1.850805019831814E-004  2.220280681130026E-005
   55296.4244069689       2.059418626143561E-004  2.220555105966608E-005
   55296.4448411592       2.567860667452848E-004  2.220354333020854E-005
   55296.4652755498       2.286474505608371E-004  2.220567908442519E-005
   55296.4857098404       3.116949569226257E-004  2.220697138140536E-005
   55296.5061440312       3.166431681564941E-004  2.220860256745375E-005
   55296.5265784221       3.551404589836604E-004  2.220423165156045E-005
   55296.5470126131       3.993485437177036E-004  2.220225856409655E-005
   55296.5674469042       4.441684848996985E-004  2.221102600083498E-005
   55296.5878811955       5.792409238658536E-004  2.221286955736614E-005
   55296.6083155869       5.995164852676815E-004  2.221306987845980E-005
   55296.6287497784       8.073582137497759E-004  2.221472516328638E-005
   55296.6491840701       8.209044878191296E-004  2.221294938456887E-005
   55296.6696184618       8.286775515531364E-004  2.221560778103741E-005
   55296.6900526537       8.205700790993031E-004  2.221696936200486E-005
   55296.7104869458       7.896779966347633E-004  2.221319338469800E-005
   55296.7309213379       7.887028587680867E-004  2.221231076694697E-005
   55296.7513555302       6.603260511035547E-004  2.220720785066629E-005
   55296.7717898226       6.207673936293734E-004  2.221421457042358E-005
   55296.7922242151       6.448592592029900E-004  2.221225052000151E-005
   55296.8126584078       5.484286914521075E-004  2.220961772848480E-005
   55296.8330927006       4.988570940704928E-004  2.221098684032043E-005
   55296.8535270935       4.388294884056787E-004  2.220996113607393E-005
   55296.8739613865       3.837353588100889E-004  2.220701807278809E-005
   55296.8943955797       2.440014906504029E-004  2.220512029400602E-005
   55296.9148299729       1.806018664141096E-004  2.220448017021048E-005
   55296.9352642664      -5.884389272301505E-004  2.219681675874765E-005
   55296.9556984599      -7.503350879651816E-004  2.219769636415140E-005
   55296.9761328536      -9.162610312309916E-004  2.219415083141093E-005
   55296.9965671473      -8.525044304338314E-004  2.219401828813092E-005
   55297.0170013412      -8.270548183251236E-004  2.219274406523438E-005
   55297.0374357353      -7.524989775887780E-004  2.219423818948185E-005
   55297.0578700294      -7.497031565733003E-004  2.219357848542904E-005
   55297.0783042237      -7.756533189667847E-004  2.219130868175874E-005
   55297.0987386181      -7.108460165907715E-004  2.219473522678192E-005
   55297.1191729126      -7.357538941636932E-004  2.219074085429775E-005
   55297.1396071073      -6.496851803873271E-004  2.219501386890468E-005
   55297.1600415021      -6.361623141319939E-004  2.219461925141190E-005
   55297.1804757970      -6.085486674353158E-004  2.219670530189854E-005
   55297.2009100920      -6.622062915806470E-004  2.219420957218276E-005
   55297.2213443872      -6.352638061721816E-004  2.219559374575476E-005
   55297.2417786824      -5.221867900390142E-004  2.219243981815980E-005
   55297.2622128778      -6.298320852561323E-004  2.219374416452906E-005
   55297.2826471733      -5.806273135389173E-004  2.219782890743142E-005
   55297.3030815690      -6.164596699528291E-004  2.218981756985854E-005
   55297.3235157648      -3.798187632089167E-004  2.219588443726662E-005
   55297.3439500607       1.851518559772281E-004  2.220302219413029E-005
   55297.3643844567       1.094161611492339E-004  2.220382498467857E-005
   55297.3848186528       7.810735827207260E-005  2.220058219283905E-005
   55297.4052529491      -2.781501313187107E-005  2.220664755407349E-005
   55297.4256873455       2.967993272706693E-006  2.220090150165001E-005
   55297.4461215420      -3.370095387655869E-005  2.220006105676080E-005
   55297.4665558386      -8.471743895910322E-005  2.219997671103716E-005
   55297.4869902354      -1.251219152407224E-004  2.219301367031533E-005
   55297.5074244322      -1.190470341458916E-004  2.219758641347593E-005
   55297.5278587292      -1.722589296621058E-004  2.219802019148326E-005
   55297.5482931263      -1.260006546844883E-004  2.219942545148617E-005
   55297.5687274236      -9.881361140140488E-005  2.219747947514773E-005
   55297.5891616210      -2.450760953485176E-004  2.219850819174151E-005
   55297.6095960184      -1.805147883582325E-004  2.220154915631373E-005
   55297.6300303161      -8.353492337809243E-005  2.220055357553996E-005
   55297.6504645138       2.153102181079447E-005  2.220204769978743E-005
   55297.6708989117       8.260240542834474E-005  2.220525584963331E-005
   55297.6913332096       1.641833373089430E-004  2.220423617008136E-005
   55297.7117674077       2.013256482171766E-004  2.220149342788917E-005
   55297.7322018059       2.122799428314615E-004  2.220016197039445E-005
   55297.7526361043       2.028041942110370E-004  2.220873059221286E-005
   55297.7730703027       1.723107025006776E-004  2.220461572583777E-005
   55297.7935047013       7.627679807553633E-005  2.220024932846538E-005
   55297.8139390000       1.267634060508893E-004  2.219733337630499E-005
   55297.8343731989       4.372614836856137E-005  2.220667617137259E-005
   55297.8548074978      -2.486765620446363E-005  2.220011226666445E-005
   55297.8752418969       8.488360912406456E-005  2.220034873592539E-005
   55297.8956761961       1.489247698227558E-004  2.220346199683216E-005
   55297.9161103954       3.492015366424184E-005  2.220035626679357E-005
   55373.8091915672       1.792777013589486E-004  2.182655542723751E-005
   55373.8296256313       1.791613180452956E-004  2.182819626074776E-005
   55373.8500598955       1.300865080293701E-004  2.182189948810733E-005
   55373.8704940592       1.535906820431254E-004  2.182392387385509E-005
   55373.8909281229       1.165585468754227E-004  2.181995507077975E-005
   55373.9113623861       1.678610213962095E-004  2.182446736293294E-005
   55373.9317965493       1.455692160337030E-004  2.182257181519547E-005
   55373.9522306125       9.850083700779777E-005  2.182883600810915E-005
   55373.9726648753       1.129438583875597E-004  2.182279691148929E-005
   55373.9930990380       6.732197794057093E-005  2.182857388939858E-005
   55374.0135331005       2.638605528582083E-004  2.183078042543673E-005
   55374.0339673628       1.767012256099765E-004  2.183090630165368E-005
   55374.0544015251       2.253110060415064E-004  2.183076857826338E-005
   55374.0748356871       2.585699990911294E-004  2.182864201064540E-005
   55374.0952698490       3.288703561805661E-004  2.183422054840092E-005
   55374.1157040106       4.707709870377386E-004  2.182998962661501E-005
   55374.1361381719       3.503552676877852E-004  2.183557260706054E-005
   55374.1565723333       4.381434053621902E-004  2.183403395542051E-005
   55374.1770064944       4.279066983321478E-004  2.183617681290186E-005
   55374.1974407553       4.203819133017372E-004  2.183055681003958E-005
   55374.2178748159       3.729250332842327E-004  2.183250567005717E-005
   55374.2383089766       2.797915984134036E-004  2.183486621934899E-005
   55374.2587432370       2.117484055563779E-004  2.182972750790443E-005
   55374.2791773972       1.631680437417238E-004  2.183257379130398E-005
   55374.2996114572       1.096383236567355E-004  2.182375653253139E-005
   55374.3200457171      -3.466926018658167E-005  2.182729883736580E-005
   55374.3404797768      -1.287540590366731E-006  2.183018362407876E-005
   55374.3609139363      -1.322041310203304E-006  2.182926842993676E-005
   55374.3813481956      -5.680314292755284E-005  2.182792673755383E-005
   55374.4017822546      -5.934087368090202E-004  2.182290353604953E-005
   55374.4222164137      -1.139705522964940E-003  2.181802546241887E-005
   55374.4426506724      -1.162126766210747E-003  2.181248098528676E-005
   55374.4630847310      -1.373761965477116E-003  2.181442688351101E-005
   55374.4835189896      -1.214562851416634E-003  2.181499554783225E-005
   55374.5039531477      -1.228279276594191E-003  2.181805211855893E-005
   55374.5243872058      -1.131251427400226E-003  2.181958040392227E-005
   55374.5448214636      -1.267351321215360E-003  2.181754120920781E-005
   55374.5652556212      -1.182492652441858E-003  2.182252886919204E-005
   55374.5856896789      -1.240489715774840E-003  2.181490965582540E-005
   55374.6061239363      -1.261983477182982E-003  2.181942046708192E-005
   55374.6265580934      -1.171187557055364E-003  2.181590037569756E-005
   55374.6469922504      -1.154729798062082E-003  2.182351366547753E-005
   55374.6674264071      -1.264469988346728E-003  2.181760192597128E-005
   55374.6878605638      -1.356538532301665E-003  2.182015943452020E-005
   55374.7082947202      -1.110264251256154E-003  2.182203424970429E-005
   55374.7287289765      -1.130422745379223E-003  2.182019053335027E-005
   55374.7491630327      -1.013899520367789E-003  2.182408529159211E-005
   55374.7695972885      -9.485433443516822E-004  2.181982327097613E-005
   55374.7900314442      -8.396972892010801E-004  2.182570687344565E-005
   55374.8104654998      -1.888341209385080E-004  2.182900186853618E-005
   55374.8308997551       1.741666968178013E-004  2.183432569206448E-005
   55374.8513339104       2.400525156216471E-004  2.183550300491705E-005
   55374.8717679652       1.388163648683438E-004  2.183727563823092E-005
   55374.8922022200       1.669643328341408E-004  2.183705942731712E-005
   55374.9126363749       2.135672037324454E-004  2.183256046323396E-005
   55374.9330704292       2.076166577429372E-004  2.183865139123726E-005
   55374.9535046836       1.971933546409677E-004  2.183467814547191E-005
   55374.9739388375       2.343496452852367E-004  2.183978279629307E-005
   55374.9943728916       1.964706962525042E-004  2.183665662342290E-005
   55375.0148071453       2.145519879843683E-004  2.183986720740325E-005
   55375.0352411988       8.517821247822077E-005  2.184235659470536E-005
   55375.0556754522       1.024032927454677E-005  2.183697501620693E-005
   55375.0761096054      -2.166516955321995E-004  2.183612053882840E-005
   55375.0965436584      -2.034543427439361E-004  2.183671141659969E-005
   55375.1169779113      -1.527048291586341E-004  2.183788428676225E-005
   55375.1374120639      -3.121693909773349E-004  2.183336755191905E-005
   55375.1578462164      -1.003750794081881E-004  2.183816269533619E-005
   55375.1782803686      -2.939576187418469E-004  2.183757181756490E-005
   55375.1987145207      -2.340156611203570E-004  2.183884835049436E-005
   55375.2191486727      -3.645063782125035E-004  2.183732746961437E-005
   55375.2395828245      -3.179345501556075E-004  2.183550300491705E-005
   55375.2600169761      -2.093149769522018E-004  2.183991755789003E-005
   55375.2804511274      -3.543007524553499E-005  2.183745482672798E-005
   55375.3008853786       7.163338982874023E-006  2.184268831555941E-005
   55375.3213194297       4.516339664251134E-006  2.184178052590076E-005
   55375.3417535805       2.246402337391373E-005  2.184145176684005E-005
   55375.3621878312       1.505241767385535E-005  2.184385526213530E-005
   55375.3826218816       1.562045376868326E-005  2.183854476667703E-005
   55375.4030561320       1.820043545652794E-006  2.184463717557701E-005
   55451.2938852266       1.019824516379497E-004  2.182874419251562E-005
   55451.3143184752       1.444942493251666E-004  2.182603267071303E-005
   55451.3347517237       4.400284956562750E-005  2.183023841725555E-005
   55451.3551849718       3.227207631106843E-005  2.182608154030314E-005
   55451.3756183198       6.172116769009861E-006  2.182926991083343E-005
   55451.3960514675       3.255175405159072E-005  2.183037317885251E-005
   55451.4164847150       2.006348160299432E-005  2.182940615332707E-005
   55451.4369179623      -6.811599032596760E-005  2.182738769116599E-005
   55451.4573512093       8.702958348205669E-006  2.182730624184914E-005
   55451.4777843559      -4.406347747210049E-005  2.183015696793870E-005
   55451.4982177025      -1.246199064323106E-004  2.182727218122574E-005
   55451.5186509486      -1.578636087973262E-004  2.182342777347067E-005
   55451.5390840946      -1.335681868496197E-004  2.182761130656315E-005
   55451.5595174403      -8.787383621811085E-005  2.182879602389906E-005
   55451.5799506859      -1.302376797590599E-004  2.182582090248923E-005
   55451.6003839311      -1.814555503006909E-004  2.182611708182321E-005
   55451.6412504207      -1.109449857943368E-004  2.182643103191723E-005
   55451.6616837654      -8.039231040546380E-005  2.182914551551316E-005
   55451.6821169096      -1.752217863759675E-005  2.182645620716062E-005
   55451.7025501536       4.045848713785105E-005  2.182989929191814E-005
   55451.7229834974       2.881559970835390E-005  2.182820514612778E-005
   55451.7434167407       2.456254531302271E-005  2.182949648802393E-005
   55451.7638498840      -8.357387897617308E-005  2.182767942780996E-005
   55451.7842832271      -1.074691401171668E-004  2.182629034673359E-005
   55451.8047164699      -1.473997873321364E-004  2.182648434419735E-005
   55451.8251496125      -9.100803057049411E-005  2.182747506406951E-005
   55451.8455829547      -8.898514308097738E-005  2.182941800050042E-005
   55451.8660161968      -1.230715753974820E-004  2.182741730909939E-005
   55451.8864493385      -7.153164883623164E-004  2.182088063119844E-005
   55451.9068826802      -1.101852364942979E-003  2.181355463537244E-005
   55451.9273159214      -1.179745436731494E-003  2.181404925486018E-005
   55451.9477490626      -1.239229008065612E-003  2.180923041709632E-005
   55451.9681824033      -1.244477163075075E-003  2.180954140539700E-005
   55451.9886156438      -1.320166781951015E-003  2.181078980128973E-005
   55452.0090487841      -1.332565314326128E-003  2.181168722467169E-005
   55452.0294821241      -1.431318139560656E-003  2.181209002856591E-005
   55452.0499153640      -1.529893622721934E-003  2.180864546291171E-005
   55452.0703487035      -1.492886316917574E-003  2.180983610383431E-005
   55452.0907818429      -1.516678862108489E-003  2.181007156640483E-005
   55452.1112150820      -1.628054137315815E-003  2.180964654906057E-005
   55452.1316483209      -1.594006581044138E-003  2.180827375784757E-005
   55452.1520815595      -1.524736371972812E-003  2.180753330951262E-005
   55452.1725147979      -1.568593292232690E-003  2.181015301572167E-005
   55452.1929480359      -1.510856190121368E-003  2.180862028766832E-005
   55452.2133812738      -1.354494529815953E-003  2.181088902136661E-005
   55452.2338145116      -1.356344484365946E-003  2.181396780554334E-005
   55452.2542477488      -1.182372412326882E-003  2.181116742994056E-005
   55452.2746809860      -1.050544679823795E-003  2.181195378607227E-005
   55452.2951142228      -2.603938852520082E-004  2.182517226974782E-005
   55452.3155475594      -2.052579605127391E-005  2.182829992351465E-005
   55452.3359806959      -4.410720214842456E-006  2.182765129077323E-005
   55452.3564139320       1.877771901703795E-005  2.182884193169583E-005
   55452.3768472679      -5.818373175703329E-006  2.182704264224190E-005
   55452.3972804035       5.737521477655605E-005  2.182950685430062E-005
   55452.4177136389       8.508459934319923E-005  2.182991410088484E-005
   55452.4381469743       5.702588650047247E-005  2.182983265156800E-005
   55452.4585801092       1.706560131033985E-004  2.182978970556457E-005
   55452.4790134436       9.763472146251395E-005  2.182884341259250E-005
   55452.4994466781       3.352272584633553E-005  2.183032282836573E-005
   55452.5198798123       8.276330470935456E-005  2.183148977494162E-005
   55452.5403131463       7.165475342119088E-005  2.182438739451277E-005
   55452.5607463801       4.829560312069603E-005  2.183039539230256E-005
   55452.5811796134      -1.524521175966242E-007  2.182859166015862E-005
   55452.6016128467      -7.485757824277073E-006  2.182645916895396E-005
   55452.6220460797      -3.298222686409780E-005  2.182563727130216E-005
   55452.6424793123      -8.307571794596846E-005  2.182801114866402E-005
   55452.6629125449      -9.187879658523190E-005  2.182320119628018E-005
   55452.6833457770      -2.067884220569027E-005  2.182813850577763E-005
   55452.7037790092      -7.605421392187228E-005  2.182731660812583E-005
   55452.7242122408      -6.133973564204087E-005  2.182747506406951E-005
   55452.7446454722       1.449867844427466E-005  2.182805557556411E-005
   55452.7650787034       7.596245388108436E-005  2.182634069722037E-005
   55452.7855119346       1.378757157504129E-004  2.183103513966396E-005
   55452.8059451654       1.313358939298848E-004  2.182823624495784E-005
   55452.8263783959       2.322579521871759E-004  2.183122173264437E-005
   55452.8468116261       2.182125047440753E-004  2.182958238003078E-005
   55452.8672448562       3.748703082435689E-004  2.183194292932261E-005
   55452.8876781860       3.061276860421014E-004  2.183052274941617E-005
   55528.7755190500      -2.180133159205289E-004  2.187095874418034E-005
   55528.7959518414      -1.589675753718156E-004  2.187120237317299E-005
   55528.8163846328      -9.976048104964885E-005  2.187093294816935E-005
   55528.8368174243      -2.266187244508444E-004  2.187186877012348E-005
   55528.8572503158      -2.198373357531480E-004  2.186905127247906E-005
   55528.8776830074      -2.041965556983660E-004  2.187220268515458E-005
   55528.8981158991      -1.265318292237305E-004  2.187538992562313E-005
   55528.9185486908      -8.054499978116247E-005  2.187447273412139E-005
   55528.9389813826      -3.595825152458154E-005  2.187687892870175E-005
   55528.9594142744       1.306869605954830E-005  2.187468770087961E-005
   55528.9798470663       4.122292546737683E-005  2.187271717226259E-005
   55529.0002797582      -2.662267995523493E-005  2.187402703637601E-005
   55529.0207126502       3.096789050749393E-006  2.187251653662158E-005
   55529.0411454422      -8.886704003319146E-005  2.187145746705941E-005
   55529.0615781343      -1.068505822470200E-004  2.186969617275372E-005
   55529.0820110265      -1.292596187247863E-004  2.187339503410684E-005
   55529.1024438187      -1.875431715649967E-004  2.187097307529755E-005
   55529.1228767110      -1.870363787005447E-004  2.187035540414560E-005
   55529.1433094033      -1.378211021059172E-004  2.187329901562151E-005
   55529.1637421957      -9.219022027706636E-005  2.187217688914359E-005
   55529.1841750882       2.467243324866253E-005  2.187461747840526E-005
   55529.2046077807      -6.384432024830744E-006  2.187318723290723E-005
   55529.2250405733      -3.844002688258019E-005  2.187648912231351E-005
   55529.2454734659      -3.535004663879349E-005  2.187386509475149E-005
   55529.2659061586      -9.265973100092140E-005  2.187147466440007E-005
   55529.2863389513      -2.121399441092908E-004  2.187436095140712E-005
   55529.3067717442      -1.978732406450190E-004  2.187250077239265E-005
   55529.3272045370      -2.391710816155301E-004  2.186896098644061E-005
   55529.3476374299      -1.881826319375390E-004  2.187461031284666E-005
   55529.3680702229      -9.280529194463094E-004  2.186356388769754E-005
   55529.3885029160      -1.262227965210361E-003  2.185968158804406E-005
   55529.4089358091      -1.346712871322375E-003  2.185986502634441E-005
   55529.4293686022      -1.463778384140024E-003  2.185756631514317E-005
   55529.4498012955      -1.418160644657163E-003  2.185730835503330E-005
   55529.4702341887      -1.360178640661736E-003  2.185783000769992E-005
   55529.4906669820      -1.370029966526243E-003  2.185969018671439E-005
   55529.5110998755      -1.333094562328996E-003  2.185857092645992E-005
   55529.5315325689      -1.343509903916074E-003  2.185742013774758E-005
   55529.5519653624      -1.348450092197973E-003  2.185844481262843E-005
   55529.5723982560      -1.343973882098171E-003  2.185972171517226E-005
   55529.5928309497      -1.351259133435367E-003  2.185666632098208E-005
   55529.6132637434      -1.354868335134873E-003  2.185696584133187E-005
   55529.6336966371      -1.332181363226215E-003  2.185816392273102E-005
   55529.6541293310      -1.263075552056070E-003  2.186079224962820E-005
   55529.6745621248      -1.210840679612524E-003  2.185670788122201E-005
   55529.6949950188      -1.064809267417366E-003  2.186255497704562E-005
   55529.7154277128      -1.038915593078449E-003  2.185786153615779E-005
   55529.7358606068      -1.025143294980380E-003  2.186021183938101E-005
   55529.7562934010      -7.892067485500975E-004  2.186442088850698E-005
   55529.7767260952       1.273514116517660E-005  2.187305108729369E-005
   55529.7971589894       2.568825690902887E-004  2.187507034170925E-005
   55529.8175917837       2.513808523469940E-004  2.187138294524990E-005
   55529.8380245781       3.155038462816506E-004  2.187611937948937E-005
   55529.8584573725       3.216719344276697E-004  2.187273723582669E-005
   55529.8788901670       3.630453028800051E-004  2.187353547905555E-005
   55529.8993229616       4.665496029760963E-004  2.187516636019458E-005
   55529.9197557562       4.230069762802824E-004  2.187704803588488E-005
   55529.9401885509       4.591413213288487E-004  2.187799532273278E-005
   55529.9606213456       6.057354813744364E-004  2.187888958444698E-005
   55529.9810541405       6.785657809924572E-004  2.187809707366500E-005
   55530.0014869353       5.869710670751704E-004  2.187669692351312E-005
   55530.0219198302       6.066585976289840E-004  2.188011202874539E-005
   55530.0423525252       4.877669713436728E-004  2.187589581406082E-005
   55530.0627853203       4.781265660036560E-004  2.187720567817424E-005
   55530.0832182154       4.695094225319885E-004  2.187459884795288E-005
   55530.1036509106       3.953447496416462E-004  2.187310124620394E-005
   55530.1240837058       4.039675075404592E-004  2.187239042279009E-005
   55530.1445166011       3.538599535701792E-004  2.187806984454229E-005
   55530.1649492965       3.971196674319444E-004  2.187207943754653E-005
   55530.1853821920       3.852925153811082E-004  2.187762844613208E-005
   55530.2058149875       3.965146274611531E-004  2.187514916285393E-005
   55530.2262476830       1.218862925080888E-004  2.187442544143459E-005
   55530.2466805787       2.141865130251830E-004  2.187475935646569E-005
   55530.2671133743       2.269822928500087E-004  2.187344375990537E-005
   55530.2875460701       2.904582396130451E-004  2.187624406020913E-005
   55530.3079789659       2.641227829214277E-004  2.187268707691644E-005
   55530.3284117618       3.197889840338419E-004  2.187671125463034E-005
   55530.3488445578       1.666654733001316E-004  2.187079966877926E-005
   55530.3692773538       1.696079962820729E-004  2.187514056418360E-005
   55606.2578721124      -8.919902079906894E-005  2.187140993456533E-005
   55606.2783058088      -2.505959914400613E-005  2.187549594308966E-005
   55606.2987393054      -3.028919434799882E-005  2.187543155040518E-005
   55606.3191729022      -4.804595346286078E-005  2.187636085391985E-005
   55606.3396065994      -5.065178196206332E-006  2.187632134022710E-005
   55606.3600400970       2.774644958458694E-005  2.187616328545610E-005
   55606.3804737948      -3.377849632013596E-005  2.187280754851258E-005
   55606.4009073928       6.663807754936357E-005  2.187488567605720E-005
   55606.4213408913       5.050863429323371E-005  2.187651159134034E-005
   55606.4417745899       1.388212750430551E-004  2.187509787922196E-005
   55606.4622081888       2.279637268254309E-004  2.187562472845862E-005
   55606.4826416881       3.604232268776819E-004  2.187822385135949E-005
   55606.5030753877       3.285288811616383E-004  2.188111420481062E-005
   55606.5235089876       3.881913598078324E-004  2.187965366164899E-005
   55606.5439426877       4.909314717913560E-004  2.188048198572663E-005
   55606.5643761880       5.347810414608745E-004  2.188015270495371E-005
   55606.5848097887       5.839865579333470E-004  2.188228498089210E-005
   55606.6052434898       6.228564637236200E-004  2.188392992128656E-005
   55606.6256769911       6.654065969735612E-004  2.188160739423494E-005
   55606.6461105927       6.479475103942089E-004  2.188096200392003E-005
   55606.6665442946       6.363828742492750E-004  2.188468360838901E-005
   55606.6869778968       5.427082178059983E-004  2.187909315259998E-005
   55606.7074113992       4.154616060370042E-004  2.187765309801977E-005
   55606.7278451019       4.053180968839332E-004  2.188066491948936E-005
   55606.7482787049       3.674014761263500E-004  2.187845361616548E-005
   55606.7687123083       2.901683031395486E-004  2.188019953599698E-005
   55606.7891459119       1.845645584417355E-004  2.187311780417417E-005
   55606.8095795159       1.084006407137128E-004  2.187494421486127E-005
   55606.8300131200       3.014324490369091E-005  2.187621011649936E-005
   55606.8504467246      -6.954287431109041E-004  2.186582094224640E-005
   55606.8708802294      -9.240332058654266E-004  2.186864543954296E-005
   55606.8913139345      -9.940299256139262E-004  2.186862495096153E-005
   55606.9117475398      -9.834886479355154E-004  2.186403111831186E-005
   55606.9321812455      -1.084676114697092E-003  2.186431503151161E-005
   55606.9526147515      -1.156607760029016E-003  2.186745563835016E-005
   55606.9730483576      -1.154656618612360E-003  2.186368720283792E-005
   55606.9934820643      -1.190032365808391E-003  2.186335060471450E-005
   55607.0139155710      -1.120743164730653E-003  2.186542580531891E-005
   55607.0343491783      -1.066240022402187E-003  2.186719953108234E-005
   55607.0547828856      -1.019987036657399E-003  2.186733270686161E-005
   55607.0752163934      -8.927703502614737E-004  2.186675024576107E-005
   55607.0956501013      -8.019936925521831E-004  2.186821371586291E-005
   55607.1160837097      -8.283526232043537E-004  2.186819322728149E-005
   55607.1365172182      -8.017766675276761E-004  2.186700635302889E-005
   55607.1569509270      -7.224309491142833E-004  2.186494286018530E-005
   55607.1773845362      -6.511872708202526E-004  2.186921033900227E-005
   55607.1978181457      -5.592508343564839E-004  2.186847421354104E-005
   55607.2182517554      -5.986709730144701E-004  2.187253095266334E-005
   55607.2386853654      -4.344585889556329E-004  2.187202898241841E-005
   55607.2591189758       1.603853193241633E-004  2.188283378218028E-005
   55607.2795525864       2.005216550930999E-004  2.187947365482646E-005
   55607.2999861973       6.498034722945967E-005  2.187553399331231E-005
   55607.3204199085      -6.352701630552016E-005  2.187358904154697E-005
   55607.3408535201      -7.305318990136200E-005  2.187408662138159E-005
   55607.3612870318      -1.265490987976126E-004  2.187536276731040E-005
   55607.4021543563      -1.351574487128415E-004  2.187736625787981E-005
   55607.4225878689      -1.351290965518892E-004  2.187666379223093E-005
   55607.4430215820      -3.908991369772075E-005  2.188057564781315E-005
   55607.4634551951      -5.901802151742075E-005  2.187948682605738E-005
   55607.4838888088       7.069071530807491E-006  2.187445395237715E-005
   55607.5043224225       3.300862296629070E-005  2.187385246616530E-005
   55607.5247559367       2.972366033682228E-005  2.187585888367492E-005
   55607.5451896510      -5.463999438681810E-006  2.187746870078694E-005
   55607.5656232658      -5.977778341059725E-005  2.187450224689051E-005
   55607.5860567807      -1.013254400114016E-004  2.187555448189374E-005
   55607.6064904961      -1.363090434031156E-004  2.186882983677579E-005
   55607.6269241117      -1.047980860151565E-004  2.187096650312447E-005
   55607.6473576275      -2.395523114231413E-004  2.187206117876065E-005
   55607.6677913437      -2.949085087070591E-004  2.186753759267586E-005
   55607.6882249601      -3.578908735203390E-004  2.187088601226887E-005
   55607.7086586769      -4.354000881393594E-004  2.186897325684577E-005
   55607.7290921939      -4.424053294437291E-004  2.186712928451745E-005
   55607.7495258112      -5.000863999666816E-004  2.186767515886544E-005
   55607.7699595288      -5.802077864490718E-004  2.186697122974645E-005
   55607.7903930467      -4.612701129749208E-004  2.186766930498503E-005
   55607.8108266649      -4.681770785088801E-004  2.187036062650231E-005
   55607.8312603834      -4.843666478957509E-004  2.186454625978770E-005
   55683.7234019002       2.411984381989196E-004  2.226407969035597E-005
   55683.7438362619       2.637440058748108E-004  2.226213459708188E-005
   55683.7642706236       3.585725889381219E-004  2.226639375916916E-005
   55683.7847050854       3.004537155346654E-004  2.226507577246979E-005
   55683.8051393473       3.385484513842574E-004  2.226280421935657E-005
   55683.8255737092       3.333094970072725E-004  2.226410246662381E-005
   55683.8460081712       2.507448341522167E-004  2.226351028365981E-005
   55683.8664425332       1.980364368421306E-004  2.226226062576397E-005
   55683.8868767953       1.693184984750129E-004  2.226373804633827E-005
   55683.9073112575       1.029895865671815E-004  2.226362416499904E-005
   55683.9277456197       9.448986450388830E-005  2.226223329424255E-005
   55683.9481798820      -6.181293988827274E-005  2.226337210763487E-005
   55683.9686143444      -1.188457360279394E-005  2.225965805755805E-005
   55683.9890487067      -3.756208237304381E-005  2.226051900048264E-005
   55684.0094831692      -9.941018379322486E-005  2.226048104003623E-005
   55684.0299174317      -1.448954561610316E-004  2.225922379005111E-005
   55684.0503517943      -1.222610167703753E-004  2.225796198481241E-005
   55684.0707862570      -7.693626311977564E-005  2.225704182359142E-005
   55684.0912205197      -3.281353422179834E-005  2.226070272904327E-005
   55684.1116548824      -1.496940446599204E-005  2.226109296243237E-005
   55684.1320892452      -3.619546327671141E-005  2.226126758048586E-005
   55684.1525236081      -4.387715975251449E-005  2.225979623358298E-005
   55684.1729580711      -9.231222389050053E-005  2.226157885614643E-005
   55684.1933923341      -3.772528831769151E-005  2.225944396064029E-005
   55684.2138266971      -4.795495440923503E-005  2.226048863212551E-005
   55684.2342611602       3.357365620160202E-005  2.226286495607082E-005
   55684.2546954234       1.408112096967784E-004  2.226272222479232E-005
   55684.2751297866       2.344293707732259E-004  2.226428619518444E-005
   55684.2955642500       2.396170815146537E-004  2.226570287904449E-005
   55684.3159986133       1.657472481242372E-004  2.226775122473281E-005
   55684.3364328767      -6.069288505733406E-004  2.225454098938188E-005
   55684.3568673402      -7.130577666563109E-004  2.225181846616530E-005
   55684.3773017037      -7.843377946524788E-004  2.225158311139756E-005
   55684.3977360673      -7.853183892406745E-004  2.225229828620794E-005
   55684.4181704309      -8.534136117099855E-004  2.225336421554315E-005
   55684.4386047946      -8.904920213144152E-004  2.225198397371165E-005
   55684.4590392584      -9.752923516941348E-004  2.224989311232335E-005
   55684.4794735222      -9.841117487101592E-004  2.225112758604063E-005
   55684.4999078861      -1.104698169925200E-003  2.224916882700584E-005
   55684.5203423500      -1.045150567949293E-003  2.224644326695354E-005
   55684.5407766140      -1.026052285033607E-003  2.225059158453731E-005
   55684.5612110781      -1.074345017338163E-003  2.224892588014881E-005
   55684.5816454422      -1.127035059007908E-003  2.224823500002413E-005
   55684.6020797063      -1.105890849017133E-003  2.224788880075286E-005
   55684.6225141706      -1.218884031194967E-003  2.225085882608004E-005
   55684.6429485348      -1.225888198018499E-003  2.225032434299458E-005
   55684.6633827992      -1.186428208368673E-003  2.225012543025538E-005
   55684.6838172636      -1.114821807584376E-003  2.225000395682687E-005
   55684.7042516280      -9.024835043969226E-004  2.224788576391715E-005
   55684.7246858925      -3.953838709457314E-004  2.225460324451399E-005
   55684.7451203571       1.779928443821355E-004  2.226495581745913E-005
   55684.7655546217       2.050724833813078E-004  2.226525950103041E-005
   55684.7859890864       1.324805698259546E-004  2.226587142342655E-005
   55684.8064234511       2.358117797625070E-004  2.226351635733123E-005
   55684.8268577159       2.876787043559759E-004  2.226603996780862E-005
   55684.8472921808       3.330597999036122E-004  2.226179750831775E-005
   55684.8677265457       4.081465063550116E-004  2.226474172054137E-005
   55684.8881609106       4.408632740440233E-004  2.227098089951343E-005
   55684.9085952756       4.293970863140650E-004  2.226888244603585E-005
   55684.9290296407       4.443208403852594E-004  2.227062710815289E-005
   55684.9494640058       4.555863489970058E-004  2.227139390917039E-005
   55684.9698983710       3.651753965983051E-004  2.226648638265841E-005
   55684.9903327362       3.978148663732473E-004  2.226754168306862E-005
   55685.0107672015       3.644670571274489E-004  2.226907072985005E-005
   55685.0312015669       3.229631214123341E-004  2.226455495514503E-005
   55685.0516358323       2.149963984225955E-004  2.225926478733323E-005
   55685.0720702978       7.860829471062480E-005  2.226191442649270E-005
   55685.0925046632      -1.233710784642739E-007  2.226134046454297E-005
   55685.1129389288      -1.417253499981230E-004  2.226139968283937E-005
   55685.1333733945      -3.087750205138518E-004  2.226002855151501E-005
   55685.1538077602      -3.832806494743490E-004  2.225697956845930E-005
   55685.1742422259      -4.856315814112389E-004  2.225715266809494E-005
   55685.1946764917      -5.612825721620363E-004  2.225660755608448E-005
   55685.2151108575      -5.361634857851127E-004  2.225374685684297E-005
   55685.2355453234      -6.201209504420602E-004  2.225604574147760E-005
   55685.2559795894      -5.043422273318665E-004  2.225801209260168E-005
   55685.2764139554      -4.995179259856819E-004  2.225739865178768E-005
   55685.2968484215      -4.446284502216402E-004  2.225867108595137E-005
   55685.3172826876      -3.040189714117458E-004  2.225927389784037E-005
   55761.2101737109       1.350035493430379E-004  2.195291498695997E-005
   55761.2306078247       1.732480169103212E-004  2.195148871598127E-005
   55761.2510417382       8.721243156695202E-005  2.194973089300542E-005
   55761.2714757517       4.387686586659889E-005  2.195243707417130E-005
   55761.2919098647      -1.199862422174292E-005  2.194997582330961E-005
   55761.3123437775       6.934804654168403E-005  2.195324056504725E-005
   55761.3327778903       1.857932400997075E-004  2.195049405998983E-005
   55761.3532118027       2.466686184769973E-004  2.195408139285983E-005
   55761.3736458150       9.766153679247047E-005  2.195146183338690E-005
   55761.3940799271      -3.733290851937188E-005  2.194834494591826E-005
   55761.4145138388      -1.603348751828548E-004  2.194687536409308E-005
   55761.4349478504      -1.838369963438335E-004  2.194939038014349E-005
   55761.4553819618      -3.643853679078379E-004  2.194769378974368E-005
   55761.4758158730      -3.957746449435584E-004  2.194729801821557E-005
   55761.4962498840      -4.297382925698701E-004  2.194564772561717E-005
   55761.5166839947      -5.090163982763851E-004  2.194659757728466E-005
   55761.5371179052      -5.739484797862016E-004  2.194436184152014E-005
   55761.5575519154      -5.578932862789765E-004  2.194414528728777E-005
   55761.5779860254      -5.508404345647699E-004  2.194606141887487E-005
   55761.5984199352      -5.992304692902239E-004  2.194455748706800E-005
   55761.6188540450      -6.397500483141805E-004  2.194088353250506E-005
   55761.6392880543      -5.604998310317910E-004  2.194522656497215E-005
   55761.6597220636      -5.371298921922341E-004  2.194558499956365E-005
   55761.6801560725      -5.371304363137597E-004  2.194272349674146E-005
   55761.7005900813      -4.409335944738357E-004  2.194572837340026E-005
   55761.7210240897      -3.112405791768635E-004  2.194797008307464E-005
   55761.7414580981      -3.153094384144017E-004  2.194692912928181E-005
   55761.7618921062      -2.528849149350254E-004  2.194782073532818E-005
   55761.7823261142      -1.520099316274504E-004  2.194943518446742E-005
   55761.8027602218      -5.962021056289402E-004  2.194350607893291E-005
   55761.8231941293      -1.050382980058329E-003  2.193815345569975E-005
   55761.8436281365      -1.156004358951135E-003  2.193691088244919E-005
   55761.8640622435      -1.129504930835523E-003  2.193683172814356E-005
   55761.8844961503      -1.257401109143075E-003  2.193588336995353E-005
   55761.9049302568      -1.299853116187966E-003  2.193474235317057E-005
   55761.9253642631      -1.448374176909906E-003  2.193134618541604E-005
   55761.9457981694      -1.477555151146226E-003  2.193292329761867E-005
   55761.9662322752      -1.476538780709746E-003  2.193088619435694E-005
   55761.9866662808      -1.490673092294115E-003  2.193201227636526E-005
   55762.0071001864      -1.440641485471184E-003  2.193380743627773E-005
   55762.0275342915      -1.499127492692764E-003  2.193203318504977E-005
   55762.0479681966      -1.534900998781841E-003  2.192950024726978E-005
   55762.0684022015      -1.659291450243683E-003  2.192706438552500E-005
   55762.0888363059      -1.649206746369813E-003  2.193063230318796E-005
   55762.1092702104      -1.583138411053175E-003  2.193045009893728E-005
   55762.1297042146      -1.466918172989717E-003  2.192941511905430E-005
   55762.1501383185      -1.340503026388440E-003  2.193573402220707E-005
   55762.1705723223      -1.270287346519905E-003  2.193608946984365E-005
   55762.1910063257      -1.035537941304732E-003  2.193695419329566E-005
   55762.2114403290      -2.160508047065468E-004  2.194670660113958E-005
   55762.2318743320       1.223187191201625E-004  2.194936499102659E-005
   55762.2523083348       2.581356717916705E-004  2.195290453261772E-005
   55762.2727423376       4.220705930919610E-004  2.195517312488646E-005
   55762.2931763400       4.296978261904005E-004  2.195359899963876E-005
   55762.3136104421       4.370588195299341E-004  2.195097495973344E-005
   55762.3953463486      -1.605110341231120E-003  2.195478780770059E-005
   55762.4157803498       2.307858304788635E-004  2.195170527021363E-005
   55762.4362144507      -1.538202171502689E-005  2.195337647149654E-005
   55762.4566483512       2.183518026801501E-004  2.195056275995321E-005
   55762.4770824516       1.850111510155461E-004  2.194871682180695E-005
   55762.4975164519      -1.622958348845849E-005  2.194750859853807E-005
   55762.5179503519      -6.097903584867392E-005  2.194933810843223E-005
   55762.5383844516      -1.197351905883881E-004  2.194516085196370E-005
   55762.5588184512      -2.453702531757251E-004  2.194524448670172E-005
   55762.5792523505      -2.452824139065335E-004  2.194405418516243E-005
   55762.5996864496      -2.392180046569825E-004  2.194411840469340E-005
   55762.6201204484      -1.032328945606009E-004  2.194711730744235E-005
   55762.6405544472      -1.677429225281912E-004  2.194632875134103E-005
   55762.6609884456      -9.637386421612604E-005  2.194582694291292E-005
   55762.6814224437      -2.847494311519760E-005  2.194613310579317E-005
   55762.7018564419       2.969328182200748E-005  2.194633323177343E-005
   55762.7222904396       9.431734732578967E-005  2.194778937230142E-005
   55762.7427244370       1.874253568667772E-004  2.194965024522233E-005
   55762.7631584344       1.720517343268835E-004  2.195047016435040E-005
   55762.7835924317       3.039830229414342E-004  2.195146033990944E-005
   55762.8040264284       3.130957315540250E-004  2.195135728996438E-005
   55838.6941356828      -5.851742884287470E-004  2.199210535853684E-005
   55838.7145686573      -5.949315538146260E-004  2.199015599281766E-005
   55838.7350018316      -6.283941994388309E-004  2.199157818979852E-005
   55838.7758678797      -4.906564466893304E-004  2.199295693880643E-005
   55838.7963010532      -4.152041220668590E-004  2.199267742351386E-005
   55838.8167341268      -3.724525426466174E-004  2.199395334565249E-005
   55838.8371670999      -2.569296929344489E-004  2.199677601562773E-005
   55838.8576002730      -2.635510049299183E-004  2.199634443242987E-005
   55838.8780333459      -1.757526487043970E-004  2.199853276200021E-005
   55838.8984663185      -1.518687545499775E-004  2.199737270112275E-005
   55838.9188994907      -1.094488829413987E-004  2.199550443828639E-005
   55838.9393325631      -6.991642478526572E-006  2.200011861301247E-005
   55838.9597657351      -3.558315220797414E-005  2.199858924436503E-005
   55838.9801987068       4.949650172036968E-005  2.200130619093945E-005
   55839.0006317782       5.880311378314573E-005  2.200037350778704E-005
   55839.0210649495       4.063240635709953E-005  2.199962475438673E-005
   55839.0414979207      -3.815272178053775E-005  2.200088764213348E-005
   55839.0619309915      -4.625032723015732E-005  2.199941041105357E-005
   55839.0823641623      -3.882096877494412E-005  2.200066895400302E-005
   55839.1027971328      -5.589393803184795E-005  2.199835317704540E-005
   55839.1232302031       6.439453338513701E-005  2.200121350193052E-005
   55839.1436633730       3.084686323617802E-005  2.200027647398081E-005
   55839.1640964428      -2.203634775099772E-005  2.200042419708880E-005
   55839.1845294124      -5.624163827777640E-005  2.200058205805714E-005
   55839.2049625820      -1.147014760408682E-004  2.199723801240664E-005
   55839.2253956512      -1.174496337295050E-004  2.199995351071530E-005
   55839.2458287201      -2.327818283905936E-004  2.199809828227083E-005
   55839.2662617890      -3.361004328792383E-004  2.199353914164381E-005
   55839.2866948575      -9.318462402765348E-004  2.198901910419244E-005
   55839.3071279259      -1.349533024004090E-003  2.198195736032416E-005
   55839.3275609939      -1.378652686126580E-003  2.198419058613320E-005
   55839.3479940619      -1.384398314835722E-003  2.198197473951334E-005
   55839.3684271296      -1.431955013452613E-003  2.198102612543751E-005
   55839.3888601971      -1.473995090295666E-003  2.198463375545717E-005
   55839.4092931644      -1.463869590826228E-003  2.198298562901704E-005
   55839.4297263315      -1.460819534878088E-003  2.198348962550313E-005
   55839.4501593983      -1.452704509279923E-003  2.198226149613473E-005
   55839.4705925649      -1.450666296714753E-003  2.198250625304895E-005
   55839.4910255315      -1.404134548878333E-003  2.198496975311456E-005
   55839.5114585976      -1.334778946691539E-003  2.198221659989603E-005
   55839.5318917637      -1.203117266295850E-003  2.198564609322664E-005
   55839.5523247294      -1.191161597853485E-003  2.198137660575255E-005
   55839.5727577950      -1.100411573511373E-003  2.198446430836271E-005
   55839.5931909604      -1.068802456500983E-003  2.198715084135608E-005
   55839.6136239256      -1.062553426415924E-003  2.198264963135965E-005
   55839.6340569906      -9.867788874058370E-004  2.198681339543292E-005
   55839.6544901553      -8.549433977863563E-004  2.198722470291008E-005
   55839.6749232198      -6.963886859430168E-004  2.199076860923609E-005
   55839.6953561840      -3.490051204557698E-005  2.200057047193103E-005
   55839.7157893483       1.599216526566583E-004  2.199976958096319E-005
   55839.7362224121       1.603269241978733E-004  2.200401589618505E-005
   55839.7566554759       1.749130315713554E-004  2.200109039934052E-005
   55839.7770885394       1.175756313995802E-004  2.199988254569283E-005
   55839.7975216025       1.205096887244572E-004  2.200109039934052E-005
   55839.8179546656       4.490063746498407E-005  2.199840965941022E-005
   55839.8383877285       8.886929484641648E-005  2.200330914249192E-005
   55839.8588207911       1.398399237824144E-004  2.200143219006098E-005
   55839.8792539535       2.917316028654415E-004  2.200303252373088E-005
   55839.8996869157       1.382055901577584E-004  2.200209404751541E-005
   55839.9201199778       2.717728728383051E-004  2.199902806889171E-005
   55839.9405530395       1.414289739531949E-004  2.200381748377530E-005
   55839.9609861012       2.223768006592852E-004  2.200042999015186E-005
   55839.9814192624       4.353877389076111E-004  2.200442575539644E-005
   55840.0018523237       1.762769047579660E-004  2.200250245846103E-005
   55840.0222852847       1.070616936647006E-004  2.200084853895783E-005
   55840.0427184454      -3.433533376484554E-005  2.200161467154732E-005
   55840.0631514060      -2.893928943548119E-005  2.199666015436656E-005
   55840.0835844663       4.848033868043444E-005  2.200291376593818E-005
   55840.1040176263      -9.464718613294565E-007  2.200065012654808E-005
   55840.1244505862       4.590617897481941E-005  2.199970151247226E-005
   55840.1448836460      -1.878128613941321E-005  2.200024895693128E-005
   55840.1653168054      -2.086116968058604E-005  2.199789552506378E-005
   55840.1857497647      -3.410939541292901E-005  2.200240687292056E-005
   55840.2061828236      -7.256764499197210E-005  2.199830103947787E-005
   55840.2266159825      -1.268053670268054E-004  2.199857041691009E-005
   55840.2470490412      -4.794727485646355E-005  2.200107736494864E-005
   55840.2674820996      -6.331821437610685E-006  2.199999695868824E-005
   55916.1550839844       4.454003785419047E-004  2.200189418683989E-005
   55916.1755169474       4.387014862998750E-004  2.200376244967625E-005
   55916.1959498105       4.232589248645002E-004  2.200780600769106E-005
   55916.2163825738       3.338268159849278E-004  2.200040681789963E-005
   55916.2368155372       3.514946346396819E-004  2.199728725344264E-005
   55916.2572484008       1.759815368065354E-004  2.200249956192950E-005
   55916.2776812644       1.882869196452308E-004  2.200153646519603E-005
   55916.2981141282       1.148741713696833E-004  2.200084274589478E-005
   55916.3185469922       5.282217857649485E-005  2.200037350778704E-005
   55916.3389798563      -4.074043182755727E-005  2.199993757979189E-005
   55916.3594127205      -6.181023792839468E-005  2.199807221348706E-005
   55916.3798455848       3.593759382081174E-006  2.199723511587511E-005
   55916.4002784493      -2.057239697728086E-005  2.200222728796575E-005
   55916.4207113139      -7.616518276520878E-006  2.199341024599076E-005
   55916.4411441787      -1.476374087783228E-005  2.199446603173316E-005
   55916.4615770436      -2.426455675919037E-005  2.199611995123636E-005
   55916.4820099086       1.118893538114563E-004  2.199645305236222E-005
   55916.5024427737       1.776481231281490E-004  2.200175080852919E-005
   55916.5228757390       3.382334667876297E-004  2.199743932134792E-005
   55916.5433085045       3.070954078210342E-004  2.200063274735891E-005
   55916.5637414700       3.875461962099536E-004  2.200136412157004E-005
   55916.5841743357       4.380918043871418E-004  2.200495871719782E-005
   55916.6046071016       4.463612724827648E-004  2.200341921069003E-005
   55916.6250400675       4.277301697837022E-004  2.199851248627951E-005
   55916.6454729336       4.021222551739978E-004  2.199698456589783E-005
   55916.6659056999       3.759368647964223E-004  2.200004475145847E-005
   55916.6863386662       3.944186300939290E-004  2.200221715010540E-005
   55916.7067715328       3.924340675460769E-004  2.200480954582406E-005
   55916.7272042994       4.495938493276341E-004  2.200082536670560E-005
   55916.7476372662       4.563697954664825E-004  2.200265887116361E-005
   55916.7680701331      -2.449545460403435E-004  2.199542043887205E-005
   55916.7885031002      -5.800594158099637E-004  2.198440203293483E-005
   55916.8089358674      -7.561254611629931E-004  2.198879896779621E-005
   55916.8293687347      -8.169819266350409E-004  2.198546650827183E-005
   55916.8498017022      -8.805335670695191E-004  2.198779242308980E-005
   55916.8702344698      -1.040250254667141E-003  2.198759980374311E-005
   55916.8906673375      -1.129257838894060E-003  2.198398203586310E-005
   55916.9111003054      -1.164628687449487E-003  2.198884965709797E-005
   55916.9315330734      -1.226449081683012E-003  2.198462651412835E-005
   55916.9519660416      -1.251000511722000E-003  2.198375465813805E-005
   55916.9723988099      -1.176487528216419E-003  2.198537671579442E-005
   55916.9928317783      -1.162734385312336E-003  2.198601395273085E-005
   55917.0132646468      -1.322947682057873E-003  2.197794566415617E-005
   55917.0336975156      -1.482584118716934E-003  2.198760849333770E-005
   55917.0541302844      -1.636332883019898E-003  2.198408775926391E-005
   55917.0745632534      -1.610000925187038E-003  2.198002247726263E-005
   55917.0949961225      -1.533118636635966E-003  2.198473803059222E-005
   55917.1154288918      -1.412160210292557E-003  2.198342879834101E-005
   55917.1358618612      -1.356510933203769E-003  2.198113329710409E-005
   55917.1767277004      -2.652568993928295E-004  2.199684263585290E-005
   55917.1971604702       8.847625213359578E-006  2.199429803290447E-005
   55917.2175933401      -3.287215623282158E-005  2.199762904416309E-005
   55917.2380263102      -3.167366509382319E-005  2.199849945188763E-005
   55917.2584590805      -3.888437788057697E-005  2.200112515771888E-005
   55917.2788919508       1.678707608343544E-005  2.200036481819245E-005
   55917.2993249213       6.343038786860156E-005  2.199933075643652E-005
   55917.3197576920       4.166237198210965E-005  2.200046040373292E-005
   55917.3401906627      -3.784174055976308E-005  2.200047778292209E-005
   55917.3606235337      -4.115848101693409E-005  2.200357851992414E-005
   55917.3810563047      -8.388868463793386E-005  2.199472382303927E-005
   55917.4014892759      -2.191962026864003E-004  2.199804179990600E-005
   55917.4219221473      -2.471691114520613E-004  2.199925255008523E-005
   55917.4423549188      -2.036328844685631E-004  2.200061247163820E-005
   55917.4627878904      -3.115369682181734E-004  2.199565650619168E-005
   55917.4832207621      -3.324572878719012E-004  2.199099309042961E-005
   55917.5036536340      -3.722124689874429E-004  2.199788683546919E-005
   55917.5240865061      -4.756220627794017E-004  2.199562898914215E-005
   55917.5445193783      -5.099526678991051E-004  2.199648491420904E-005
   55917.5649523506      -5.305221203584232E-004  2.200001723440894E-005
   55917.5853851231      -5.251279194665726E-004  2.199559278249804E-005
   55917.6058179956      -4.216624785412515E-004  2.199894841427465E-005
   55917.6262508684      -4.518533099433508E-004  2.199702077254195E-005
   55917.6466837413      -3.561840517869452E-004  2.199357390002216E-005
   55917.6671166143      -3.067152041347221E-004  2.199376941590038E-005
   55917.6875495875      -2.915814180308729E-004  2.199586650472755E-005
   55917.7079823608      -2.082923607013010E-004  2.200018233670611E-005
   55917.7284152342      -2.903614202047766E-004  2.200053426528691E-005
   55917.7488482078      -2.223982677580505E-004  2.199821848832929E-005
   56071.1245720767      -3.033574117997651E-004  2.242783298264402E-005
   56071.1450064593      -2.214918261197463E-004  2.243089668121403E-005
   56071.1654408420      -1.080563375520649E-004  2.242790505162940E-005
   56071.2063096074      -1.554518792270532E-004  2.243343289614636E-005
   56071.2267439901      -2.826621505813698E-005  2.242840953452707E-005
   56071.2471783727      -5.994828321775891E-005  2.243198691629075E-005
   56071.2676127555      -2.177209191653873E-004  2.243250979978043E-005
   56071.2880471381      -2.488746280238097E-004  2.243062680586452E-005
   56071.3084815208      -3.478328144245202E-004  2.242693748716610E-005
   56071.3289159034      -2.090149061975133E-004  2.242922529410627E-005
   56071.3493502861      -2.539082276709070E-004  2.243035233036701E-005
   56071.3697846687      -5.062221833278535E-004  2.242628273276701E-005
   56071.3902191514      -4.264514590939239E-004  2.242568624690928E-005
   56071.4106534340      -5.281249984058212E-004  2.242757537435585E-005
   56071.4310878166      -6.070976560889063E-004  2.242366524855329E-005
   56071.4515222993      -6.905025125937270E-004  2.242828993067899E-005
   56071.4719565819      -6.411386575128075E-004  2.242413599703226E-005
   56071.4923909645      -7.132752305721857E-004  2.242423413352299E-005
   56071.5128254471      -6.735299888349644E-004  2.242310403049692E-005
   56071.5332597297      -6.325313366114527E-004  2.242429393544703E-005
   56071.5536942123      -5.836216370271874E-004  2.242646213853913E-005
   56071.5741285949      -4.691198513568917E-004  2.242577058295600E-005
   56071.5945628775      -2.270967932078705E-004  2.242776244704131E-005
   56071.6149973601      -9.160956488607486E-005  2.243105768639414E-005
   56071.6354317427       4.895979479102586E-005  2.242841566805774E-005
   56071.6558660252       9.926577737773279E-005  2.243081387854998E-005
   56071.6763005078       3.978257237724492E-005  2.243185964552933E-005
   56071.6967348904       1.120045870002251E-004  2.243390057786000E-005
   56071.7171693729      -2.244455895689113E-004  2.242871467767793E-005
   56071.7376036555      -7.281895866623200E-004  2.242181598905608E-005
   56071.7580380380      -9.279680426506065E-004  2.241763138775600E-005
   56071.7784725206      -1.073649832544987E-003  2.241863115325532E-005
   56071.7989068030      -1.025663744335326E-003  2.241739678020784E-005
   56071.8193411856      -9.926080407579585E-004  2.242158598165593E-005
   56071.8397756681      -9.436540440822538E-004  2.242445494062714E-005
   56071.8602100506      -1.026174883973274E-003  2.241617467422171E-005
   56071.8806443331      -1.009647246315581E-003  2.242059848321795E-005
   56071.9010788156      -1.048534806679990E-003  2.242281422117273E-005
   56071.9215131981      -1.262600503962763E-003  2.241876455754741E-005
   56071.9419475806      -1.168581465122887E-003  2.241689536407551E-005
   56071.9623819630      -1.198108810369858E-003  2.241833521040046E-005
   56071.9828162455      -1.192240474904516E-003  2.241600906889360E-005
   56072.0032507280      -1.185750655393947E-003  2.241571465942141E-005
   56072.0236851104      -1.103079696516018E-003  2.242397039170415E-005
   56072.0441193929      -1.007571179528433E-003  2.242138357514379E-005
   56072.0645538753      -8.603420963529951E-004  2.242074568795404E-005
   56072.0849882577      -7.930169777996543E-004  2.241900223186090E-005
   56072.1054227402      -6.709191717243490E-004  2.242124250393837E-005
   56072.1258570225      -1.395297964158493E-004  2.242580585075736E-005
   56072.1462914049       3.992837225248458E-004  2.243712374822745E-005
   56072.1667258873       3.415724766007155E-004  2.243670053461117E-005
   56072.1871601697       3.093871609298748E-004  2.243766043216114E-005
   56072.2075945521       2.602202095851602E-004  2.243479453995525E-005
   56072.2280290345       2.610827143179062E-004  2.243361843544915E-005
   56072.2484633168       1.334676540802882E-004  2.243456759932044E-005
   56072.2688976992       1.698319859659847E-004  2.243523615416355E-005
   56072.2893321815       2.144350685240326E-004  2.243420572101087E-005
   56072.3097664638       1.997853269257721E-004  2.243348963130507E-005
   56072.3302009462       2.243242391710698E-004  2.243150543413310E-005
   56072.3506353285       1.388554428352062E-004  2.242786518368004E-005
   56072.3710697108       2.748683447229006E-005  2.243190871377470E-005
   56072.3915040931       8.031334042568616E-005  2.242614012817891E-005
   56072.4119384754       2.280360143114279E-005  2.243389597771200E-005
   56072.4323728577      -1.183816981227270E-004  2.242917775924357E-005
   56072.4528072399      -1.638718029823849E-004  2.242485822026874E-005
   56072.4732416222      -4.086120801405357E-005  2.242804305606950E-005
   56072.4936761045       4.067580639310897E-005  2.243112975537952E-005
   56072.5141104867       1.467097901866055E-004  2.243478533965925E-005
   56072.5345447689       1.399879214221134E-004  2.242655567488185E-005
   56072.5549792512       1.555865415687752E-004  2.243337002745699E-005
   56072.5754136334       2.317623053638140E-004  2.242976657818796E-005
   56072.5958479156       3.947839860609648E-004  2.243404931597877E-005
   56072.6162823978       5.132637548614927E-004  2.243787510573461E-005
   56072.6367166799       5.094472430009489E-004  2.243353256601976E-005
   56072.6571510621       4.628134761941460E-004  2.243271220629256E-005
   56072.6980198264       4.185416943125464E-004  2.243250366624975E-005
   56072.7184543086       3.636412471397232E-004  2.243217398897620E-005
   56148.6110147666      -1.457159630606775E-004  2.204866813138684E-005
   56148.6314486083      -6.724712407624178E-005  2.205498782298793E-005
   56148.6518825495       3.465666023050318E-007  2.205111397719380E-005
   56148.6723162907       6.145684353731085E-005  2.205399410388387E-005
   56148.6927501314       1.483051299584481E-004  2.205634947450685E-005
   56148.7131840720       2.599666241260845E-004  2.205687423057394E-005
   56148.7336178122       2.511906655415785E-004  2.205679129498863E-005
   56148.7540516523       3.079295576040586E-004  2.205682446922276E-005
   56148.7744854921       4.555108529928908E-004  2.205898682611991E-005
   56148.7949193317       4.788592986975093E-004  2.205942563076222E-005
   56148.8153531710       3.806952281755205E-004  2.205995491058851E-005
   56148.8357870101       3.453727582551913E-004  2.206085363074939E-005
   56148.8562208490       2.641269925853784E-004  2.206171163707748E-005
   56148.8766546877       2.081409812613177E-004  2.205549297609850E-005
   56148.8970886259       2.643703461704394E-004  2.206000768777916E-005
   56148.9175223641       1.901333851421771E-004  2.205781064872815E-005
   56148.9379563020       1.686556801596684E-004  2.205833992855444E-005
   56148.9583901395       8.546438834988734E-005  2.205776541113616E-005
   56148.9788238770       7.916308438171704E-005  2.205542059595131E-005
   56148.9992578140       9.774515408178530E-005  2.205559400672061E-005
   56149.0196916508       9.591397963393256E-005  2.205762668252072E-005
   56149.0401253876       2.004831084101433E-005  2.205464703312827E-005
   56149.0605593239       2.386392389475134E-005  2.205567694230592E-005
   56149.0809931600       4.496821561916775E-005  2.205527281981748E-005
   56149.1014268959       7.848931595177966E-005  2.205483401517517E-005
   56149.1218608315       1.003888055195468E-005  2.205414338793744E-005
   56149.1422946669      -8.615438948023080E-005  2.205286165616437E-005
   56149.1627284020      -1.116593153842604E-004  2.205454901834562E-005
   56149.1831623370      -1.948432424304647E-004  2.204994835524018E-005
   56149.2035961716      -7.353372282574711E-004  2.204523912191395E-005
   56149.2240301061      -1.131989662918387E-003  2.204051179355092E-005
   56149.2444638403      -1.352271610476907E-003  2.203800110719545E-005
   56149.2648976741      -1.339480396355230E-003  2.203723508397107E-005
   56149.2853316079      -1.466683645950595E-003  2.203586740077322E-005
   56149.3057654414      -1.393346453430810E-003  2.203778849051309E-005
   56149.3261991745      -1.271074882040590E-003  2.203901593717577E-005
   56149.3466331075      -1.274942908903287E-003  2.203588700372975E-005
   56149.3670669401      -1.260810199858353E-003  2.203754722335580E-005
   56149.3875006725      -1.193802691477175E-003  2.203960101003218E-005
   56149.4079346048      -1.132062279430301E-003  2.203981965839347E-005
   56149.4283684367      -1.186627382114502E-003  2.203967188225963E-005
   56149.4488021684      -1.228460730326564E-003  2.203851832366387E-005
   56149.4896698310      -1.205871178756701E-003  2.203888324023926E-005
   56149.5101037620      -1.229832172746970E-003  2.204067615680183E-005
   56149.5305375927      -1.286764888722924E-003  2.203766484109498E-005
   56149.5509713232      -1.306726496059119E-003  2.203402773869893E-005
   56149.5714052535      -1.305779846153765E-003  2.203624739654594E-005
   56149.5918390833      -1.227896124564976E-003  2.203510891714751E-005
   56149.6122728131      -5.511929552701744E-004  2.204517277344570E-005
   56149.6327067427      -2.410441141077468E-004  2.204529340702434E-005
   56149.6531405718      -1.547777819788099E-004  2.205025295502625E-005
   56149.6735743009      -2.296146870237603E-004  2.204847059390182E-005
   56149.6940082295      -2.284895471080794E-004  2.204871336897883E-005
   56149.7144420580      -2.107090146123980E-004  2.204594332042927E-005
   56149.7348758864      -1.595789405129944E-004  2.204961962873838E-005
   56149.7553097143      -6.694969642384585E-005  2.204960153370158E-005
   56149.7757435420      -3.724260648096944E-006  2.205031025597610E-005
   56149.7961774695       2.500153421025608E-005  2.205031025597610E-005
   56149.8166111967       7.190544178303782E-006  2.205242435944180E-005
   56149.8370450237       1.241020818043559E-005  2.205350402997064E-005
   56149.8574789505      -1.818317292956451E-005  2.204795790119258E-005
   56149.8779127771      -3.186052239767534E-005  2.205095715354157E-005
   56149.8983465034       2.970449655581575E-006  2.205288125912090E-005
   56149.9187804294       1.868469935883965E-005  2.205118635734099E-005
   56149.9392142551      -1.200067467417298E-004  2.204914312610274E-005
   56149.9596479807      -1.760529532707222E-004  2.204898328661104E-005
   56149.9800819061      -2.560748099648125E-004  2.204791266360060E-005
   56150.0005157310      -3.490652917834680E-004  2.204755830246334E-005
   56150.0209494556      -3.371818935126170E-004  2.204501745771320E-005
   56150.0413833803      -3.264226433951078E-004  2.204727933731273E-005
   56150.0618172046      -3.114579377542226E-004  2.204708179982770E-005
   56150.0822511285      -3.325083862634193E-004  2.204318081147837E-005
   56150.1026848525      -3.149709991046024E-004  2.204329993713728E-005
   56150.1231186760      -2.749849305627716E-004  2.204712703741969E-005
   56150.1435524993      -2.588919583181859E-004  2.204727179771406E-005
   56150.1639863224      -1.071931905917145E-004  2.204957137530692E-005
   56150.1844200452      -3.325657334862786E-005  2.204915971321980E-005
   56226.0738574018      -2.641320939292813E-004  2.210845921791605E-005
   56226.0942903352      -2.819435541145943E-004  2.210483406885867E-005
   56226.1147233686      -3.003568747325103E-004  2.210572463593247E-005
   56226.1351562018      -3.621449579755964E-004  2.210598785772768E-005
   56226.1555891348      -4.080749510253501E-004  2.210464981360202E-005
   56226.1760221675      -3.428146937011212E-004  2.210550528443646E-005
   56226.1964549999      -3.227125237513784E-004  2.210597469663791E-005
   56226.2168880324      -2.996978527716188E-004  2.210800004211773E-005
   56226.2373209647      -2.649705053930917E-004  2.210618234938747E-005
   56226.2577537969      -1.597645279488580E-004  2.210650991428818E-005
   56226.2781868287      -2.041559332500720E-004  2.210812434129881E-005
   56226.2986197605      -1.823558797141578E-004  2.210723377422501E-005
   56226.3190525922      -7.982574906006956E-005  2.211068197974227E-005
   56226.3394856235      -1.785937293757867E-004  2.210817844800115E-005
   56226.3599185549      -1.598200623014190E-004  2.211146287106807E-005
   56226.3803514859      -2.495003881900493E-004  2.210677021139678E-005
   56226.4007844170      -2.150774114041409E-004  2.210831883295860E-005
   56226.4212173476      -2.380965788301159E-004  2.210944191261817E-005
   56226.4416502782      -2.708152512530537E-004  2.210650991428818E-005
   56226.4620832088      -3.072865875348718E-004  2.210894617823719E-005
   56226.4825161390      -3.670911989903658E-004  2.210503733457830E-005
   56226.5029491691      -2.538106187205402E-004  2.210973438127951E-005
   56226.5233820990      -2.692259907970396E-004  2.210871951502464E-005
   56226.5438149290      -1.882677551207079E-004  2.210995227043221E-005
   56226.5642479584      -1.274899442540445E-004  2.211195714310574E-005
   56226.5846808881      -2.233792760142350E-005  2.211408339027372E-005
   56226.6051137173      -7.360101091080651E-005  2.211187963891048E-005
   56226.6255467465       6.435939790883083E-006  2.211289011813543E-005
   56226.6459795753      -4.953545214991806E-005  2.211385818940449E-005
   56226.6664122042      -8.156437299788877E-005  2.211141168905233E-005
   56226.6868451328      -7.156740949445517E-004  2.210472000608074E-005
   56226.7072779613      -1.003532606102309E-003  2.210087258084074E-005
   56226.7277109896      -1.039472033143918E-003  2.210014140918738E-005
   56226.7481439179      -1.127600995375233E-003  2.210114457669579E-005
   56226.7685767457      -1.165985073659614E-003  2.209870977509009E-005
   56226.7890097735      -1.151917916208500E-003  2.210071903479353E-005
   56226.8094427013      -1.129582631036796E-003  2.210056110171641E-005
   56226.8298755287      -1.173965622680351E-003  2.210187867303577E-005
   56226.8503085560      -1.115952559208044E-003  2.210025839665192E-005
   56226.8707414831      -1.063572807972424E-003  2.210028033180152E-005
   56226.8911744103      -1.035763988699312E-003  2.210133175663905E-005
   56226.9116073371      -9.820069285362276E-004  2.210243728817894E-005
   56226.9320402638      -1.029031174701545E-003  2.210326497449055E-005
   56226.9524731902      -1.014406298195714E-003  2.210154087173192E-005
   56226.9729061166      -9.947051735003098E-004  2.210223548480261E-005
   56226.9933390428      -1.001650206034821E-003  2.210222232371285E-005
   56227.0137720688      -1.052691837160169E-003  2.210040463098259E-005
   56227.0342049947      -9.625571728042459E-004  2.210321379247481E-005
   56227.0546378205      -9.335079028121029E-004  2.210276924010957E-005
   56227.0750708459      -7.741778103088626E-004  2.210446409600207E-005
   56227.0955037714      -1.692186984115773E-004  2.211129177690118E-005
   56227.1159365965      -2.916696897892201E-005  2.211151112839719E-005
   56227.1363696217      -1.362596140183081E-004  2.211099345886660E-005
   56227.1568025465      -9.299417325692172E-005  2.211294422483778E-005
   56227.1772353713      -2.957063163048224E-004  2.211119233755632E-005
   56227.1976683959      -2.375903687531489E-004  2.211147603215783E-005
   56227.2181013202      -1.651566060029142E-004  2.211365346134154E-005
   56227.2385341445      -7.778940812697144E-005  2.211159009493575E-005
   56227.2589671686      -1.637213545618854E-004  2.211283747377639E-005
   56227.2794000925      -2.261792630120496E-005  2.211061617429347E-005
   56227.2998330161       1.906829184106229E-006  2.211359496760927E-005
   56227.3202659397      -3.768293958728020E-005  2.211370171867066E-005
   56227.3406987631       3.291046853126645E-005  2.211457327528148E-005
   56227.3611317865      -3.787455731352196E-005  2.211318112445347E-005
   56227.3815647097      -1.240874290808769E-005  2.211338585251641E-005
   56227.4019976326      -3.090335856459347E-005  2.211505877325931E-005
   56227.4224305553      -2.854458840073626E-005  2.211275996958113E-005
   56227.4428634780      -1.134221176199990E-004  2.211237683563477E-005
   56227.4632964004       4.277425401921775E-005  2.211434076269571E-005
   56227.4837293227       5.595435174710062E-005  2.211479555146410E-005
   56227.5041622449       4.461686096579598E-005  2.211353501153370E-005
   56227.5245951669       1.216458335673298E-004  2.211543167080252E-005
   56227.5450280887       1.407647447293492E-004  2.211668051198647E-005
   56227.5654610104       1.827400881400099E-004  2.211572267712056E-005
   56227.5858940317       8.600063434172078E-005  2.211569489259774E-005
   56227.6063269533      -8.642512827172766E-006  2.211444020204056E-005
   56227.6267597743      -1.656826530263000E-004  2.211375728771632E-005
   56227.6471927954      -2.373848120655886E-004  2.211263420805676E-005
   56227.6676257162      -2.167153504384345E-004  2.211169684599714E-005
   56303.5551895980       2.604665766936520E-005  2.211596250142287E-005
   56303.5756226851      -1.194470165066797E-005  2.211368417055099E-005
   56303.5960556724      -8.848397250904583E-006  2.211643337596763E-005
   56303.6164886599      -1.037878156011640E-004  2.211506608497584E-005
   56303.6369216476      -3.715323709463370E-005  2.211720549323359E-005
   56304.6176790885      -5.726480932910505E-005  2.206429049804190E-005
   56304.6381121862      -2.264311127464502E-005  2.205820108286902E-005
   56304.6585450840      -2.246791312110474E-005  2.205783980842140E-005
   56304.6789781821      -1.263837325212736E-004  2.206071208956693E-005
   56304.6994111803      -2.072764819140982E-004  2.206171380508078E-005
   56304.7198440788      -2.663228488005709E-004  2.205492124831770E-005
   56304.7402771775      -4.139240610634420E-004  2.205476748274702E-005
   56304.7607101764      -3.412454048697944E-004  2.205851757122808E-005
   56304.7811430754      -3.967204288606307E-004  2.205633947445504E-005
   56304.8015761747      -4.311655439276363E-004  2.205798461677437E-005
   56304.8220091742      -3.496334965484849E-004  2.205537508068165E-005
   56304.8424421740      -3.452164737978158E-004  2.205640217497901E-005
   56304.8628751738      -2.383083855266310E-004  2.205818167556398E-005
   56304.8833081739      -1.718225092769421E-004  2.206426511925839E-005
   56304.9037412743      -1.266745711019368E-004  2.206348882705689E-005
   56304.9241741748      -1.800072986376522E-004  2.206116890767012E-005
   56304.9446071756      -1.740088409649676E-004  2.206310068095614E-005
   56304.9650402765      -8.166769294315479E-005  2.206277523537936E-005
   56304.9854732776      -2.463548890374589E-004  2.206146598872415E-005
   56305.0059061790      -2.129070619896201E-004  2.206451741422387E-005
   56305.0263392806      -2.039397426265577E-004  2.206751658928696E-005
   56305.0467722823      -2.900224156925368E-004  2.205995819040971E-005
   56305.0672052843      -3.801767900442066E-004  2.206496228937011E-005
   56305.0876382864      -3.745174353781966E-004  2.206162871151254E-005
   56305.1080712888      -3.016135422360122E-004  2.206219898770671E-005
   56305.1285042914      -2.660697010411495E-004  2.206767781920573E-005
   56305.1489372942      -2.316028187314689E-004  2.206493093910813E-005
   56381.0389382621      -6.051070093647803E-004  2.211566462021507E-005
   56381.0593723614      -7.367314652543255E-004  2.211478382714030E-005
   56381.0798062609      -7.917034294975256E-004  2.211254153697367E-005
   56381.1002403607      -7.943156075158608E-004  2.211444195999771E-005
   56381.1206743607      -9.047450487607023E-004  2.211339993700417E-005
   56381.1411082610      -1.014230418117545E-003  2.211149802111051E-005
   56381.1615423615      -9.385611139767214E-004  2.211204888999964E-005
   56381.1819763622      -9.456433155515809E-004  2.211194737486560E-005
   56381.2024102633      -9.023963069327845E-004  2.211036941167910E-005
   56381.2228443644      -6.890876601862717E-004  2.211331633630555E-005
   56381.2432783658      -6.849392792735998E-004  2.211379106884415E-005
   56381.2637123676      -5.590737324771000E-004  2.211752622862904E-005
   56381.2841463696      -3.915630436647222E-004  2.211655138476831E-005
   56381.3045803717      -3.726827800257793E-004  2.211835178552794E-005
   56381.3454483768      -1.418535772889085E-004  2.212120615223805E-005
   56381.3658823797      -2.076856400029525E-004  2.212103447223195E-005
   56381.3863163829      -1.579205567108222E-004  2.212265871437662E-005
   56381.4067503862      -1.507481018085954E-004  2.212344545666544E-005
   56381.4271843898      -2.499024313838971E-004  2.212065976195777E-005
   56381.4476183937      -2.169747753765217E-004  2.212274828655371E-005
   56381.4680523978      -2.298810772030091E-004  2.212143903989850E-005
   56381.4884865021      -3.546754945041863E-004  2.212166147747162E-005
   56381.5089205066      -5.530395180950443E-004  2.211925945025584E-005
   56381.5293544115      -3.136395058019881E-004  2.211950577374285E-005
   56381.5497885165      -2.773930227768506E-004  2.212168387051589E-005
   56381.5702225219      -2.120391511380992E-004  2.212163311294887E-005
   56381.5906564274      -2.755647219634394E-004  2.212125541693545E-005
   56381.6110905332      -1.494554820470340E-004  2.212181673591192E-005
   56381.6315245391      -2.133605345771006E-004  2.212061199012998E-005
   56381.6519584454      -1.108066868369173E-003  2.211034403289559E-005
   56381.6723925519      -1.351491238749780E-003  2.210819131490606E-005
   56381.6928265586      -1.352564647474130E-003  2.210888102066970E-005
   56381.7132606656      -1.321195445579071E-003  2.210674173850673E-005
   56381.7336945728      -1.255730252221254E-003  2.211022908193499E-005
   56381.7541285802      -1.307890316127658E-003  2.210813458586057E-005
   56381.7745626879      -1.239888622123653E-003  2.210900642171763E-005
   56381.7949965958      -1.180602239794104E-003  2.210948712573471E-005
   56381.8154306040      -1.141329060648011E-003  2.211000813723148E-005
   56381.8358647124      -1.170662662334565E-003  2.210981406418111E-005
   56381.8767327298      -1.034684144055831E-003  2.211045301237773E-005
   56381.8971667389      -9.340117180117735E-004  2.211095909517831E-005
   56381.9176007484      -7.652355393990007E-004  2.211301328377304E-005
   56381.9380347579      -5.764971747272973E-004  2.211466589044045E-005
   56381.9584687677      -5.542706610960346E-004  2.211601395170574E-005
   56381.9789027778      -4.730448194794068E-004  2.211607665222971E-005
   56381.9993367881      -3.199820875529058E-004  2.211914449929523E-005
   56382.0197707987      -2.091144359235297E-004  2.211864438797312E-005
   56382.0402048094       7.608965098149234E-005  2.212389928902939E-005
   56382.0606388204       6.969408009851463E-004  2.213243999611545E-005
   56382.0810728316       6.542403519351758E-004  2.213085904718972E-005
   56382.1015069431       6.228076656453752E-004  2.213029175673478E-005
   56382.1219408549       6.732011782883962E-004  2.212838088362341E-005
   56382.1423748668       4.486550528826072E-004  2.212707611557705E-005
   56382.1628089790       4.243670646777442E-004  2.212653121816638E-005
   56382.1832428915       3.912799511875953E-004  2.212538618716918E-005
   56382.2036769042       2.591327246623809E-004  2.212512194924674E-005
   56382.2241110171       3.950408216839563E-004  2.212517867829224E-005
   56382.2445449302       3.334913624126745E-004  2.212783897195198E-005
   56382.2649790436       5.138519009102449E-004  2.212771804951290E-005
   56382.2854130573       5.348781259202351E-004  2.212662526895233E-005
   56382.3058469711       7.544540132886635E-004  2.212845552710432E-005
   56382.3262810852       6.096554658721054E-004  2.212684173504698E-005
   56382.3467150995       5.963186429529532E-004  2.213048135117630E-005
   56382.3671490141       8.293926423554865E-004  2.212954830766488E-005
   56382.3875831289       8.381501833680804E-004  2.212893175251254E-005
   56382.4080171439       8.339507636365706E-004  2.212919599043498E-005
   56382.4284512593       8.313947914242448E-004  2.212817188187685E-005
   56382.4488851747       8.514580213230261E-004  2.212987226037205E-005
   56382.4693191905       6.008276756217512E-004  2.212991704646060E-005
   56382.4897533065       5.604138624657473E-004  2.212728362445398E-005
   56382.5101872227       7.090838506709218E-004  2.212665661921432E-005
   56382.5306212391       5.825838902264735E-004  2.212518763550995E-005
   56382.5510553559       4.913080443069706E-004  2.212522197151117E-005
   56382.5714893728       5.195577069803115E-004  2.212473977462447E-005
   56382.5919232900       4.220187271137821E-004  2.212316778291644E-005
   56382.6123574074       3.203700685598942E-004  2.212195109417756E-005
   56382.6327913251       2.276340797260357E-004  2.212192272965481E-005
