   54961.8660579359       5.485409013461506E-005  4.137941420347403E-005
   54961.8864921713      -4.394575206001505E-005  4.138761822125521E-005
   54961.9069265068      -6.201766632640826E-005  4.136933685964967E-005
   54961.9273608422      -1.591540921117574E-004  4.134698019226600E-005
   54961.9477952777       2.210341790975789E-005  4.133118427420459E-005
   54961.9682295131       2.033942211721040E-005  4.126330085416642E-005
   54961.9886638486      -6.563109777091292E-006  4.133191963683996E-005
   54962.0090982842      -9.209894702633115E-005  4.129566091829379E-005
   54962.0295325197      -4.111969696318774E-005  4.125288253213684E-005
   54962.0499668552       5.244094045364633E-005  4.127677154735846E-005
   54962.0704011907       1.299304033208770E-005  4.126892904863824E-005
   54962.0908355263       3.725329124337762E-005  4.127308240966817E-005
   54962.1112698619       2.111769812795927E-006  4.120892920903176E-005
   54962.1317041975      -1.225950725898262E-004  4.131227025424237E-005
   54962.1521385331      -4.851834317254333E-005  4.124946864191343E-005
   54962.1725728688       3.946585911118738E-005  4.124791986139089E-005
   54962.1930072045       3.163583523835278E-005  4.125010130027011E-005
   54962.2134415401      -3.923664162630569E-005  4.122126604698713E-005
   54962.2338758758       5.527011608674748E-005  4.124973978120915E-005
   54962.2543102115       2.408224182226526E-005  4.119903262473788E-005
   54962.2747445472       1.888945915462514E-006  4.125383562784302E-005
   54962.2951789829      -6.562136788734740E-006  4.120008431655160E-005
   54962.3156132187      -3.873990778460179E-004  4.114282051892922E-005
   54962.3360475544      -4.212754259158569E-004  4.115917925643782E-005
   54962.3564818902      -5.153014841688952E-004  4.103361711349140E-005
   54962.3769162260      -6.355384710058365E-004  4.117295806246590E-005
   54962.3973505618      -6.411490440028089E-004  4.117428910991763E-005
   54962.4177848976      -6.529936300865291E-004  4.114110741156080E-005
   54962.4382192335      -5.439825186832614E-004  4.106761222973540E-005
   54962.4586535693      -7.180079215636237E-004  4.117474922508613E-005
   54962.4790879051      -6.169600942346198E-004  4.110580589689195E-005
   54962.4995221410      -5.983904932018724E-004  4.102565958597905E-005
   54962.5199565769      -6.580967471301324E-004  4.107597646619132E-005
   54962.5403909128      -5.831256547547126E-004  4.108850638819062E-005
   54962.5608251487      -4.074307472883287E-004  4.104643871564216E-005
   54962.5812594847      -8.593143128421410E-005  4.103818129163606E-005
   54962.6016939206       5.564128249435640E-005  4.096403291059823E-005
   54962.6221281565       1.681439396983286E-005  4.097449231433929E-005
   54962.6425624925      -9.768576988322675E-005  4.097721603180996E-005
   54962.6629969284      -2.246490113533284E-005  4.103332954151108E-005
   54962.6834312645      -6.270618341797096E-005  4.115085199352222E-005
   54962.7038655005      -1.056538085275616E-005  4.090751269195353E-005
   54962.7242998365       3.618290023776893E-005  4.105426478167778E-005
   54962.7447342725       9.510319686101276E-005  4.104639352575953E-005
   55007.7614507350       5.409125949684679E-005  4.131803513106341E-005
   55007.7818850103      -7.535608990039133E-005  4.131852194615836E-005
   55007.8023190854       4.257431239351739E-005  4.132080750177364E-005
   55007.8227532602      -4.936010777789601E-005  4.132147171558964E-005
   55007.8431875351      -3.386224696277917E-005  4.132088176170338E-005
   55007.8636216097       9.784120535982765E-008  4.131954095741644E-005
   55007.8840557844      -2.088052410442742E-005  4.132093126832320E-005
   55007.9044898585       4.087066054503374E-005  4.132355099362231E-005
   55007.9249241329      -2.930592135486076E-005  4.131913665335453E-005
   55007.9453583068       2.783209555889954E-005  4.132096839828808E-005
   55007.9657924808      -1.289448414854011E-005  4.132060122419104E-005
   55007.9862266545      -3.103623234423925E-005  4.131791549006549E-005
   55008.0066608279      -8.993685506664129E-005  4.131810113988985E-005
   55008.0270950014      -1.195120845716158E-004  4.131900876125331E-005
   55008.0475290746       1.737614322316894E-005  4.131938006090200E-005
   55008.0679633478       8.692293482281954E-005  4.132472265029151E-005
   55008.0883975208       8.611478509290560E-005  4.132337772045292E-005
   55008.1088315936      -9.406917129151093E-005  4.131760607369158E-005
   55008.1292658661      -1.987360166377794E-005  4.131857145277818E-005
   55008.1497000387      -1.540057918480997E-005  4.131811351654480E-005
   55008.1701341112       4.914646036646708E-005  4.132422345854161E-005
   55008.1905682833      -1.406821715788098E-006  4.131315460345894E-005
   55008.2110025553       3.072984699614700E-005  4.132159135658754E-005
   55008.2314367272      -8.805801196043461E-005  4.132079512511868E-005
   55008.2518707990      -5.924292290238053E-005  4.131977198830895E-005
   55008.2723050706       5.780061680549231E-005  4.131866634046618E-005
   55008.2927392420       7.632196218132492E-006  4.132024230119730E-005
   55008.3131733133       8.943679580486474E-005  4.132282489653154E-005
   55008.3336074845      -3.833173756373487E-005  4.131881073477401E-005
   55008.3540417554       1.317609135464970E-005  4.132067548412077E-005
   55008.3744758263      -1.174634957487042E-004  4.131625701830134E-005
   55043.6027046308       7.118952492479735E-005  4.132123243359381E-005
   55043.6231384585      -3.132477424572233E-005  4.131583208648117E-005
   55043.6435723858       7.995512544511918E-005  4.132403368316561E-005
   55043.6640061126       8.140669552525459E-005  4.131925629435244E-005
   55043.6844399393      -2.430107358042388E-005  4.131445415222936E-005
   55043.7048738659       4.966512783144417E-005  4.132488354680595E-005
   55043.7253076922       2.129116094362615E-005  4.131812176764810E-005
   55043.7457414183       7.649926998110068E-005  4.131982562048043E-005
   55043.7661753441      -1.086887354595500E-005  4.132221018933537E-005
   55043.7866091697      -2.949196924628694E-005  4.132759815979305E-005
   55043.8070428951      -6.082745755364716E-005  4.131594760192743E-005
   55043.8274767203       9.830906748220514E-006  4.132487942125430E-005
   55043.8479106452       3.563047271382125E-005  4.132125306135207E-005
   55043.8683443699      -7.601332757156687E-005  4.131967297506930E-005
   55043.8887781943       2.296700078829872E-005  4.131876122815418E-005
   55043.9092121185       2.213843476450705E-005  4.132652139081184E-005
   55043.9296458423       8.276898483705608E-006  4.132051458760634E-005
   55043.9500796660      -3.233140084468733E-005  4.132487529570264E-005
   55043.9705134895      -7.335898595806079E-006  4.132798183609670E-005
   55043.9909473128       8.323071343618871E-005  4.132133969793676E-005
   55044.0113811356       5.589875068490180E-005  4.132559726724177E-005
   55044.0318149585       4.718002333636839E-005  4.132144283672807E-005
   55044.0522488810      -3.520953170824681E-004  4.131857557832984E-005
   55044.0726826034      -5.879026684419975E-004  4.131729665731768E-005
   55044.0931164253      -5.544848669960523E-004  4.131409110368397E-005
   55044.1135501472      -6.230326782619144E-004  4.131850544395175E-005
   55044.1339840688      -6.058606870963379E-004  4.131098043773826E-005
   55044.1544178903      -7.085977259720933E-004  4.130533255752649E-005
   55044.1748516112      -6.641677085664766E-004  4.131230061426695E-005
   55044.1952855322      -6.715990681949169E-004  4.131039873495531E-005
   55044.2157193529      -6.583683710111865E-004  4.130775838189795E-005
   55044.2361531731      -6.093192007602388E-004  4.131511011494205E-005
   55044.2565868934      -5.546255142727663E-004  4.131785360679071E-005
   55044.2770208134      -6.087172125518459E-004  4.131296895363459E-005
   55044.2974546330      -4.489413711535883E-004  4.131563406000187E-005
   55044.3178883525      -9.089130787942601E-005  4.131733791283420E-005
   55044.3383222716       2.212066676388069E-005  4.132573753599794E-005
   55044.3587560907      -9.601367772527070E-005  4.132294453752944E-005
   55044.3791898094      -7.314044392359165E-008  4.132505681997534E-005
   55044.3996236280       6.217693716470407E-005  4.132514758211169E-005
   55044.4404912643      -1.579580980903827E-005  4.132343960372771E-005
   55044.4609250820      -1.479073253737306E-004  4.132192552627137E-005
   55044.4813589997       3.188985475421902E-005  4.132619959778298E-005
   55044.5017923169       2.903469108013201E-004  4.132750327210505E-005
   55044.5222260342       2.979139473135994E-005  4.132282489653154E-005
   55044.5426597509      -2.902559320749898E-005  4.132194615402963E-005
   55044.5630936675      -1.361101068320103E-005  4.132369538793013E-005
   55044.5835274840      -1.144995648871827E-005  4.132122830804216E-005
   55044.6039612001      -1.036328171427625E-004  4.132809735154296E-005
   55044.6243951161      -4.140690704623751E-005  4.132232983033328E-005
   55044.6448289317      -6.598626162923615E-006  4.132249485239936E-005
   55044.6652626471       1.057459097597580E-005  4.132641825202054E-005
   55044.6856964622       2.051833042338025E-005  4.132244534577954E-005
   55044.7061303774       1.109432623724871E-005  4.132127368911034E-005
   55044.7265640920      -1.737555764380616E-005  4.132269287887866E-005
   55044.7469979065       5.484598749783132E-005  4.132391816771935E-005
   55044.7674318209       5.367685212975815E-006  4.132347260814092E-005
   55125.3360718664      -3.248651463649832E-005  4.268507946322315E-005
   55125.3565047929      -7.328269785233932E-005  4.268448659985058E-005
   55125.3769376194      -1.666155949486825E-005  4.268249474952691E-005
   55125.3973706455      -5.643449263059708E-005  4.268557849210509E-005
   55125.4178034716       6.501442566997362E-005  4.267938968092812E-005
   55125.4382363976      -3.923321971577298E-005  4.268151375257949E-005
   55125.4586693234      -1.597052586221892E-005  4.268692203140265E-005
   55125.4791022491       3.315169236883797E-005  4.268460602556591E-005
   55125.4995351746       1.983444005859702E-005  4.268407287505101E-005
   55125.5199681001       1.808362422912602E-004  4.268966882285542E-005
   55125.5404010254      -3.913733045923795E-005  4.268069909859271E-005
   55125.5608339505      -9.561182416584213E-005  4.267817836295826E-005
   55125.5812668754      -4.339084764415357E-005  4.268829116192491E-005
   55125.6016998003       5.695572267150339E-006  4.268633343323419E-005
   55125.6221327250       6.361703045598688E-005  4.268108296696345E-005
   55125.6425656495       7.455414205326250E-006  4.267885226520910E-005
   55125.6834314983      -2.015983322600778E-005  4.268475104250597E-005
   55125.7038644225      -1.224736659510839E-005  4.268399183617275E-005
   55125.7242972465      -7.950541985246584E-005  4.268148816135477E-005
   55125.7447302704      -1.121591188313342E-005  4.268541214914445E-005
   55125.7651631941      -2.541260064714557E-005  4.268127490114881E-005
   55125.7855961177      -2.089364660586845E-004  4.267954322827641E-005
   55125.8060289412      -4.034919994908570E-004  4.267108106330390E-005
   55125.8264619645      -4.854367224312872E-004  4.267237342015202E-005
   55125.8468948878      -5.524994256982385E-004  4.267302599638226E-005
   55125.8673277108      -5.829283876968017E-004  4.268343735963725E-005
   55125.8877607338      -6.249944716720801E-004  4.267551687558788E-005
   55125.9081936566      -6.413977389734260E-004  4.267744048264564E-005
   55125.9286264792      -6.436956400920346E-004  4.267912950347685E-005
   55125.9694924241      -5.266589661316878E-004  4.267596045681627E-005
   55125.9899252463      -5.752921619057716E-004  4.267573013579383E-005
   55126.0103581684      -6.074771294219961E-004  4.267584956150918E-005
   55126.0307911904      -5.250943667173269E-004  4.268053702083618E-005
   55126.0512240122      -2.005504173792083E-004  4.268443541740114E-005
   55126.0716569340       9.201136812864164E-005  4.268447380423822E-005
   55126.0920899555      -8.480289909185146E-007  4.268207675952322E-005
   55126.1125228769       7.615867588572911E-006  4.268421362678695E-005
   55126.1329556982       9.446314115768573E-005  4.267960720633820E-005
   55126.1533886194       7.107215842605541E-005  4.269286346074071E-005
   55126.1738216403       2.734576174412418E-005  4.268350133769904E-005
   55126.1942544612       1.769309395682761E-005  4.268710970038389E-005
   55126.2146873820       2.351192730798424E-005  4.268745091671343E-005
   55126.2351204026      -3.590185542379221E-005  4.268142418329298E-005
   55126.2555532230      -7.649231030582015E-006  4.268912714193228E-005
   55126.2759861433      -3.690475399764637E-005  4.268806937131071E-005
   55126.2964191636      -2.781896282921803E-005  4.269285066512835E-005
   55126.3168519836      -7.356508224032332E-006  4.268621827272298E-005
   55126.3372849035      -2.797671683296699E-005  4.268894373815515E-005
   55126.3577178233      -3.364997201438236E-006  4.268488326383366E-005
   55126.3781507430      -3.918559902460483E-005  4.268598368649642E-005
   55126.3985836625       5.764063228763661E-005  4.268811202335191E-005
   55126.4190165819      -1.664284234104141E-005  4.268681966650378E-005
   55126.4394495012      -3.118778891619822E-005  4.268873047794919E-005
   55126.4598824202      -1.092905799726651E-005  4.268142844849710E-005
   55126.4803152392       5.043587835373842E-006  4.269120429633833E-005
   55126.5007481581      -1.288656091491536E-005  4.268644859374541E-005
   55207.0676612925      -5.103808439455015E-005  4.283506059956897E-005
   55207.0880943194       5.144871605522461E-005  4.283463337151570E-005
   55207.1085275467      -5.895804707101160E-005  4.283524558491163E-005
   55207.1289606741      -2.259454661390770E-005  4.283573007033287E-005
   55207.1493937017      -1.462271792673775E-005  4.283480954803252E-005
   55207.1698269297       5.786839098287366E-005  4.283062535575817E-005
   55207.1902600577       2.567048772439406E-006  4.282810603156773E-005
   55207.2106930861       4.876812064047442E-005  4.283374808451871E-005
   55207.2311263146       3.019314226215819E-005  4.283462456268986E-005
   55207.2515594434       5.990747989725875E-005  4.283072225284242E-005
   55207.2719924725       7.182231069013945E-005  4.283488882746508E-005
   55207.2924256017      -4.420126279036651E-005  4.282849802431764E-005
   55207.3128588312      -1.607381050117151E-005  4.283366440067322E-005
   55207.3332918609       3.255921939193662E-005  4.283413126844278E-005
   55207.3537249908       2.367269290117768E-004  4.284367563124119E-005
   55207.3741582209      -1.749773411929834E-005  4.283511345252402E-005
   55207.3945913513      -3.817171457953794E-005  4.283269983424366E-005
   55207.4150243819       1.595114438246448E-005  4.283695009271181E-005
   55207.4354576128      -1.591405576228944E-005  4.283424578317870E-005
   55207.4558907439      -2.644883655367192E-005  4.283432065819835E-005
   55207.4763237751      -8.310755456264474E-006  4.283277030485039E-005
   55207.4967570067       4.604051511813978E-006  4.283527641580207E-005
   55207.5171901384      -1.805660441667190E-004  4.283251044448809E-005
   55207.5376231704      -4.736553075251893E-004  4.282918070832030E-005
   55207.5580564026      -5.262783248790592E-004  4.282216888295109E-005
   55207.5784895350      -5.390115501701098E-004  4.282053044134471E-005
   55207.5989225677      -5.380167908408673E-004  4.282386898633834E-005
   55207.6193557006      -6.151498948767653E-004  4.281750460966843E-005
   55207.6397889336      -5.365512371486858E-004  4.281475185159320E-005
   55207.6602219671      -6.157488987683646E-004  4.281638588878665E-005
   55207.6806551006      -6.129510155046258E-004  4.281571641802276E-005
   55207.7010883344      -6.161008599441242E-004  4.282204555938931E-005
   55207.7215214684      -5.453195786296883E-004  4.282291322873463E-005
   55207.7419545027      -5.339214949238169E-004  4.282062293401604E-005
   55207.7623877371      -5.617579655775584E-004  4.281964074993480E-005
   55207.7828208718      -3.043938517083289E-004  4.282288680225711E-005
   55207.8032539068       1.066496166002295E-005  4.282736168578419E-005
   55207.8236871420      -1.503201993424685E-005  4.283016729681446E-005
   55207.8441201774      -3.206688986578943E-005  4.283487561422632E-005
   55207.8645533130       9.578451384051334E-006  4.283428542289499E-005
   55207.8849865489       6.389563078168514E-005  4.283195108404720E-005
   55207.9054195849      -1.403217529505341E-005  4.283508262163357E-005
   55207.9258527213      -2.327523645040408E-006  4.282740572991339E-005
   55207.9462858578       4.171903666594368E-005  4.283260734157234E-005
   55207.9667189946       2.226305555397268E-005  4.283113186324401E-005
   55207.9871521315      -2.338216326369658E-005  4.282922034803658E-005
   55208.0075852687      -1.057341015653357E-005  4.282792985505092E-005
   55208.0280184062      -8.917742144731733E-007  4.282761714173357E-005
   55208.0484515439      -2.995307302355865E-005  4.282537529555711E-005
   55208.0688846818      -2.112741324011846E-005  4.282978851730330E-005
   55208.0893179199       1.683928331752682E-005  4.282815007569693E-005
   55208.1097509584       6.492841169936092E-005  4.283238712092632E-005
   55208.1301840969       7.580644241023116E-005  4.283711305598986E-005
   55208.1506173358       5.127955573369647E-005  4.283397270957765E-005
   55208.1710503748       3.564005961465000E-007  4.282981053936791E-005
   55208.1914835141      -5.311952978837020E-005  4.282934367159835E-005
   55208.2119167536       7.353100572404792E-005  4.282718550926737E-005
   55208.2323497934       8.426255675408889E-005  4.282578050154578E-005
   55243.2755579561       1.261035434807489E-005  4.283149302510348E-005
   55243.2959916439       4.200249343022655E-005  4.283561555559694E-005
   55243.3164251320      -4.576594715755000E-005  4.282962995843817E-005
   55243.3368587204       7.942937652694049E-005  4.283210964291234E-005
   55243.3572924090      -6.221618247592708E-006  4.282880192880915E-005
   55243.3777258979       4.358458236652929E-005  4.283007920855605E-005
   55243.3981594871       7.487428741281832E-005  4.283084117199127E-005
   55243.4185931766      -6.463132413425665E-005  4.283084557640419E-005
   55243.4390266663       7.617612937549367E-005  4.283190263550507E-005
   55243.4594602563      -3.590670962638765E-005  4.282475427333533E-005
   55243.4798939466      -4.803521472274142E-005  4.283097330437888E-005
   55243.5003274371       3.147290917726586E-005  4.282915428184277E-005
   55243.5207610280      -5.364993436951515E-006  4.283345739326596E-005
   55243.5411946191      -5.044520209340764E-005  4.282888561265463E-005
   55243.5616283105      -6.165690755721709E-005  4.282935248042419E-005
   55243.5820618021      -9.293158742984531E-006  4.283268221659198E-005
   55243.6024953941      -1.480067671446594E-004  4.282859051698897E-005
   55243.6229290863       2.178112643647090E-005  4.283228581942915E-005
   55243.6637961715      -8.454759221288022E-006  4.283328121674915E-005
   55243.6842298645       2.301824019101950E-005  4.283381855512543E-005
   55243.7046633579       2.746459095037679E-006  4.283334728294296E-005
   55243.7250969513       4.047228431591776E-005  4.283749183550101E-005
   55243.7455306452      -1.567210281172571E-005  4.283640394550969E-005
   55243.7659641393       3.267384583072186E-005  4.283448362147641E-005
   55243.7863977336      -1.457786371106273E-005  4.283718352659659E-005
   55243.8068314284       1.985742708954241E-005  4.283396390075181E-005
   55243.8272649233       8.649141563754625E-005  4.283901576237146E-005
   55243.8476985185      -2.980420429510300E-005  4.283609563660526E-005
   55243.8681321140       9.775796899891276E-005  4.283953988750897E-005
   55243.8885658098      -9.877802580438022E-006  4.283596790863057E-005
   55288.8226559146       4.236954517455871E-006  4.167493341011936E-005
   55288.8430900347       1.499362444046248E-005  4.168149718843465E-005
   55288.8635242550       2.982994623201840E-005  4.167877190108138E-005
   55288.8839582754      -5.158700704499530E-006  4.167717218626584E-005
   55288.9043923961      -2.877428471392829E-005  4.168034687803894E-005
   55288.9248266169      -1.721859303394080E-005  4.168009949945922E-005
   55288.9452606379      -3.229421592643167E-005  4.167932850288575E-005
   55288.9656947590      -2.110589223369708E-005  4.167311517755841E-005
   55288.9861289804      -8.776271092747479E-005  4.167617442599430E-005
   55289.0065631020       6.153989563628670E-005  4.167303684100816E-005
   55289.0269971237       1.260733183607865E-004  4.168106427592014E-005
   55289.0474313456      -1.588872640123640E-006  4.167457058820244E-005
   55289.0678654676       8.788119947689133E-005  4.167452523546282E-005
   55289.0882994899       2.322554526767995E-005  4.167009715888580E-005
   55289.1087337123      -1.180330817185382E-005  4.167429847176474E-005
   55289.1291678350       8.807445523228985E-005  4.167328834256421E-005
   55289.1496018577       1.369138969540273E-004  4.168209089702598E-005
   55289.1700360807      -4.831973522412270E-007  4.168023968065440E-005
   55289.1904702039      -1.104174141031145E-005  4.167128457606847E-005
   55289.2109042273      -1.601915362248185E-005  4.167930788800411E-005
   55289.2313384508       5.165834434928129E-005  4.168209502000231E-005
   55289.2517725745      -8.855293827036981E-005  4.166839436966205E-005
   55289.2722065984      -4.309546925450602E-004  4.166821295870358E-005
   55289.2926407224      -4.200570146353222E-004  4.166975907482685E-005
   55289.3130749467      -6.656670864935155E-004  4.166663385876970E-005
   55289.3335089711      -5.482833812691101E-004  4.166434560690727E-005
   55289.3539430957      -6.392220244157976E-004  4.166394567820338E-005
   55289.3743773205      -5.820220200056792E-004  4.166253974327530E-005
   55289.4152454705      -6.286620339361892E-004  4.166574329588270E-005
   55289.4356796959      -6.028415252898878E-004  4.166984565732975E-005
   55289.4561137214      -6.298632629606615E-004  4.166507125074111E-005
   55289.4765478470      -5.949817662291856E-004  4.166550416325563E-005
   55289.4969820729      -4.506867289372218E-004  4.166916124325919E-005
   55289.5174160989      -4.541249032630201E-004  4.166787899762096E-005
   55289.5378502252      -1.158208787459536E-004  4.167408819997198E-005
   55289.5582844515       1.596752852295324E-005  4.167833074261421E-005
   55289.5787184781       4.954578683280531E-005  4.168046644435248E-005
   55289.5991526049      -4.216759124342495E-005  4.167814933165575E-005
   55289.6195868318       1.489476362626085E-005  4.168089935686699E-005
   55289.6400208589      -3.529443267091814E-005  4.167717218626584E-005
   55289.6604549862       8.486757590975280E-005  4.167925841228817E-005
   55289.6808892137      -1.483188096940147E-005  4.168199606857042E-005
   55289.7013233413       8.421600876662438E-006  4.168286189359945E-005
   55289.7217573691       1.632052538313999E-005  4.168208265107333E-005
   55289.7421915971       2.559186852466588E-004  4.168800736805767E-005
   55289.7626257253      -3.478906565790307E-005  4.167902752561376E-005
   55289.7830597536       4.295695743117278E-006  4.168328656016130E-005
   55289.8034939821      -6.598313658345845E-006  4.167925841228817E-005
   55289.8239281108      -3.984014308311412E-005  4.168269285156997E-005
   55289.8443621398      -3.720417005681487E-005  4.167643005052668E-005
   55289.8647963688      -2.053457183015528E-005  4.168543050785223E-005
   55289.8852304981      -2.260290444466850E-005  4.167971193968432E-005
   55289.9056645275      -3.586301166946804E-005  4.167247611622746E-005
   55289.9260986571       3.601679062414931E-005  4.168159201689021E-005
   55289.9465328869      -7.691734316939147E-005  4.168167035344046E-005
   55289.9669669168       5.348825516060529E-005  4.167906875537705E-005
   55361.0374117729      -2.193048331899927E-005  4.156828025844860E-005
   55361.0578460507      -5.892551377550959E-005  4.156310592315609E-005
   55361.0782803284      -7.480303967866142E-005  4.156675063423065E-005
   55361.0987146061      -1.359459290906084E-005  4.156761233628335E-005
   55361.1191488837      -3.926105426987903E-005  4.156624350814223E-005
   55361.1395831611       4.565299248193710E-006  4.156316364482469E-005
   55361.1600174386      -2.772697558328652E-006  4.157210225750531E-005
   55361.1804517159       6.119863139186776E-005  4.156728662115338E-005
   55361.2008859931       7.325204849117917E-005  4.156957899599214E-005
   55361.2213202701      -6.434954389467062E-005  4.156748864699349E-005
   55361.2417545472       3.051995808056596E-005  4.156830499630657E-005
   55361.2621887242      -2.085737410117972E-006  4.156461493249239E-005
   55361.2826231010       3.081821176464938E-005  4.156466028523201E-005
   55361.3030573777      -3.206742999084522E-005  4.156915845240661E-005
   55361.3234915543       1.740071018807576E-005  4.156862246548388E-005
   55361.3439259308       2.482360592592769E-005  4.157069632257722E-005
   55361.3643602073      -4.934555459978895E-005  4.156666405172775E-005
   55361.3847945837       6.360830348661750E-006  4.156697327495241E-005
   55361.4052287599      -6.352265242925981E-005  4.156681247887558E-005
   55361.4256630361       1.035893919820730E-005  4.157065096983760E-005
   55361.4460974122       1.398465441471153E-005  4.156842043964378E-005
   55361.4665315881       1.506148249141859E-005  4.156745978615919E-005
   55361.4869658640      -1.754011366950081E-005  4.156539829799484E-005
   55361.5074002398       1.053045870502700E-006  4.156555497109533E-005
   55361.5278345155       1.837612581168102E-005  4.156943056884431E-005
   55361.5482686911      -7.714082005549905E-005  4.156670528149104E-005
   55361.5687030666       4.138857097268911E-006  4.156610332694705E-005
   55361.5891373419      -2.630499528788466E-005  4.157034999256561E-005
   55361.6095715173       1.355909488427454E-004  4.157486465164553E-005
   55361.6300058925       1.832668180257180E-005  4.156998717064868E-005
   55361.6504401676      -3.123865680632054E-005  4.156926977276749E-005
   55370.5597754191       1.007701550159723E-005  4.147125837948168E-005
   55370.5802096456      -1.802980748910610E-005  4.147760364005154E-005
   55370.6006437721       2.164231688484008E-005  4.147891062354774E-005
   55370.6210780984       6.734429608412640E-006  4.147090792649374E-005
   55370.6619464507      -6.994029061302420E-005  4.146656230944329E-005
   55452.2951053220       3.909161601134414E-005  4.163262210433050E-005
   55452.3155387907       2.145834514077904E-006  4.162918607933653E-005
   55452.3359720593       1.052935045036119E-004  4.163180099541649E-005
   55452.3564054279      -5.423900244649893E-005  4.163268526655465E-005
   55452.3768388960       6.999175044430928E-006  4.163241156358331E-005
   55452.3972721638      -3.166697775558447E-006  4.162968716631481E-005
   55452.4177055313      -1.004416711056777E-004  4.162792283485345E-005
   55452.4381389987      -1.310035638918405E-004  4.162882816006632E-005
   55452.4585722658      -4.938870048598609E-005  4.162392256065704E-005
   55452.4790057328      -5.865178000574733E-005  4.163099672976227E-005
   55452.4994390995      -8.611027573557362E-005  4.163400325163199E-005
   55452.5198723657       1.280055881425213E-005  4.163177573052683E-005
   55452.5403058319      -2.774199662558541E-005  4.163016719921838E-005
   55452.5607391977      -6.985207577192565E-005  4.163121569213934E-005
   55452.5811725635       4.363941275142835E-005  4.163087882694385E-005
   55452.6016059288       3.092657387582243E-005  4.163071881597599E-005
   55452.6220392941       6.684097898190799E-005  4.163279474774319E-005
   55452.6424726589      -9.107828750409830E-006  4.162907659814799E-005
   55452.6629060235       6.363957087751615E-006  4.163261368270061E-005
   55452.6833393879      -4.057770328813604E-005  4.162985138809761E-005
   55452.7037727521      -1.250169614808172E-005  4.163192310904986E-005
   55452.7242061162      -1.456816287689344E-004  4.163130411925315E-005
   55452.7446394799      -5.052841978904210E-004  4.162778387796031E-005
   55452.7650728433      -6.216702933683482E-004  4.162540897833213E-005
   55452.7855062063      -4.810247303045356E-004  4.162248667276127E-005
   55452.8059395693      -5.727883423100044E-004  4.162225928875432E-005
   55452.8263729320      -7.050616521510067E-004  4.161688207807135E-005
   55452.8468062945      -6.103353123585453E-004  4.162362780361098E-005
   55452.8672396568      -6.657056137755468E-004  4.162133712028167E-005
   55452.8876731186      -7.105426794569158E-004  4.162295407322001E-005
   55452.9081063804      -5.651674970872378E-004  4.162506790232169E-005
   55452.9285397420      -5.968202348319851E-004  4.162292459751541E-005
   55452.9489732032      -5.311755873236290E-004  4.162437732867095E-005
   55452.9694064640      -5.337808435991187E-004  4.162753965069358E-005
   55452.9898398249      -3.399440147039412E-004  4.163067249701161E-005
   55453.0102732853       4.125178941327690E-006  4.163177573052683E-005
   55453.0307065455      -2.249380602181716E-005  4.163598233465548E-005
   55453.0511399057      -2.359056589673614E-005  4.163400325163199E-005
   55453.0715733654       4.551749886250178E-005  4.163751928210989E-005
   55453.0920066249      -4.306525496244884E-005  4.163187679008548E-005
   55453.1124399842       2.566575127338488E-005  4.163935940824024E-005
   55453.1328734432      -4.652617406475379E-005  4.163223892017063E-005
   55453.1533068020       7.266990444154686E-005  4.163132938414281E-005
   55453.1737400605       4.567826593881996E-005  4.163462224142870E-005
   55453.1941735188       7.453410645119618E-005  4.163419273830446E-005
   55453.2146068769       8.704999018505077E-005  4.163624761599693E-005
   55453.2350401346       7.096772799619622E-005  4.163716136283968E-005
   55453.2554735922       2.102351149413373E-005  4.163308108315934E-005
   55453.2759069496      -3.734934859545014E-005  4.163642025940961E-005
   55453.2963404065      -8.921004279349720E-005  4.162822601352939E-005
   55453.3167736634      -3.055834577714300E-005  4.164035316056693E-005
   55453.3372070199      -5.301848313787882E-005  4.163756981188922E-005
   55453.3576404763      -5.032273804339571E-005  4.163818459087098E-005
   55453.3780737323      -2.288416596463172E-005  4.163775508774673E-005
   55453.3985070883       2.081565731908430E-004  4.164202906491448E-005
   55453.4189405439       2.563813577260987E-005  4.163796983930885E-005
   55453.4393737991       1.673775958632717E-005  4.163780561752605E-005
   55478.7969930384       2.252695301385721E-005  4.235751692112545E-005
   55478.8174260143       7.001663448558126E-005  4.235421977888193E-005
   55478.8378591900      -1.107699994584710E-005  4.235051372213041E-005
   55478.8582922657      -1.818147808718695E-005  4.235877379519217E-005
   55478.8787252409       2.749614811392576E-006  4.235434030105271E-005
   55478.8991584161      -4.191765895311672E-005  4.234944193568310E-005
   55478.9195914910       2.123054137292968E-005  4.235239903323049E-005
   55478.9400244658      -2.134523282182332E-005  4.235275629537958E-005
   55478.9604576403       1.045008971740646E-004  4.236209676361514E-005
   55478.9808907145       6.001616336148707E-005  4.235953136312280E-005
   55479.0013236886      -3.697224946908051E-005  4.233846150505227E-005
   55479.0217568626       3.508754737935327E-005  4.234849928013305E-005
   55479.0421899364      -8.151445880621999E-006  4.235393569090795E-005
   55479.0626229100       3.221879593529042E-005  4.235111633298431E-005
   55479.0830560833       4.013481845432931E-005  4.235201594490193E-005
   55479.1034890564      -5.933994058437975E-005  4.234739305877981E-005
   55479.1239222293      -5.000106516750424E-005  4.234861549794059E-005
   55479.1443553022      -1.129203455452199E-005  4.235996179944702E-005
   55479.1647883746      -5.181526646469425E-005  4.235908801370886E-005
   55479.1852214470      -1.533489465554982E-005  4.236041806195069E-005
   55479.2056545191      -7.843425667175552E-006  4.234529252951763E-005
   55479.2260875911       8.152609814437994E-005  4.235223546742728E-005
   55479.2465206630       8.595774458441952E-006  4.235000580726783E-005
   55479.2669537345      -5.911879774223028E-005  4.235132724678318E-005
   55479.2873868060      -3.442343730775121E-005  4.234686362210102E-005
   55479.3078199770       1.666204457406728E-005  4.234699705736153E-005
   55479.3282529480      -5.241714001869013E-005  4.234639875087087E-005
   55479.3486860188      -1.882978394407431E-005  4.234892971645728E-005
   55479.3691191895      -2.937666398439287E-005  4.235459856284724E-005
   55479.3895521598       3.019866423636941E-005  4.236004788671186E-005
   55479.4099852302       5.671286136466058E-005  4.234978628474247E-005
   55534.0271284680       5.272167958736418E-005  4.240599696432227E-005
   55534.0475611944      -6.412027601088166E-005  4.241571191215991E-005
   55534.0679941208      -2.332433187512972E-005  4.241473912606717E-005
   55534.0884269472      -1.063608929674498E-005  4.240579465924989E-005
   55534.1088598737      -4.330327573820458E-005  4.240810610231095E-005
   55534.1292926003      -6.553377983697928E-005  4.241653834990241E-005
   55534.1497254268      -7.367069349339950E-005  4.241327564256482E-005
   55534.1701583534       3.897222524407162E-005  4.240856236481462E-005
   55534.1905910800       3.262647028456911E-005  4.240472287280258E-005
   55534.2110239067       2.528382073996305E-005  4.240947488982197E-005
   55534.2314568333       2.967208655113573E-005  4.241089102532865E-005
   55534.2518895601       4.280171514303710E-005  4.242052419026467E-005
   55534.2723223868      -2.052250807094147E-005  4.241138602710150E-005
   55534.2927553137       2.163020553735961E-005  4.241564734671127E-005
   55534.3131880405       4.686336922388179E-005  4.241467456061854E-005
   55534.3336209673      -3.532492308333524E-005  4.241418386320892E-005
   55534.3540537943       1.260253956569812E-005  4.242178536869464E-005
   55534.3744866212      -7.598532641317490E-006  4.241440338573428E-005
   55534.3949194482      -9.549318071400137E-005  4.242320150420132E-005
   55534.4153521752      -2.511674122740448E-005  4.241853557444678E-005
   55534.4357850023      -4.144288441854105E-005  4.241208333394673E-005
   55534.4562179293      -6.923185422835765E-006  4.240836005974224E-005
   55534.4970834836      -5.680686301154925E-004  4.240943184618955E-005
   55534.5175164108      -6.332124027526032E-004  4.240279882243332E-005
   55534.5379492381      -6.177054602343190E-004  4.241066719844005E-005
   55534.5583820653      -7.351567865574449E-004  4.240465400299071E-005
   55534.5788148927      -6.408857873470009E-004  4.241172176743439E-005
   55534.5992477200      -6.671873926703542E-004  4.239784450034156E-005
   55534.6196806474      -7.470609939850270E-004  4.240433548011079E-005
   55534.6401133748      -6.324016179869441E-004  4.239716441094929E-005
   55534.6605462023      -5.290210800078521E-004  4.239579992780152E-005
   55534.6809791298      -5.711296925412501E-004  4.240364678199203E-005
   55534.7014118573      -5.356530512344859E-004  4.240051320555172E-005
   55534.7422776125      -1.255802104090931E-004  4.240835145101576E-005
   55534.7627103402      -3.769781859186416E-005  4.241276772770225E-005
   55534.7831432679      -3.379030471606370E-005  4.240588505087797E-005
   55534.8035760956       6.069490210736106E-005  4.241580230378799E-005
   55534.8240088233       1.661458159918361E-005  4.241399447122627E-005
   55534.8444417512      -8.334806741783218E-006  4.240957389017654E-005
   55534.8648745790       8.330150897628563E-005  4.241439047264455E-005
   55534.8853073069      -1.520905401630746E-005  4.240143003492231E-005
   55534.9057402348      -2.358792233669860E-005  4.240817927648606E-005
   55534.9261730628       3.405089102814784E-005  4.241156250599443E-005
   55534.9466058908      -6.312473058711632E-007  4.240818788521255E-005
   55534.9670387188       4.981197186704200E-005  4.242031758082905E-005
   55534.9874715469       3.149233122146100E-005  4.241498447477197E-005
   55535.0079043750       4.083209916538877E-005  4.242272371988144E-005
   55535.0283372032      -3.302109378144902E-005  4.241824718210955E-005
   55535.0487700314      -3.026446675546968E-005  4.241170885434467E-005
   55535.0692028596      -1.408879145492481E-005  4.241426564611053E-005
   55535.0896356879       4.075826740601585E-005  4.242098475713159E-005
   55535.1100685162      -2.704944259357411E-005  4.241288394550978E-005
   55535.1305014446       2.500147957951171E-005  4.241035728428662E-005
   55535.1509341730      -1.218593947219793E-004  4.239175813071710E-005
   55535.1713670014      -3.029417303568316E-005  4.240806305867852E-005
   55535.1917999299      -8.117417546937844E-005  4.241523412784002E-005
   55596.5521645651      -2.919002258527925E-005  4.271756084889496E-005
   55596.5725978088       1.800438258237058E-005  4.273738938780302E-005
   55596.5930312530      -1.475151748575598E-005  4.275118315399993E-005
   55596.6134645973      -3.709212589630972E-006  4.275629392121904E-005
   55596.6338980419       1.102202146734399E-004  4.276116152909813E-005
   55596.6543312867      -5.203217355564949E-005  4.278262144612371E-005
   55596.6747646319      -6.574800612935139E-005  4.277666625283293E-005
   55596.6951979773       5.222579818342510E-005  4.278640146859113E-005
   55596.7156313229      -1.032849284280379E-004  4.279276340114157E-005
   55596.7360646689       4.572714706885250E-005  4.279254234719610E-005
   55596.7564980151      -1.608741784031587E-005  4.280179124427429E-005
   55596.7769313615      -2.536182366674744E-006  4.279906343858727E-005
   55596.7973648082       2.518169329601694E-005  4.280925844655204E-005
   55596.8177980553       1.238141224657596E-005  4.280672074725812E-005
   55596.8382314025       6.179442231257770E-005  4.281997956290701E-005
   55596.8586648500      -4.442528010362157E-005  4.282020503793138E-005
   55596.8790981977       5.130451282209236E-005  4.282515664630976E-005
   55596.8995314458       1.015943410355158E-004  4.282612486259089E-005
   55596.9199648941       4.448175078164418E-005  4.281737112635054E-005
   55596.9403982427       3.287468388413206E-005  4.283203584509257E-005
   55596.9608314915      -6.297302095170654E-005  4.282608949395961E-005
   55596.9812649406      -7.116114932126383E-005  4.282955561982447E-005
   55597.0016982899       5.127468175691874E-005  4.283612092200474E-005
   55597.0221316395      -3.559566132371739E-005  4.283517923219706E-005
   55597.0425649895      -6.314455186473555E-005  4.283526765377525E-005
   55597.0629983396      -3.048556910578704E-006  4.284001147144489E-005
   55597.0834317900      -2.885831340260214E-005  4.283222595148567E-005
   55597.1038650407      -1.018402354746595E-005  4.283585123619127E-005
   55597.1242983917       1.154939616814232E-004  4.283968873268451E-005
   55597.1447318429       1.891976591283928E-005  4.283792472219972E-005
   55597.1651650943      -2.292643995882582E-005  4.283720408633751E-005
   55615.7596317384       5.044306153445532E-006  4.283823419772337E-005
   55615.7800653370       6.532653276702938E-005  4.284459613027380E-005
   55615.8004990358       8.886570442823150E-005  4.285030816422457E-005
   55615.8209326350      -8.512795054194111E-005  4.282742465979021E-005
   55615.8413661344      -6.430228083964540E-005  4.283482112480542E-005
   55615.8617998342      -1.806577587037950E-005  4.283738977165170E-005
   55615.8822334342      -3.123685263117792E-005  4.283963125865870E-005
   55615.9026669344       2.640964464828421E-005  4.283600597395310E-005
   55615.9231006349       2.928808805480188E-006  4.283539144398471E-005
   55615.9435342357       2.150467166228687E-005  4.283602365826873E-005
   55615.9639679368       4.596298952996847E-005  4.284404349541014E-005
   55615.9844014382       3.084261178809555E-005  4.283675313628876E-005
   55616.0048350398      -2.010255587614473E-005  4.283610765876801E-005
   55616.0252687417      -3.191355808607188E-005  4.283924220371468E-005
   55616.0457022438       1.683412488429070E-005  4.283755335157134E-005
   55616.0661358462       1.058240574087765E-004  4.283496702040942E-005
   55616.0865695490      -4.652827781737034E-005  4.283422427915266E-005
   55616.1070030519      -4.960872136272609E-005  4.282669076069127E-005
   55616.1274366552       9.958735878612401E-006  4.282980762132230E-005
   55616.1478703587      -1.161203031729841E-005  4.284125821569730E-005
   55616.1683038625       9.104926719905038E-006  4.283141689404528E-005
   55616.1887375666       1.355796904523032E-006  4.283246911082568E-005
   55616.2091711709      -2.631689979341045E-004  4.283022320273977E-005
   55616.2296046755      -3.835873788977651E-004  4.283071836357762E-005
   55616.2500383804      -5.498516805224618E-004  4.281868418678659E-005
   55616.2704718856      -6.275532226811542E-004  4.282428127268572E-005
   55616.2909055910      -5.786745955737027E-004  4.281787070826729E-005
   55616.3317728027      -6.721726163249064E-004  4.281834376371058E-005
   55616.3522064090      -7.013772292517872E-004  4.282288421175039E-005
   55616.3726400155      -6.954963167671302E-004  4.281470521576826E-005
   55616.3930736222      -6.184370001883766E-004  4.281770270726874E-005
   55616.4135072293      -5.928199262480449E-004  4.282241557738601E-005
   55616.4339408367      -5.614293330722386E-004  4.282085493653104E-005
   55616.4543744442      -4.877883310981934E-004  4.282120862284378E-005
   55616.4748080521      -3.075458422596711E-004  4.281963471875208E-005
   55616.4952416603      -1.239337690815967E-004  4.282380821724243E-005
   55616.5156752688       9.375353111851226E-006  4.282382148047916E-005
   55616.5361089774      -1.315029599032735E-004  4.283319858884571E-005
   55616.5565424864       9.507189946478256E-005  4.283501123119851E-005
   55616.5769761957       4.730774167427398E-005  4.282134125521106E-005
   55616.5974098051       1.164923585195154E-005  4.282609833611743E-005
   55616.6178433150       1.201585357701873E-005  4.282666423421782E-005
   55616.6382770250       6.569008902745921E-005  4.283644808184402E-005
   55616.6587106354       5.047845331951351E-006  4.282387011234716E-005
   55616.6791441460       1.953226712370082E-006  4.283134173570382E-005
   55616.6995778568       3.880735896832910E-005  4.283119141902090E-005
   55616.7200114680      -3.211482531495502E-005  4.282001051045937E-005
   55616.7404451794       6.987927659540816E-005  4.282705328916184E-005
   55616.7608786911      -3.399326512198986E-005  4.282391874421517E-005
   55616.7813123030       5.449801529633369E-005  4.282787118876005E-005
   55616.8017460154      -4.796905456283529E-005  4.283593081561164E-005
   55616.8221795278       2.753712383696261E-005  4.282974130513867E-005
   55616.8426131406      -2.296961497161298E-005  4.283585565727018E-005
   55616.8630468537       1.236401702131573E-006  4.282830445449316E-005
   55616.8834803669       6.735043560279763E-005  4.282728760634402E-005
   55616.9039139806      -1.032368115738702E-005  4.282303894951222E-005
   55616.9243475944      -2.489653105786083E-005  4.282267199996275E-005
   55697.4958062663       1.529914772047114E-005  4.180995368903783E-005
   55697.5162405911       6.324268141955081E-005  4.181239358138875E-005
   55697.5366750159       1.287133401595142E-004  4.181786876644244E-005
   55697.5571092406      -2.359998385803586E-005  4.181753983897534E-005
   55697.5775436655      -2.943013195311206E-005  4.181431718252549E-005
   55697.5979779904       1.168716475015152E-004  4.182205738709949E-005
   55697.6184122154       1.808548390824782E-006  4.180948736148953E-005
   55697.6388466404      -8.582768206144564E-006  4.181665298390581E-005
   55697.6592809654      -8.185852747311095E-006  4.182192415065711E-005
   55697.6797151904       5.331315637713274E-005  4.181768140269536E-005
   55697.7001496155      -3.671097346236163E-005  4.181517072848442E-005
   55697.7205839407      -5.324537039408384E-005  4.182663322616718E-005
   55697.7410183659      -9.191532269170466E-005  4.181922194906027E-005
   55697.7614525911       3.830104220226005E-006  4.182091655006169E-005
   55697.7818869164      -8.948658110885521E-005  4.182170347779944E-005
   55697.8023213417      -3.627613653944817E-005  4.181967994933093E-005
   55697.8227555671       2.319098241576611E-005  4.182316075138788E-005
   55697.8431898925       2.024405337897051E-005  4.182048353162398E-005
   55697.8636243179       9.332024449704157E-005  4.182526755263287E-005
   55697.8840585434      -7.224829090435314E-005  4.182884828202160E-005
   55697.9044928689       8.545778245383495E-005  4.182383526087738E-005
   55697.9249272944       8.482772457241161E-005  4.183012651914060E-005
   55697.9453615200      -1.083153011385285E-004  4.182308996952786E-005
   55697.9657959457      -3.397616500606659E-004  4.181198554478399E-005
   55697.9862302714      -4.733960000445903E-004  4.181598680169395E-005
   55698.0066645971      -4.462455576973445E-004  4.181807694838365E-005
   55698.0270989228      -5.836572354095404E-004  4.181529563764915E-005
   55698.0475332486      -6.252547971997702E-004  4.181136516259920E-005
   55698.0679675745      -6.549167467868600E-004  4.181471689185260E-005
   55698.0884019003      -6.619667456519984E-004  4.181290570896411E-005
   55698.1088362262      -7.909284412981332E-004  4.180543197727485E-005
   55698.1292705522      -5.196317986106980E-004  4.180730561474570E-005
   55698.1497048782      -6.628053812394175E-004  4.180239668457208E-005
   55698.1701392042      -5.768146491744730E-004  4.181649476563049E-005
   55698.1905735303      -5.509654371825823E-004  4.181064068944380E-005
   55698.2110078564      -2.856027668276528E-004  4.180743468754924E-005
   55698.2314421826       1.021163986238971E-004  4.182092904097816E-005
   55698.2518766088       8.291526878423383E-006  4.181900960348025E-005
   55698.2723108350      -1.218297069771612E-005  4.182499691610931E-005
   55698.2927451612      -1.399726993756012E-006  4.182891906388161E-005
   55698.3131795876       1.797266704017808E-005  4.182544658910231E-005
   55698.3540481403      -2.347637504951372E-006  4.181809360293894E-005
   55698.3744825667      -1.578444304906057E-005  4.182281933300430E-005
   55698.3949167932       8.343924219267329E-005  4.183112579245839E-005
   55698.4153512197      -1.593766769603100E-005  4.181866818509667E-005
   55698.4357855462      -1.849816191668019E-005  4.182778239048263E-005
   55698.4562197728       4.347097618739859E-005  4.183026808286062E-005
   55698.4766541994       4.050381807707559E-005  4.183077188315833E-005
   55698.4970885261      -4.951399953490032E-005  4.181828513032485E-005
   55698.5175228528       1.140619754638195E-004  4.181298898174060E-005
   55698.5379571795       2.594293313507023E-005  4.181035339836494E-005
   55698.5583915063       6.831677171992290E-005  4.181512076481853E-005
   55698.5788258331       7.980032224641498E-005  4.182094153189463E-005
   55698.5992601599       1.449359848477716E-004  4.181828513032485E-005
   55698.6196944868      -2.374987975040099E-005  4.182363124257500E-005
   55698.6401289137      -1.208344009573370E-005  4.182058762259458E-005
   55698.6605631407      -1.033646352550655E-004  4.181541221953622E-005
   55714.3132661868       2.686477327107362E-005  4.174352699523811E-005
   55714.3337004187      -4.765757890590194E-005  4.175252045509817E-005
   55714.3541347505       2.315737277713836E-006  4.174466366863709E-005
   55714.3745691823       3.375021043705573E-005  4.174950181695069E-005
   55714.3950034141       3.737184520513637E-006  4.174338959515691E-005
   55714.4154378458       3.268419706348169E-005  4.174644986969263E-005
   55714.4358721774       1.826503656883194E-004  4.175518102030677E-005
   55714.4563064092       4.315108155039660E-005  4.174480106871828E-005
   55714.4767408408       4.463364906603928E-005  4.175122556342387E-005
   55714.4971750725       1.255699301871971E-005  4.174723263379156E-005
   55714.5176094041       4.828116548050154E-005  4.174322304960395E-005
   55714.5380438357       6.935216186421123E-005  4.174887310748825E-005
   55714.5584780672      -8.500316330595226E-006  4.173998790223762E-005
   55714.5789123988       2.143856378866715E-006  4.173851813773272E-005
   55714.5993468303      -3.473176747736950E-005  4.173397144413680E-005
   55714.6197810618       2.854007503827471E-005  4.174612094222552E-005
   55714.6402153932       5.813340905369557E-005  4.175072592676498E-005
   55714.6606498247       7.789916786515860E-006  4.175128801800623E-005
   55714.6810841561       8.007143768817837E-005  4.174642072422086E-005
   55714.7015184874       1.191972149672260E-004  4.174520910532304E-005
   55714.7219528189       1.299876100691044E-004  4.174883979837766E-005
   55714.7423871502       1.487532794723911E-004  4.174908545306828E-005
   55714.7628214815       4.250375245740123E-005  4.174559632373369E-005
   55714.7832558127       4.952169908079007E-005  4.174292743124744E-005
   55714.8036901440      -3.289514374671398E-006  4.174910627126240E-005
   55714.8241245752       6.094498681874505E-005  4.175092578142854E-005
   55714.8445588064      -2.007195052289301E-005  4.174861079824233E-005
   55714.8649931376       5.846567438738681E-005  4.175380285585599E-005
   55714.8854275687       5.671891258884898E-007  4.174432641389233E-005
   55714.9058617999       4.254772187795020E-005  4.174823190710934E-005
   55714.9262962310       3.181243128413946E-005  4.174399748642523E-005
   55779.2326111634       1.118315325498997E-005  4.198655483790591E-005
   55779.2530451696      -6.409725618161666E-006  4.198050356410254E-005
   55779.2734790753       5.243308644220512E-005  4.197454493332190E-005
   55779.2939128810       3.618009032924085E-005  4.197970346526981E-005
   55779.3143468865       1.054145713843546E-004  4.198321547804087E-005
   55779.3347807917       5.282885867607945E-005  4.198015825829052E-005
   55779.3552147967       6.379591323502076E-005  4.198380923559568E-005
   55779.3756486015       1.164961690225397E-006  4.198090782456539E-005
   55779.3960825060      -9.116563999544969E-005  4.197859596004344E-005
   55779.4165165104       8.006542915395265E-005  4.198340076408634E-005
   55779.4369503144       4.260582849524575E-005  4.198268067513688E-005
   55779.4573842183       8.005272795985618E-006  4.198389766757194E-005
   55779.4778182221      -1.923618747623479E-006  4.198103836700653E-005
   55779.4982520255      -1.447607705895582E-005  4.197669677807731E-005
   55779.5186859286      -1.497190772015156E-005  4.198153105944564E-005
   55779.5391199318      -1.936029493110336E-005  4.198411664198932E-005
   55779.5595538345      -5.541909648365539E-005  4.198510623791401E-005
   55779.5799876372      -6.245310353603095E-005  4.198416717454717E-005
   55779.6004216394      -6.924143765019153E-005  4.198463881175384E-005
   55779.6208555416       1.131208725602129E-005  4.198287017222884E-005
   55779.6412894433      -8.376342922400415E-005  4.198217113851182E-005
   55779.6617233451      -6.946675531582791E-006  4.198889196870680E-005
   55779.6821571466      -1.938775183336627E-004  4.199125015474013E-005
   55779.7025911479      -4.460075449558287E-004  4.198126997456337E-005
   55779.7230250487      -5.751151593790249E-004  4.197433016995101E-005
   55779.7434588495      -5.642702347782302E-004  4.197787166004749E-005
   55779.7638928501      -5.821276534716535E-004  4.197558085075797E-005
   55779.7843267505      -6.191469219865020E-004  4.197221622461400E-005
   55779.8047605506      -6.577991930684091E-004  4.197336584030524E-005
   55779.8251945505      -5.418214397889809E-004  4.196936113509508E-005
   55779.8456284501      -6.446921038815168E-004  4.197546294145631E-005
   55779.8660622495      -6.198666740108161E-004  4.197355112635072E-005
   55779.8864962487      -6.084099341578941E-004  4.196910426125931E-005
   55779.9069301479      -5.521967091900448E-004  4.197257416356548E-005
   55779.9273639466      -4.982083278572969E-004  4.197410698448714E-005
   55779.9477979451      -2.682477334836619E-004  4.198134998444665E-005
   55779.9682318436      -4.391744734544289E-005  4.198092045770486E-005
   55779.9886658416       4.757299604540854E-005  4.198179635537438E-005
   55780.0090996396      -1.997984333679259E-005  4.198274384083420E-005
   55780.0295335372       2.751723574689890E-005  4.198844980882555E-005
   55780.0499675348       4.821282647959890E-005  4.198268067513688E-005
   55780.0704014319       2.250415391258365E-005  4.198255434374223E-005
   55780.0908352289       1.775555649419225E-005  4.198550207628389E-005
   55780.1112692256      -3.976093146729198E-006  4.198137946177206E-005
   55780.1317031222       6.920119690190241E-005  4.198316494548301E-005
   55780.1521369186      -5.775813590513934E-006  4.198220482688372E-005
   55780.1725709148      -6.095437691755468E-005  4.198618426581496E-005
   55780.1930048107       1.682401006131151E-005  4.197966556585141E-005
   55780.2134386061       2.204935943739272E-005  4.198387661233949E-005
   55780.2338726016       1.871215878956889E-005  4.198119838677307E-005
   55780.2543064968       1.425563401857843E-005  4.198281542862450E-005
   55780.2747403918       8.244652542632736E-005  4.198775498615502E-005
   55780.2951742866       7.746684449694285E-006  4.198511044896050E-005
   55780.3156081811       2.156334464098464E-005  4.198069727224099E-005
   55780.3360420757      -3.436348547269930E-006  4.198618426581496E-005
   55780.3564759697      -9.404002955892832E-005  4.198165739084027E-005
   55780.3769098636       5.710785065149437E-005  4.198312704606461E-005
   55780.3973437572       8.611981944617320E-005  4.198205322921016E-005
   55832.0738986077      -1.032068735740133E-005  4.194293260733587E-005
   55832.0943319850       2.839252113795432E-005  4.193740771434351E-005
   55832.1147652620      -9.191951404918797E-006  4.194271363291849E-005
   55832.1351984389       8.125880208487146E-006  4.194046072304737E-005
   55832.1556318155       3.769678570497703E-005  4.194290734105695E-005
   55832.1760650918       1.328654826293629E-005  4.193558012016768E-005
   55832.1964982680       4.244598198122063E-005  4.194162718292457E-005
   55832.2169316439      -4.174817348323590E-005  4.193475054400953E-005
   55832.2373649195      -1.498262081256474E-005  4.194056178816308E-005
   55832.2577980950       1.225607990407163E-005  4.193746666899434E-005
   55832.2782314702      -1.991293626102397E-005  4.193509584982155E-005
   55832.2986647451       7.360126902722364E-005  4.194190511199278E-005
   55832.3190979199       9.331550996083404E-005  4.193985854339957E-005
   55832.3395312944      -1.914092863108952E-005  4.193799726085184E-005
   55832.3599644687      -1.448327057507193E-006  4.194478546779063E-005
   55832.3803978427      -5.685206297956213E-006  4.193786250736422E-005
   55832.4008311165       3.215501130993115E-005  4.193699503178768E-005
   55832.4212642901       1.898337581873744E-005  4.194271363291849E-005
   55832.4416976634       1.340402354754744E-005  4.193999750793368E-005
   55832.4621309363       3.594328204425956E-005  4.194503813057992E-005
   55832.4825642092       1.372778544928011E-005  4.193913424340362E-005
   55832.5029974818       2.370903177850714E-005  4.193644338469774E-005
   55832.5234307542       3.392913702771061E-005  4.193897001259059E-005
   55832.5438640264      -4.360196690478269E-006  4.193582436086399E-005
   55832.5642972981      -4.081963613267181E-005  4.193184492193275E-005
   55832.5847305698      -8.874638522393674E-006  4.193744140271541E-005
   55832.6051638413      -6.662043697225339E-005  4.194131135443796E-005
   55832.6255972125      -6.871066606550791E-005  4.193363461669019E-005
   55832.6460303835       9.823593489577398E-005  4.193138591786556E-005
   55832.6664637541      -3.137630950833525E-006  4.194034281374570E-005
   55832.6868970246       3.923227848190436E-005  4.193529376900649E-005
   55860.9867442006       1.498505524533122E-005  4.244611683323652E-005
   55861.0071770861       1.713416433180015E-006  4.246302704721277E-005
   55861.0276100717      -3.747015634103512E-006  4.244740888882170E-005
   55861.0480431570      -6.457241768997868E-005  4.245779334908227E-005
   55861.0684760423      -5.031823136603109E-006  4.245695962402562E-005
   55861.0889090274      -4.854334832260498E-005  4.245462432085647E-005
   55861.1093421123       4.461330954619314E-005  4.246238538447283E-005
   55861.1297749969       4.028551994439411E-006  4.245574613938820E-005
   55861.1502079816      -1.123060380714413E-005  4.245984928888166E-005
   55861.1706410657      -2.767008179138664E-006  4.244984895325451E-005
   55861.1910739501       7.147788505768027E-005  4.245892826277196E-005
   55861.2115070340      -1.331448059582740E-005  4.244908506904030E-005
   55861.2319400180      -1.268216057596083E-004  4.245671954612973E-005
   55861.2523730017      -7.892992982672098E-005  4.245018506230876E-005
   55861.2728059851      -1.220345885233343E-006  4.246260363710546E-005
   55861.2932389686       6.284161768621566E-005  4.245650565854976E-005
   55861.3136719518       4.938261634657160E-005  4.245997587540859E-005
   55861.3341050348       1.709222478352146E-005  4.245537074486007E-005
   55861.3545379176      -2.674888624920602E-005  4.245086601052257E-005
   55861.3749709004       4.328755723115307E-005  4.244962197051657E-005
   55861.3954038829       2.678849706017061E-005  4.245579852002003E-005
   55861.4158368652      -7.511448495767237E-005  4.244717317597845E-005
   55861.4362698475      -4.229574511577239E-004  4.245246798484608E-005
   55861.4567029296      -4.896369144562485E-004  4.244939935283129E-005
   55861.4771358114      -6.384195082119737E-004  4.244688944755603E-005
   55861.4975688932      -4.795877221561717E-004  4.245571994907228E-005
   55861.5180017748      -5.393753563502912E-004  4.244793706019266E-005
   55861.5384347562      -6.368614633820435E-004  4.244674976587115E-005
   55861.5588678373      -5.730576218307970E-004  4.244967871620105E-005
   55861.5793007185      -5.372845132599613E-004  4.244488152333583E-005
   55861.5997336994      -6.557875591278739E-004  4.244545771028597E-005
   55861.6201667801      -6.451262489467480E-004  4.244437954228077E-005
   55861.6405996607      -6.231632299102952E-004  4.244554937639168E-005
   55861.6610326412      -4.974894846001554E-004  4.244674540081850E-005
   55861.6814657214      -4.736628958037503E-004  4.245011522146631E-005
   55861.7018987013       6.616264589043297E-005  4.246022904846244E-005
   55861.7223316813       1.046184727182542E-005  4.245730882823783E-005
   55861.7427646611       9.376667852500908E-005  4.245897191329848E-005
   55861.7631976406       1.952043740205411E-006  4.245303980674357E-005
   55861.7836306201       3.833936875907717E-005  4.246013301730408E-005
   55861.8040635993      -1.952155718687454E-005  4.244760968124371E-005
   55861.8244965784      -3.136860340569037E-005  4.245459813054056E-005
   55861.8449296574       2.405035610220096E-005  4.244487279323052E-005
   55861.8653625362      -2.488746683870779E-005  4.245198782905429E-005
   55861.8857955148       1.115504827251534E-004  4.245307036211214E-005
   55861.9062285931       2.586154457273615E-005  4.245630486612773E-005
   55861.9266614715      -1.863951615177495E-005  4.245167354526330E-005
   55861.9470945496      -8.327230153315490E-006  4.246236355920957E-005
   55861.9675275275      -8.141642920012071E-005  4.245847429729609E-005
   55861.9879604053      -8.056267637446268E-007  4.245523979328049E-005
   55862.0083934830      -5.021599351773265E-005  4.245724771750070E-005
   55862.0288264604      -4.386316370919019E-005  4.245958738572250E-005
   55862.0492593378       6.988153170350841E-005  4.245680248213013E-005
   55862.0696924150      -2.548992056061739E-005  4.245833898066385E-005
   55862.0901253919       2.907608815938545E-005  4.245952190993271E-005
   55862.1105582687      -1.997942313025636E-005  4.246492584511666E-005
   55862.1309913454       2.340791427601907E-005  4.245477273264667E-005
   55942.7182827508       1.589061062268193E-005  4.294920133299841E-005
   55942.7387158945      -6.810450691951964E-006  4.294256288858823E-005
   55942.7591488383       1.521732338507498E-004  4.294820089763854E-005
   55942.7795818824       1.038185022159688E-004  4.295582643827046E-005
   55942.8613141606       2.328118784782340E-004  4.294239392617190E-005
   55942.8817471057       1.279839641392666E-004  4.294875669506069E-005
   55942.9021802509       4.702149364543828E-005  4.295000168128632E-005
   55942.9226132963       5.223766183282130E-005  4.295059749612286E-005
   55942.9430463420       1.202429727340526E-004  4.295535067567710E-005
   55942.9634793879       1.477762236707925E-004  4.295441248962851E-005
   55942.9839124339       1.529500892316626E-005  4.295471484342616E-005
   55943.0043454802       4.768413807743066E-005  4.295420350979778E-005
   55943.0247786266      -1.670175219820047E-004  4.294572426432543E-005
   55943.0452115733      -3.543630029090306E-005  4.295320307443791E-005
   55943.0656447202      -1.578105530782858E-004  4.295407456479584E-005
   55943.0860777672      -1.629618897794893E-004  4.294963263179801E-005
   55943.1065107145      -9.337477109405690E-005  4.294900569230582E-005
   55943.1269438619      -5.034654939994887E-005  4.295619993413815E-005
   55943.1473769096      -5.756765390718677E-005  4.295266950891264E-005
   55943.1678098575      -2.345207093666923E-004  4.294318982808042E-005
   55943.1882430055      -3.906695191486786E-004  4.294397683723018E-005
   55943.2086760537      -3.959107633286774E-004  4.293421703449720E-005
   55943.2291090022      -4.385983992631903E-004  4.293744510592506E-005
   55943.2495421509      -4.367300812099240E-004  4.294057091062724E-005
   55943.2699750997      -4.692585890959666E-004  4.294009959441325E-005
   55943.2904082488      -5.074667024385082E-004  4.294464824051614E-005
   55943.3108412981      -5.861094732694250E-004  4.294363891239751E-005
   55943.3312742475      -6.705326771350162E-004  4.293092671375806E-005
   55943.3517073972      -6.851913685802513E-004  4.294170473736843E-005
   55943.3721404471      -6.197134668463056E-004  4.293886350094639E-005
   55943.3925734971      -6.893994433284645E-004  4.294266960169328E-005
   55943.4130065474      -5.772703759704401E-004  4.294251842479446E-005
   55943.4334395978      -2.854845111429638E-004  4.294987273628438E-005
   55943.4538727485      -1.484954785374581E-004  4.295642225310701E-005
   55943.4743056994      -6.885894805674919E-005  4.295391449513826E-005
   55943.4947387504      -1.111278953721540E-004  4.294961039990112E-005
   55943.5151719017      -3.906531586606032E-005  4.295780952347271E-005
   55943.5356049532       4.607679292267797E-005  4.295528397998644E-005
   55943.5560379049       9.042267838643703E-005  4.295748049139879E-005
   55943.5764710567       2.004158481820895E-004  4.295185137510724E-005
   55943.5969041088       3.712174580972061E-005  4.294768956401016E-005
   55943.6173370611       6.574749567556104E-005  4.295568415413039E-005
   55943.6377702136      -4.442000681392777E-006  4.296328301648606E-005
   55943.6582032663       3.061210199772901E-006  4.295880551245320E-005
   55943.6786363192      -6.532919821100602E-005  4.295438581135225E-005
   55943.6990693723      -3.866564715515608E-005  4.295747604501941E-005
   55943.7195024255       1.602762405727987E-005  4.295190473165976E-005
   55943.7399355790      -7.627551653610620E-005  4.295139339803138E-005
   55943.7603685327       8.374970976965379E-005  4.295548851343780E-005
   55943.7808015866       6.936974799742757E-005  4.295763166829761E-005
   55943.8012347407       9.542470916024115E-005  4.296012608712823E-005
   55943.8216676951      -8.081184274211228E-005  4.294829871798484E-005
   55943.8421008495      -3.250395659515348E-005  4.295608432827434E-005
   55943.8625339042       8.957471040393905E-005  4.296166453439275E-005
   55943.8829668592       2.823985238142868E-005  4.295879661969444E-005
   56024.4524357691      -1.496193351435693E-007  4.207875729435186E-005
   56024.4728697098       8.834074343999632E-005  4.208083873083694E-005
   56024.4933037506       7.708967017316937E-005  4.207644879206840E-005
   56024.5137378917       2.241864158603057E-005  4.208424051289034E-005
   56024.5341718331      -5.724587976041473E-005  4.208450962791064E-005
   56024.5546059745      -2.935628085454223E-005  4.208992556769404E-005
   56024.5750400162      -1.990008205021709E-005  4.207414449470714E-005
   56024.5954739582      -1.278925928493990E-006  4.207573816021794E-005
   56024.6159081003       4.789935196569672E-005  4.207877831896282E-005
   56024.6363421426      -2.138479028601648E-005  4.209344508756882E-005
   56024.6567760851      -1.709058409882225E-005  4.208593089161156E-005
   56024.6772102279       2.292559738936717E-005  4.208702837630370E-005
   56024.6976441708      -5.338957157430269E-005  4.207760514567123E-005
   56024.7180783140       1.140234192287259E-005  4.208569962089100E-005
   56024.7385123573       8.214179038068536E-006  4.207538494675381E-005
   56024.7589464010       8.860416101419410E-005  4.208683074496067E-005
   56024.7793804448       2.089053906839666E-005  4.209355021062362E-005
   56024.7998144886      -3.727913376305736E-005  4.207385435507588E-005
   56024.8202485329      -2.808842989454607E-005  4.207938382775848E-005
   56024.8406825772       5.825814257098827E-005  4.207991364795468E-005
   56024.8611166218      -2.819033288425921E-005  4.207413187994057E-005
   56024.8815506667       2.552047875203911E-005  4.207228591909824E-005
   56024.9019848117      -3.764129895544865E-004  4.207742433401697E-005
   56024.9224187569      -4.622733836846527E-004  4.206301406566468E-005
   56024.9428529023      -5.537168448744856E-004  4.207731080111778E-005
   56024.9632869479      -5.463021089255893E-004  4.207684825967665E-005
   56024.9837208938      -5.692096225735632E-004  4.206709704511320E-005
   56025.0041550398      -5.997579430130351E-004  4.207617547212592E-005
   56025.0245890860      -5.659907192835378E-004  4.207036006473426E-005
   56025.0450230325      -5.608392082183666E-004  4.208347942197357E-005
   56025.0858912259      -5.604809386600129E-004  4.207225227972070E-005
   56025.1063253730      -5.446886226583292E-004  4.207717624360764E-005
   56025.1267593202      -5.704577810458078E-004  4.207988421349934E-005
   56025.1471933677      -4.625053006352964E-004  4.207341704316791E-005
   56025.1676275154      -2.028782561251941E-004  4.208396719294786E-005
   56025.1880614633      -2.453428537441127E-005  4.208139378056630E-005
   56025.2084955114       7.964142171412725E-005  4.208304631498779E-005
   56025.2289296597       5.213787298541384E-005  4.208844543508243E-005
   56025.2493636082       3.211770485567200E-006  4.207138186082694E-005
   56025.2697977568       5.932350265402953E-005  4.208775582784293E-005
   56025.2902318058      -9.573014760710929E-005  4.208196564998443E-005
   56025.3106657548      -8.840093055506593E-005  4.206615934746437E-005
   56025.3310999042       1.229676462854989E-005  4.208198246967319E-005
   56025.3515338537      -1.059886792931231E-005  4.207509480712255E-005
   56025.3719679034       5.546937535627627E-005  4.207883298295132E-005
   56025.3924020534       3.206595952365277E-005  4.209040913374613E-005
   56025.4128360035      -5.867057739084025E-006  4.208671300713929E-005
   56025.4332700538       5.078445449102631E-005  4.207842510549869E-005
   56025.4537042043      -2.998735423986876E-005  4.207541017628696E-005
   56025.4741382551      -3.273283298477203E-005  4.208141901009945E-005
   56025.4945723060       5.694587047022637E-006  4.207668426771116E-005
   56025.5150063571      -9.617849497423059E-005  4.205669406760998E-005
   56025.5354404085      -2.386616158034371E-005  4.207572134052917E-005
   56025.5558744600       2.035462543981126E-005  4.208580894886799E-005
   56025.5763085118       7.396262868186732E-005  4.208725964702426E-005
   56025.5967425638      -9.632188986696821E-005  4.206934247356378E-005
   56025.6171767159       2.522573387575555E-005  4.208768434416566E-005
   56067.5890603487      -9.499731917428367E-005  4.202762123557388E-005
   56067.6094946686       4.284638221574433E-005  4.202215904164636E-005
   56067.6299289884      -7.332042239804881E-005  4.204193479071575E-005
   56067.6503633083       2.674801653701486E-005  4.202461051128435E-005
   56067.6707976283       2.717519539729985E-005  4.202745724360840E-005
   56067.6912320483       7.247107841434897E-005  4.203473175900070E-005
   56067.7116662684       3.288891551189721E-005  4.202057799090214E-005
   56067.7321006885       6.508716592534824E-005  4.201956880957604E-005
   56067.7525350087       9.462406683091729E-006  4.203093471426125E-005
   56067.8342721899      -1.052069693465718E-004  4.202896260575316E-005
   56067.8547066103      -1.304911430799471E-004  4.202439606025256E-005
   56067.8751409308      -8.471054907699394E-005  4.201642352777636E-005
   56067.8955753513      -1.327849179493246E-004  4.202392510896704E-005
   56067.9160095718      -7.667642846398426E-005  4.202356769058072E-005
   56067.9364438925      -9.645132695201841E-005  4.202596029130801E-005
   56067.9568783131      -1.107434563143439E-004  4.202702834154480E-005
   56067.9773125339       4.076603504321596E-005  4.203120803420373E-005
   56067.9977468546      -8.402493704151581E-006  4.202397556803335E-005
   56068.0181811754      -8.438917719322259E-005  4.203196071527612E-005
   56068.0386154963      -7.027279233995376E-005  4.201757147153479E-005
   56068.0590498172      -1.001752299639724E-004  4.201189903149767E-005
   56068.0794841382      -1.903283719595361E-005  4.202300843592917E-005
   56068.0999184592       3.990077064908171E-005  4.201924923548944E-005
   56068.1203528802       1.456719037840060E-006  4.201255079443744E-005
   56068.1407871013      -9.596227785890754E-005  4.201962347356454E-005
   56068.1612214225      -8.369590376045011E-005  4.202337846908207E-005
   56068.1816558437      -6.180952937595574E-005  4.201909365336833E-005
   56106.7616289629      -3.519983588661235E-004  4.213872641990294E-005
   56106.7820633331      -4.037804931701361E-004  4.215599630424094E-005
   56106.8024976030      -3.931003131125710E-004  4.217267434589576E-005
   56106.8229317729      -4.331610885250914E-004  4.215266239905438E-005
   56106.8433661427      -4.519620295291293E-004  4.217800093004438E-005
   56106.8638003125      -4.491125256844697E-004  4.216409049805912E-005
   56106.8842346820      -3.431865693390712E-004  4.217549304989766E-005
   56106.9046689516      -1.160515369675874E-004  4.218451545742040E-005
   56106.9251031210       7.417399093334609E-005  4.219435111639988E-005
   56106.9455374903      -1.097854295684098E-005  4.219325258825412E-005
   56106.9659717594      -4.687848575990472E-005  4.220591546695757E-005
   56106.9864059286      -5.769898057783607E-005  4.219001661387126E-005
   56107.0068402976       6.103256187683925E-005  4.221025422734722E-005
   56107.0272745665       1.073886360480891E-005  4.220656266183415E-005
   56107.0477088354       5.531437595562849E-005  4.221486974870383E-005
   56107.0681431040       6.991137908607392E-005  4.221822920105656E-005
   56107.0885773726       1.006074586469285E-004  4.221412462302356E-005
   56107.1090117412      -3.229773760882182E-006  4.222367926317506E-005
   56107.1294459095      -3.993136924507201E-005  4.223201189721092E-005
   56107.1498801779       2.528732998707817E-005  4.223541818603499E-005
   56107.1703145461      -1.799721652662178E-005  4.223256967700586E-005
   56107.1907487142      -2.541354968699228E-005  4.223483060121283E-005
   56107.2111829822       7.624532735661660E-005  4.223432391575026E-005
   56107.2316173501      -7.528237561083007E-005  4.223605686518950E-005
   56107.2520516179      -1.736148557029971E-006  4.223662316070649E-005
   56107.2724857856       2.256624728169676E-005  4.223672960723225E-005
   56107.2929201532       3.452641091805653E-005  4.225170450447503E-005
   56107.3133544207      -7.644881941892834E-005  4.224522829784828E-005
   56107.3542229555      -3.243358257098983E-005  4.225649034027284E-005
   56185.3505720450      -3.469422840896019E-005  4.236909799093532E-005
   56185.3710054510       3.076321557604622E-005  4.237139723589156E-005
   56185.3914390569      -2.668487427592847E-005  4.236380972753596E-005
   56185.4118725624      -4.378850841557647E-005  4.236151048257972E-005
   56185.4323059676       9.034652258987919E-006  4.236738633080123E-005
   56185.4527395726       9.270915684922443E-006  4.236149345113560E-005
   56185.4731730774       1.220805232704514E-005  4.236082922481491E-005
   56185.4936064819       9.238909556841257E-005  4.236831880236681E-005
   56185.5140400862      -3.476065990060118E-005  4.236434621802575E-005
   56185.5344735903      -2.608914703183807E-005  4.236585350083040E-005
   56185.5549069939       7.627822592359834E-005  4.237175489621808E-005
   56185.5753405975      -4.664918177887944E-005  4.236056949529207E-005
   56185.5957741009       1.080064478355958E-004  4.236585350083040E-005
   56185.6162075038      -9.678844651861418E-006  4.236444840669047E-005
   56185.6366411067       1.208670128260980E-005  4.236466981546404E-005
   56185.6570746092       6.426289097327675E-005  4.236603658885469E-005
   56185.6775082114       2.708614988300440E-006  4.236147216183045E-005
   56185.6979416134      -7.641962678428538E-005  4.236184685360110E-005
   56185.7183751151      -2.255384235039237E-006  4.236434621802575E-005
   56185.7388087166       3.365288073320372E-005  4.236459317396550E-005
   56185.7592421179      -2.666657926897464E-005  4.236204697306951E-005
   56185.7796756189       2.712486384170987E-006  4.236166802343783E-005
   56185.8001092198       1.849456244840120E-005  4.236744168299462E-005
   56185.8205426203       4.795315525329968E-006  4.236744168299462E-005
   56185.8409761205      -2.622116679840136E-005  4.236367773384403E-005
   56185.8614097206      -4.498156567322997E-005  4.236137423102676E-005
   56185.8818431202       9.592534441660305E-006  4.236897877082648E-005
   56185.9022766199      -6.356152334463516E-007  4.236634315484886E-005
   56185.9227102191      -6.921971884121803E-006  4.236151474044074E-005
   56185.9431436180       1.201706907669742E-004  4.236551287194799E-005
   56185.9635771167       3.739537168812035E-005  4.236536384681194E-005
   56187.9251922340       1.029652418371718E-005  4.235740164668569E-005
   56187.9456257085       6.672545427299781E-007  4.235750809321145E-005
   56187.9660591825      -8.482658317243708E-005  4.235412309369253E-005
   56187.9864926566      -4.009467936583189E-005  4.235716320646801E-005
   56188.0069262301      -7.882111316859230E-006  4.235809142017256E-005
   56188.0273596037      -2.074519116634921E-005  4.235441688610361E-005
   56188.0477931768      -1.137446159904520E-005  4.235792962145342E-005
   56188.0682266499       2.248492425960258E-005  4.235897279740579E-005
   56188.0886600226      -2.037090814532849E-005  4.235758899257102E-005
   56188.1090935950      -2.195197250443037E-005  4.235888764018519E-005
   56188.1295270672       6.268749239746185E-005  4.235635847073332E-005
   56188.1499604391       1.113383982029870E-004  4.235947522500734E-005
   56188.1703940108       3.850533538418688E-005  4.235801903653505E-005
   56188.1908274823       2.504392287105972E-005  4.235662671597822E-005
   56188.2112608535      -4.673725064952006E-005  4.235754215609969E-005
   56188.2316944243       8.000528347817948E-006  4.235797645792475E-005
   56188.2521278951       3.701183865545410E-005  4.236180853285183E-005
   56188.2725612654       7.409435347782711E-005  4.235711211213565E-005
   56188.2929948357       7.158084068836779E-005  4.236140403605397E-005
   56188.3134282056       5.358714428704836E-005  4.235738887310260E-005
   56188.3338616754       6.396344054393488E-005  4.236400558914334E-005
   56188.3542952448      -2.780437138771852E-005  4.235943264639704E-005
   56188.3747286139      -2.438430012764448E-004  4.235075512561774E-005
   56188.3951621829      -5.439075601560983E-004  4.234959698741756E-005
   56188.4155956515      -6.238644470786259E-004  4.234999296849336E-005
   56188.4360291200      -6.861334364453020E-004  4.234995464774409E-005
   56188.4564625882      -7.012506268098129E-004  4.235050391181696E-005
   56188.4768960562      -7.444419840415550E-004  4.234843033349532E-005
   56188.4973295239      -7.543159883656170E-004  4.234659945325238E-005
   56188.5177629912      -6.553411403946718E-004  4.234923506923000E-005
   56188.5381964585      -7.462819341497173E-004  4.234754895626209E-005
   56188.5586299253      -6.558510961121033E-004  4.234670164191710E-005
   56188.5790634922      -6.206447822877381E-004  4.234951183019696E-005
   56188.5994968585      -5.683281064706724E-004  4.235192603740101E-005
   56188.6199303246      -5.532539507568934E-004  4.235186642734659E-005
   56188.6403638908      -2.425790707714093E-004  4.235468087348748E-005
   56188.6607972564      -8.770521810919085E-005  4.235942413067498E-005
   56188.6812307218      -2.620837285971511E-006  4.236065465251267E-005
   56188.7016642870      -1.694625502923763E-005  4.236037363368469E-005
   56188.7220976520       8.723600498194983E-006  4.236016499849421E-005
   56188.7425312167       2.340211123996738E-006  4.235644788581496E-005
   56188.7629646810      -2.639169523810381E-006  4.235785723781591E-005
   56188.7833980452      -3.817518183568680E-005  4.235824896103067E-005
   56188.8038316093      -2.939848683269908E-005  4.235845759622115E-005
   56188.8446985364       9.565728293958742E-005  4.236280913019389E-005
   56188.8651319995      -8.833138089303638E-006  4.235811270947771E-005
   56188.8855654623       7.189608279034587E-005  4.235975624383533E-005
   56188.9059989252      -1.833626073588501E-005  4.235764860262544E-005
   56188.9264323876      -2.955916997438024E-005  4.236065465251267E-005
   56188.9468658498       3.335966321915684E-005  4.236259197928136E-005
   56188.9672993117       2.534166441869878E-005  4.235858533205206E-005
   56188.9877327734       8.386058425502441E-005  4.236122946375173E-005
   56189.0081662349       4.251062681936979E-005  4.236096547636787E-005
   56189.0285995959      -1.149500025166006E-006  4.235933897345438E-005
   56189.0490331569       5.177121943966689E-005  4.236144235680324E-005
   56189.0694666176      -1.942609385485738E-005  4.235939432564777E-005
   56189.0899001779      -4.776240162263079E-006  4.236126352663997E-005
   56269.6778612257      -1.847533703125404E-005  4.290891517789191E-005
   56269.6982940471      -9.474592578717633E-006  4.290852133589243E-005
   56269.7187268685       1.400596742819893E-004  4.290656525396171E-005
   56269.7391596898       4.669060764372901E-005  4.290579069802941E-005
   56269.7595925111      -4.998985791104804E-005  4.290264871407804E-005
   56269.7800253325       6.792971007230086E-005  4.290850820782579E-005
   56269.8004581538       4.965105481646859E-006  4.290690220767237E-005
   56269.8208909751      -3.964872017081511E-005  4.291075748324501E-005
   56269.8413237964      -2.001611705393369E-005  4.290179101372363E-005
   56269.8617566176      -1.180053172122886E-005  4.290849507975914E-005
   56269.8821894389       2.255942144535616E-005  4.290807060560415E-005
   56269.9026222601      -1.410084361275210E-005  4.290884516153645E-005
   56269.9230550814      -7.758164481841412E-006  4.290935715613577E-005
   56269.9434880027      -6.156359974618386E-005  4.290325698116612E-005
   56269.9639208239      -1.032788005528307E-005  4.290387837632085E-005
   56269.9843535452      -1.984271654098535E-005  4.290669215860599E-005
   56270.0047864695      -7.989120500040414E-006  4.290431597854249E-005
   56270.0252192908      -3.716426491195968E-005  4.290962846951318E-005
   56270.0456520120       1.391646125101786E-004  4.291101566855578E-005
   56270.0660849332      -1.267680402117222E-005  4.290656525396171E-005
   56270.0865177544       1.720302392160811E-005  4.291524290601681E-005
   56270.1069504756      -2.278156758783734E-005  4.291156704735504E-005
   56270.1273833967      -3.867765751351948E-004  4.289899473552737E-005
   56270.1478162179      -5.612214873953469E-004  4.289971677919307E-005
   56270.1682491391      -5.859251432339674E-004  4.290112585834674E-005
   56270.1886818603      -6.206388505376470E-004  4.290067075203624E-005
   56270.2091146814      -6.573484285024023E-004  4.290116524254669E-005
   56270.2295476026      -5.890936411928616E-004  4.290385212018755E-005
   56270.2499803237      -4.752766063009783E-004  4.290257869772259E-005
   56270.2704131449      -5.707610856683365E-004  4.290365957521003E-005
   56270.2908460660      -5.004396243460940E-004  4.290145406001297E-005
   56270.3112787872      -6.733957763364051E-004  4.289778695339564E-005
   56270.3317117082      -5.372918145161165E-004  4.290512554265252E-005
   56270.3725772505      -4.010515408831017E-004  4.290323510105504E-005
   56270.3930101716       2.416713095865219E-006  4.291178584846586E-005
   56270.4134429926       1.340716581488266E-004  4.291111194104454E-005
   56270.4338758138       6.759549745405380E-005  4.291396073150740E-005
   56270.4543086348       3.242792279523066E-005  4.291065683473403E-005
   56270.4747414559      -9.140771564775108E-006  4.290832441489270E-005
   56270.4951741770       1.325628888573238E-004  4.291084937971155E-005
   56270.5156070981       5.842088986462990E-005  4.291158892746612E-005
   56270.5360399192      -1.949559157554681E-005  4.291073122711171E-005
   56270.5564727402      -6.455656501358487E-005  4.291536543463886E-005
   56270.5769055613      -4.251066791316482E-005  4.291319055159732E-005
   56270.5973383823      -1.052736670835719E-004  4.290817563013734E-005
   56270.6177712034      -5.172949200671351E-005  4.291114257320005E-005
   56270.6382040244      -6.994790663206185E-005  4.291499784877268E-005
   56270.6586368454       5.013052499469595E-005  4.291034176113445E-005
   56270.6790697665       6.305115007898543E-005  4.291336121646376E-005
   56270.6995024875       1.922308938828721E-005  4.291478779970630E-005
   56270.7199353086       5.799731499744887E-005  4.291305051888639E-005
   56270.7403682296       4.800540056471014E-005  4.291603059001575E-005
   56270.7608009506       3.478179463556330E-005  4.291630627941538E-005
   56270.7812338716      -5.050580219312373E-005  4.291512912943917E-005
   56270.8016666926      -4.235373306960000E-006  4.291520352181686E-005
   56270.8220994136      -8.475924474482532E-005  4.291451211030666E-005
   56303.1060269882      -1.526810972263259E-005  4.286390778939639E-005
   56303.1264599290       5.283860256377615E-005  4.285406611543175E-005
   56303.1468928699       1.677040168801547E-005  4.285035087257004E-005
   56303.1877587523      -2.019950923970448E-005  4.286043322775659E-005
   56303.2081916937       5.298857880031704E-006  4.285957552740217E-005
   56303.2286246353       4.180768576667049E-005  4.286092334224482E-005
   56303.2490576770      -5.365145667957094E-005  4.284860921572791E-005
   56303.2694905188      -6.740794680926143E-005  4.285327405541058E-005
   56303.2899234608       1.298141191052871E-005  4.286150535319960E-005
   56303.3103565030      -9.426701391590520E-006  4.285201376101226E-005
   56303.3307893453       2.584951998074736E-005  4.286113776733342E-005
   56303.3512223878      -4.312176429244197E-005  4.286297569666430E-005
   56303.3716553304      -1.548066849443863E-005  4.285846839378143E-005
   56303.3920881731      -3.824525748341578E-005  4.285977244840191E-005
   56303.4125212161       3.859955512253155E-005  4.286044197980102E-005
   56303.4329540592       1.016123460464424E-004  4.286135219242202E-005
   56303.4533870024       3.492959102346926E-005  4.286193857939902E-005
   56303.4738200458       9.856600043456343E-005  4.286631897763762E-005
   56303.4942528893      -5.791149810030483E-006  4.285864343467008E-005
   56303.5146859330       9.605698715242639E-005  4.286010065006814E-005
   56303.5351188768       3.846107746996452E-005  4.285846839378143E-005
   56303.5555517208      -2.759424570231150E-005  4.285986872089067E-005
   56303.5759847650      -2.630463363495483E-005  4.286335641059713E-005
   56303.5964177093       4.050710839864635E-006  4.285995624133500E-005
   56303.6168506538      -2.510348576290067E-005  4.286502367506158E-005
   56303.6372835983       1.716588202160807E-005  4.286262123886478E-005
   56351.4100675234       1.433881849366436E-005  4.311919116880257E-005
   56351.4305010035       4.629918925136423E-006  4.311474911080653E-005
   56351.4509345837       1.654966855135775E-005  4.311139408210860E-005
   56351.4713679642       4.829911486314842E-007  4.311284345450610E-005
   56351.4918015452       5.608240176635526E-005  4.310948842580818E-005
   56351.5122350262      -6.677528885068451E-005  4.311063360893707E-005
   56351.5326685075       1.760326358457576E-005  4.311544248340410E-005
   56351.5531019892      -9.066403146007485E-005  4.311334894549659E-005
   56351.5735354711      -1.935354438213910E-004  4.311708868415188E-005
   56351.5939689533      -2.219773576631612E-004  4.310818220130179E-005
   56351.6144024357      -1.099612702833985E-004  4.311757180828438E-005
   56351.6348359185      -6.485031850411715E-006  4.311788941766778E-005
   56351.6552694015      -4.207774236975048E-005  4.311400205774979E-005
   56351.6757029847       1.206951398657896E-004  4.311110778632638E-005
   56351.6961363683       1.808377518019988E-005  4.311539774968813E-005
   56351.7165698521       8.449590211889735E-005  4.311561694489639E-005
   56351.7370033363       7.619782862322566E-005  4.311565720524077E-005
   56351.7574368206       4.963256989642950E-005  4.311580929987507E-005
   56351.7778704052      -1.572751172851383E-006  4.311748234085243E-005
   56351.7983037902      -2.203395232136529E-005  4.311580035313188E-005
   56351.8187372753       5.146981217563074E-005  4.311883329907480E-005
   56351.8391708607      -8.366926665193120E-005  4.311525460179701E-005
   56351.8596042465      -3.514552827955653E-004  4.310740830801547E-005
   56351.8800378326      -5.277293969918606E-004  4.310575316052449E-005
   56351.9004713188      -4.515588377932422E-004  4.310641074614929E-005
   56351.9209047053      -5.431587165968255E-004  4.310658520764158E-005
   56351.9413382922      -5.970664691939964E-004  4.310278284178394E-005
   56351.9617717792      -5.919724593353992E-004  4.309949044028837E-005
   56351.9822051667      -5.759464374821555E-004  4.310765881682492E-005
   56352.0026387542      -6.470964295582915E-004  4.310119032149532E-005
   56352.0230722421      -6.300483373662402E-004  4.310729200035394E-005
   56352.0435057303      -7.476649589048812E-004  4.310633469883214E-005
   56352.0639392188      -7.381450426648950E-004  4.310769907716929E-005
   56352.0843727075      -5.534298383436109E-004  4.310974340798922E-005
   56352.1252396858      -1.279488977333765E-004  4.310839692313846E-005
   56352.1456731754      -1.330144391020749E-005  4.311445386828111E-005
   56352.1661067651       4.173737193258198E-005  4.311192193995708E-005
   56352.1865401552       3.878908630849942E-005  4.311116146678555E-005
   56352.2069736456      -1.132112039370359E-005  4.310993128959631E-005
   56352.2274072363       3.840071098215603E-006  4.311618953646084E-005
   56352.2478407272      -3.465617293363366E-005  4.311625216366320E-005
   56352.2682742183      -1.668711025183400E-004  4.310923791699874E-005
   56352.2887077098      -5.077981152057376E-005  4.311431519376159E-005
   56352.3091412015       6.168644858917105E-006  4.311045467407318E-005
   56352.3295747935       3.343837653257964E-005  4.311367997499479E-005
   56352.3500081857       4.898205611580941E-005  4.311263320604104E-005
   56352.3704416783       4.874013692313106E-005  4.311690527591639E-005
   56352.3908751712      -6.153183639734383E-005  4.310699675782853E-005
   56352.4113086642      -2.681689312866720E-005  4.311311185680194E-005
   56352.4317422576      -1.211003590662063E-004  4.311325053132146E-005
   56352.4521756513       1.562310977032411E-005  4.311571535907153E-005
   56352.4726091451      -1.190500030023856E-004  4.311364418802201E-005
   56352.4930427393      -5.569401465854718E-005  4.311336236561139E-005
   56352.5134761338      -8.676215531133735E-006  4.310953315952416E-005
   56352.5543432235      -5.778246960552735E-005  4.311566167861236E-005
   56420.8648849764       4.361811729070020E-005  4.213067066201686E-005
   56420.8853192139      -1.086873980260528E-005  4.213317257576401E-005
   56420.9057534515       4.610955500083946E-006  4.212918976534696E-005
   56420.9261876893       6.662461762507732E-005  4.213684317434753E-005
   56420.9466220272       6.959122725147537E-005  4.212261222144845E-005
   56420.9670561652       6.607477061071343E-005  4.214105803410033E-005
   56420.9874905034       2.070968941358942E-005  4.212565839636489E-005
   56421.0079246416      -1.135065991098028E-005  4.213422734547192E-005
   56421.0283588800      -9.281381088355189E-006  4.212883958180394E-005
   56421.0487932185      -3.600556622995743E-005  4.213249752315096E-005
   56421.0692273572      -6.105148597734811E-005  4.213403326784567E-005
   56421.0896615959       8.129436694015446E-005  4.213573355661481E-005
   56421.1100959348       7.044232379516124E-006  4.212963276862428E-005
   56421.1305300738       4.982425299582260E-005  4.213939571704067E-005
   56421.1509644129      -1.700390969805454E-006  4.213474629216821E-005
   56421.1713986522       7.845283674567938E-005  4.213965729992823E-005
   56421.1918327916       3.537706984690914E-006  4.213414718297412E-005
   56421.2122671311       8.482245528074195E-005  4.212150260371573E-005
   56421.2327013707       2.625261860966788E-005  4.213243845604732E-005
   56421.2531355105       3.927125774572104E-007  4.212254893526598E-005
   56421.2735698503       1.775139884863108E-006  4.213523148623385E-005
   56421.2940040903       6.294397125361506E-005  4.212803795682592E-005
   56421.3144383305      -7.579499592846872E-006  4.211024610139295E-005
   56421.3348725707      -1.757139100921901E-005  4.212277254644405E-005
   56421.3553068111      -4.343288512942411E-005  4.212863284694119E-005
   56421.3757411516       1.915901773474893E-005  4.212567527268021E-005
   56421.3961752922      -1.344589323548639E-006  4.212549807136928E-005
   56421.4166095329       1.072699817397105E-004  4.213297427905893E-005
   56421.4370438738       7.109833842999791E-006  4.211171012174752E-005
   56421.4574781148      -2.424766789754784E-005  4.211230079278395E-005
   56421.4779122559      -6.464153245222537E-005  4.212399186022639E-005
