   55071.2082151174      -7.043751762947359E-005  1.277726679628333E-004
   55071.2286486335      -1.714578003205736E-004  1.277517746101550E-004
   55071.2695153654       1.191116530565584E-004  1.277702740803909E-004
   55071.2899488810      -1.305892924731156E-004  1.277311928871436E-004
   55071.3103821964       1.298986505751110E-004  1.277754301348824E-004
   55071.3308156117      -6.233197312299765E-006  1.277626391535477E-004
   55071.3512490266      -1.405525002692309E-004  1.277546642670678E-004
   55071.3716824413      -1.626774871156256E-004  1.277492107478941E-004
   55071.3921158559      -4.913003307693842E-005  1.277634182277154E-004
   55071.4125492701      -2.510356599868535E-004  1.277648488911869E-004
   55071.4329826844      -2.906283878467697E-004  1.277230621858302E-004
   55071.4534160983       3.140481003871542E-005  1.277533752534449E-004
   55071.4738495121      -8.751698975295596E-006  1.277687442620253E-004
   55071.4942828253      -2.339151738328660E-005  1.277449754174189E-004
   55071.5147163386       1.536985948620284E-004  1.277792263508266E-004
   55071.5351497519       1.205112458555480E-004  1.277760817241862E-004
   55071.5555830647       1.149598142082819E-004  1.277652596757481E-004
   55071.5760165772       8.880883924233807E-005  1.277583896580877E-004
   55071.5964499896      -9.395163779479798E-005  1.277522845496102E-004
   55071.6168833019      -2.861080557090445E-003  1.276375056772353E-004
   55071.6373167138      -3.868990666041960E-003  1.276074475793481E-004
   55071.6577502257      -4.517147280660661E-003  1.275724742317123E-004
   55071.6781836373      -4.906246419816518E-003  1.275291435430050E-004
   55071.6986169487      -5.076293494640893E-003  1.275410562952779E-004
   55071.7190504597      -5.051578741560481E-003  1.275522607983075E-004
   55071.7394838706      -4.994138837027484E-003  1.275260697412889E-004
   55071.7599171813      -5.047884998276686E-003  1.275290585530958E-004
   55071.7803505920      -4.656741148219790E-003  1.275497960909407E-004
   55071.8007841023      -4.402685830596220E-003  1.275523457882167E-004
   55071.8212174123      -3.731940777460974E-003  1.275977445647145E-004
   55071.8416508223      -1.255764585513242E-003  1.276907801853189E-004
   55071.8620843318       1.332574154557786E-004  1.277584604830121E-004
   55071.8825176414       4.019945886368781E-005  1.277639706621252E-004
   55071.9029510504       5.638371243210649E-005  1.277654863155059E-004
   55071.9233844595      -7.424130385524919E-005  1.277487433033935E-004
   55071.9438178684       5.419890870972388E-005  1.277494090576822E-004
   55071.9642512770       9.100713602339106E-005  1.277644806015804E-004
   55071.9846846854       9.396744782952382E-006  1.277572989542530E-004
   55072.0051181935       2.772021421284521E-004  1.277665486893709E-004
   55072.0255515014       2.661057166422065E-004  1.277691408816015E-004
   55072.0459849093      -1.400663869061125E-004  1.277420149355818E-004
   55072.0664182168      -1.510166801211854E-004  1.277554433412354E-004
   55072.0868517240      -9.458438290910198E-005  1.277756001147007E-004
   55072.1072851312       4.369314494234722E-005  1.277504572665624E-004
   55072.1277185382      -4.829685108287407E-006  1.277416041510207E-004
   55072.1481519447      -2.708026543418729E-005  1.277615201197433E-004
   55072.1685853512      -1.215593912590185E-004  1.277528794789746E-004
   55072.1890187575       1.178170112257071E-004  1.277549475667651E-004
   55072.2094520636       1.740974291308817E-005  1.277327085405244E-004
   55072.2298855694       6.496378578124684E-005  1.277705148851336E-004
   55072.2503189752       1.872193208756201E-004  1.277602027761506E-004
   56060.0900511174      -1.412585226946428E-004  1.369018129261320E-004
   56060.1104852428      -6.606348027782261E-005  1.368664460845334E-004
   56060.1309195684       4.482401980343553E-005  1.369479398263900E-004
   56060.1513536939      -1.758122974233611E-004  1.369154721426875E-004
   56060.1717879195      -1.076049613206731E-004  1.369419684265442E-004
   56060.1922222452      -6.019028097392631E-005  1.369161356315592E-004
   56060.2126563708      -1.985526580270403E-004  1.369288573094915E-004
   56060.2330906965      -5.545725192956930E-005  1.369220781840627E-004
   56060.2535249223      -1.059750906147183E-004  1.368945433958850E-004
   56060.2739590481       2.673976403941847E-004  1.370038027046574E-004
   56060.2943933739      -2.195348211755377E-004  1.369408578038676E-004
   56060.3148275998       1.181523814617336E-004  1.369593922212633E-004
   56060.3352617256       3.723198051708287E-005  1.369731956745300E-004
   56060.3556960516       4.966382086468712E-006  1.369228426386324E-004
   56060.3761302776      -1.148398136923134E-004  1.369811286936488E-004
   56060.3965646036       5.001936575510513E-005  1.369092266930903E-004
   56060.4169987296       6.674395422145984E-005  1.369278043814994E-004
   56060.4374329557       1.781332724761775E-004  1.369404250937338E-004
   56060.4578672819      -1.413569611634635E-004  1.369445214163334E-004
   56060.4783014080      -2.631232296685937E-004  1.368519791423949E-004
   56060.4987356342      -2.709234209703371E-003  1.367990442693659E-004
   56060.5191699605      -3.794811534390097E-003  1.367869139619497E-004
   56060.5396040867      -4.410147321160851E-003  1.368004289417939E-004
   56060.5600383130      -4.721447135774048E-003  1.367685526286075E-004
   56060.5804726394      -4.723762803472753E-003  1.367180265086564E-004
   56060.6009068658      -5.002153568411383E-003  1.367686680179765E-004
   56060.6213410922      -5.012728733182037E-003  1.367752307883384E-004
   56060.6417753187      -4.960882340513950E-003  1.367247335157295E-004
   56060.6622095452      -4.302353260022818E-003  1.367616004191252E-004
   56060.6826437717      -4.263360966306529E-003  1.367934190376271E-004
   56060.7030779983      -3.690753506887412E-003  1.368209826731471E-004
   56060.7235122249      -9.621256403690159E-004  1.369511851523931E-004
   56060.7439464515       1.306823946078950E-005  1.369485600442484E-004
   56060.7643806782      -2.449056894130441E-004  1.369115777514837E-004
   56060.7848150049       1.844445801557626E-004  1.369547910701744E-004
   56060.8052491317      -9.862223124978975E-005  1.368951347664011E-004
   56060.8256833585       2.204135386896233E-005  1.369304727606575E-004
   56060.8461176853      -2.292079976684569E-005  1.369340209837543E-004
   56060.8665518122       7.579811121360969E-005  1.369382759667362E-004
   56060.8869860391       2.024029956069207E-004  1.369405981777873E-004
   56060.9074203660       2.711067444245430E-004  1.369577911937684E-004
   56060.9278544930      -1.733615089705154E-006  1.369537381421823E-004
   56060.9482888200      -6.229408765268118E-005  1.369450695158361E-004
   56060.9687230470      -7.840781043766398E-006  1.369529736876126E-004
   56060.9891571741      -1.294522359897021E-004  1.369744938049312E-004
   56061.0095915012       6.511383172669305E-005  1.369667338698659E-004
   56061.0300257284      -1.176077834513789E-004  1.369534496687598E-004
   56061.0504598555      -8.577468205339667E-005  1.369204915802390E-004
   56061.0708941828       5.358580373782118E-005  1.369520938436740E-004
   56061.0913284100       1.845389943384568E-004  1.369770323710493E-004
