   55035.7565394190       1.614568237859881E-004  1.761258769964173E-004
   55035.7769731369      -1.408812610130816E-004  1.761169399375624E-004
   55035.7974070546       8.581003422847289E-005  1.761136361185309E-004
   55035.8178408720      -1.070466675628934E-004  1.761294244150087E-004
   55035.8382745893      -2.264031599278349E-004  1.760994312191926E-004
   55035.8587085063      -1.025326658584680E-004  1.760969647736484E-004
   55035.8791423230       7.447124123260984E-005  1.761259226713347E-004
   55035.8995760393       2.786883399144013E-004  1.761241717994978E-004
   55035.9200098556      -5.216662864149235E-005  1.761121136212814E-004
   55035.9404437715      -3.869585158812194E-004  1.760988831201828E-004
   55035.9608774871       2.672276772757165E-004  1.761305206130284E-004
   55035.9813113024      -1.741230647955838E-005  1.761040443858588E-004
   55036.0017451176      -3.883296138127434E-004  1.761046077098411E-004
   55036.0221789323      -1.900067731462896E-004  1.761099060002695E-004
   55036.0426127469      -2.443815440456021E-005  1.761004817422948E-004
   55036.0630465611      -4.204618020785533E-004  1.760890173380057E-004
   55036.0834803751       1.723242146729476E-004  1.761448168622016E-004
   55036.1039141888       1.307715818297250E-004  1.761341746064273E-004
   55036.1243480023      -4.411482288357860E-005  1.761170921872874E-004
   55036.1447818154      -7.159578987259163E-005  1.761224361526333E-004
   55036.1652156284       3.156245541033886E-004  1.761220250783759E-004
   55036.1856494410      -1.329961124065804E-004  1.761115198473541E-004
   55036.2060831533       9.368334062975769E-005  1.761175641614347E-004
   55036.2265170654       1.601537269457776E-004  1.761201219568140E-004
   55036.2469507773      -2.219017813309687E-004  1.761087184524149E-004
   55036.2673845890       5.211985100173067E-006  1.760994921190826E-004
   55036.2878185001       3.560712935191113E-005  1.760944222032416E-004
   55036.3082523111       2.805541246551080E-004  1.761376763501013E-004
   55036.3286860220       1.109724112249300E-004  1.761167724628650E-004
   55036.3491198325       8.702990319209292E-005  1.761506632516399E-004
   55036.3695537428      -4.195751202534792E-004  1.760858505437267E-004
   55036.3899874525      -5.708998979038205E-004  1.760883931141334E-004
   55036.4104212623      -1.161757251266327E-003  1.760360039837765E-004
   55036.4308551716      -1.501111581361014E-003  1.760230779821279E-004
   55036.4512888807      -1.446134309228797E-003  1.760144758726680E-004
   55036.4717226898      -1.620480421866466E-003  1.759989920756401E-004
   55036.4921564982      -1.430240367482072E-003  1.760492649348201E-004
   55036.5125903066      -1.381617868511986E-003  1.760249049788273E-004
   55036.5330241147      -1.822825761574220E-003  1.759891415184355E-004
   55036.5534579224      -1.523592288158349E-003  1.759997228743198E-004
   55036.5738918301      -1.763523700028080E-003  1.759981699271253E-004
   55036.5943255373      -1.485608970956176E-003  1.760042142412060E-004
   55036.6147593443      -1.498722280988796E-003  1.760058737632080E-004
   55036.6351930508      -8.602066240318562E-004  1.760569230959853E-004
   55036.6556269573      -6.591057897114005E-004  1.760610947384491E-004
   55036.6760607634      -3.208168589587945E-004  1.760914990085225E-004
   55036.6964944694       1.981404095441341E-005  1.761191932334918E-004
   55036.7169283750      -3.680290517837914E-005  1.761123572208413E-004
   55036.7373621804       1.890371467476726E-004  1.761014104656170E-004
   55036.7577958855       1.096567305318707E-004  1.761424722164373E-004
   55036.7782296902      -3.160394095421681E-004  1.760800193792609E-004
   55036.7986635948       1.101566039678481E-004  1.761194520580242E-004
   55036.8190973990       2.173442571242745E-004  1.761363974524116E-004
   55036.8395311030       2.165670963758526E-004  1.761437815640719E-004
   55036.8599650067       7.614824418489263E-005  1.761241413495528E-004
   55036.8803988102      -4.997437265812366E-004  1.760908747846502E-004
   55036.9008325135       3.858330992700942E-005  1.761038616861888E-004
   55036.9212663163      -1.612805483346413E-004  1.760988678952103E-004
   55036.9417002191      -2.031875057773025E-004  1.761040748358038E-004
   55036.9621339214       7.270054869490394E-005  1.761034049370140E-004
   55036.9825677235      -7.737099900562150E-005  1.761270645442719E-004
   55037.0030016253       9.127026635091795E-005  1.761256333968574E-004
   55037.0234353270       5.643068800909035E-006  1.761074700046702E-004
   55037.0438691281      -1.809217459591839E-005  1.761293482901462E-004
   55037.0643029291       1.296783500914778E-004  1.761359407032368E-004
   55037.0847368300      -8.114877249332242E-005  1.760995225690276E-004
   55037.1051705305      -6.584047649815794E-005  1.761241413495528E-004
   55037.1256043307       1.404662098689613E-004  1.761344334309597E-004
   55037.1460382305      -2.060082414913067E-004  1.761042118605562E-004
   55037.1664719302      -1.887010606960171E-005  1.761266686949870E-004
   55037.1869057295      -2.439438239890679E-004  1.761010602912497E-004
   55037.2073394288      -4.173870456458673E-005  1.761068305558254E-004
   55037.2277733277       2.158564982939204E-004  1.761274603935568E-004
   55037.2482071263      -1.550943948014361E-005  1.761284195668240E-004
   55037.2686409244      -1.859804996017234E-004  1.760988526702378E-004
   55399.9036223207       4.316463191544884E-005  1.730825989353586E-004
   55399.9240562227       2.067553321769555E-004  1.734120159910240E-004
   55399.9444901245       2.199117446233245E-004  1.734201378175190E-004
   55399.9649240260      -1.771889185050446E-004  1.733896885163285E-004
   55399.9853579273       1.920413774048058E-005  1.735076965418148E-004
   55400.0057918281       3.647916176152677E-005  1.734664382670734E-004
   55400.0262257289      -7.739406147844186E-006  1.734663024000874E-004
   55400.0466597295      -2.174464611005567E-004  1.735436861967668E-004
   55400.0670935296      -2.714530273466575E-004  1.736010220648488E-004
   55400.0875274295      -5.271353692321012E-004  1.736700273973929E-004
   55400.1079614291      -1.083098521084791E-003  1.735768679340085E-004
   55400.1283952286      -1.201201720862133E-003  1.736036488265776E-004
   55400.1488292278      -1.762597932421284E-003  1.736173110068342E-004
   55400.1692631267      -1.483016922405711E-003  1.736055660607131E-004
   55400.1896969254      -1.426840354746495E-003  1.736592637128373E-004
   55400.2101309239      -1.368446589975481E-003  1.737597750897962E-004
   55400.2305648219      -1.707114262737730E-003  1.737616017459410E-004
   55400.2509986200      -1.834941094163933E-003  1.737596090301467E-004
   55400.2714326175      -1.666295819637842E-003  1.738651776782502E-004
   55400.2918665148      -1.362341320148563E-003  1.738645889213110E-004
   55400.3123003119      -1.423488025335207E-003  1.738805759366609E-004
   55400.3327343090      -9.828262435406243E-004  1.738622489898858E-004
   55400.3531682054      -6.933387540440927E-004  1.740038072929414E-004
   55400.3736021018      -3.714848003167903E-004  1.739272990835049E-004
   55400.3940359980       7.789694556814553E-005  1.740673628497147E-004
   55400.4144698939      -7.466399828148784E-005  1.740744430293173E-004
   55400.4349037894      -2.052033214372528E-004  1.740624716382196E-004
   55400.4553376848       1.857164942917766E-004  1.741106893219094E-004
   55400.4757715798       1.134129676452211E-004  1.741682063459727E-004
   55400.4962055746       4.351202833630108E-004  1.741670590247578E-004
   55400.5166393691       2.099375871562614E-004  1.741429652792446E-004
   55400.5370732634       6.683350223535278E-005  1.741777925166499E-004
   55400.5575072575      -8.980136016856211E-005  1.741478262980762E-004
   55400.5779410513      -6.026755134236339E-005  1.741665457494774E-004
   55400.5983749447       3.241943211993448E-004  1.741914999859017E-004
   55400.6188089381       3.843929846167882E-004  1.742059169827470E-004
   55400.6392427310      -1.988462807023250E-004  1.741649908273046E-004
   55400.6596766239       1.708285929002962E-005  1.741971158213221E-004
   55400.6801106163       4.175830931463231E-005  1.741828497877946E-004
   55400.7005444085      -2.916704164707129E-004  1.741787888745471E-004
   55400.7209783005      -1.646132146118084E-004  1.741932209677241E-004
   55400.7414122922       8.217294234746930E-005  1.742167410526298E-004
   55400.7618460837      -1.870875892642232E-004  1.742015239502004E-004
   55400.7822799750      -3.224664714706060E-004  1.742408951834700E-004
   55400.8027139658      -9.668788881911361E-005  1.742223719843819E-004
   55400.8231477566       1.408984564452709E-004  1.742647322913429E-004
   55400.8435817469      -1.783276015862034E-004  1.742365625362505E-004
   55400.8640156370       1.053851210846002E-004  1.742837385730478E-004
   55400.8844495271       1.386832084104839E-004  1.742144464101999E-004
   55400.9048834168      -9.989820873079758E-005  1.742728541178380E-004
   55400.9253173062      -2.403714421761460E-005  1.742881014129309E-004
   55400.9457511951       1.653893118811478E-004  1.742962383357577E-004
   55400.9661850841      -8.063580935602221E-005  1.742941399456409E-004
   55400.9866189728       8.395432906516120E-005  1.742957552531409E-004
   55763.1924302803       2.149410319773892E-005  1.777450509385795E-004
   55763.2128642873       2.478230591085318E-004  1.777416418071504E-004
   55763.2332982938      -8.785708362213374E-005  1.777220240820966E-004
   55763.2537323001       1.126572430676376E-006  1.777132425247995E-004
   55763.2741663064      -1.850069798219334E-004  1.777093463745948E-004
   55763.2946004122      -1.905859946674804E-004  1.777038521940328E-004
   55763.3150343178       1.031815785359491E-004  1.777359345558741E-004
   55763.3354684234      -2.053417797909241E-005  1.777133186214831E-004
   55763.3559024285       1.878508665198453E-004  1.777005343786242E-004
   55763.3763363334      -4.479524687528436E-005  1.777230437776580E-004
   55763.3967704381       3.754007794274372E-004  1.777378065342927E-004
   55763.4172043425      -2.151367484160005E-007  1.777121162938809E-004
   55763.4376383469       9.780253840108166E-005  1.777377152182723E-004
   55763.4580724509       1.973577127030168E-004  1.777432854955180E-004
   55763.4785063546       9.993100175420544E-005  1.777344126222004E-004
   55763.4989403581      -1.380848605286866E-004  1.777226937329131E-004
   55763.5193744614      -2.226978305979177E-004  1.777360258718945E-004
   55763.5398083644      -2.490778076670308E-004  1.777059220238290E-004
   55763.5602423672      -6.873725810285780E-005  1.777425701866914E-004
   55763.5806764698      -1.728646879479712E-004  1.777256310649033E-004
   55763.6011103721      -3.988884316249441E-004  1.777080070729620E-004
   55763.6215444742      -1.376973119582292E-004  1.777221001787803E-004
   55763.6419784758       2.522514189968739E-004  1.777398459254155E-004
   55763.6624123775      -3.179425367505484E-005  1.777313839741898E-004
   55763.6828464789      -4.026710448379323E-005  1.777477447611819E-004
   55763.7032804800      -1.483874782683969E-004  1.777096203226561E-004
   55763.7237144807      -2.886938331903011E-005  1.777364063553129E-004
   55763.7441484814       1.950429624042460E-004  1.777478208578656E-004
   55763.7645824819      -2.888601129532598E-004  1.777131968667893E-004
   55763.7850164821      -4.311165347203882E-004  1.777095746646459E-004
   55763.8054505819      -9.470701752376520E-004  1.776579354550978E-004
   55763.8258844817      -1.317019196718117E-003  1.776427313376977E-004
   55763.8463185810      -1.303110430173615E-003  1.776539327695360E-004
   55763.8667525803      -1.614611772007502E-003  1.776407071659117E-004
   55763.8871864791      -1.844184432935658E-003  1.776105424404992E-004
   55763.9076205780      -2.081503736883872E-003  1.776008477229979E-004
   55763.9280545763      -2.015125818555452E-003  1.776071028703967E-004
   55763.9484884747      -2.141774815600628E-003  1.776114860393769E-004
   55763.9689225726      -2.118476992696072E-003  1.776252138811136E-004
   55763.9893565703      -1.742522501123944E-003  1.776197805778985E-004
   55764.0097904680      -1.561005029155127E-003  1.776421682222384E-004
   55764.0302245652      -1.344339762051172E-003  1.776586812025979E-004
   55764.0506584622      -1.327076872538968E-003  1.776339802190740E-004
   55764.0710924589      -1.048833105034119E-003  1.776611923931594E-004
   55764.0915265554      -2.039073557184023E-004  1.777235764544438E-004
   55764.1119604519      -2.490670170385290E-004  1.776911744865310E-004
   55764.1323945480      -8.874428157279457E-005  1.776917984793373E-004
   55764.1528285438       2.655827267039612E-005  1.777323275730675E-004
   55764.1732625393      -1.646841729630033E-005  1.777181583705655E-004
   55764.1936965347       2.366615373057268E-004  1.777488405534269E-004
   55764.2141305298       4.429148158613394E-005  1.777361171879150E-004
   55764.2345645247      -6.697719115300593E-005  1.777204260517392E-004
   55764.2549985191       3.359679259598014E-004  1.777476686644982E-004
   55764.2754325135       1.820934478180547E-004  1.777556435969483E-004
   55764.2958665077       2.314448089004717E-004  1.777542434179685E-004
   55764.3163006017       1.748329062050136E-004  1.777428441347526E-004
   55764.3367344954      -4.105440894959234E-004  1.777322971343940E-004
   55764.3571684886      -6.249297515092955E-005  1.777408199629666E-004
   55764.3776025819       5.369606273322169E-004  1.777804815545028E-004
   55764.3980364749       1.786250532551659E-004  1.777414135170994E-004
   55764.4184705674       2.523814782517952E-005  1.777347322282719E-004
   55764.4389045600      -2.695832437222823E-004  1.777194367948514E-004
   55764.4593384521      -2.169930398371323E-004  1.777204108324025E-004
   55764.4797725442       1.337991875249855E-005  1.777481252446003E-004
   55764.5002065358      -1.944213799559558E-004  1.777265137864340E-004
   55764.5206404274       1.008541276283914E-004  1.777360867492415E-004
   55764.5410745186       5.609758197810955E-005  1.777461162921510E-004
   55764.5615085095       1.843821332105922E-004  1.777343821835269E-004
   55764.5819424004      -5.111047103401045E-005  1.777289336609752E-004
   55764.6023764909      -1.412242534446495E-004  1.777236373317907E-004
   55764.6228104811       7.893850741957920E-005  1.777461923888347E-004
   55764.6432444711       1.049792922465098E-004  1.777318101156184E-004
   55764.6636784611      -1.310687103536212E-004  1.777271377792402E-004
   55764.6841124506      -1.808603359785277E-004  1.777332407332717E-004
