   55040.2113361776       1.849111695815253E-004  3.175865559133906E-004
   55040.2317697940       1.426302080165254E-004  3.176044355885395E-004
   55040.2522035102      -2.169587997230549E-004  3.175912154650961E-004
   55040.2726371259      -1.994870440985563E-004  3.175808127450095E-004
   55040.2930709414       1.121129825769618E-004  3.176010402562890E-004
   55040.3135046567       2.230821445752262E-004  3.176299005804182E-004
   55040.3339382717      -5.306054839582242E-005  3.175588514470489E-004
   55040.3543720862       5.587770300952144E-005  3.176451795755453E-004
   55040.3748058003      -5.040860532210534E-004  3.175745277682905E-004
   55040.3952395144       8.864961919208270E-005  3.176332959126687E-004
   55040.4156731280       9.557976833529658E-005  3.176443126822048E-004
   55040.4361069414      -3.617534186339810E-004  3.176054830846593E-004
   55040.4565406546       5.548244290347615E-004  3.176794218624971E-004
   55040.4769742673      -5.342565264976340E-004  3.176341628060092E-004
   55040.4974080797       4.498223528104361E-005  3.176414591582921E-004
   55040.5178417919       6.139348160805191E-005  3.176934727587251E-004
   55040.5382754037       1.818801536834780E-004  3.177153618155741E-004
   55040.5587091152       1.995448551568302E-004  3.176612532229014E-004
   55040.5791429265      -6.643181087451211E-005  3.176833228825296E-004
   55040.5995765376       9.627631531006209E-005  3.176752318780178E-004
   55040.6200102482      -4.367971347862820E-004  3.176801442736142E-004
   55040.6404440585       5.217420051484289E-005  3.177169872405876E-004
   55040.6608777687       4.752567473795821E-004  3.177602235459475E-004
   55040.6813113783       5.815215772144722E-004  3.177335665757256E-004
   55040.7017450878      -7.228996427166567E-005  3.177126888944407E-004
   55040.7221788970       4.826846735990209E-004  3.177468228197249E-004
   55040.7426125057      -3.359070036367262E-004  3.176887770864639E-004
   55040.8652147523      -1.803514137063100E-002  3.159882574373068E-004
   55040.8856484589      -1.994959638766047E-002  3.158293631120951E-004
   55040.9060821653      -2.118794557105785E-002  3.157037358188271E-004
   55040.9265158715      -2.115732840303186E-002  3.157094789872082E-004
   55040.9469495772      -2.069032153280392E-002  3.157452744580617E-004
   55040.9673832827      -2.036729225745870E-002  3.157868853384081E-004
   55041.0899855092      -8.305045815650836E-004  3.177369257874202E-004
   55041.1104192126       3.135704987760057E-004  3.178630948890262E-004
   55041.1308528157      -2.163121737452922E-004  3.178236512420311E-004
   55041.1512866184      -2.441103889028184E-006  3.178053381202120E-004
   55041.1717203208      -1.760121308096441E-004  3.178232900364726E-004
   55041.1921539231      -3.089919604546409E-004  3.177973915979237E-004
   55041.2125877248       9.341966560993953E-006  3.178318867287664E-004
   55041.2330214265      -5.318795414543942E-006  3.178341623237853E-004
   55041.2534550276       1.740209905765067E-004  3.178551483667378E-004
   55041.2738887286      -2.175412765793583E-004  3.178373770532565E-004
   55041.2943225292       4.863306566660341E-005  3.178565209478604E-004
   55041.3147561296      -1.825455805259946E-004  3.178540647500621E-004
   55041.3351898297      -5.046721987933545E-005  3.178399416127223E-004
   55041.3556236293      -3.283762597544593E-004  3.178322840548808E-004
   55041.3760572288       8.007564373706533E-004  3.179523487825470E-004
   55041.3964909277      -1.777905487548859E-004  3.178986375159887E-004
   55041.4169246267       6.867756465744890E-006  3.179150362483475E-004
   55041.4577920234      -9.421805002496342E-005  3.179331326468315E-004
   55041.4782257212       3.914358275003416E-005  3.179393092618829E-004
   55041.4986595188       2.376044231657826E-004  3.179371781490874E-004
   55041.5190931161       9.816161658493527E-005  3.179355527240739E-004
   55041.5395268132      -1.696050163502161E-004  3.179830151344690E-004
   55041.5599604098      -2.165441963695169E-004  3.178934722765013E-004
   55041.5803942062       1.911156114777768E-004  3.179552023064596E-004
   55041.6008279021       3.717333584682958E-004  3.179622819354075E-004
   55276.1944168587       6.104829821298452E-004  3.196272089567243E-004
   55276.2148510229       3.706647868320090E-004  3.197971339938852E-004
   55276.2352852874       2.949035034034431E-004  3.196926191199231E-004
   55276.2557195521      -1.215963509965112E-004  3.197714982700832E-004
   55276.2761539170       5.775982471589725E-004  3.197331004950996E-004
   55276.2965880822      -4.951523397944690E-005  3.196401570436374E-004
   55276.3170223475       3.791552486043237E-005  3.196317854357194E-004
   55276.3374567130       1.002847532545204E-004  3.196157119485170E-004
   55276.3578908788       2.223415817412810E-004  3.196330876858400E-004
   55276.3783251448       7.786395276838665E-004  3.196638579958317E-004
   55276.3987595111       1.639063449425660E-004  3.196299622855507E-004
   55276.4191936775      -2.072154970884643E-004  3.196359898432516E-004
   55276.4396279441      -5.361396400338503E-005  3.196359898432516E-004
   55276.4600623111       4.163365252978224E-004  3.197418441744805E-004
   55276.4804964781      -2.846632204639432E-004  3.196313761571101E-004
   55276.5009307454       1.205485478293689E-003  3.197428115602844E-004
   55276.5213650130      -2.725084390120536E-005  3.195772769663871E-004
   55276.5417992807       5.623629271349628E-004  3.196488635158720E-004
   55276.5622335487       1.066302260075425E-004  3.196419429866599E-004
   55276.5826678169      -2.395414090753389E-004  3.196252369779703E-004
   55276.6031020853       4.416883352380552E-004  3.197179571865547E-004
   55276.6235363540       2.881280748601167E-004  3.196602489026404E-004
   55276.6439705228      -3.275947275440672E-004  3.195918621677375E-004
   55276.6644048919      -3.746923074151587E-004  3.195280519118296E-004
   55276.6848391612       6.458851826129930E-004  3.197191478152364E-004
   55276.7052733307      -7.646541490335945E-005  3.195611662720383E-004
   55276.7461419703      -2.095078572684317E-003  3.194522609548126E-004
   55276.7665761405      -6.335303438525508E-003  3.189692749886671E-004
   55276.7870105108      -9.933188667630266E-003  3.184267203812923E-004
   55276.8074447814      -1.468433748502351E-002  3.177518571616677E-004
   55276.8278789523      -1.717673509330719E-002  3.174959464094030E-004
   55276.8483133233      -1.927105154665831E-002  3.172533186083681E-004
   55276.8687475945      -1.974907211894827E-002  3.172717733529338E-004
   55276.8891818659      -1.968859608284090E-002  3.172611321090915E-004
   55276.9096161376      -2.038990734092150E-002  3.172641086807956E-004
   55276.9300504096      -1.951680855309712E-002  3.173090177063820E-004
   55276.9504846816      -1.969657733879271E-002  3.172865817971620E-004
   55276.9709190539      -1.758927738940497E-002  3.174951650593307E-004
   55276.9913532265      -1.415842548960333E-002  3.178303270332185E-004
   55277.0117874992      -1.021905945869417E-002  3.181476295768814E-004
   55277.0322216722      -5.500470093589782E-003  3.190647485260779E-004
   55277.0526560454      -1.496920037001526E-003  3.194138259726827E-004
   55277.0730903188      -8.674011402719506E-004  3.195378373913070E-004
   55277.0935244925      -7.836135158978408E-006  3.195323679408006E-004
   55277.1139588663       5.194053833028622E-004  3.195968851324882E-004
   55277.1343931403       5.739522461327695E-004  3.195858718171828E-004
   55277.1752616891       3.936633860637251E-004  3.195042021310501E-004
   55277.1956959639      -4.263582132932875E-004  3.195256334473200E-004
   55277.2161302387      -1.551747421367766E-004  3.195486274637346E-004
   55277.2365645139      -3.599702693108942E-004  3.194806128002946E-004
   55277.2569987893      -2.297399598722993E-004  3.195057276240485E-004
   55277.2774330648      -2.657860803078060E-004  3.195065461812671E-004
   55277.2978673406      -9.680367596076600E-005  3.194793477573204E-004
   55277.3183016166      -4.406081976249254E-005  3.194795337930519E-004
   55277.3387358928      -2.158859355549936E-004  3.195078484313877E-004
   55277.3591701693       5.180342848754016E-005  3.195174478751336E-004
   55277.3796044459      -9.031407592086094E-005  3.195070670813153E-004
   55277.4000386227      -1.803933074884245E-004  3.194586233768302E-004
   55277.4204729998      -2.379623519117580E-004  3.194545677978833E-004
   55277.4613414546       2.865024175626729E-004  3.195539108785095E-004
   55277.4817757324       5.204316619833449E-004  3.195589710504065E-004
   55277.5022101103       2.219648864281165E-004  3.194688181349170E-004
   55277.5226442884       1.264772766073508E-003  3.194912912512833E-004
   55277.5430785668       4.432579895847777E-004  3.195148061677461E-004
   55277.5635129453      -4.656206613398162E-004  3.193912040277311E-004
   55277.5839472242      -2.121799547838421E-006  3.195049090668298E-004
   55277.6043814032       1.154118082212996E-003  3.196054427761376E-004
   55512.2043512386      -2.226172614798738E-004  3.473445315766214E-004
   55512.2247839842       7.805127425619673E-005  3.472976771672623E-004
   55512.2452165297      -3.435885965807906E-004  3.472826285051408E-004
   55512.2656491752      -2.965088947443073E-004  3.473912769377042E-004
   55512.2860819207       1.079466507822868E-004  3.473899683583893E-004
   55512.3065144662       2.860581090571301E-004  3.473274109972512E-004
   55512.3269472117      -3.546732670824948E-004  3.473174512546877E-004
   55512.3473798572       4.042725195203545E-004  3.473655778939363E-004
   55512.3678124027       2.625948521335353E-004  3.471992792726657E-004
   55512.3882451481       7.065520951221593E-004  3.473675044134833E-004
   55512.4086777936       9.233157011798721E-004  3.473779003491517E-004
   55512.4291103391       4.801393649107588E-004  3.473637967720910E-004
   55512.4495430845       5.460157201291338E-004  3.473375524869419E-004
   55512.4699757299      -9.494585647307208E-004  3.472633269602458E-004
   55512.4904082754       3.361421388454744E-004  3.473358804133728E-004
   55512.5108410208       4.459905942513220E-004  3.474182118619363E-004
   55512.5312736662      -2.389853593598446E-005  3.473121078891518E-004
   55512.5517063117      -2.475321176107492E-004  3.472602372590855E-004
   55512.5721389571       3.205201961569148E-004  3.473398061513175E-004
   55512.5925716025       3.036986717057655E-004  3.473652507491075E-004
   55512.6130042479       1.183924677337078E-004  3.472933515856380E-004
   55512.6334368933      -5.260364788173266E-005  3.473070553190192E-004
   55512.6538695387       1.041787620479351E-004  3.473118534431739E-004
   55512.6743021841       3.680712673947983E-004  3.473551819582678E-004
   55512.6947348294       2.644688098818460E-004  3.473883689836711E-004
   55512.7151674748      -6.256400311740462E-004  3.472861907488314E-004
   55512.8377634470      -1.951615270594764E-002  3.457220749732524E-004
   55512.8581960923      -2.013963306109623E-002  3.456869614283021E-004
   55512.8786286376      -1.996520939383062E-002  3.456820906052966E-004
   55512.8990613829      -2.027751181355508E-002  3.455452713680371E-004
   55512.9194940283      -2.002423963751798E-002  3.455984505774182E-004
   55512.9399265736      -1.863814670363517E-002  3.457267640491309E-004
   55512.9603593189      -1.624794397058715E-002  3.460148695949649E-004
   55513.0625226454      -7.352547312802216E-004  3.472299218382900E-004
   55513.0829551908      -1.026985317289508E-004  3.473703396686656E-004
   55513.1033878361      -2.893115639698296E-004  3.472585288360910E-004
   55513.1238205813      -3.425034680074601E-004  3.473034930753286E-004
   55513.1442531267      -6.611909653198023E-005  3.473382431260247E-004
   55513.1646857719      -2.584175009304746E-004  3.472319574061132E-004
   55513.1851185172       8.388198741755559E-004  3.473914586848313E-004
   55513.2055511625       1.830949834615847E-004  3.473650326525551E-004
   55513.2259838078      -4.442598581088086E-004  3.472553300866546E-004
   55513.2464164531       1.055809885190939E-004  3.473577264180468E-004
   55513.2668489983      -2.098419222350545E-004  3.473427141053507E-004
   55513.2872817436      -4.388160026675969E-004  3.472954598523121E-004
   55513.3077143889      -2.456477525614176E-006  3.473859335721683E-004
   55513.3281469342      -8.715498357195761E-004  3.473129439259363E-004
   55513.3485796794      -5.527844706836316E-004  3.473193050753839E-004
   55513.3690123247       2.499828230353440E-004  3.473464944455938E-004
   55513.3894448699       1.746958190522729E-004  3.473600164318479E-004
   55513.4098776152      -5.170660051611042E-004  3.473451495168534E-004
   55513.4303102605      -4.936758122362495E-004  3.473623427950744E-004
   55513.4507430058       1.807101434188052E-004  3.474647754758920E-004
   55513.4711755510      -1.393763705889173E-004  3.473326816639363E-004
   55513.4916081963      -3.741368299796655E-004  3.473005851212955E-004
   55513.5120409416      -3.028400726068359E-004  3.473792816273175E-004
   55513.5324734868       9.327746584797403E-005  3.473366437513065E-004
   55513.5529061320       2.339668579729448E-004  3.473911678894280E-004
   55513.5733388773       7.004480824990278E-004  3.474360957792401E-004
   55513.5937714226      -9.241098418910632E-005  3.473368254984336E-004
   55748.1940682788      -3.157565666156437E-005  3.245683945313223E-004
   55748.2145024557      -1.808327937666832E-004  3.245578135108402E-004
   55748.2349365324       1.139391347262375E-004  3.245411704473735E-004
   55748.2553708087      -3.357702905515403E-005  3.245747504915425E-004
   55748.2758049849       4.481770076829594E-004  3.245964636273236E-004
   55748.2962390610       3.096369950779110E-004  3.245719950174586E-004
   55748.3166733368      -4.727022306788564E-004  3.245181346840321E-004
   55748.3371075123       2.892031775503234E-005  3.245826495172496E-004
   55748.3575415876      -1.233893155975219E-004  3.245345205699177E-004
   55748.3779758625      -3.968697983849356E-004  3.245160772633828E-004
   55748.3984100373      -4.767098497303612E-004  3.245212575546605E-004
   55748.4188443120       2.664524699913517E-004  3.245910261584647E-004
   55748.4392783864       4.044320864338147E-005  3.245509431954577E-004
   55748.4597125605      -8.733964537532835E-005  3.245652716606939E-004
   55748.4801468345      -5.818667313062242E-004  3.244819828640514E-004
   55748.5005809082       4.307305793478378E-004  3.246029665461615E-004
   55748.5210150816       3.943769646759243E-004  3.245913200757003E-004
   55748.5414493548       5.585610918095174E-004  3.245904015843390E-004
   55748.5618834278      -5.216087952557569E-004  3.245207431994982E-004
   55748.5823176006       2.912796860168321E-004  3.245881972050719E-004
   55748.6027517731       7.435394831474262E-004  3.246652402604575E-004
   55748.6231859454      -5.771847142225228E-004  3.245071127876965E-004
   55748.6436201175       2.781821892077208E-004  3.245444770162741E-004
   55748.6640543893       4.599099902433679E-004  3.245930100998051E-004
   55748.6844884609       4.062256820986931E-004  3.245478938041381E-004
   55748.7049227323      -5.620550257385837E-004  3.244992505016439E-004
   55748.7253569034      -6.717777786613421E-004  3.244703731332446E-004
   55748.7457909743      -4.056956840686077E-003  3.241697325408647E-004
   55748.7866594154      -1.210092973860577E-002  3.232250458059431E-004
   55748.8070934856      -1.658681144815266E-002  3.226950028111655E-004
   55748.8275277556      -1.886500534905688E-002  3.224505004107881E-004
   55748.8479619253      -2.025721065943775E-002  3.223748534622717E-004
   55748.8683959948      -2.183671935368392E-002  3.222187466705056E-004
   55748.8888302641      -2.147544106238275E-002  3.222415619959202E-004
   55748.9092644332      -2.126297779207420E-002  3.222689697781413E-004
   55748.9296987020      -2.067191344912578E-002  3.222807264675659E-004
   55748.9501327705      -1.930101727509026E-002  3.224250765699074E-004
   55748.9705669389      -1.711840652334728E-002  3.226200539160836E-004
   55748.9910012070      -1.356781978165178E-002  3.229321940203070E-004
   55749.0114352748      -9.142722379579693E-003  3.234663518563831E-004
   55749.0318694425      -4.670887371861498E-003  3.241066138145164E-004
   55749.0523037099      -1.691802163400813E-003  3.243542758251766E-004
   55749.0727377773       5.208394373517056E-004  3.245839354051554E-004
   55749.0931719443       8.494516268386931E-006  3.245544702022850E-004
   55749.1136062110      -2.623383701738646E-005  3.245135054875711E-004
   55749.1340403774       7.575987191166256E-005  3.245222862649852E-004
   55749.1544745437      -6.028520033672935E-004  3.244442879785838E-004
   55749.1749087097       2.218133165323710E-004  3.245499512247875E-004
   55749.1953428755       2.159380971200608E-004  3.244909840793922E-004
   55749.2157770410       5.469489316944909E-005  3.245284217872786E-004
   55749.2362112063      -1.654452448439647E-004  3.245116685048486E-004
   55749.2566453714       1.729208437162288E-004  3.246390448868333E-004
   55749.2770795363       7.400402869459644E-004  3.245949573014911E-004
   55749.2975137009      -2.506744851732412E-004  3.244971196016856E-004
   55749.3179477653      -4.383505060154835E-004  3.244721366366583E-004
   55749.3383820296       1.164617250621891E-004  3.245225067029119E-004
   55749.3588161935       3.586979037351057E-006  3.245337122975197E-004
   55749.3792502572       4.906532590873702E-004  3.245672923416887E-004
   55749.3996845207       4.179831703099435E-004  3.245447709335098E-004
   55749.4201186839       4.346196084781262E-005  3.245688721468302E-004
   55749.4405529469       1.994042874495783E-004  3.245507962368399E-004
   55749.4609870096      -9.507635237993028E-006  3.245092804273092E-004
   55749.4814211722       4.935774786596347E-005  3.245250417390691E-004
   55749.5018554344       1.034074265793272E-004  3.245155996478749E-004
   55749.5222894965       2.866790689364240E-004  3.245528536574891E-004
   55749.5427236583      -3.159418506285538E-004  3.245265113252471E-004
   55749.5631579199       4.249816262926753E-004  3.245499144851330E-004
   55749.5835920813      -2.500629972705948E-004  3.244873101139470E-004
   55749.6040261424      -7.122456035335567E-004  3.244396587821229E-004
   55984.1974233056       5.676204929392359E-004  3.805370969510514E-004
   55984.2178571717       4.037957383369317E-004  3.805608562677348E-004
   55984.2382909379      -1.629197841988006E-004  3.804834831988623E-004
   55984.2587246046      -9.094674713435724E-004  3.804479606910758E-004
   55984.2791584717       2.706621827210931E-004  3.805146187739931E-004
   55984.2995922390       1.959920524430281E-004  3.805131823447165E-004
   55984.3200261067      -1.208085850175067E-004  3.805261878530317E-004
   55984.3404597747       4.955420162580104E-004  3.805179963239138E-004
   55984.3608935431      -4.240988985233507E-004  3.805363981476196E-004
   55984.3813274116       2.698368102151960E-004  3.806044150149877E-004
   55984.4017610807      -3.000193295825682E-004  3.804200473762141E-004
   55984.4221948499       2.061358513512079E-004  3.805462202180785E-004
   55984.4426287197      -1.814055343030141E-005  3.804934993813857E-004
   55984.4630623896      -3.401993525861124E-004  3.804845314040100E-004
   55984.4834961600       5.538895247159115E-004  3.805506071507342E-004
   55984.5039300306      -8.313135109627723E-006  3.805075530948487E-004
   55984.5243637015      -3.758332352528093E-004  3.804363916120372E-004
   55984.5447975729      -1.289138951251489E-004  3.804486594945077E-004
   55984.5652313445      -6.425366756871442E-004  3.804652754872209E-004
   55984.5856651164      -1.848580389979260E-004  3.805191221738873E-004
   55984.6060988887       1.358226921737149E-004  3.805131435223037E-004
   55984.6265326614       2.350203247045712E-004  3.805136482136711E-004
   55984.6469664342       7.177432579297260E-004  3.805113576913111E-004
   55984.6674002076      -6.066675839626612E-004  3.804825514609531E-004
   55984.6878339812      -3.321684404845593E-004  3.804712929612175E-004
   55984.7082678551      -1.962264408160719E-004  3.804940817175789E-004
   55984.7287015294      -1.212782245924027E-004  3.805138811481484E-004
   55984.8717380584      -1.969448830406195E-002  3.788968888292267E-004
   55984.8921718353      -2.091436584422313E-002  3.788319777548891E-004
   55984.9126055125      -2.007536668321630E-002  3.788866397122261E-004
   55984.9330393900      -2.054179789720467E-002  3.789027121911589E-004
   55984.9534731679      -1.992972378897417E-002  3.789349347938505E-004
   55984.9739068461      -1.827327358778030E-002  3.790394447293271E-004
   55985.0760758422      -1.860543752666421E-003  3.804318105673172E-004
   55985.0965097224      -8.511316842874095E-005  3.805668349193186E-004
   55985.1169434028       1.009382130909842E-004  3.805772393259708E-004
   55985.1373771838      -2.928432688549254E-004  3.804925288210636E-004
   55985.1578110649      -2.182412693452207E-006  3.805290218891721E-004
   55985.1782447464      -3.700123200240935E-004  3.804844149367714E-004
   55985.1986785282      -5.462602713227627E-004  3.805179186790880E-004
   55985.2191124103      -2.109068824607263E-004  3.805093389258412E-004
   55985.2395461928       7.647515021107498E-004  3.806164499629810E-004
   55985.2804137587       3.970891480873373E-004  3.805341852700853E-004
   55985.3008475422      -8.838228713403673E-004  3.804760681180019E-004
   55985.3212813260      -9.652475395288684E-004  3.804825126385403E-004
   55985.3417151102      -2.363877835792616E-004  3.804373621723592E-004
   55985.3621488946      -1.956165942222921E-004  3.805650879107389E-004
   55985.3825826795      -7.659630176969356E-004  3.805103871309891E-004
   55985.4030164646      -5.622618531466728E-004  3.805004874157043E-004
   55985.4234502500       3.616981470466740E-005  3.805601962867158E-004
   55985.4438840357      -4.459404689993729E-005  3.805676113675762E-004
   55985.4643178218      -1.585582308435418E-004  3.805056896190304E-004
   55985.4847517082       2.655787217475947E-006  3.806226227266291E-004
   55985.5051853950       4.013191780658509E-004  3.806499537052976E-004
   55985.5256191820       1.179358207044068E-004  3.805738229536372E-004
   55985.5460530695      -1.596419977384356E-004  3.806210698301138E-004
   55985.5664867572       6.001519900256103E-004  3.805976599151463E-004
   55985.5869206452      -3.786194473138771E-004  3.805293324684752E-004
   56220.1892453673      -3.086723076817233E-005  3.614895843732716E-004
   56220.2096782064       3.189516791739511E-004  3.615004544171412E-004
   56220.2301110453       1.520921657587326E-004  3.615274987874559E-004
   56220.2505439839       2.497122997389134E-004  3.614580948647420E-004
   56220.2709767223      -7.306545770412454E-004  3.614326940749436E-004
   56220.2914096608       1.654551759200373E-005  3.615086349656204E-004
   56220.3118424987       1.759021533920269E-005  3.614942162819995E-004
   56220.3322752367      -2.690258226107911E-004  3.614588045926923E-004
   56220.3527081744      -3.680916251747046E-005  3.614520435001136E-004
   56220.3731410118      -6.832024172124251E-004  3.614366536098240E-004
   56220.3935737493      -1.328758171067479E-004  3.614676201609165E-004
   56220.4140066863       2.529724297839486E-004  3.614899952684006E-004
   56220.4344394233      -4.231715486016085E-004  3.614413602267572E-004
   56220.4548722599       1.654798634127541E-004  3.614786022670940E-004
   56220.4753051965       9.918223185323427E-005  3.614860730876229E-004
   56220.4957379330       4.762247318621515E-004  3.615277976202771E-004
   56220.5161707691      -1.897215423979359E-004  3.614781540178622E-004
   56220.5366037049      -1.091512248487247E-003  3.614092356984827E-004
   56220.5570364408      -3.958490200657305E-004  3.614786396211966E-004
   56220.5774693762       1.967170215337877E-004  3.615277976202771E-004
   56220.5979022115      -3.274437602226454E-004  3.614209275326106E-004
   56220.6183350467      -7.396637377374837E-004  3.614144652728530E-004
   56220.6387678819       5.004111128565913E-004  3.615437104680037E-004
   56220.6592007165      -8.952261911798765E-005  3.614908544127615E-004
   56220.6796335510      -3.452360328447535E-004  3.614776310604252E-004
   56220.7000663854      -9.577404915419585E-004  3.614376621705954E-004
   56220.7204992197      -2.441304860156812E-005  3.614629135439832E-004
   56220.7409320536      -2.247553947682612E-003  3.612922800031021E-004
   56220.7613648874      -4.402229005556424E-003  3.611539951151114E-004
   56220.7817977212      -1.093114078180468E-002  3.606382843739983E-004
   56220.8022306544      -1.504591905528985E-002  3.602803200083539E-004
   56220.8226634877      -1.819749918327929E-002  3.600403198988616E-004
   56220.8430962208      -2.005911130961502E-002  3.596727181747349E-004
   56220.8635291536      -2.041752422043541E-002  3.596190029751317E-004
   56220.8839619862      -2.033904034465928E-002  3.596518745854591E-004
   56220.9043947186      -2.105780520573097E-002  3.595896426504530E-004
   56220.9248276509      -2.031638851866047E-002  3.596245313823232E-004
   56220.9452604828      -2.036728222107098E-002  3.596349531769610E-004
   56220.9656932147      -1.817727513709222E-002  3.599405470906975E-004
   56220.9861261464      -1.503378682271528E-002  3.602884632027305E-004
   56221.0065589778      -1.065589689403768E-002  3.606348104424523E-004
   56221.0269917092      -5.765067526848466E-003  3.609704744088178E-004
   56221.0474246402      -2.711136476164944E-003  3.611988200382850E-004
   56221.0678574711      -8.905113663704167E-004  3.613428574580831E-004
   56221.0882903019       1.421148703395492E-004  3.614239158608221E-004
   56221.1087231324      -1.084866743084056E-005  3.614627641275726E-004
   56221.1291559626      -1.290073340537434E-004  3.614313119731458E-004
   56221.1495887927      -6.841272873980841E-005  3.614570489498680E-004
   56221.1700216227      -3.732524565147610E-004  3.614397540003435E-004
   56221.1904544522      -6.103561846919625E-004  3.614277633333945E-004
   56221.2108872818      -2.105305899001708E-004  3.613799874361119E-004
   56221.2313201111      -3.697095301909981E-004  3.614489057554914E-004
   56221.2517529402       3.497312893576687E-004  3.614779672473490E-004
   56221.2721857693      -6.119040487659877E-004  3.614314987436590E-004
   56221.2926185980       4.118720971013623E-005  3.614793867032496E-004
   56221.3130515266      -1.539226196931587E-004  3.614405384364990E-004
   56221.3334843550       2.937815313224235E-004  3.614895096650663E-004
   56221.3539170832      -2.538170829641251E-004  3.614220481556899E-004
   56221.3743500111       1.712598699761259E-004  3.615134909989642E-004
   56221.3947828390      -8.428156192548109E-004  3.613816310166283E-004
   56221.4152155665      -2.408394121746760E-004  3.614148388138795E-004
   56221.4356484940       4.448512244676905E-004  3.614814411788950E-004
   56221.4560813212       1.783114298705701E-004  3.614337773439203E-004
   56221.4765140482       2.167725697299616E-005  3.614888746453213E-004
   56221.4969469750      -8.488332026048706E-004  3.613581726401674E-004
   56221.5173798017       2.347895789855947E-004  3.614631003144964E-004
   56221.5378125283       5.093125898689710E-004  3.614684419511746E-004
   56221.5582454543      -2.201728490975885E-004  3.614185742241439E-004
   56221.5786782804       3.789512171783471E-004  3.614759127717036E-004
   56221.5991112065       6.569673295924172E-004  3.615128933333218E-004
