   54985.3453228821      -1.266285384033949E-004  1.528993874791963E-004
   54985.3657572463       5.034894386146682E-005  1.528681030231681E-004
   54985.3861915104       6.963291529982207E-005  1.528555649378601E-004
   54985.4066259744       3.273156407466171E-004  1.528098644454206E-004
   54985.4270603383       1.599722853975472E-004  1.529643645873736E-004
   54985.4474947021       1.161723486045041E-004  1.527817945998105E-004
   54985.4679289658       2.791348953272710E-004  1.528138302362801E-004
   54985.4883634294      -1.840692372656605E-005  1.529230496630990E-004
   54985.5087977929       1.530713894712932E-004  1.528864958972101E-004
   54985.5292320563      -9.386337416876778E-004  1.527385685841190E-004
   54985.5496665196      -1.932375460795943E-003  1.527412860898333E-004
   54985.5701008828      -1.910876241153825E-003  1.525157552090875E-004
   54985.5905351459      -1.069150198265589E-003  1.528244019963151E-004
   54985.6109695089       1.979446211830549E-004  1.529662425384769E-004
   54985.6314039719      -7.246337404787084E-005  1.528794701507292E-004
   54985.6518382347      -1.138143005634529E-004  1.528518200824246E-004
   54985.6722725974       1.448363689091625E-004  1.529426908222862E-004
   54985.6927069599       1.221044465302690E-004  1.528892134029244E-004
   54985.7131414225       4.448652537503150E-005  1.528442199038414E-004
   54985.7335757849      -9.711435914705469E-005  1.528014357589977E-004
   54985.7540100473       6.536448414773410E-005  1.528429163848403E-004
   54985.7744445094       1.261672383454648E-004  1.528435681443408E-004
   55012.2367970227       1.259843173608832E-004  1.485951879425284E-004
   55012.2572310908      -1.920599528563161E-004  1.485736111633170E-004
   55012.2776653589      -1.218354667866794E-004  1.485950059051852E-004
   55012.2980995268      -2.688187560595523E-005  1.485737075360282E-004
   55012.3185336944       1.618602772575084E-004  1.485915043633479E-004
   55012.3389677618      -1.609373102761102E-004  1.485730436351294E-004
   55012.3594020290       2.656902041042741E-005  1.485836767575894E-004
   55012.3798361959       1.566606585823305E-004  1.485843513665672E-004
   55012.4002702629      -1.640365068489302E-004  1.485661262160869E-004
   55012.4207045296      -9.879896036399938E-004  1.485413691374086E-004
   55012.4411386958      -1.983124742675701E-003  1.484877859100272E-004
   55012.4615727621      -1.990797459952343E-003  1.484688968586481E-004
   55012.4820069283      -9.220629613782005E-004  1.485318710713240E-004
   55012.5024411941       1.403791784393427E-005  1.485844049069622E-004
   55012.5228752596      -5.214054304936155E-005  1.485920825996146E-004
   55012.5433094252       4.440659746345332E-004  1.486264555332466E-004
   55012.5637436905      -2.670114318734651E-004  1.485852508452043E-004
   55012.5841777556       1.840024562196341E-004  1.485987109005237E-004
   55012.6046119204       2.237535490010600E-004  1.485973081421730E-004
   55012.6250460850      -2.710784582979908E-004  1.485654623151881E-004
   55012.6454803497      -3.605392766636850E-005  1.485661047999289E-004
   55012.6659144138       1.514543195924034E-004  1.486002742800596E-004
   55039.1279675673      -2.013412910735202E-004  1.488490550797707E-004
   55039.1484015323      -2.529485745630389E-004  1.488434440463678E-004
   55039.1688352970      -2.433669904493563E-004  1.488351024528166E-004
   55039.1892691615       1.458760617667476E-004  1.488648709124730E-004
   55039.2097031258      -2.394796522700027E-004  1.488378437210440E-004
   55039.2301368898      -3.774146725576966E-005  1.488444506057951E-004
   55039.2505707536       2.020419083019753E-004  1.488634253218063E-004
   55039.2710045169      -4.797688601176908E-005  1.488667662424583E-004
   55039.2914384800      -3.239910055018447E-004  1.488297805375471E-004
   55039.3118723431      -7.490323260084253E-004  1.488301339041546E-004
   55039.3323062058      -1.936650135938134E-003  1.487420813704299E-004
   55039.3527400682      -2.092021295054258E-003  1.487342216404343E-004
   55039.3731739303      -1.346583431641735E-003  1.487617842358140E-004
   55039.3936077920      -2.168220612079885E-004  1.488337104025449E-004
   55039.4140415537       3.300828016139512E-004  1.488935257319120E-004
   55039.4344755152       8.728119299461490E-005  1.488746580966910E-004
   55039.4549093762       3.947132839976497E-005  1.488548374424378E-004
   55039.4753431370      -1.526355306935567E-005  1.488448682208766E-004
   55039.4957770977       7.277721132625814E-006  1.488348347508413E-004
   55039.5162109580      -6.421687365942841E-005  1.488370299070390E-004
   55039.5366447181       1.386601476727201E-005  1.488546339889365E-004
   55039.5570785780      -1.534478731214373E-004  1.488439152018444E-004
   55066.0186945385       3.115319127955374E-005  1.488080110129135E-004
   55066.0391280424      -2.725003114911750E-005  1.488080538452296E-004
   55066.0595616460      -7.850077661109012E-005  1.487779213108867E-004
   55066.1004285525       1.153332011651909E-004  1.488130652262077E-004
   55066.1208621551      -1.428506993192968E-004  1.487906318006753E-004
   55066.1412955576       4.747638328450599E-005  1.488180016506327E-004
   55066.1617290598      -9.869845864185489E-005  1.488237304729047E-004
   55066.1821626618      -1.715061203243495E-004  1.487975385116387E-004
   55066.2025960635      -4.015420333666198E-004  1.487999157051796E-004
   55066.2230295648      -1.875235447987955E-003  1.486926850019426E-004
   55066.2434630661      -1.884440010348487E-003  1.486829941904357E-004
   55066.2638966669      -1.267620085403265E-003  1.487122058299834E-004
   55066.2843300675      -6.250695140668228E-004  1.487666028713699E-004
   55066.3047635676      -5.330087041244269E-005  1.487917133166556E-004
   55066.3251971677      -1.273809916193525E-004  1.488057837324788E-004
   55066.3456305674       1.158733771222664E-004  1.488091996096840E-004
   55066.3660640668       2.666405526816629E-004  1.488013934200834E-004
   55066.3864974660      -1.717807060410692E-004  1.487884259363986E-004
   55066.4069310647      -1.257126483251714E-004  1.487874086688923E-004
   55066.4273645632      -1.630247316308786E-005  1.487894539119838E-004
   55066.4477980617      -1.457426467407208E-004  1.487789599945510E-004
   55092.9089352505      -1.331598305256421E-004  1.433167401671079E-004
   55092.9293683985       2.442502125132862E-005  1.433310636488946E-004
   55092.9498016464      -4.569281045581075E-004  1.433514308383866E-004
   55092.9702346938      -3.829176996938966E-005  1.433341013239716E-004
   55092.9906678411       6.881036562034204E-005  1.433493529842541E-004
   55093.0111010880       3.520302158932509E-005  1.433375398033991E-004
   55093.0315341350      -5.274208100269906E-005  1.433319812799075E-004
   55093.0519672814      -8.111378707542638E-005  1.433645413596392E-004
   55093.0724004276      -2.787387014258069E-005  1.433660812921435E-004
   55093.0928336736      -3.896571284836003E-004  1.433534559551047E-004
   55093.1132667193      -1.700764578149383E-003  1.432649309310722E-004
   55093.1336998649      -2.369065235522716E-003  1.432485717850845E-004
   55093.1541331101      -1.704916524180700E-003  1.432408932175288E-004
   55093.1745661552      -2.762367174271585E-004  1.433474122473994E-004
   55093.1949993000      -1.961477189922345E-004  1.433590988584595E-004
   55093.2154323446      -1.739599429537719E-004  1.433324348216724E-004
   55093.2358655887       2.834821122528197E-004  1.433679481966179E-004
   55093.2562987328       1.302601061221598E-004  1.433727894912719E-004
   55093.2767318767       6.532940379511132E-005  1.433779683053789E-004
   55093.2971650201      -8.468292255048304E-005  1.433279732364031E-004
   55093.3175981633       2.373930639443245E-005  1.433878302018962E-004
   55093.3380312065      -9.526728896647185E-006  1.433606915283784E-004
   55119.8191905192      -9.671807191469206E-005  1.436253173270142E-004
   55119.8396233886      -1.925327676118860E-004  1.436291882532408E-004
   55119.8600562577      -2.908235516514424E-004  1.436200541330440E-004
   55119.8804891268      -1.682665955904383E-004  1.436090425608898E-004
   55119.9009218958      -6.122221726911903E-006  1.436296945324203E-004
   55119.9213548644      -1.230707553339094E-004  1.436017647976845E-004
   55119.9417877331       9.569402238374103E-005  1.436311289900956E-004
   55119.9622205016      -8.333525017689691E-005  1.436399044958736E-004
   55119.9826534698      -3.626445247182364E-004  1.436197271610739E-004
   55120.0030863380      -1.437007756525777E-003  1.435354949625843E-004
   55120.0235191060      -2.134039462245441E-003  1.434920815229420E-004
   55120.0439520737      -1.748838624605620E-003  1.435443337532597E-004
   55120.0643849412      -5.562167787965810E-004  1.435999506306246E-004
   55120.0848177087      -3.938872745312683E-005  1.436515594644851E-004
   55120.1052505760      -4.426488658165750E-004  1.436083675219838E-004
   55120.1256834431       4.354945378315378E-005  1.436443449861771E-004
   55120.1461164101      -1.907855334354336E-004  1.436163414190610E-004
   55120.1665491769      -3.904445404740997E-004  1.436154554304968E-004
   55120.1869820435       2.265556196658913E-004  1.436465599575875E-004
   55120.2074149101       7.221675918178683E-005  1.436436277573395E-004
   55120.2278477765      -2.691195189880036E-004  1.436045915231033E-004
   55120.2482805426       1.279964120002308E-004  1.436313293922708E-004
   55146.7087368828      -1.443422457343413E-004  1.440103004530937E-004
   55146.7291696200       4.578524338927359E-005  1.440365109481158E-004
   55146.7496023571      -1.664380091512818E-004  1.440128951338886E-004
   55146.7700349943       3.724246707428325E-004  1.440306887375515E-004
   55146.7904678314      -8.116090899112915E-005  1.440270182135001E-004
   55146.8109005685      -1.094977866739066E-004  1.440371227021244E-004
   55146.8517660425       8.758570340217098E-005  1.440419218068467E-004
   55146.8721987795      -1.446496445804968E-004  1.440430925774493E-004
   55146.8926314165      -1.221633673681333E-003  1.439820331989048E-004
   55146.9130642534      -2.142479312378209E-003  1.439278613266981E-004
   55146.9334969903      -1.784622136765113E-003  1.439408452781558E-004
   55146.9539297271      -4.628019229850899E-004  1.440269443811198E-004
   55146.9743623639       3.205760704434457E-004  1.440768972601640E-004
   55146.9947952007      -8.110708846165160E-005  1.439958293065462E-004
   55147.0152278375       2.476133461826180E-006  1.440440313034280E-004
   55147.0356605742       1.980616247467815E-004  1.440453602862742E-004
   55147.0560934109       6.702998397511983E-005  1.440373336517825E-004
   55147.0765260476       2.959610500552490E-004  1.440510559270436E-004
   55147.0969587843       9.886012972959435E-005  1.440274401128164E-004
   55147.1173916209      -3.361323710204811E-005  1.440154370772690E-004
   55147.1378242575      -3.162378818527545E-004  1.440192763610469E-004
   55173.5982342962      -8.672802073617092E-005  1.443013371489269E-004
   55173.6186669902      -4.227295875256498E-004  1.443089629790681E-004
   55173.6390998842       8.787003818477856E-005  1.443411538968981E-004
   55173.6595326784       2.031212591580012E-004  1.443444974489794E-004
   55173.6799653727       1.169705097017193E-004  1.443338444912440E-004
   55173.7003982672       1.327739767464919E-005  1.443377997973339E-004
   55173.7208310617       4.645386670976137E-005  1.443292141462482E-004
   55173.7412637564      -8.290743547023638E-005  1.443361227475518E-004
   55173.7616965512      -2.413689823821397E-004  1.443124963858417E-004
   55173.7821293461      -1.202374786955063E-003  1.442752004862851E-004
   55173.8025621411      -1.772460116999386E-003  1.442411004740490E-004
   55173.8229949362      -1.863192568584471E-003  1.442311858401171E-004
   55173.8434278314      -1.148414294326106E-003  1.442806535349476E-004
   55173.8638605268      -1.014120248865602E-005  1.443314185701756E-004
   55173.8842933223      -5.843757907353364E-006  1.442811598141271E-004
   55173.9047262179       2.190805629378456E-004  1.443139308435170E-004
   55173.9251589137       3.210793915862098E-004  1.443531674799283E-004
   55173.9455917095       3.739368304669366E-004  1.443540534684925E-004
   55173.9660245055       1.695869066509204E-005  1.443383904563766E-004
   55173.9864573015      -2.975941285621175E-005  1.443287078670687E-004
   55174.0068900978       2.034637688566043E-004  1.443391920650775E-004
   55174.0273228941       3.307187269199208E-004  1.443400991486074E-004
   55200.4879502991      -1.121353375437284E-004  1.546039832729790E-004
   55200.5083833333       1.649813470283590E-007  1.546170745880538E-004
   55200.5288164677       2.995322398455791E-004  1.546330142227265E-004
   55200.5492494025       7.218416886378698E-005  1.546230560592094E-004
   55200.5696824374      -1.797727833313667E-004  1.546039175425267E-004
   55200.5901155727      -2.103662540354767E-004  1.546186411638327E-004
   55200.6105485081       1.311160480566009E-005  1.546180057694608E-004
   55200.6309815438       3.439800268816295E-004  1.546437721067461E-004
   55200.6514145798       2.121630408247199E-004  1.546233956665460E-004
   55200.6718476159      -7.953527148457651E-004  1.545663964093625E-004
   55200.6922806523      -1.967183795315131E-003  1.544954951615264E-004
   55200.7127136890      -2.074290389905920E-003  1.544951555541897E-004
   55200.7331467259      -1.060246916157803E-003  1.545585197101669E-004
   55200.7535797630       3.747276176870873E-004  1.546424246324749E-004
   55200.7740128004       2.734150398171487E-004  1.546299577566965E-004
   55200.7944459380      -1.303860473735874E-004  1.546058237256423E-004
   55200.8148788759      -1.461565558991129E-005  1.546214566182044E-004
   55200.8353119140      -1.193531675696136E-004  1.545968076986075E-004
   55200.8557450523       1.473893168444373E-004  1.546223987546868E-004
   55200.8761779909       1.986849983603989E-005  1.546163953733805E-004
   55200.8966110297       1.805545844792977E-004  1.546074669869487E-004
   55200.9170439688      -1.549386233603567E-004  1.546187835798126E-004
   55227.3780529722      -9.508224660781384E-005  1.545201440811233E-004
   55227.3984863712      -2.152261973042968E-004  1.545016519138879E-004
   55227.4189197706       2.014670773156091E-004  1.545395016993134E-004
   55227.4393530702      -2.119767028805342E-004  1.545242303242387E-004
   55227.4597865701       1.115911064699660E-004  1.545158606466511E-004
   55227.4802199703       2.454434566212527E-005  1.545234963341885E-004
   55227.5006532709      -2.049269426737110E-004  1.545246794823291E-004
   55227.5210866717       1.199384817418547E-005  1.545225870629322E-004
   55227.5415201729       1.157175585919656E-004  1.545221817251433E-004
   55227.5619534743      -6.814123168371600E-004  1.545034814114758E-004
   55227.5823868760      -1.887580607312089E-003  1.544258756575093E-004
   55227.6028203781      -2.129719642160799E-003  1.544054663520830E-004
   55227.6232536805      -1.367961088411307E-003  1.544241995309767E-004
   55227.6436870831       1.778757125756592E-004  1.545122564268523E-004
   55227.6641205860      -7.007450304008511E-005  1.545172738513747E-004
   55227.6845539894       5.618569179377531E-005  1.545205384638369E-004
   55227.7049872929       6.610478343960224E-005  1.545175586833345E-004
   55227.7254207967       7.387463975727648E-005  1.545107555815257E-004
   55227.7458542009       9.951534640073589E-005  1.545359741650422E-004
   55227.7867210101      -2.256615527216344E-004  1.545136148561990E-004
   55227.8071544152      -2.171196540403653E-004  1.545008302832347E-004
   55254.2686695696      -1.950945185946740E-004  1.539425486869772E-004
   55254.2891033661       1.217434793310268E-005  1.539601425380317E-004
   55254.3095370629      -1.999675471919815E-005  1.539593099523031E-004
   55254.3299709600       2.098275743822597E-005  1.539436222843641E-004
   55254.3504047573      -1.099941288800199E-004  1.539362714287865E-004
   55254.3708385550      -1.276975383992518E-004  1.539521453330069E-004
   55254.3912723530      -2.416650010299559E-004  1.539213177508977E-004
   55254.4117061513       1.816656294915120E-004  1.539492641481829E-004
   55254.4321399497       1.355968187057854E-004  1.539356469894900E-004
   55254.4525737486      -8.941674757932949E-004  1.538743642978344E-004
   55254.4730075476      -1.792137827972939E-003  1.538567375815537E-004
   55254.4934413471      -2.304276929779858E-003  1.538150316095957E-004
   55254.5138752468      -1.611237045909486E-003  1.538519283034635E-004
   55254.5343089467      -4.394148327029335E-004  1.539173301034607E-004
   55254.5547427471       3.029188341605593E-004  1.539593756827554E-004
   55254.5751764477      -4.243112446367103E-005  1.539310568129073E-004
   55254.5956103485      -1.743137779897097E-005  1.539350663704951E-004
   55254.6160441496       1.031574753274089E-004  1.539446191962233E-004
   55254.6364778510      -8.664860964513466E-005  1.539143503229583E-004
   55254.6569117528       1.087332723173073E-004  1.539519481416501E-004
   55254.6773455548      -1.620142764846566E-005  1.539118744759232E-004
   55254.6977792571      -1.288114335969981E-004  1.539185680269782E-004
   55281.1802201110      -2.730659500747024E-004  1.515937295600081E-004
   55281.2006542473       6.796972021527736E-005  1.516060430754334E-004
   55281.2210883838       2.773493309244923E-004  1.516223945364576E-004
   55281.2415225205      -8.874423938054488E-005  1.516034361600055E-004
   55281.2619566574      -2.873869788078132E-005  1.516087276436613E-004
   55281.2823908945       5.727355082196794E-006  1.516130872937172E-004
   55281.3028249319      -1.192101320071082E-004  1.516038355172626E-004
   55281.3232590695      -1.529748644011342E-004  1.515901131581805E-004
   55281.3436932072      -6.278205019984995E-004  1.515665067069868E-004
   55281.3641273453      -1.338213713830028E-003  1.515386848180800E-004
   55281.3845614835      -2.514953586763569E-003  1.514728241504404E-004
   55281.4049956219      -1.828317351204922E-003  1.515095317383163E-004
   55281.4254297606      -1.964037776347460E-004  1.516009623636633E-004
   55281.4458638995       1.907424252209911E-004  1.516304704276555E-004
   55281.4662980386       2.290657497994175E-004  1.516322009757693E-004
   55281.4867321778       1.182484873418765E-005  1.516285402009131E-004
   55281.5071663174       1.377406480438381E-004  1.516303373085698E-004
   55281.5276003571       2.490674506128165E-005  1.516212297444579E-004
   55281.5480345970       9.684124504416580E-005  1.516131205734887E-004
   55281.5684687372       2.770765207975590E-004  1.516286178537131E-004
   55281.5889027776      -1.584215217812490E-004  1.516034139734912E-004
   55334.9633719511      -1.999769967421239E-004  1.507558225684603E-004
   55334.9838063696       7.577594523811015E-005  1.507710868902848E-004
   55335.0042406882       1.241731255787748E-004  1.507612027981731E-004
   55335.0246752067      -1.232036860832064E-005  1.507638873664010E-004
   55335.0451096252      -2.760587593209074E-005  1.507545912169177E-004
   55335.0655439437       1.141776179021115E-004  1.507458608235487E-004
   55335.0859784621       7.593215317380775E-005  1.507852418863953E-004
   55335.1064128806       1.545052280849113E-004  1.507718745115417E-004
   55335.1268471990      -2.475803791336384E-004  1.507552346258319E-004
   55335.1472817175      -1.545215638121600E-003  1.506899175277922E-004
   55335.1677161359      -2.048909165063728E-003  1.506607755412856E-004
   55335.1881504543      -1.705541638091890E-003  1.506808654299660E-004
   55335.2085849727      -6.397125602509712E-004  1.507212448859552E-004
   55335.2290193911      -1.969734143111301E-004  1.507542584192036E-004
   55335.2494539095      -8.492910878343807E-005  1.507425217531495E-004
   55335.2698882279       1.210711242927154E-004  1.507707762790848E-004
   55335.2903226463      -1.076380848141767E-004  1.507451286685774E-004
   55335.3107571646      -8.469937466371036E-005  1.507562884852601E-004
   55335.3311915830      -4.234404622205368E-005  1.507569540806885E-004
   55335.3516259013       8.236124854965610E-005  1.507703658285707E-004
   55335.3720604196      -8.144298442358533E-005  1.507357881460656E-004
   55335.3924948379      -1.279898104779020E-004  1.507547354292606E-004
   55361.8550291937       2.493698622452190E-004  1.504233687452347E-004
   55361.8754634236      -3.318960765120726E-004  1.503887577829582E-004
   55361.8958977534      -6.669913696466523E-006  1.504110885095808E-004
   55361.9163320831      -1.098815116808982E-004  1.504103563546096E-004
   55361.9367664128       5.958604905265119E-005  1.504120203431806E-004
   55361.9572007423       3.017032204339909E-004  1.504287933479761E-004
   55361.9776350716      -1.589692585779456E-005  1.504065291808963E-004
   55361.9980694008       1.287807253615991E-004  1.504147492844370E-004
   55362.0185037300      -3.416467630111830E-004  1.503950587530137E-004
   55362.0389381589      -1.530520190929252E-003  1.503283217180600E-004
   55362.0593723878      -2.253362967597261E-003  1.502842038344147E-004
   55362.0798067166      -2.029933574420384E-003  1.502998786067534E-004
   55362.1002411452      -6.338341988086915E-004  1.503742256161049E-004
   55362.1206753737      -1.583609639514982E-004  1.503951807788422E-004
   55362.1411097020      -2.944630882961707E-005  1.504033786958686E-004
   55362.1615441303       2.028367784978613E-004  1.504198965557499E-004
   55362.1819783584       5.450988314392724E-005  1.504103563546096E-004
   55362.2024127865      -5.028934077955238E-005  1.504102787018096E-004
   55362.2228471144      -1.218845072664676E-004  1.503984643829556E-004
   55362.2432813421      -1.738764716238128E-004  1.503980317459272E-004
   55362.2637157697       4.416327880929494E-005  1.504087367390672E-004
   55362.2841500973      -7.447759398515608E-005  1.504064626213535E-004
   55388.7464383823      -1.913835133415809E-004  1.495839599943133E-004
   55388.7668724908      -2.168858126020412E-004  1.495115961760575E-004
   55388.7873065988       1.386099135702867E-004  1.495865622293120E-004
   55388.8077407068       2.332365052355456E-004  1.495916908007887E-004
   55388.8281747146      -8.669150702356188E-005  1.495606266204915E-004
   55388.8486089222      -1.655147120493972E-004  1.495504670613507E-004
   55388.8690430295       2.582841042886308E-005  1.495871477321867E-004
   55388.8894772367       2.254588770655985E-005  1.495383449833151E-004
   55388.9099112435      -4.673218870379081E-004  1.495047219386025E-004
   55388.9303453504      -1.463807329697753E-003  1.494548999810230E-004
   55388.9507795568      -2.225192727315695E-003  1.494088946347749E-004
   55388.9712135632      -1.855434228450359E-003  1.494345808627414E-004
   55388.9916476692      -8.452314113236437E-004  1.494864195524449E-004
   55389.0120818751       1.068357485167759E-004  1.495951170768703E-004
   55389.0325159808      -2.650128427350573E-005  1.495364041497119E-004
   55389.0529499863      -1.931019776378884E-004  1.495029112167493E-004
   55389.0733841915      -2.196616336758161E-004  1.495250410568841E-004
   55389.0938182965      -1.370860982979893E-004  1.495258867832587E-004
   55389.1142523013      -7.807661408676392E-005  1.495229592688852E-004
   55389.1346865059      -2.263718660511227E-005  1.495310370400270E-004
   55389.1551206102      -2.334791225535593E-004  1.495307117606522E-004
   55389.1755546145      -5.126700385730265E-004  1.494897374020682E-004
   55415.6375288823      -3.697217430786992E-005  1.499306102240794E-004
   55415.6579625730       1.224205355014885E-004  1.499502028850906E-004
   55415.6783964635       1.684520148597102E-004  1.499499751895282E-004
   55415.6988302537      -9.287224005516403E-005  1.499303283152879E-004
   55415.7192639437      -3.121352738399974E-005  1.499455297047387E-004
   55415.7396978334      -1.628601527740026E-004  1.499512654643817E-004
   55415.7601315227       5.401036921592883E-005  1.499395662495333E-004
   55415.7805653120      -1.866180425791342E-005  1.499429925256150E-004
   55415.8009992009       1.216343494396810E-004  1.499632574306675E-004
   55415.8214329894      -1.088996340644521E-003  1.498753344156484E-004
   55415.8418666778      -2.171744302411627E-003  1.498214573085292E-004
   55415.8623005659      -1.778562593858224E-003  1.498400416034784E-004
   55415.8827343536      -6.403691754407470E-004  1.498820351707701E-004
   55415.9031680413      -1.999083817761926E-004  1.499314993210373E-004
   55415.9236019285      -9.313537920663251E-006  1.499445863945517E-004
   55415.9440357154       8.039852967445249E-005  1.499431551653024E-004
   55415.9644694024       3.957606247673162E-005  1.499480343559250E-004
   55415.9849032886       6.600543010093496E-005  1.499494547425285E-004
   55416.0053370749      -3.186410716415899E-005  1.499402276509289E-004
   55416.0257709609       2.522217857254816E-004  1.499647970863750E-004
   55416.0462046465       1.528206817447142E-004  1.499516991702148E-004
   55416.0666384321       1.697976062928763E-004  1.499489342955287E-004
   55442.5281433867      -6.270353822224184E-005  1.502903258420683E-004
   55442.5485768149       2.718582900407274E-004  1.503052995359567E-004
   55442.5690102429       3.251490325495432E-004  1.503290991435491E-004
   55442.5894436701       1.441425053807510E-004  1.502977747397521E-004
   55442.6098769976      -1.711826713046705E-005  1.502774230935330E-004
   55442.6303105246       2.226219896133141E-004  1.503461112548532E-004
   55442.6507439516      -2.558461263805212E-004  1.502775640479287E-004
   55442.6711772781       1.298820140065438E-004  1.502759918642837E-004
   55442.7120442305      -8.443589027762322E-004  1.502499153010674E-004
   55442.7324775561      -1.906112315280262E-003  1.501847618422871E-004
   55442.7529110815      -2.200003277026963E-003  1.501761094109164E-004
   55442.7733445069      -1.053750249713103E-003  1.502758183819504E-004
   55442.7937779318      -2.349510962503798E-004  1.503128351748071E-004
   55442.8142113562       7.695389174267042E-005  1.503597187753673E-004
   55442.8346447807       4.112662771760256E-005  1.503380551690030E-004
   55442.8550783049      -3.823674790592868E-005  1.503222032208025E-004
   55442.8755117286      -2.172990369420091E-006  1.503301400375486E-004
   55442.8959450522      -1.396670634453701E-004  1.503449402491038E-004
   55442.9163785754       5.103769973868744E-005  1.503504266278927E-004
   55442.9368119982      -2.015291046305601E-004  1.503093872134338E-004
   55442.9572453211      -3.683659460573807E-005  1.503510555013507E-004
   55576.9973210308       1.248859160813964E-004  1.550977771925296E-004
   55577.0177540255       1.877355881156895E-004  1.551038635003025E-004
   55577.0381872205       2.166707297013293E-004  1.551003085682760E-004
   55577.0586203159       1.465474427646551E-004  1.551140880571217E-004
   55577.0790533113      -3.131474015529712E-004  1.550898308738821E-004
   55577.0994865071      -2.374772776143619E-004  1.550988998026432E-004
   55577.1199196032      -2.576173066046739E-004  1.550925823692587E-004
   55577.1403526996      -1.022156987429135E-005  1.551170156482024E-004
   55577.1607857961      -1.520048724298340E-004  1.551162122115524E-004
   55577.1812188929      -1.494683182310053E-003  1.550176976710907E-004
   55577.2016519900      -2.009704712366167E-003  1.550203831305781E-004
   55577.2220850873      -1.945114827808903E-003  1.550057671871380E-004
   55577.2425181849      -1.153502866989120E-003  1.550153093731038E-004
   55577.2629512828       2.098901227194361E-004  1.551468858820101E-004
   55577.2833843808       1.276938035847941E-004  1.551184134078536E-004
   55577.3038174792       9.417557988866676E-005  1.551119639026910E-004
   55577.3242505778       6.957312182809261E-006  1.551224415970849E-004
   55577.3446836767      -5.567770871939270E-005  1.551167955285723E-004
   55577.3651167758      -2.122267863600147E-004  1.551103130054651E-004
   55577.3855499752       7.707962339065233E-006  1.551266568880018E-004
   55577.4059829748       2.363534221294650E-005  1.551074844682180E-004
   55577.4264161747      -1.881836635408973E-006  1.551111714720226E-004
   55603.8875049380      -3.139459317458293E-004  1.549674993894410E-004
   55603.9079383094       1.142203258119867E-004  1.550107418907787E-004
   55603.9283717811      -3.514179728736355E-005  1.550115233154657E-004
   55603.9488053532      -2.486316072086714E-004  1.549810147347306E-004
   55603.9692387253      -2.636668295219469E-005  1.549812788782867E-004
   55603.9896721980      -1.095201331047235E-005  1.549810917766011E-004
   55604.0101057709       1.835704991468567E-004  1.550226943866944E-004
   55604.0305391441      -7.700982606084761E-005  1.549955756482632E-004
   55604.0509727175      -3.284843306047280E-004  1.549591238375148E-004
   55604.0714061913      -1.003100305390303E-003  1.549516287641091E-004
   55604.0918395655      -2.041867312377987E-003  1.548910518418991E-004
   55604.1122731399      -2.042017667085672E-003  1.548900613035635E-004
   55604.1327066146      -1.005392262072302E-003  1.549497687532345E-004
   55604.1531400897       8.631473340270368E-005  1.550283184432441E-004
   55604.1735735650       1.260308169015456E-004  1.550112041420020E-004
   55604.1940070406      -9.472030944079890E-005  1.549834690686064E-004
   55604.2144405166      -4.402758143196017E-005  1.550197998135583E-004
   55604.2348739928      -1.814464794183124E-004  1.549895663823609E-004
   55604.2553074693       1.022802601813311E-005  1.550098724182398E-004
   55604.2757409462      -1.207820121620351E-004  1.549941558766489E-004
   55604.2961744233       1.071093479008134E-004  1.550334582366075E-004
   55604.3166079008      -1.247240051852616E-004  1.549891921789896E-004
   55630.7782214903       1.197765500546843E-004  1.542882212168613E-004
   55630.7986554539      -6.567354053244046E-006  1.542745737997937E-004
   55630.8190892177       2.843329079316170E-004  1.543188178454485E-004
   55630.8395231817      -9.074907244610575E-005  1.542817937236617E-004
   55630.8599569461      -2.502389974734509E-005  1.542769620977805E-004
   55630.8803909107       2.137345279207281E-004  1.543087253604073E-004
   55630.9008247756      -5.865017655704019E-005  1.542915890472022E-004
   55630.9212586408      -1.509247979865069E-004  1.542964426850464E-004
   55630.9416924064      -1.451553860785104E-004  1.542801098084913E-004
   55630.9621263722      -1.072339363896058E-003  1.542074263066245E-004
   55630.9825602382      -2.330253889189171E-003  1.541548397269880E-004
   55631.0029941045      -2.133230897632288E-003  1.541570189113262E-004
   55631.0234279711      -1.414307736588238E-003  1.542062816845479E-004
   55631.0438618379       2.440345071386130E-004  1.543034534952659E-004
   55631.0642958051      -2.956385577423948E-005  1.542715911788055E-004
   55631.0847295726      -6.243352946821989E-005  1.542756083620553E-004
   55631.1255974083       1.329462214474386E-004  1.542673978998516E-004
   55631.1460311766      -2.128178609654974E-004  1.542665174213311E-004
   55631.1664650452      -5.496472385864148E-004  1.542307699933991E-004
   55631.1868990140       3.231968445649436E-004  1.542682783783721E-004
   55631.2073327831      -1.827979708403094E-004  1.542334004229791E-004
   55657.6694083694      -9.803010515707644E-005  1.523771235191595E-004
   55657.6898424538       1.370877938278170E-005  1.523790549346033E-004
   55657.7102766385       4.903892854881686E-004  1.524161537410766E-004
   55657.7307109233      -2.838536792836299E-004  1.523512112923088E-004
   55657.7511450083       6.554203182562723E-005  1.523915812243605E-004
   55657.7715791935      -2.444349686775427E-004  1.523685940313034E-004
   55657.7920134789       1.782636253553349E-004  1.523805844370068E-004
   55657.8124475646      -8.496138236779860E-005  1.523628556062275E-004
   55657.8328818504      -1.791480130938217E-004  1.523478843454749E-004
   55657.8533160364      -9.265496740690216E-004  1.523416100363452E-004
   55657.8737502226      -2.203561519105723E-003  1.522571971336234E-004
   55657.8941844090      -2.466150754589558E-003  1.522369898390953E-004
   55657.9146185956      -1.326718898263746E-003  1.523014522250649E-004
   55657.9350527824      -4.167327159405598E-004  1.523267839108573E-004
   55657.9554869694      -2.264254860213644E-004  1.523668189153753E-004
   55657.9759211566      -1.068676965507720E-004  1.523755381955003E-004
   55657.9963553440       1.417198061406388E-004  1.523861330698137E-004
   55658.0167895316      -3.046639738335521E-005  1.523602208429630E-004
   55658.0372237194      -2.661492244054875E-004  1.523552192584611E-004
   55658.0780920956      -2.417498456941392E-005  1.523866466253652E-004
   55658.0985262840      -7.170911056253448E-005  1.523878635287373E-004
   55684.5609440900      -9.523260318056170E-005  1.518549603300040E-004
   55684.5813784660       1.372432506969723E-004  1.518876269287825E-004
   55684.6018127420      -1.266917583566673E-004  1.518821006244778E-004
   55684.6222472182      -8.080196783333271E-005  1.518997959625038E-004
   55684.6426815945       9.943737349016324E-005  1.518818215181998E-004
   55684.6631158708      -1.190994939397338E-004  1.518540895184166E-004
   55684.6835503473      -7.676818258706142E-005  1.518758709723526E-004
   55684.7039847238      -2.580471845370358E-004  1.518972058562438E-004
   55684.7244190004      -2.166520149293749E-004  1.518705791173215E-004
   55684.7448534771      -5.852490183175796E-004  1.518573048227393E-004
   55684.7652877539      -2.009042337972278E-003  1.517564358138658E-004
   55684.7857222308      -2.176792722658694E-003  1.517019654326491E-004
   55684.8061566077      -1.594992920143978E-003  1.517896048039447E-004
   55684.8265908848       3.140101747067803E-006  1.518551724507753E-004
   55684.8470253619       2.641839811861058E-004  1.518872808369977E-004
   55684.8674597391      -9.800363332612694E-005  1.518675424410167E-004
   55684.8878941164      -1.779984918066635E-004  1.518859746196166E-004
   55684.9083284938       2.995991228531558E-004  1.518837194408903E-004
   55684.9287628713      -8.423628319853549E-005  1.518752234457876E-004
   55684.9491972489      -6.465697243607238E-006  1.518620942864700E-004
   55684.9696316265       2.539894763198269E-005  1.518858406486032E-004
   55684.9900660043      -7.694967137927833E-005  1.518641150159228E-004
   55711.4526313546       6.600246194832238E-005  1.515305718494476E-004
   55711.4730657682       1.483262594925705E-005  1.515167951635650E-004
   55711.4935001818      -1.664561994492164E-004  1.515045479800858E-004
   55711.5139345954       1.460827077304216E-005  1.514960184922298E-004
   55711.5343690089       3.480402690989592E-004  1.515309402697346E-004
   55711.5548034226       1.904196932933644E-005  1.515155447674395E-004
   55711.5752378361      -1.442257887531717E-004  1.515203677239235E-004
   55711.5956723495      -5.812994141118910E-005  1.515115256370361E-004
   55711.6161066630       2.470167743384710E-004  1.515148414196189E-004
   55711.6365410764      -3.343951221649322E-004  1.515067361733054E-004
   55711.6569755898      -1.773668063009715E-003  1.514180027053999E-004
   55711.6774099032      -1.840666750096309E-003  1.513944126427824E-004
   55711.6978444164      -1.266233173610853E-003  1.514485480964655E-004
   55711.7182788297      -5.916911250728463E-004  1.514573678548507E-004
   55711.7387131430      -1.960725048294476E-004  1.514772402218451E-004
   55711.7591476563      -1.150153666736875E-004  1.515046484583459E-004
   55711.7795819694      -2.554709418745027E-005  1.514898781541135E-004
   55711.8000163826      -1.961877353906516E-006  1.514754651059170E-004
   55711.8204508957      -1.921186791509211E-004  1.514767601590470E-004
   55711.8408852088      -6.039901785925839E-005  1.515131891104531E-004
   55711.8613196220       1.537279957717352E-004  1.515149865548834E-004
   55711.8817541350       2.343867397436306E-004  1.514875783183827E-004
   55738.3442666467       1.546596389814248E-004  1.507716372225292E-004
   55738.3647010470       3.232814171061360E-004  1.507833150292012E-004
   55738.3851353474      -6.491420740273313E-005  1.507621141163235E-004
   55738.4055695477       1.413878790201828E-004  1.507849896668693E-004
   55738.4260039478       5.219841737957864E-005  1.507511843144765E-004
   55765.2560459493       2.727262367472338E-004  1.497390106020643E-004
   55765.2764801089      -2.921290663027154E-005  1.496920091291506E-004
   55765.2969140685      -1.278334165522033E-004  1.496956013227527E-004
   55765.3377822870       1.592468595650320E-004  1.497032942433884E-004
   55765.3582163459       1.040019960441008E-005  1.496767747659226E-004
   55765.3786503046       3.371055162726400E-004  1.497108032263999E-004
   55765.3990844630       2.472247667408833E-004  1.497135081914617E-004
   55765.4195184212      -6.332886935390691E-004  1.496603069386265E-004
   55765.4399524792      -1.560844450151477E-003  1.496256509262548E-004
   55765.4603866370      -2.009202197805871E-003  1.495805537487447E-004
   55765.4808205945      -1.706102098228302E-003  1.495897398100945E-004
   55765.5012546520      -3.993280020563317E-004  1.496764285303947E-004
   55765.5216888090       1.343250687855235E-004  1.497112684803906E-004
   55765.5421227658      -1.815670439864192E-005  1.497071677533569E-004
   55765.5625569227       7.595152896699986E-005  1.497110520831856E-004
   55765.5829909790       4.287851925477426E-005  1.497052418182329E-004
   55765.6034249351      -9.556308485469955E-005  1.496955472234514E-004
   55765.6238590912       1.571651671450347E-004  1.497088123721145E-004
   55765.6442931471      -8.952902613179603E-005  1.496949629509981E-004
   55765.6647271025       1.707566260789051E-004  1.496896720393372E-004
   55792.1470647383      -1.653585578527128E-004  1.497581401149812E-004
   55792.1674985694      -8.785646693310056E-005  1.497881868668876E-004
   55792.1879323002       1.212940807797658E-004  1.498043192785161E-004
   55792.2083660309      -9.948815145166545E-005  1.497744781039544E-004
   55792.2287997612      -1.802837324084150E-004  1.497754302516562E-004
   55792.2492334912      -3.408312173081018E-005  1.497965181592779E-004
   55792.2696672208       1.860843792331757E-004  1.497815434726958E-004
   55792.2901009505      -1.583960782119975E-004  1.497621001838317E-004
   55792.3105346798      -5.084203615270955E-004  1.497644372736451E-004
   55792.3309685087      -1.707318876552955E-003  1.496929396371319E-004
   55792.3514021373      -2.108968500090014E-003  1.496611941671667E-004
   55792.3718358658      -1.697964333108315E-003  1.496770128028481E-004
   55792.3922696938      -5.188466521671709E-004  1.497370630272198E-004
   55792.4127033217      -5.115365014241036E-006  1.497810241194039E-004
   55792.4331370493       2.706524557201107E-004  1.498008569232370E-004
   55792.4535708766      -9.527417598709231E-005  1.497581617547017E-004
   55792.4740045037      -2.066573983459108E-004  1.497882734257695E-004
   55792.4944383306       2.578844070266761E-005  1.497691980121538E-004
   55792.5148720571       2.801337764712919E-005  1.497841943384564E-004
   55792.5353056833      -1.690957908254687E-004  1.497786870295906E-004
   55792.5557395092       1.606721728169003E-004  1.498006297061718E-004
   55792.5761732349       4.324925917984501E-004  1.497932505614832E-004
   55819.0376215674      -1.039044299155911E-004  1.496413505434735E-004
   55819.0580548350       1.640089866921102E-004  1.496716028727245E-004
   55819.0784882024       9.351997032647219E-005  1.496507962814692E-004
   55819.0989216696       2.773793569914584E-004  1.496686815104578E-004
   55819.1193549365      -9.493034204988149E-005  1.496466847345753E-004
   55819.1397883030       1.487818525225393E-005  1.496453214321842E-004
   55819.1602217695       2.940361498393607E-005  1.496529927130994E-004
   55819.1806550355      -7.607163356415647E-005  1.496323051403068E-004
   55819.2010884012      -7.841918858286778E-005  1.496519972859566E-004
   55819.2215218668      -1.233025341390137E-003  1.495746785646305E-004
   55819.2419551321      -2.060629228509692E-003  1.495314207633624E-004
   55819.2623885969      -1.717734341009414E-003  1.495575507258592E-004
   55819.2828218615      -5.975878951455238E-004  1.496074302815986E-004
   55819.3032552261      -1.327075357607788E-004  1.496262892980094E-004
   55819.3236886903      -2.250560603495044E-004  1.496451374945599E-004
   55819.3441219540      -2.499522551207001E-004  1.496405823333959E-004
   55819.3645553176       1.608012343237153E-004  1.496533064890465E-004
   55819.3849887808       2.020888049261149E-004  1.496546481517172E-004
   55819.4258554068      -2.992935480153891E-004  1.496415994002591E-004
   55819.4462888693      -4.580438252521635E-005  1.496134244841755E-004
   55819.4667222316       2.354219781626199E-004  1.496411990654300E-004
   55953.5066996924       8.907952143077935E-005  1.560346865321059E-004
   55953.5271327434      -2.697065780543628E-005  1.560545394252225E-004
   55953.5475659946      -1.344236566692691E-004  1.560203390631309E-004
   55953.5679991461       4.601109576563012E-005  1.560557628528095E-004
   55953.5884321979      -1.722244016024721E-004  1.560136769438162E-004
   55953.6088654499      -2.223329601092061E-006  1.560676189783346E-004
   55953.6292986022      -7.638276377841535E-006  1.560731688907521E-004
   55953.6497316547       1.119165623939544E-004  1.560430392059046E-004
   55953.6701649075      -5.356508722668130E-004  1.560087165010543E-004
   55953.6905980606      -1.740385018915380E-003  1.559372127196277E-004
   55953.7110313141      -2.299567799330160E-003  1.559045472030544E-004
   55953.7314643677      -1.948973410560884E-003  1.559145348209920E-004
   55953.7518975216      -4.068018515356320E-004  1.560470431507348E-004
   55953.7723307757       4.793120145230034E-007  1.560562077355685E-004
   55980.3969820741      -6.592287448370371E-005  1.558563997664709E-004
   55980.4174157103       7.308960589491598E-005  1.558595584340592E-004
   55980.4378491468      -1.748484725961896E-004  1.558439208050833E-004
   55980.4582826837      -1.616154035958273E-004  1.558670991968228E-004
   55980.4787163208      -3.231244341383999E-005  1.558556768319876E-004
   55980.4991497582      -2.825875222267626E-004  1.558412626305988E-004
   55980.5195832959      -3.052711157192078E-007  1.558691011692379E-004
   55980.5400169339       5.585150171212305E-004  1.558889651844234E-004
   55980.5604503724      -1.190256074138363E-004  1.558475465995685E-004
   55980.5808840110      -1.412988709855734E-003  1.557801468615929E-004
   55980.6013175499      -2.289002826918241E-003  1.557224789339685E-004
   55980.6217509892      -1.964176459827383E-003  1.557689691822751E-004
   55980.6421846287      -6.035332587858155E-004  1.558195745961017E-004
   55980.6626181686       1.209221931974813E-004  1.558565221092296E-004
   55980.6830517088      -2.019252021705498E-004  1.558539195450899E-004
   55980.7034852493      -2.731720961535178E-004  1.558552875595736E-004
   55980.7239187900       2.536825299781498E-005  1.558571227009541E-004
   55980.7443524311      -7.344279075116589E-006  1.558633733037169E-004
   55980.7647858726      -1.170549067317506E-004  1.558560438602637E-004
   55980.7852194143      -4.604085943038516E-005  1.558403617430120E-004
   55980.8056530563       1.018192859445488E-004  1.558607929837151E-004
   55980.8260864985       6.124944490260020E-005  1.558578790016443E-004
   56007.2877817842       1.744828263341436E-004  1.550072298003923E-004
   56007.3082156059      -2.094918043593630E-005  1.549979206286620E-004
   56007.3286495279      -4.199900195367423E-005  1.549858309396885E-004
   56007.3490835504       1.701786400079008E-004  1.550031924893552E-004
   56007.3695173730       3.501805687577964E-005  1.549944727872804E-004
   56007.3899513959       2.181190670813571E-005  1.549880887196900E-004
   56007.4308191425       1.893610279024571E-004  1.549969196424545E-004
   56007.4512531663      -3.960639772900842E-004  1.549683359251942E-004
   56007.4716870901      -1.378816072662992E-003  1.549119025472258E-004
   56007.4921209145      -2.342922401662784E-003  1.548612860113303E-004
   56007.5125549389      -1.931702695274318E-003  1.548797597678943E-004
   56007.5329888637      -9.688536784101531E-004  1.549286412610300E-004
   56007.5534227889      -1.665126282001106E-004  1.549768220638205E-004
   56007.5738567141       1.342371501356077E-005  1.549877550576208E-004
   56007.5942906397       1.176080851081895E-004  1.549865538741718E-004
   56007.6147245656      -1.509877428098605E-004  1.549729404617489E-004
   56007.6351584918      -1.333802569462028E-004  1.549743974527844E-004
   56007.6555924181      -3.178659721503330E-005  1.549834063286524E-004
   56007.6760263449       1.809017060594442E-006  1.549800474638226E-004
   56007.6964602718      -4.391393655756026E-005  1.549775672424417E-004
   56007.7168941990       1.248662207578022E-004  1.549835842817560E-004
   56034.1790168014      -1.669013268631447E-004  1.537023428301353E-004
   56034.1994510261      -1.597289959509585E-005  1.537406584786232E-004
   56034.2198852510      -1.370323293552467E-004  1.537275213621163E-004
   56034.2403194761      -2.129022864804098E-004  1.537251266340858E-004
   56034.2607537014       3.283024867695161E-005  1.537463629015260E-004
   56034.2811879268      -1.804915861332024E-004  1.537213989913968E-004
   56034.3016221524      -2.046592127891156E-005  1.537508134809789E-004
   56034.3220564783      -9.364856748828032E-005  1.537231611497589E-004
   56034.3424907042      -5.488480703030874E-005  1.537348298009641E-004
   56034.3629248304      -1.142114301983299E-003  1.536901206804702E-004
   56034.3833591568      -1.856874012883258E-003  1.536215546467669E-004
   56034.4037933834      -1.879697607707231E-003  1.536481112769541E-004
   56034.4242275101      -9.091955943670849E-004  1.537006258553209E-004
   56034.4446618370      -2.143973097817886E-004  1.537033029805249E-004
   56034.4650959640      -1.175394057890689E-004  1.537290576027396E-004
   56034.4855302913      -1.822205414170330E-005  1.537280183811415E-004
   56034.5059645188       1.225238155782016E-004  1.537185637237758E-004
   56034.5263986464      -1.520440348545815E-004  1.537108373371114E-004
   56034.5468329742       8.368144429593549E-005  1.537290576027396E-004
   56034.5672672022       2.903852377427185E-004  1.537541005840774E-004
   56034.5877013304      -2.604972539899109E-007  1.537210262271279E-004
   56061.0705905012      -2.171050403457775E-004  1.534286096020079E-004
   56061.0910248936      -9.887196359004147E-005  1.534538220216498E-004
   56061.1523280712      -1.960881300986372E-004  1.534635929638497E-004
   56061.1727625639       1.287843671988753E-004  1.534433507344598E-004
   56061.1931968567      -1.077283941106622E-004  1.534405041709519E-004
   56061.2136312495      -1.326294980146248E-004  1.534547031008308E-004
   56061.2340657424       2.160770908790077E-004  1.534533024108507E-004
   56061.2545001354      -6.917862951143494E-004  1.534107282129878E-004
   56061.2749344284      -1.958449375885407E-003  1.533416764561462E-004
   56061.2953689215      -2.196246687737657E-003  1.533285845231870E-004
   56061.3158033147      -1.145564245753627E-003  1.533817881506570E-004
   56061.3362377079       2.531512178891582E-004  1.534298295577971E-004
   56061.3566721012      -8.667986286736706E-006  1.534697153345691E-004
   56061.3771064946      -6.181421061213221E-005  1.534418822691581E-004
   56061.4179752815      -1.919369286051964E-005  1.534295245688498E-004
   56061.4384096751      -2.898969581843769E-005  1.534409560064293E-004
   56061.4588440687       1.957370243310663E-005  1.534511900799936E-004
   56061.4792784625      -4.407347795232219E-005  1.534492471874405E-004
   56087.9622833155      -2.334897110989331E-006  1.528995554414594E-004
   56087.9827177207      -7.331667485088733E-005  1.529067961049856E-004
   56088.0031522260       9.658682328161916E-006  1.529034412265655E-004
   56088.0235865311       3.484589017686002E-004  1.529119922129763E-004
   56088.0440209362      -2.451757915256092E-005  1.528928230928454E-004
   56088.0644554412      -1.646290172749865E-004  1.528961666753785E-004
   56088.0848897462       1.043351102798518E-004  1.529106705942048E-004
   56088.1053242513       1.258469207778834E-004  1.529104107888052E-004
   56088.1257586562       1.016507278719381E-004  1.528968331327078E-004
   56088.1461929611      -8.705350070299378E-004  1.528619627297354E-004
   56088.1666274658      -1.989588910135232E-003  1.527837387127016E-004
   56088.1870618706      -2.265817477062781E-003  1.527925382086249E-004
   56088.2074961753      -1.110699769475976E-003  1.528431098944387E-004
   56088.2279306801      -1.087671000425949E-004  1.529013853751431E-004
   56088.2483650846       8.166611036797278E-005  1.529034073389047E-004
   56088.2687993891      -1.480305066978715E-004  1.528831199259671E-004
   56088.2892338937      -1.657560151674398E-004  1.528862262948746E-004
   56088.3096682981      -2.536609720632521E-004  1.528893100720082E-004
   56088.3301028026       1.274729163138755E-004  1.529063894530559E-004
   56088.3505371070       5.305863239435382E-005  1.528958390946574E-004
   56088.3709715113       6.409003500995603E-005  1.529026618103669E-004
   56088.3914060155       8.885119669521657E-005  1.528947998730592E-004
   56114.8538413846       5.976052282807842E-005  1.514217389659918E-004
   56114.8947099243      -3.298773234832186E-004  1.513734183459410E-004
   56114.9151441939      -2.724715310276071E-005  1.514286941228545E-004
   56114.9355785636      -2.438850838851758E-004  1.513737062982952E-004
   56114.9560127329       4.521644439070549E-005  1.514343534941234E-004
   56114.9764470021       1.638559050929356E-004  1.514379750487318E-004
   56114.9968813713       1.112237786555781E-004  1.514069869453850E-004
   56115.0173155402       3.035967270612616E-004  1.514330687836201E-004
   56115.0377498089      -4.349162123832295E-004  1.513827657223616E-004
   56115.0581841773      -1.793558824181307E-003  1.512988719114780E-004
   56115.0786183458      -2.184374079629348E-003  1.512717933150938E-004
   56115.0990526142      -1.036116580754642E-003  1.513081749875364E-004
   56115.1194869822      -1.461926450782025E-004  1.514050377294490E-004
   56115.1399211502       1.430272070492844E-004  1.514387392299795E-004
   56115.1603555182      -6.636706033846806E-006  1.514300120586295E-004
   56115.1807897857       2.529032744762461E-004  1.514496924945291E-004
   56115.2012239533       5.754622125353492E-005  1.514321938514670E-004
   56115.2216583206       3.575612239485881E-004  1.514476103775066E-004
   56115.2420924879      -1.229830110760499E-005  1.513893886265079E-004
   56115.2625267549      -2.834794806672036E-005  1.514213181125511E-004
   56115.2829611217       1.344021418201446E-004  1.514393815852311E-004
   56141.7451889249      -7.337981590360698E-005  1.517028247640414E-004
   56141.7656228375       1.693994507274699E-004  1.517281202708477E-004
   56141.7860568501       2.913176026537734E-004  1.517402253448142E-004
   56141.8064908624       6.443187806182138E-005  1.517290505784536E-004
   56141.8269248743       1.429590411154980E-004  1.517041205496352E-004
   56141.8473588862       8.601543730857308E-005  1.517343112464628E-004
   56141.8677928976       1.340511865843830E-005  1.517216745681502E-004
   56141.8882269090      -3.954007547780636E-004  1.516989263321693E-004
   56141.9086608202      -2.881199871667128E-004  1.517143539332994E-004
   56141.9290949309      -6.244327507387570E-004  1.516896343312015E-004
   56141.9495289416      -2.150207233187929E-003  1.516159296036199E-004
   56141.9699630521      -2.208775595350709E-003  1.515980101071170E-004
   56141.9903969621      -1.650142781496333E-003  1.516365846474876E-004
   56142.0108309721      -4.660874852852048E-004  1.516920819262121E-004
   56142.0312650819       1.134404104541353E-005  1.517228928281102E-004
   56142.0516989912      -8.964228636276772E-005  1.517122718162769E-004
   56142.0721330005      -1.403308150670357E-004  1.517127480451703E-004
   56142.0925671096      -2.529628724615707E-004  1.517098906718095E-004
   56142.1130011182       5.318497469697370E-005  1.517237234599011E-004
   56142.1334350269      -1.573330294788455E-004  1.517155389679878E-004
   56142.1538691352      -7.824255318755746E-006  1.517306786167638E-004
   56142.1743031432      -1.566143214291049E-004  1.517091486407430E-004
   56168.6361391459       1.932290770134681E-004  1.520764650937812E-004
   56168.6565727209      -2.745796610098550E-004  1.520502392793691E-004
   56168.6770063956       5.018848711677570E-004  1.521017606005876E-004
   56168.6974401699       8.067113241883028E-005  1.520854802174854E-004
   56168.7178737442       4.162770641236158E-005  1.520830990730181E-004
   56168.7383074180       1.463512129484812E-005  1.520879831879487E-004
   56168.7587411916      -1.162853266478692E-004  1.520771517493951E-004
   56168.7791747649       1.077417143151571E-004  1.520891460724561E-004
   56168.7996084380      -3.111931460476614E-004  1.520678375982462E-004
   56195.5470542251       8.813242477256900E-005  1.521506792755279E-004
   56195.5674875368       1.363166117052117E-004  1.521503913231737E-004
   56195.5879209481       2.823289834608111E-005  1.521437019684841E-004
   56195.6083541594       8.378361563510239E-005  1.521511665795119E-004
   56195.6287875702      -5.316265024180034E-005  1.521437241186652E-004
   56195.6492208808      -1.064312611396279E-004  1.521392830073564E-004
   56195.6696541912       3.758472881587593E-006  1.521387403279196E-004
   56195.7105208112      -2.876920059560195E-004  1.521286176951609E-004
   56195.7309541206      -1.601401665230151E-003  1.520574048629521E-004
   56195.7513874300      -1.871537000329604E-003  1.520409362033107E-004
   56195.7718207390      -1.313601103483220E-003  1.520784696851700E-004
   56195.7922540477      -4.662075231027796E-004  1.521180520587803E-004
   56195.8126874562      -6.384933421099692E-005  1.521392830073564E-004
   56195.8331206645      -1.272478813234557E-004  1.521298470302115E-004
   56195.8535539725      -4.950855314389546E-004  1.521200898754407E-004
   56195.8739873801       4.221534863197984E-004  1.521715558212065E-004
   56195.8944205874      -1.900343376226576E-004  1.521404791171353E-004
   56195.9148538948       1.636420213482204E-004  1.521512108798741E-004
   56195.9352873016       2.374716568531721E-004  1.521588194670790E-004
   56195.9557205080      -7.887035921227969E-005  1.521369904636134E-004
   56329.9956584121       2.779607196492506E-004  1.582821640826745E-004
   56330.0160916184       1.084275828633352E-005  1.582637398349087E-004
   56330.0365248251      -2.422819416048050E-005  1.582555798855640E-004
   56330.0569580321      -3.215461327443769E-005  1.582650606497546E-004
   56330.0773913393      -1.895718918099032E-004  1.582726161584070E-004
   56330.0978245468      -3.083109842016984E-005  1.582697618551383E-004
   56330.1182576546       1.446289608275642E-004  1.582852198661740E-004
   56330.1386909627       8.334783225816267E-007  1.582684074602540E-004
   56330.1591241710       9.565634574792981E-005  1.582759070021757E-004
   56330.1795572797      -7.025739194828073E-004  1.582286486947227E-004
   56330.1999905886      -1.317930345176466E-003  1.581923710598447E-004
   56330.2204237978      -2.202484512595526E-003  1.581626974991963E-004
   56330.2408570072      -1.550148799276174E-003  1.581902443240759E-004
   56330.2612902170      -2.217603476706298E-004  1.582715751772149E-004
   56330.2817234270       2.855876406979707E-004  1.582950923974799E-004
   56330.3021567373      -1.782495118933802E-004  1.582646800759854E-004
   56330.3225898480      -1.989128956760844E-004  1.582733549192531E-004
   56330.3430230588      -1.917712290222529E-005  1.582837871178665E-004
   56330.3634563700      -2.771520614693879E-004  1.582740489067145E-004
   56330.3838894814      -3.209002367432490E-005  1.582862160739815E-004
   56330.4043226930      -2.912180519176744E-005  1.582870443815967E-004
   56330.4247560050       2.042409483444807E-004  1.582761868358295E-004
   56356.9064524958      -1.851902291579721E-004  1.585147506223629E-004
   56356.9268860939       9.681245669956873E-005  1.585120977993250E-004
   56356.9473196922       1.435491982786363E-004  1.585275334236683E-004
   56356.9677533908      -1.723564569426905E-004  1.585119522858250E-004
   56356.9881868898       7.900783222081209E-005  1.585125455331710E-004
   56357.0086204890       9.004432219739122E-005  1.585148849425168E-004
   56357.0290541885      -2.013151129054425E-005  1.585243097399766E-004
   56357.0494876884       1.468137800275660E-004  1.585352008657823E-004
   56357.0699212885      -2.055441835527860E-004  1.585160602438627E-004
   56357.0903549890      -1.399406501760958E-003  1.584388373487614E-004
   56357.1107885898      -2.405760115163247E-003  1.583885120644629E-004
   56357.1312220908      -1.324821752624494E-003  1.584558288482198E-004
   56357.1516557921      -3.268984411715081E-004  1.585018111142115E-004
   56357.1720893939      -1.300854144263841E-004  1.585095681030947E-004
   56357.1925229958      -1.470539643041446E-004  1.585095569097485E-004
   56357.2129565980      -2.115351786829978E-004  1.585000201788272E-004
   56357.2333902006       1.145718837154419E-004  1.585348986454362E-004
   56357.2538238035      -8.890870861311129E-006  1.585346971652055E-004
   56357.2742574067       7.753762886175686E-005  1.585047997376340E-004
   56357.2946910102       2.700060603793020E-004  1.585298392529756E-004
   56357.3151247140      -2.423284981196705E-004  1.584855919556375E-004
   56383.7973291754       8.441450784002491E-005  1.582929992417495E-004
   56383.8177631508       4.258455121333160E-004  1.583123413438998E-004
   56383.8381971266       2.117955304918873E-004  1.582890367972118E-004
   56383.8586311027       2.730509556636562E-004  1.582935701024032E-004
   56383.8790650789       3.367906989215630E-004  1.583068230242470E-004
   56383.8994990554       1.040798641991358E-004  1.582947118237107E-004
   56383.9199331321      -4.686984582400466E-004  1.582619824795628E-004
   56383.9403670092      -1.626547607160855E-004  1.582728288319839E-004
   56383.9608009865      -1.434997327951493E-004  1.582745078339067E-004
   56383.9812350640      -1.837081354239878E-003  1.581856102787690E-004
   56384.0016689418      -2.475098391316322E-003  1.581538659490825E-004
   56384.0221029199      -1.665423869174676E-003  1.581949791094981E-004
   56384.0425369983      -4.903491051254649E-004  1.582638069949856E-004
   56384.0629708768      -2.171449185721652E-004  1.582768136632140E-004
   56384.0834048556      -1.752652328381732E-004  1.582804515007133E-004
   56384.1038389348       2.205414445834997E-004  1.582972750999795E-004
   56384.1242728142       3.004252962246490E-005  1.582781680580983E-004
   56384.1447068937      -2.286117025431800E-004  1.582672209655619E-004
   56384.1651408737       7.656975752556860E-005  1.582835184775589E-004
   56384.1855747538       1.877800881122660E-005  1.582920813873650E-004
   56384.2060088342       2.285759638041007E-004  1.582951483642106E-004
   56384.2264428149       7.502680324589228E-005  1.582852534462124E-004
   56410.6886294709       4.298804108437970E-005  1.535181705491560E-004
   56410.7090636309      -5.594296363431450E-005  1.535376530887246E-004
   56410.7294979911      -7.541731066984525E-006  1.535076468025206E-004
   56410.7499321515       5.486356204498222E-005  1.535394221668228E-004
   56410.7703664120       1.233739992807514E-004  1.535083725781506E-004
   56410.7908007727       3.267456632394250E-005  1.534794662956359E-004
   56410.8112349335       2.247461419118135E-004  1.534878467361138E-004
   56410.8316692945       9.891806515938129E-005  1.535323571946742E-004
   56410.8521035557      -1.604693523314937E-004  1.534762229857891E-004
   56410.8725377171      -1.401554240607061E-003  1.533446194516253E-004
   56410.8929720786      -2.136592132150561E-003  1.532573902930912E-004
   56410.9134063403      -1.630901056751566E-003  1.533619246643038E-004
   56410.9338406021      -8.035686217862104E-004  1.533979185994556E-004
   56410.9542748641      -1.116619740858527E-004  1.534630342817622E-004
   56410.9747091263       1.121311891403298E-004  1.534832652774493E-004
   56410.9951433887      -4.937963477225082E-006  1.534912941703565E-004
   56411.0155776511      -1.918944180112625E-005  1.535201777723828E-004
   56411.0360119138       1.514333990888517E-004  1.534852498201876E-004
   56411.0564462767       2.453439418796943E-004  1.534986426486105E-004
   56411.0768805397      -2.184712006465528E-004  1.534559466291252E-004
   56411.0973147028       6.244840157343390E-005  1.534478383545085E-004
