   54977.4789543967      -7.379053186684637E-005  1.775306555075809E-004
   54977.4993886027      -1.399011949316797E-004  1.775288199978491E-004
   54977.5198229086       3.426059312625629E-004  1.775877259782346E-004
   54977.5402572143      -5.202425630812524E-005  1.775806615794348E-004
   54977.5606915198      -8.559728151968926E-005  1.775750162301755E-004
   54977.5811258253       1.086243107084606E-005  1.775880190428136E-004
   54977.6015601303       1.031565268270196E-004  1.775477920732286E-004
   54977.6219945355      -1.959573848029361E-004  1.775179766084249E-004
   54977.6424287403       5.620957031804430E-005  1.775373188706410E-004
   54977.6628630451      -1.757244706634964E-005  1.775741833097930E-004
   54977.6832972496       1.045771941989848E-004  1.775584966425890E-004
   54977.7037316540       1.907766979571957E-004  1.775595455052929E-004
   54977.7241659583       8.271343782206841E-005  1.775376119352201E-004
   54977.7446001624       1.783647275801492E-004  1.775063002986182E-004
   54977.7650345662       1.633014849344860E-005  1.775731190226376E-004
   54977.7854688698      -8.125361455805225E-004  1.774788601993498E-004
   54977.8059031734      -4.683826800682134E-004  1.775243931802605E-004
   54977.8263373768      -9.232742245581793E-004  1.775014107474838E-004
   54977.8467717802      -5.729130343324895E-004  1.775200897582842E-004
   54977.8672060831       1.939639426251638E-005  1.775499823453455E-004
   54977.8876402860      -1.160327185242283E-004  1.775234522887173E-004
   54977.9080746889      -8.931179791893396E-005  1.775418228104872E-004
   54977.9285089914       3.974325796229916E-004  1.775532369046179E-004
   54977.9489431938       3.293423590509104E-004  1.775593295629715E-004
   54977.9693774961      -3.699554433256314E-005  1.774701145353334E-004
   54977.9898118983       6.790536289025262E-005  1.775272312793417E-004
   54978.0102461000       3.232547041425171E-004  1.775514630926922E-004
   54978.0306804018      -8.368561136418151E-005  1.775179611839733E-004
   54978.0511147033       3.986108543927447E-004  1.775380283954113E-004
   54978.0715491048       3.443912043494812E-004  1.775421929973239E-004
   54978.0919833061       3.750497406640463E-006  1.775305475364202E-004
   54978.1124176072      -1.835719250318224E-004  1.774515126467906E-004
   54978.1328520080      -3.873846184054841E-005  1.775035701706977E-004
   54978.1532862088       4.551105505123942E-006  1.775140742221883E-004
   54978.1737205094       2.982117252139371E-004  1.774895493442587E-004
   55025.3559256593       6.355949627923074E-005  2.010181194169986E-004
   55025.3763594209       2.251558731123371E-004  2.010535618135931E-004
   55025.3967932823      -4.760796324223548E-004  2.010328780579201E-004
   55025.4172269431      -1.200887458199240E-004  2.010453006875427E-004
   55025.4376607038       9.314483637625770E-004  2.010912164592985E-004
   55025.4580943642       2.785749513072311E-004  2.010591156417806E-004
   55025.4785282242       3.796786482346270E-005  2.010321509550655E-004
   55025.4989619841      -3.347503459709689E-004  2.010130761078367E-004
   55025.5193956436      -5.571862667087535E-004  2.009998644942655E-004
   55025.5398295029      -2.746292230604297E-004  2.010237196560065E-004
   55025.5602632619      -2.458498700376177E-004  2.010308359818178E-004
   55025.5806970205      -6.378851709484268E-004  2.009997562023510E-004
   55025.6011306790      -1.347943740075408E-004  2.010031906030685E-004
   55025.6215645371       1.591965078791002E-004  2.010318415495954E-004
   55025.6419982950      -7.065063868250121E-005  2.010229616126049E-004
   55025.6624319526      -8.736205864523505E-004  2.009596263128851E-004
   55025.6828658097      -1.611843911443755E-003  2.009343169454348E-004
   55025.7032995669      -1.294129450156833E-003  2.009512568949202E-004
   55025.7237332236      -9.877249424686818E-004  2.009521232302364E-004
   55025.7441669801      -8.452002665617631E-004  2.010105853938028E-004
   55025.7646008363      -5.624413391195349E-004  2.010056813171025E-004
   55025.7850344921      -1.534104316807117E-004  2.010433823736284E-004
   55025.8054682478      -1.301409921177221E-004  2.010134628646743E-004
   55025.8259021031      -7.826589464476896E-005  2.010386329996631E-004
   55025.8463358582       2.440444212092885E-004  2.010560525276270E-004
   55025.8667695128       3.926688128697009E-005  2.010216002285367E-004
   55025.8872032674      -1.305696803067802E-004  2.010265507160575E-004
   55025.9076371215      -6.572868469656434E-005  2.010236732451860E-004
   55025.9280707754      -1.491421201635923E-004  2.010193725091523E-004
   55025.9485045291      -1.355746696072302E-004  2.010058205495640E-004
   55025.9689383825       3.596968515373611E-005  2.010221262178358E-004
   55025.9893720357       1.888914993071200E-004  2.010235649532715E-004
   55026.0098057885       6.483383785016450E-005  2.010221571583828E-004
   55026.0302394410       1.551164402524563E-004  2.010396230971673E-004
   55026.0506732932       3.048784796735315E-004  2.010261794294935E-004
   55073.2314431762      -1.238660516900136E-004  2.007132312668087E-004
   55073.2518762858      -2.547098247860369E-004  2.007091625848775E-004
   55073.2723092953       1.273269725299286E-004  2.006950691657166E-004
   55073.2927425045      -2.271586807119919E-004  2.007155672781076E-004
   55073.3131756134       2.659876408706019E-005  2.007224051389958E-004
   55073.3336086222       5.112770847426340E-005  2.007222813768077E-004
   55073.3540418307      -2.816718839510068E-004  2.007100289201937E-004
   55073.3744749389       2.308444282235200E-004  2.007421916188056E-004
   55073.3949079469      -1.201548400969754E-004  2.006976527013915E-004
   55073.4153410545      -5.292512904424562E-004  2.006947752305200E-004
   55073.4357742621      -1.105607531466379E-004  2.007298154000035E-004
   55073.4562072692       3.344513377383507E-004  2.007244626853716E-004
   55073.4766403763       2.401701947454260E-004  2.007316873030973E-004
   55073.4970735829       6.072291032577226E-005  2.007256074856108E-004
   55073.5175066895      -3.928686209516696E-004  2.006968018363489E-004
   55073.5379396957      -5.067119013426602E-004  2.006934602572723E-004
   55073.5583728016      -1.549504114350286E-003  2.006288099843048E-004
   55073.5788060073      -1.340251490116962E-003  2.006390977161841E-004
   55073.5992390128      -1.715858109292645E-003  2.006341162881162E-004
   55073.6196721180      -1.191954706780129E-003  2.006414801383035E-004
   55073.6401053230      -8.012726441933848E-004  2.006653817108651E-004
   55073.6605383278      -2.364424928291697E-006  2.007221576146197E-004
   55073.7014045364       4.671961317277429E-004  2.007334818548236E-004
   55073.7218376405       3.448278626989598E-004  2.007472039874205E-004
   55073.7422707443      -5.308624998678901E-005  2.007275412697986E-004
   55073.7627038477       8.188054195026329E-004  2.007747101337082E-004
   55073.7831370508      -2.717546906457757E-004  2.007190945004662E-004
   55073.8035700540      -2.474027721190986E-004  2.007254991936963E-004
   55073.8240031566      -1.516083683079650E-004  2.007239985771665E-004
   55073.8444361593      -2.495857787246925E-004  2.007141130723983E-004
   55073.8648693615      -3.492923918957391E-005  2.007375041259343E-004
   55073.8853024635       1.278817410272914E-004  2.007424855540022E-004
   55073.9057354652       1.042406923621453E-004  2.007324453464990E-004
   55073.9261686667       5.391782174779536E-005  2.007355858120200E-004
   55073.9466017680      -8.021946305203365E-005  2.007348896497124E-004
   55121.1056892206       2.223596736721234E-004  1.894206420835187E-004
   55121.1261219416      -8.356965423983453E-005  1.893813659211957E-004
   55121.1465546624       3.063517648467240E-004  1.894457954050065E-004
   55121.1669873832       5.109973108130550E-004  1.894341113843154E-004
   55121.1874200040       4.314813554970875E-004  1.894248502437677E-004
   55121.2078528246      -2.385911138074182E-004  1.893902604417218E-004
   55121.2282855453      -1.198124570429560E-004  1.893702876205405E-004
   55121.2487182657      -3.582820494331118E-004  1.893624132600748E-004
   55121.2691508863       2.901968809432276E-005  1.894480748251413E-004
   55121.2895836067      -1.325757085736123E-004  1.893773171609563E-004
   55121.3100164271      -4.845688302778095E-004  1.893620944600559E-004
   55121.3304490474       9.539461218532885E-005  1.893952656020178E-004
   55121.3508817677       4.596369555853741E-005  1.894247864837639E-004
   55121.3713145879       7.291386125918287E-005  1.894132618630823E-004
   55121.3917472081       1.138472221595688E-004  1.893966205020980E-004
   55121.4121799282      -1.312731999791872E-005  1.894228577436498E-004
   55121.4326126482      -3.532583858267824E-004  1.893966683221008E-004
   55121.4530453682      -2.260014445432112E-004  1.894289468240100E-004
   55121.4734780881      -6.558394530500333E-004  1.893705586005565E-004
   55121.4939108080      -4.534568720738763E-004  1.894100419828918E-004
   55121.5143435278      -3.288133944534533E-004  1.893640072601690E-004
   55121.5347762476       3.992414713962500E-004  1.894678563663113E-004
   55121.5552089673      -4.673404520039171E-005  1.893900054017067E-004
   55121.5756417869       1.605920376701597E-004  1.893750855608242E-004
   55121.5960744065      -2.803165884823766E-005  1.894167527232887E-004
   55121.6165071260       1.553412035026902E-005  1.894015937823921E-004
   55121.6369397456      -3.561310298755282E-004  1.893830555612957E-004
   55121.6573725650      -2.645816531025025E-004  1.893607873799786E-004
   55121.6778052844      -5.083489603519009E-005  1.894321507641994E-004
   55121.6982380037      -1.652894364908564E-004  1.894075234627428E-004
   55121.7186707229       1.126997474520941E-005  1.894485530251696E-004
   55121.7391034421      -4.516764526225625E-004  1.893700804005282E-004
   55121.7595361613      -3.434828209469831E-005  1.894036022225109E-004
   55121.7799687804      -1.156483552138265E-004  1.893812065211863E-004
   55121.8004015993      -2.556460119329529E-004  1.893642144801813E-004
   55121.8208343183       2.345361554809688E-004  1.894252009237884E-004
   55168.9796313972      -1.207495338448883E-004  1.872395239345138E-004
   55169.0000642895      -1.974192911947670E-004  1.872457724148834E-004
   55169.0204970821       2.291106208573979E-005  1.872410541746043E-004
   55169.0409300749      -2.340168994875436E-004  1.872395876945176E-004
   55169.0613629679      -2.185642153804679E-004  1.872447681948240E-004
   55169.0817957611       2.533219369864614E-004  1.872814620769943E-004
   55169.1022286544      -2.910103980988676E-004  1.872257198936974E-004
   55169.1226616480       1.016534865749819E-004  1.872433654747410E-004
   55169.1430945418      -1.845634221377956E-004  1.872185150132712E-004
   55169.1635273357      -2.347970148154355E-004  1.872197423933438E-004
   55169.2043932243       3.235111703974169E-004  1.872504268951587E-004
   55169.2248260189       3.099689752783519E-004  1.872477967950031E-004
   55169.2452590137      -2.571420366668242E-004  1.872406237945789E-004
   55169.2656919087      -3.110868202560457E-004  1.872018098922832E-004
   55169.2861247038      -5.219874464801322E-005  1.872664784761081E-004
   55169.3065575992      -3.648558364235388E-004  1.872497414751182E-004
   55169.3269905949      -7.024697081806641E-004  1.871980321120597E-004
   55169.3474233907      -5.966928547472827E-004  1.871941108718278E-004
   55169.3678562867      -2.805710580680021E-004  1.872225318935088E-004
   55169.3882892829      -3.250058291608404E-004  1.872093813927310E-004
   55169.4087221793       5.099564773938248E-004  1.872983903579955E-004
   55169.4291549759       2.803283691148462E-004  1.872684390962240E-004
   55169.4495879727      -1.503224692075422E-004  1.872221812134881E-004
   55169.4700208697      -1.389050914506473E-004  1.872397630345280E-004
   55169.4904536669       3.086539939725075E-004  1.872812389169811E-004
   55169.5108865644       8.672241412766013E-006  1.872430307347212E-004
   55169.5313195620       1.768059543738598E-004  1.872412454546156E-004
   55169.5517523598       6.079974299577628E-007  1.872372445143790E-004
   55169.5721852578      -1.258629480231921E-004  1.872374995543941E-004
   55169.5926182561       2.458175749693314E-004  1.872621746758535E-004
   55169.6130510545      -9.669659864364188E-005  1.872336420741659E-004
   55169.6334839532       2.048698866463639E-005  1.872545075354001E-004
   55169.6539169521       1.343638799093938E-004  1.872598155557140E-004
   55169.6743497511      -2.075030781667486E-005  1.872405600345751E-004
   55169.6947826504       1.007165085677997E-004  1.872530729353152E-004
   55216.8750504034       5.000867425823952E-004  2.063649218142935E-004
   55216.8954839564       7.688919664650129E-004  2.063356960349004E-004
   55216.9159175096       4.920015024973967E-004  2.062291049393166E-004
   55216.9363510633       1.006688371518072E-003  2.063410951748686E-004
   55216.9567846172       6.396388971710021E-004  2.062828783612982E-004
   55216.9772181714       9.949448040615927E-004  2.062930227081329E-004
   55216.9976517260       6.558369539741982E-004  2.063217119270324E-004
   55217.0180852810       8.629439845706521E-004  2.062682235528131E-004
   55217.0385188362       6.876534841584458E-004  2.062683409254211E-004
   55217.0589524917       7.224577881725924E-004  2.063095890133770E-004
   55217.0793859476       9.047410609781537E-004  2.062913291890746E-004
   55217.0998195038       4.290939367432856E-004  2.063189955895328E-004
   55217.1202531604       6.966463596336236E-004  2.063430569741738E-004
   55217.1406866172       6.715120996496626E-004  2.063405586143748E-004
   55217.1611201743       6.350677041178088E-004  2.063337845381414E-004
   55217.1815538318       3.768428639283616E-004  2.063084488223278E-004
   55217.2428544062       3.249633983579692E-004  2.063185260991008E-004
   55217.2632879650       1.962345170962720E-004  2.063597909545722E-004
   55217.2837215242       4.304979751352800E-004  2.064047614309534E-004
   55217.3041550836       9.891279709384193E-005  2.063733894095853E-004
   55217.3245887434       2.968834259211572E-004  2.064209253158272E-004
   55217.3450222034       4.786470258628661E-004  2.064437626718419E-004
   55217.3654557639       2.845657967931459E-004  2.064203552203026E-004
   55217.3858894246       6.815865347362671E-004  2.064926567468336E-004
   55217.4063228857       3.654513409330207E-004  2.065026669535448E-004
   55217.4267564471       3.686424449234060E-005  2.064946856162005E-004
   55217.4471901088       2.819751572875617E-004  2.065277343891115E-004
   55217.4676235708       1.554158356529278E-004  2.065254204719823E-004
   55217.4880571331      -6.029635871163119E-005  2.064782199160490E-004
   55217.5084907959       3.624917831397401E-004  2.065541432259126E-004
   55217.5289242588      -2.292049675389762E-006  2.064982906320178E-004
   55217.5493578222      -5.507954549544003E-005  2.065182775104094E-004
   55217.5697914859      -1.658575082386093E-006  2.065709610438881E-004
   55264.7516990234       2.604991648227362E-004  2.051687607986019E-004
   55264.7721332444       5.609790215155286E-005  2.051527813563978E-004
   55264.7925674657      -3.516431660559594E-004  2.051280325036242E-004
   55264.8130016872       5.042255483460600E-004  2.051904914985982E-004
   55264.8334359089      -2.374834637476342E-004  2.051196655134250E-004
   55264.8538701308       6.842008957508305E-005  2.051613663242976E-004
   55264.8743044529       2.442534193347612E-006  2.051365504014623E-004
   55264.8947385753       2.344159629774634E-004  2.051717957188946E-004
   55264.9151727978      -1.846315511392360E-004  2.051391493663538E-004
   55264.9356071206      -4.315147576894329E-005  2.051492769456731E-004
   55264.9560412436       2.150245313561339E-004  2.051639149866428E-004
   55264.9764754667      -2.588043297402365E-005  2.051397865319401E-004
   55264.9969097902       2.152719913308676E-004  2.051646359898063E-004
   55265.0173439138      -2.392661516580352E-004  2.051331298283147E-004
   55265.0377781376      -2.785886052086850E-004  2.051077773449857E-004
   55265.0582123616      -1.497096324060143E-004  2.051414297484522E-004
   55265.0786465859      -3.188174652729581E-004  2.051115165009264E-004
   55265.0990808103      -5.444962791438801E-004  2.051022608324095E-004
   55265.1195150350      -3.725035474372307E-004  2.050934914218400E-004
   55265.1399493599      -1.101493417954291E-004  2.051205206567119E-004
   55265.1603834850       8.012693458403497E-005  2.051409099554739E-004
   55265.1808177103      -6.639600840774307E-005  2.051292732997660E-004
   55265.2012519358      -1.024057022416258E-004  2.051276636182848E-004
   55265.2216861616       1.474431756367522E-004  2.051327106404290E-004
   55265.2421203875      -4.885486869488087E-005  2.051101918672075E-004
   55265.2625546136      -2.501889411674618E-004  2.051087330933652E-004
   55265.2829888400      -9.473573183504946E-005  2.051173348287804E-004
   55265.3034230666       8.546195829883807E-005  2.051293236023123E-004
   55265.3238572934       2.890400435802132E-004  2.051396356243013E-004
   55265.3442915203       1.390580037610167E-004  2.051202356089496E-004
   55265.3647257475      -9.023481237246944E-005  2.051196990484559E-004
   55265.3851599749       1.031656627628053E-004  2.051172845262341E-004
   55265.4055942026       3.541016662196306E-004  2.051352257677434E-004
   55265.4260284304       7.452439555266643E-005  2.051241089050138E-004
   55265.4464625585      -2.412093574855056E-005  2.051011374088757E-004
   55312.6294399860       1.523217263634802E-004  1.765412378327386E-004
   55312.6498745473      -4.478569850596692E-005  1.765226594676988E-004
   55312.6703089085       1.320590949376310E-004  1.765801690744294E-004
   55312.6907434697      -6.786170593553464E-005  1.765234772860934E-004
   55312.7111779310      -3.280267170644446E-004  1.764861816811919E-004
   55312.7316122922      -4.151933254178397E-004  1.764680353711529E-004
   55312.7520468535      -9.842616417454764E-007  1.765465305065000E-004
   55312.7724813147      -3.763156724598815E-004  1.765436758573867E-004
   55312.7929156759      -4.820713557773804E-005  1.765181383207248E-004
   55312.8133502371      -3.175508255526260E-005  1.765476723661453E-004
   55312.8337846982       4.409460451082481E-005  1.765189252780479E-004
   55312.8542190594      -1.342925877390044E-006  1.765289551262837E-004
   55312.8746536205      -1.867889607345408E-004  1.765139875066087E-004
   55312.8950879816      -2.519946031325215E-004  1.765411761105956E-004
   55312.9155224428      -4.484984589107066E-004  1.765139103539300E-004
   55312.9359570039      -7.198003789038454E-004  1.764913046190600E-004
   55312.9563913649      -6.942071368203351E-004  1.765075684037378E-004
   55312.9768258260      -6.738724954652442E-004  1.765128919385706E-004
   55312.9972603871      -8.889108575425020E-004  1.764845614749384E-004
   55313.0176948481      -4.876419710504454E-004  1.765014424810461E-004
   55313.0381292091      -7.666871775356965E-004  1.764996371083636E-004
   55313.0585637702      -3.984062776229980E-005  1.765520854993691E-004
   55313.0789982312      -1.180316095003020E-004  1.765175673909021E-004
   55313.0994325921      -4.095133006798424E-005  1.765458824239986E-004
   55313.1198671531       3.098454460135347E-004  1.765689510749410E-004
   55313.1403016141      -4.922296104221680E-004  1.764971065005010E-004
   55313.1607359750       1.837943513567364E-004  1.765283533353896E-004
   55313.1811705359       1.714736684133022E-005  1.765351119100469E-004
   55313.2016049969       8.359566161364462E-005  1.765468545477507E-004
   55313.2220393578      -8.637049588211543E-005  1.765381362950534E-004
   55313.2424739186      -1.025663040119529E-004  1.765412069716672E-004
   55313.2629083795       6.344368257171773E-005  1.765373184766588E-004
   55313.2833429403       5.881035092536457E-005  1.765327664686133E-004
   55313.3037773011       4.491903381143025E-005  1.765330750793283E-004
   55360.5071616742       1.553494114772125E-004  1.747037233443297E-004
   55360.5275958646       1.904494564981540E-004  1.747202185870437E-004
   55360.5480300551       5.794922827595528E-005  1.746635730903149E-004
   55360.5684642451      -4.636540674296530E-005  1.746968721864578E-004
   55360.5888984351       9.218778136443895E-005  1.746708254421162E-004
   55360.6093326248      -1.324549374447370E-004  1.746560275583344E-004
   55360.6297668143      -1.513234821093334E-005  1.746614128153103E-004
   55360.6502010036       1.107987285753342E-004  1.747203728924011E-004
   55360.6706351929       2.083458559374307E-004  1.747484718979972E-004
   55360.6910694818      -4.650376439373494E-004  1.746975356994950E-004
   55360.7115035706       1.791554674945850E-004  1.746851141182183E-004
   55360.7319377590      -2.151180527194541E-004  1.746658259485340E-004
   55360.7523720473      -3.245687820285781E-005  1.746428190197347E-004
   55360.7728061354       4.318221448600390E-004  1.747042171214736E-004
   55360.7932403233      -3.768098540616327E-004  1.746733406194430E-004
   55360.8136746110      -4.574392413950745E-004  1.746644372003168E-004
   55360.8341086984      -1.952710177992589E-004  1.746261231800560E-004
   55360.8545428859      -1.326437343444065E-003  1.746720444544402E-004
   55360.8749771728      -3.721362733760669E-004  1.746539444360085E-004
   55360.8954112598      -2.023985601338207E-004  1.746893420850131E-004
   55360.9158454463      -7.897274066193116E-005  1.746822903301765E-004
   55360.9362797328       4.954432189552271E-005  1.747095252257707E-004
   55360.9567139191       8.001477954233671E-005  1.747661244308922E-004
   55360.9771481051      -1.411229432428662E-004  1.746899130148358E-004
   55360.9975822909       2.475763348712690E-004  1.747422533920910E-004
   55361.0180164767       2.693756612264231E-004  1.746965790062786E-004
   55361.0384506620       3.632213787652105E-005  1.747213450161532E-004
   55361.0588848474       1.021095334201583E-004  1.746961006596705E-004
   55361.0793190323       1.427957774509103E-004  1.747110065572025E-004
   55361.0997532171      -1.926842526556172E-005  1.747103276136296E-004
   55361.1201874018       2.519927474475825E-004  1.747107288075590E-004
   55361.1406215862      -8.273003351999542E-005  1.747214067382962E-004
   55361.1610557703       2.259593393261206E-005  1.747055441475479E-004
   55361.1814899543      -1.112964878458023E-005  1.746978597407457E-004
   55361.2019241382       2.874685469977933E-005  1.746823520523195E-004
   55408.3837865651      -2.776281645550105E-004  1.964984247921958E-004
   55408.4042201558      -9.246201043411340E-005  1.964612995020099E-004
   55408.4246536463      -3.908523902540484E-005  1.964388569597869E-004
   55408.4450873363      -6.096301011115912E-006  1.964784319105137E-004
   55408.4655209260      -7.481869753334092E-005  1.964780058825935E-004
   55408.4859544155      -2.733126928761154E-004  1.964608886893726E-004
   55408.5063881046       3.116240492910816E-004  1.964703678105963E-004
   55408.5268216937      -5.098562615490909E-005  1.964959903469377E-004
   55408.5472552822      -5.858460171859203E-005  1.964406067173161E-004
   55408.5676888706      -2.994088266340400E-004  1.964553351111276E-004
   55408.5881224585       1.696092626324308E-005  1.964628210302962E-004
   55408.6085561464      -2.912674095855161E-004  1.964716915402053E-004
   55408.6289897338      -2.947787577246563E-004  1.964750845482838E-004
   55408.6494232210      -3.876410098511140E-004  1.964224701001434E-004
   55408.6698569080      -5.427075631153633E-004  1.964191227379135E-004
   55408.6902904945      -1.096475302024391E-003  1.963932719723291E-004
   55408.7107239810      -1.527291023236566E-003  1.963921460413973E-004
   55408.7311576670      -1.526899547106275E-003  1.963970301471963E-004
   55408.7515912528      -1.567182783031140E-003  1.963775089392830E-004
   55408.7720247381      -1.181941050813706E-003  1.964043334829706E-004
   55408.7924584235      -7.102536351892841E-004  1.964243872257841E-004
   55408.8128919083      -2.061995816529105E-004  1.964237938297524E-004
   55408.8333254930      -3.558271585220041E-004  1.964280084631055E-004
   55408.8537591773      -3.720390622907743E-006  1.964914105467959E-004
   55408.8741926613      -4.666815856153583E-004  1.964087611302837E-004
   55408.8946262452      -1.250164511563678E-004  1.964507553109858E-004
   55408.9150599287       2.947193135449666E-005  1.964695157547559E-004
   55408.9354934119      -2.222438432397666E-005  1.964357530420828E-004
   55408.9559270947      -5.752523270730059E-005  1.964671573859122E-004
   55408.9763606775       5.652732888006273E-004  1.965069453505991E-004
   55408.9967941598       9.786462665206663E-005  1.964682224557126E-004
   55409.0172278418       8.985026625230041E-005  1.963976083279451E-004
   55409.0376614237       2.218362662365081E-005  1.964331360134303E-004
   55409.0580950051      -6.805006649146517E-005  1.964176925013244E-004
   55409.0785285864      -4.383787508931425E-004  1.964168556607669E-004
   55456.2589214135       1.669211401922333E-005  1.957559189884783E-004
   55456.2793544879       3.075959015912400E-004  1.957414340391926E-004
   55456.2997873620      -3.105484207175380E-004  1.956991355528333E-004
   55456.3202203362      -4.314837701147045E-005  1.957245907210632E-004
   55456.3406534098      -2.475803294740286E-004  1.957350436203901E-004
   55456.3610863835      -3.662496483565203E-004  1.957214868033591E-004
   55456.3815192570      -1.574838974982562E-005  1.957110795498808E-004
   55456.4019523302       7.219114657952552E-005  1.957434272412477E-004
   55456.4223853032      -8.653466743058225E-005  1.957525107651169E-004
   55456.4428181759       3.282657348635531E-005  1.957246972280432E-004
   55456.4632512485       5.657552699567248E-005  1.957446901097253E-004
   55456.4836842208      -5.571550126659552E-005  1.957123424183584E-004
   55456.5041172928       8.200072011188553E-006  1.957091624242401E-004
   55456.5245501649      -4.066824014614667E-005  1.957042783184410E-004
   55456.5449831365      -1.406699077713958E-004  1.956409675264478E-004
   55456.5654162078      -1.188719554205742E-003  1.956007078879922E-004
   55456.5858490792      -1.775878083911442E-003  1.955384317352336E-004
   55456.6062820503      -1.663540455554946E-003  1.955238707095337E-004
   55456.6267151212      -1.670124819504570E-003  1.955539817543197E-004
   55456.6471479916      -1.496045262079138E-003  1.955918525933658E-004
   55456.6675809620      -9.277057101714226E-004  1.955355560467725E-004
   55456.6880140322      -1.264479174076794E-004  1.957195392471527E-004
   55456.7084469022      -3.014612656798699E-004  1.956630144713164E-004
   55456.7288798721       7.144476198139849E-005  1.957230691927769E-004
   55456.7493129416      -3.074084623808648E-004  1.956741672736550E-004
   55456.7697458109       8.446999062439176E-007  1.956824900333811E-004
   55456.7901787802       7.361214808598859E-006  1.956611886373728E-004
   55456.8106118490       1.723886345392778E-004  1.957214563727934E-004
   55456.8310448178      -3.038268042876435E-004  1.956774081289049E-004
   55456.8514776863       4.564340545660794E-004  1.957280293749903E-004
   55456.8719107547       9.782051186402185E-006  1.956849549092049E-004
   55456.8923437228       3.710238611009942E-006  1.957163744683172E-004
   55456.9127766906      -8.192214862923208E-005  1.956798121435972E-004
   55456.9332096583       3.445160953585713E-005  1.957159332251141E-004
   55456.9536426257      -1.538435491174051E-004  1.956912996821588E-004
   55504.1329976775       2.633949455896900E-004  1.894158163094676E-004
   55504.1534302848      -1.356203367253173E-005  1.894269956802523E-004
   55504.1738629920       6.838842034628811E-005  1.893914293106272E-004
   55504.1942957993      -2.533455119462236E-004  1.893562781747741E-004
   55504.2147284066      -2.877624787334110E-004  1.893737499342576E-004
   55504.2351611138       1.213047534320832E-004  1.893653654061691E-004
   55504.2555939212      -4.952100762678491E-005  1.893440287785000E-004
   55504.2760265284       1.940720706330445E-004  1.893473346781463E-004
   55504.2964592358      -4.120015759638829E-004  1.893087818194687E-004
   55504.3168920430      -3.596825688809702E-004  1.893089734658250E-004
   55504.3373246504      -9.748930244635190E-006  1.893408825841506E-004
   55504.3577574577      -2.056069530821381E-004  1.893377683308605E-004
   55504.3781901650      -1.262679892050089E-004  1.894056271115238E-004
   55504.3986227723       1.076631905445602E-004  1.893829649298902E-004
   55504.4190555797      -1.321631798207878E-004  1.893966836148960E-004
   55504.4394882870      -2.971086595365824E-004  1.893664194611288E-004
   55504.4599209944      -5.706313073678970E-004  1.893428789003621E-004
   55504.4803537017      -4.795011557144901E-004  1.893736221700201E-004
   55504.5007864091      -5.873682441570605E-004  1.893569968486103E-004
   55504.5212191165      -2.982691764660261E-004  1.893257265514724E-004
   55504.5416519238      -2.322762549781254E-004  1.892979857413966E-004
   55504.5620845313      -4.167517863408188E-004  1.892900324176098E-004
   55504.5825172386      -2.059797794494722E-004  1.893467916801368E-004
   55504.6029500460      -3.384735197989874E-004  1.893530840688356E-004
   55504.6233826534      -5.298290901702973E-004  1.892961012188929E-004
   55504.6438154609      -1.484239621621919E-004  1.893705717988488E-004
   55504.6846807757       5.318983216680007E-004  1.893477818529777E-004
   55504.7051135831       1.524497739964215E-004  1.893758740147067E-004
   55504.7255462906       5.645276598165161E-005  1.893164955853102E-004
   55504.7459788981      -8.656688219588204E-007  1.893542179764438E-004
   55504.7664117055      -1.408828327809086E-004  1.893506086367333E-004
   55504.7868444130      -1.306138713252913E-005  1.893818789338711E-004
   55504.8072770205      -1.429500660561356E-004  1.893110656052147E-004
   55504.8277098280      -7.312444829077336E-005  1.893359956020647E-004
   55504.8481424355      -2.185007778515713E-004  1.893282978067529E-004
   55552.0070959453       5.090915224648107E-005  1.888034582894697E-004
   55552.0479619878       2.759051831771053E-004  1.886842702263748E-004
   55599.8824493918       1.161716482260822E-004  2.209162069954769E-004
   55599.9028831235      -3.191950850554015E-004  2.208735572292114E-004
   55599.9233168557      -4.336046572782637E-004  2.208506643399660E-004
   55599.9437504881       3.584210221598827E-004  2.209916629340780E-004
   55599.9641843209       1.611022553216213E-004  2.208388346049602E-004
   55599.9846180540      -7.948463330382793E-004  2.209091683902599E-004
   55600.0050516873       8.561733549683481E-005  2.209450583079506E-004
   55600.0254855211       9.646301292298709E-005  2.209335595964574E-004
   55600.0459192551      -9.187609105121286E-005  2.209158237050938E-004
   55600.0663529894      -3.490456223339544E-004  2.208925475254652E-004
   55600.0867867241      -3.690433260672421E-005  2.209770630549398E-004
   55600.1072204591      -7.727070199681219E-005  2.209505463293450E-004
   55600.1276542944       2.914287617006295E-005  2.209254582315418E-004
   55600.1480879299      -3.914060400574959E-004  2.209238902254291E-004
   55600.1685216659      -5.953258677984241E-004  2.208408904351968E-004
   55600.1889555021      -3.910622745721959E-004  2.209338383530997E-004
   55600.2093891387      -9.460449946752103E-004  2.208768326197579E-004
   55600.2298229756      -5.777597920815225E-004  2.209006663126710E-004
   55600.2502567127      -3.673506827251982E-004  2.209323923030180E-004
   55600.2706903502      -1.779570648807738E-004  2.209538914090521E-004
   55600.2911241881      -6.094456998545494E-004  2.209151093911980E-004
   55600.3115579262      -2.172169787439948E-005  2.209543618108859E-004
   55600.3319915646       8.242293313087679E-005  2.209173917112065E-004
   55600.3524254034      -1.255862808705599E-004  2.209365039634913E-004
   55600.3728591425       1.895269726737148E-004  2.208808920133608E-004
   55600.3932928819      -6.552738359166810E-005  2.208684176536198E-004
   55600.4137266216      -3.496047874088637E-004  2.208604556670253E-004
   55600.4341603616      -4.540843007410089E-004  2.208905265398089E-004
   55600.4545941019       1.105169572210851E-004  2.209946073011119E-004
   55600.4750278425      -1.616978737538632E-004  2.209653204313847E-004
   55600.4954615835       1.357999574529423E-004  2.209577765797536E-004
   55600.5158953248      -4.405983547439707E-005  2.209726726378242E-004
   55600.5363290664      -2.437409045855654E-004  2.209054051755894E-004
   55600.5567628083      -2.088716280044256E-004  2.209833002348103E-004
   55600.5771965506      -2.090046692360126E-005  2.209549019018803E-004
   55600.5976302931       1.747085517653790E-004  2.209938755649260E-004
   55647.7594249736       2.671683125639035E-004  1.781640247072994E-004
   55647.7798591984      -7.466848850141705E-004  1.780129143301955E-004
   55647.8002936234       1.468669755266827E-004  1.781701451214189E-004
   55647.8207278485       9.593268271346211E-005  1.781453675670571E-004
   55647.8411622738       4.890574524472058E-004  1.781979595224812E-004
   55647.8615965993      -2.619208826699637E-004  1.781663451696500E-004
   55647.8820308249      -9.837429013537236E-005  1.781596018126176E-004
   55647.9024652507      -1.737786443032352E-004  1.781460060835429E-004
   55647.9228995766      -1.730613537076486E-004  1.781525625577015E-004
   55647.9433338028       1.558222570139378E-004  1.781780720699859E-004
   55647.9637682290       3.543356741051440E-004  1.781889268502437E-004
   55647.9842025555       1.848938240556208E-005  1.781675131876118E-004
   55648.0046369821      -1.392553785684036E-005  1.781574993802864E-004
   55648.0250712089      -2.107402269183600E-004  1.781169925173732E-004
   55648.0455055358       1.792317173943125E-004  1.781755958719070E-004
   55648.0659399629      -1.639910427595481E-004  1.780694308259710E-004
   55648.0863741901      -5.925803959262455E-004  1.780192216271889E-004
   55648.1068085176      -5.991648529468652E-004  1.781092524516801E-004
   55648.1272429452      -7.504350026485973E-004  1.780040529672591E-004
   55648.1476771729      -8.591313932839739E-004  1.779977300966929E-004
   55648.1681115008      -9.670636824610224E-004  1.779936809677588E-004
   55648.1885459289      -2.775365459747325E-004  1.780972919477518E-004
   55648.2089801571      -1.565271869015117E-004  1.779879031722414E-004
   55648.2294145855       2.681965840700684E-005  1.781102958810592E-004
   55648.2498489140      -7.991767009229989E-005  1.781542289299935E-004
   55648.2702832427      -7.897452315042131E-005  1.780105159999807E-004
   55648.2907175716      -1.440755657762249E-004  1.780135528466813E-004
   55648.3111519006       3.408723604474417E-004  1.781801900758899E-004
   55648.3315862298      -3.731995551636835E-005  1.780550096975367E-004
   55648.3520205591      -9.202024540122533E-005  1.780162003540612E-004
   55648.3724548886      -3.099549448438710E-004  1.780452294938037E-004
   55648.3928893183      -1.109104026687513E-004  1.780141757895942E-004
   55648.4133236481       3.196422007503141E-004  1.781881325980297E-004
   55648.4337578782      -4.345912165204524E-005  1.780382058124604E-004
   55648.4541923083      -6.176857982098660E-005  1.780219314288602E-004
   55648.4746265386      -2.473012586479140E-004  1.780144405403322E-004
   55695.6373001677       2.096932553992126E-004  1.778299871438138E-004
   55695.6577345077       6.673831703873923E-005  1.777803541672261E-004
   55695.6781690475       4.183945504019349E-004  1.777691411947934E-004
   55695.6986034872       2.735103750892698E-004  1.778259535884526E-004
   55695.7190379269       1.634982493172732E-004  1.777763517590106E-004
   55695.7394723666       5.868883448907347E-004  1.778228233003151E-004
   55695.7599068062       5.367116400103455E-004  1.778146004538644E-004
   55695.7803412457       1.028315934981094E-005  1.777680977654143E-004
   55695.8007756851      -6.272224660730519E-005  1.777968310072731E-004
   55695.8212101245      -8.931203428974577E-005  1.777751370203304E-004
   55695.8416446638       1.620966170723381E-004  1.777769902754963E-004
   55695.8620791031       1.702824187579388E-004  1.778316535161059E-004
   55695.8825134422       4.255754666093736E-005  1.777720846000570E-004
   55695.9029479813       3.063630797977002E-004  1.777787656627982E-004
   55695.9233824203      -4.950522327629159E-005  1.777630675013924E-004
   55695.9438167593      -2.613928193393456E-004  1.777561528350588E-004
   55695.9642512983      -4.276201287622960E-004  1.777685805461718E-004
   55695.9846857371      -4.077277951595182E-004  1.777402833643520E-004
   55696.0051200759      -7.884486242017985E-004  1.776831439256635E-004
   55696.0255546147      -8.049102458798085E-004  1.777108493117161E-004
   55696.0459890533       2.110238483825633E-004  1.777250835572765E-004
   55696.0664235918      -3.113050771930137E-004  1.777466062349182E-004
   55696.0868579304       3.169776397051738E-004  1.778103488684837E-004
   55696.1072923688      -2.636535678535168E-005  1.777692034890847E-004
   55696.1277269072       2.258413465106024E-005  1.777407661451095E-004
   55696.1481612455      -9.889536259666265E-005  1.777648740358399E-004
   55696.1685956838      -3.366595786002957E-005  1.777847147676167E-004
   55696.1890302220      -2.317773354564290E-004  1.776941700152224E-004
   55696.2094645601       2.733081567263262E-005  1.777931244969412E-004
   55696.2298989982       6.918762053054195E-005  1.777670387624623E-004
   55696.2503334363      -1.715416847116735E-004  1.777797000771676E-004
   55696.2707678741      -1.312797554336997E-004  1.777404546736530E-004
   55696.2912024119      -2.360078736485249E-005  1.777579593695063E-004
   55696.3116367498      -6.839923890167299E-006  1.777252081458591E-004
   55696.3320711875       1.258233618177673E-004  1.777480857243364E-004
   55696.3525057251      -2.476848949437560E-004  1.776957585196503E-004
   55743.5352439883       3.207693021023417E-005  1.969411524777867E-004
   55743.5556780587       9.926651225700134E-005  1.969005687373506E-004
   55743.5761121290      -1.102962945189745E-004  1.969179946107932E-004
   55743.5965461988       2.876902557515937E-004  1.969320487233233E-004
   55743.6169802687       5.423745877353170E-005  1.969122166386842E-004
   55743.6374143381      -1.020313196297140E-004  1.969327230755058E-004
   55743.6578484075       1.867007456106684E-004  1.969318188305338E-004
   55743.6782824766      -2.371459016581312E-005  1.969308992593759E-004
   55743.6987166453       9.755300018232660E-006  1.969291980527338E-004
   55743.7191506140       1.322936626619864E-004  1.969675901485768E-004
   55743.7395846822      -9.990471625320740E-005  1.969388535498919E-004
   55743.7600188504      -2.737772394689753E-004  1.969252132443828E-004
   55743.7804528182      -1.241563017513325E-004  1.969419954180148E-004
   55743.8008869859       2.874632954332768E-004  1.969615669574925E-004
   55743.8213210532      -5.006626534861391E-004  1.969081398732175E-004
   55743.8417550203      -8.480160768611356E-004  1.968820547047046E-004
   55743.8621891874      -1.191894180652686E-003  1.968773802179851E-004
   55743.8826232540      -1.194553604603299E-003  1.968481991599072E-004
   55743.9030572205      -1.221825929840770E-003  1.968756636851570E-004
   55743.9234913867      -7.014047296075576E-004  1.968972889335541E-004
   55743.9439253528      -5.277729233397199E-004  1.969387156142182E-004
   55743.9643594185      -1.376591758606160E-005  1.969694752694505E-004
   55743.9847935839       4.464842069840103E-006  1.969437119508429E-004
   55744.0052275493       9.021956882526716E-005  1.969824718751491E-004
   55744.0256617143      -3.396325072746453E-005  1.969451832646956E-004
   55744.0460957790      -8.557569578515611E-006  1.969629156618574E-004
   55744.0665298437       1.543106284900286E-004  1.969539498430677E-004
   55744.0869639080      -2.494913663302345E-004  1.969613830432609E-004
   55744.1073979720      -4.431586891594508E-004  1.969493979658360E-004
   55744.1278320361       1.241423478874903E-004  1.969579346514187E-004
   55744.1482660996      -4.446509165489942E-005  1.969683411316891E-004
   55744.1687001630      -1.887460075143954E-004  1.969398804043516E-004
   55744.1891342261       3.879776390294243E-004  1.970151166512552E-004
   55744.2095683892      -5.361379382695652E-005  1.969594212914573E-004
   55744.2300023518       4.437674751935905E-004  1.970630263085826E-004
   55791.4115608767       1.671926285091718E-004  1.973020075263393E-004
   55791.4319942133      -1.115788981209676E-004  1.972792328139949E-004
   55791.4524276498      -2.160872422951599E-004  1.973065594035709E-004
   55791.4728611859      -1.084218067346487E-004  1.973273723641118E-004
   55791.4932945218       9.560497943805757E-005  1.972916930031846E-004
   55791.5137279574      -1.887092085522957E-004  1.973284605233153E-004
   55791.5341614925       1.497565840025139E-004  1.973105901904798E-004
   55791.5545948277       4.600737897209051E-005  1.973302996656312E-004
   55791.5750282624      -1.448596130321222E-004  1.972654239204401E-004
   55791.5954617968      -2.149299650610059E-004  1.972694240549771E-004
   55791.6158952311       1.426705778806436E-005  1.973106208428518E-004
   55791.6363286648       1.668811178978657E-005  1.973309586916277E-004
   55791.6567620986       4.070884775719819E-005  1.972977161942690E-004
   55791.6771955319       1.043100961806154E-005  1.973117549806132E-004
   55791.6976289649      -6.572844925287757E-004  1.972646116325840E-004
   55791.7180623975      -9.705011594993707E-004  1.972150467471723E-004
   55791.7384958301      -1.148575080032743E-003  1.972475689137906E-004
   55791.7589293623      -1.299415616829114E-003  1.972183725295267E-004
   55791.7793626941      -1.375698774983225E-003  1.972457144452888E-004
   55791.7997961258      -8.894080806909344E-004  1.972365800384535E-004
   55791.8202296572      -6.149326717855841E-004  1.972720141804052E-004
   55791.8406629882      -4.504068316438792E-004  1.972883059160863E-004
   55791.8610964189      -4.536152043702613E-004  1.972724586397982E-004
   55791.8815299494       1.560340229684876E-004  1.973060229870622E-004
   55791.9019632797      -8.319540293377781E-005  1.972781906333492E-004
   55791.9223968097       2.200358689232740E-004  1.972817463084932E-004
   55791.9428301393       2.004400120791949E-005  1.972731483181666E-004
   55791.9632635686       5.956678663809889E-005  1.973200157948485E-004
   55791.9836970977      -2.096230488831674E-004  1.972633548853348E-004
   55792.0041304266       2.793404511451936E-004  1.972718609185455E-004
   55792.0245638550      -3.432107259726536E-006  1.973139926037641E-004
   55792.0449973834      -3.530699083098554E-004  1.973053179825078E-004
   55792.0654307114      -4.128672134779965E-004  1.972733628847701E-004
   55792.0858641391      -1.727520817323969E-004  1.973076169104026E-004
   55792.1062976663      -4.037593032756304E-004  1.972918309388583E-004
   55839.2863903920       3.974895696226000E-004  1.939001337734934E-004
   55839.3068232619      -3.883299436446830E-005  1.937958880957589E-004
   55839.3272561317       3.635057876905101E-005  1.937868218464141E-004
   55839.3476890011       6.810866600703847E-006  1.938013440350968E-004
   55839.3681218705      -2.142424104543128E-004  1.937524510475586E-004
   55839.3885547399      -2.149205585862957E-004  1.937763794699365E-004
   55839.4089875088      -5.417639866611701E-005  1.937791479139329E-004
   55839.4294204777      -3.406969426111850E-005  1.937587326631761E-004
   55839.4498533464       2.442039205845514E-004  1.937909502278122E-004
   55839.4702863148      -1.752926760006934E-004  1.937982356067500E-004
   55839.4907190833       2.180606544177621E-005  1.937882141632777E-004
   55839.5111519512       1.558081732209171E-004  1.937969404282721E-004
   55839.5315849192      -3.088247873214156E-004  1.937547176098948E-004
   55839.5520176872      -2.751034804182595E-005  1.937599792724610E-004
   55839.5724505547      -2.283109333884870E-004  1.937696769213138E-004
   55839.5928835222      -7.520266253095986E-004  1.937332338368937E-004
   55839.6133162895      -5.002145373060873E-004  1.937638486181635E-004
   55839.6337491566      -8.098691547506753E-004  1.937515120431622E-004
   55839.6541821236      -5.888658615482711E-004  1.937553328196718E-004
   55839.6746149904      -5.980132260464677E-004  1.937509615923091E-004
   55839.6950477570      -4.111777604846045E-004  1.937981546580951E-004
   55839.7154807234      -1.287577685982200E-005  1.937998060106543E-004
   55839.7359135897      -9.411028437011915E-005  1.937765413672463E-004
   55839.7563464558      -1.964722096458038E-004  1.937690617115368E-004
   55839.7767793217      -1.328916935044999E-004  1.937704054592075E-004
   55839.7972121874       2.075322869228291E-004  1.938556605825109E-004
   55839.8176450530       2.036992793192915E-004  1.938560653257852E-004
   55839.8380779182      -2.772813053774081E-004  1.938224878237474E-004
   55839.8585107836      -2.923353994854772E-005  1.938506093864473E-004
   55839.8789437486      -2.710930042282289E-005  1.938160443108202E-004
   55839.8993765135      -1.019853976258478E-004  1.938074313739426E-004
   55839.9198093783      -4.688732499333881E-004  1.937871942102264E-004
   55839.9402422427       2.144322712771540E-005  1.938578947653851E-004
   55839.9606751070      -1.039395775618290E-004  1.938016192605233E-004
   55839.9811080713      -1.315797690889520E-004  1.938051648116064E-004
   55887.1603361638      -1.632639884613374E-004  1.930973012042781E-004
   55887.1807688904       8.650382889752173E-005  1.931023524003416E-004
   55887.2012017170      -9.203285921310922E-005  1.930894491847562E-004
   55887.2216343437       8.664785046152979E-005  1.930841389529971E-004
   55887.2420670705       5.966181730432396E-005  1.931292597332186E-004
   55887.2624998974      -3.981124772357569E-004  1.930401352642128E-004
   55887.2829325243       3.456321768124937E-004  1.930732918332453E-004
   55887.3033652513      -7.891472804733013E-005  1.930844627476166E-004
   55887.3237980784      -9.446550098823892E-006  1.930849322498148E-004
   55887.3442307055       8.288362284014639E-005  1.930477444377700E-004
   55887.3646634327       1.059157795304522E-004  1.931162431895164E-004
   55887.3850962599       1.003407607358398E-005  1.930974954810498E-004
   55887.4055289872      -1.456136129585062E-005  1.930412037864570E-004
   55887.4259617146      -5.327419619538531E-005  1.930956984209118E-004
   55887.4463944421      -5.174223826931446E-005  1.930596762694971E-004
   55887.4668271696      -4.770650386181075E-004  1.929768819853016E-004
   55887.4872598972      -7.412561078888880E-004  1.930141507460012E-004
   55887.5076926249      -9.396779297429214E-004  1.930318137424927E-004
   55887.5281253526      -6.955025112469482E-004  1.930124346345181E-004
   55887.5485580804      -2.626048887176546E-004  1.930567135487290E-004
   55887.5689908083      -1.766660370245976E-004  1.930680625501410E-004
   55887.5894235362      -1.186333957322594E-004  1.930416732886552E-004
   55887.6098563642      -1.632305421005453E-004  1.930249654862911E-004
   55887.6302889923       4.598817831922286E-004  1.930589477316033E-004
   55887.6507218204      -2.519623664992698E-004  1.930215656427868E-004
   55887.6711545486      -3.018664152011352E-004  1.930206104486594E-004
   55887.6915871769       2.391095960703193E-004  1.930244150354381E-004
   55887.7120200052      -6.458891185379123E-005  1.930172106051551E-004
   55887.7324527336      -4.099393146020924E-004  1.930239455332399E-004
   55887.7528853621      -1.655810194045593E-004  1.930408638021065E-004
   55887.7733181907       2.251568277460425E-004  1.930604533765838E-004
   55887.7937508193       2.044301285681893E-004  1.930461416544037E-004
   55887.8141836480       2.554803061378674E-004  1.930495253081770E-004
   55887.8346163767       5.606503954558306E-005  1.929733040547566E-004
   55887.8550490056       7.937233927046705E-005  1.930391800700854E-004
   55887.8754818345       1.453863017140122E-004  1.930372211126376E-004
   55935.0346131173       9.491387264848328E-005  2.095303001331489E-004
   55935.0550462818      -3.333067812349988E-004  2.094941285998838E-004
   55935.0754795466       3.811436406471191E-004  2.095785970601677E-004
   55935.0959126116      -3.424303215325830E-004  2.095325512611032E-004
   55935.1163457769      -5.805379729516558E-004  2.095004897417545E-004
   55935.1367790426      -4.319779702910420E-005  2.095641182144618E-004
   55935.1572122085      -2.027677639596659E-004  2.095542268946628E-004
   55935.1776452747      -5.274013065219574E-004  2.094612143805525E-004
   55935.1980785412      -2.859516396540585E-004  2.095194367353696E-004
   55935.2185117079       1.859702531548102E-005  2.095485479127782E-004
   55935.2389447749       1.535557536072041E-004  2.095386395389795E-004
   55935.2593780423       2.029327474581955E-004  2.095776761441864E-004
   55935.2798112100       1.428562425447311E-004  2.095522315767033E-004
   55935.3002444778      -1.313761985473061E-004  2.095145081294697E-004
   55935.3206775461      -8.572745383840230E-004  2.094546826986852E-004
   55935.3411107145      -6.513989828338396E-004  2.094961239178432E-004
   55935.3615439833      -4.418387286861947E-004  2.095182941173928E-004
   55935.3819770523      -4.560416961462144E-004  2.095297885131593E-004
   55935.4024102216      -5.535099524582865E-004  2.095081469875990E-004
   55935.4228434913      -1.789696657471529E-004  2.095370705710113E-004
   55935.4432765612      -1.419736636092406E-004  2.095593601485585E-004
   55935.4841430019      -5.331951121512191E-006  2.095461262448274E-004
   55935.5045760727      -2.454994509611952E-004  2.095081299335993E-004
   55935.5250093437      -1.441199662132187E-004  2.096265187991941E-004
   55935.5454424151       2.621920993548521E-004  2.095681088503808E-004
   55935.5658755866       4.232210874741682E-004  2.095610996565232E-004
   55935.5863088586      -1.471542578476148E-004  2.096361884169977E-004
   55935.6067419308      -5.141661176799595E-004  2.095578423425893E-004
   55935.6271751033      -2.699521216573686E-004  2.095431759028873E-004
   55935.6476083760       4.455500434352722E-005  2.096264676371951E-004
   55935.6680415491       8.990032256872560E-005  2.096680111803511E-004
   55935.6884747225      -1.966939029095505E-004  2.096289404671449E-004
   55935.7089078962       6.615722786238454E-004  2.097089066715203E-004
   55935.7293410701      -2.526198885599573E-004  2.096062245396064E-004
   55935.7497742442      -1.668474449449953E-004  2.096356085810094E-004
   55982.9103814797       3.714788704356486E-005  2.082887348503727E-004
   55982.9308153748      -4.995984401823250E-005  2.083277373475804E-004
   55982.9512493702       4.260763319274830E-005  2.083363666714050E-004
   55982.9716831659       9.976059831351414E-005  2.083168057338024E-004
   55982.9921170618       7.381735396050360E-005  2.083220583656957E-004
   55983.0125510581       1.616491123188624E-004  2.083415510872997E-004
   55983.0329848546      -3.057867823328397E-004  2.083053795540346E-004
   55983.0534187515      -2.401728601642006E-004  2.082943285622591E-004
   55983.0738527487      -1.539216549445444E-004  2.082961703942217E-004
   55983.0942865461      -5.191603151977198E-005  2.083107345099258E-004
   55983.1147205438      -2.758976498631327E-004  2.083012013241195E-004
   55983.1351544419       3.849256709647086E-004  2.083332116814691E-004
   55983.1555882402      -2.196237818137270E-004  2.082984726841749E-004
   55983.1760222388       1.681876667172233E-004  2.083271404575925E-004
   55983.1964561377       6.803774229857673E-005  2.083291357755520E-004
   55983.2168899370      -5.764710476241497E-004  2.082817768185141E-004
   55983.2373239365      -3.492314672874919E-004  2.082926743242927E-004
   55983.2577578363      -1.010297703965102E-003  2.082620453409150E-004
   55983.2781918365      -6.060905368100444E-004  2.082581399749943E-004
   55983.2986256368      -6.454659037528065E-004  2.082827147884950E-004
   55983.3190595375      -3.868039898745623E-004  2.082752792446461E-004
   55983.3394935386       9.559847851781100E-005  2.083083128419750E-004
   55983.3599274399      -2.037900911561197E-004  2.083195002657477E-004
   55983.3803612415      -1.949428771413908E-004  2.082898774683495E-004
   55983.4007952433      -1.555265475616796E-004  2.083298690975370E-004
   55983.4212291454       3.538603728174827E-004  2.083629709108645E-004
   55983.4416630480      -2.790817925182321E-004  2.083092337579563E-004
   55983.4620969508       3.238718164693122E-004  2.083576500629726E-004
   55983.4825308538       3.120005760901545E-004  2.083577694409702E-004
   55983.5029647572       4.504000997802571E-004  2.083433588112630E-004
   55983.5233986608       3.305262821320376E-004  2.083198925077397E-004
   55983.5438324648      -5.974239382400270E-005  2.082944308862570E-004
   55983.5642664691       8.306723655047143E-004  2.083419262752921E-004
   55983.5847003736      -7.306778700011396E-005  2.083017299981087E-004
   55983.6051341784       1.149102707815874E-004  2.082919921643066E-004
   55983.6255681835       4.123159786506569E-004  2.083067268200072E-004
   56030.7876311659       9.387411185990402E-005  1.805248458639447E-004
   56030.8080655637      -9.529028770871584E-005  1.805389795803565E-004
   56030.8284998616      -2.145255894923093E-004  1.805331127546761E-004
   56030.8489343596       5.227780175853791E-004  1.805858514390007E-004
   56030.8693687577       1.239491755220534E-004  1.805847533700231E-004
   56030.8898030560       1.932687180756787E-004  1.805333323684716E-004
   56030.9102375544       1.207280320649762E-004  1.805600781914263E-004
   56030.9306719528      -6.355242625566415E-005  1.805733961994547E-004
   56030.9511064514      -2.773935494485569E-004  1.805178652825870E-004
   56030.9715407501      -1.564075386151220E-004  1.805671685796817E-004
   56030.9919751489      -2.723784844724797E-004  1.805276224097881E-004
   56031.0124096478       1.998046965456801E-004  1.805670744594836E-004
   56031.0328439469      -3.023679721049222E-004  1.805097081987533E-004
   56031.0532783460      -2.075042548161932E-004  1.805450660198324E-004
   56031.0737128453       4.391056585968389E-004  1.806168012974697E-004
   56031.0941471446      -8.384203758040609E-004  1.804921234084119E-004
   56031.1145815441      -7.906925242217033E-004  1.804890488152746E-004
   56031.1350160437      -8.971517590005140E-004  1.805320617457975E-004
   56031.1554504434      -1.280329059803353E-003  1.805324852866889E-004
   56031.1758848432      -7.140546451076535E-004  1.805498190898355E-004
   56031.1963192431      -5.772697377487424E-004  1.805555447352187E-004
   56031.2167535432      -2.441674531099558E-004  1.805859298724992E-004
   56031.2371880433      -3.485543175425487E-004  1.805820552576781E-004
   56031.2576224436       3.818486251148112E-004  1.805747609423269E-004
   56031.2780567439      -3.418457615672610E-004  1.805520936612891E-004
   56031.2984912444      -1.191275610875620E-004  1.806059617879907E-004
   56031.3189256450      -9.370132331576464E-005  1.805797179394258E-004
   56031.3393601457      -2.913203141517995E-004  1.805559839628097E-004
   56031.3597944465       4.865816230292808E-005  1.805711373147008E-004
   56031.3802288474      -3.151608898237512E-004  1.805822434980743E-004
   56031.4006633484      -2.855133993060477E-004  1.805685333225539E-004
   56031.4210976495      -1.998018106815769E-004  1.806085187200386E-004
   56031.4415320508      -2.283910474168982E-004  1.805896005602243E-004
   56031.4619665521      -4.324530082134848E-004  1.805667136653910E-004
   56031.4824008536       1.183461988725210E-004  1.806238603123257E-004
   56031.5028353551      -1.388181590040727E-004  1.806105109308979E-004
   56078.6655355767      -1.189447414658984E-004  1.798713850153689E-004
   56078.6859700699      -2.194237104932162E-004  1.798646083611071E-004
   56078.7064044632      -3.037999912813838E-005  1.799201392779748E-004
   56078.7268387563      -1.817596463690174E-004  1.798740988144136E-004
   56078.7677076422      -2.500132854239556E-004  1.798377056711557E-004
   56078.7881421350      -1.100648199686693E-004  1.798962170609626E-004
   56078.8085764277      -2.265881366048106E-005  1.799002642294801E-004
   56078.8290108202       5.702411857511080E-005  1.799150097271794E-004
   56078.8494453127      -1.083624730677801E-004  1.798687496498227E-004
   56078.8698796051      -1.516196839604911E-004  1.798827421859374E-004
   56078.8903139973      -8.630257690334098E-005  1.798940366097071E-004
   56078.9107484894      -1.459257081382059E-004  1.798700987059952E-004
   56078.9311828814       2.838800246232065E-004  1.799157783754637E-004
   56078.9516172734      -6.240015416697497E-004  1.798273681360664E-004
   56078.9720516651      -4.828605197785274E-004  1.798706006803849E-004
   56078.9924860568      -9.854295012911019E-004  1.797981438145623E-004
   56079.0129204484      -1.387783409621202E-003  1.798426156081555E-004
   56079.0333548397      -1.163021996263169E-003  1.797889827819491E-004
   56079.0537892311      -1.044672316009354E-003  1.798639181463212E-004
   56079.0742237224      -3.631108409833939E-004  1.798823343317457E-004
   56079.0946580135       1.025154011680129E-005  1.799109468719622E-004
   56079.1150924045       2.495586221635815E-004  1.799268531854379E-004
   56079.1355268954       1.801093238407159E-004  1.798737380203210E-004
   56079.1559611861      -1.213095839615042E-004  1.798722477838513E-004
   56079.1763956768       1.955915770568417E-005  1.798985543792149E-004
   56079.1968300674       3.698276983388205E-005  1.798725928912443E-004
   56079.2172643578      -2.966538412665365E-004  1.798452352870021E-004
   56079.2376988481      -1.523152751075063E-004  1.798838245682153E-004
   56079.2581332383      -3.453435574404251E-004  1.797728254812786E-004
   56079.2785675284      -4.900847304045719E-005  1.798365762287787E-004
   56079.2990020184       2.300916676849507E-004  1.798490785284238E-004
   56079.3194363083      -6.071638686688807E-005  1.798526080358518E-004
   56079.3398706980      -2.462022461814373E-004  1.798631651847365E-004
   56079.3603051877       3.067098507270050E-004  1.798880129170299E-004
   56079.3807394772       1.683355779733553E-004  1.798479333993471E-004
   56174.4392423617      -1.519841036297098E-004  2.022396876330335E-004
   56174.4596757520       2.303661776976718E-004  2.022331449013244E-004
   56174.4801090421       7.068614302063736E-005  2.022410024403625E-004
   56174.5005422320       4.865434264678115E-004  2.022748900340229E-004
   56174.5209756216      -6.495537209838531E-004  2.021197584216590E-004
   56174.5414089110       2.314668317107138E-004  2.022332075111973E-004
   56174.5618422002       7.977842707118654E-005  2.022521626501916E-004
   56174.5822754889       2.821623413007401E-004  2.022580166732997E-004
   56174.6027087776      -2.018544029732672E-004  2.022161776257919E-004
   56174.6231420659      -1.951479589994420E-004  2.022435694451479E-004
   56174.6435753539      -2.516912114527425E-004  2.022290752595916E-004
   56174.6640086414      -6.579773594439509E-005  2.022472321227075E-004
   56174.6844420289       4.204150682474150E-005  2.022381380386813E-004
   56174.7048753160      -3.293118750554713E-004  2.022275726226440E-004
   56174.7253085031      -6.770485671832027E-004  2.022156767468094E-004
   56174.7457418897      -1.350067003784705E-003  2.021976294509709E-004
   56174.7661751761      -1.707229991050996E-003  2.021378057174975E-004
   56174.7866083620      -1.634948119945689E-003  2.021844970301483E-004
   56174.8274750336      -1.699498070930394E-003  2.021569956435149E-004
   56174.8479082188      -5.538583696944599E-004  2.022189168077275E-004
   56174.8683416038      -3.280115939685579E-004  2.022202785724612E-004
   56174.8887748885       3.030533495891330E-004  2.022737943612487E-004
   56174.9092080730       1.184268996963223E-004  2.022467155912568E-004
   56174.9296414571       2.760123867822095E-004  2.022481869232679E-004
   56174.9500747411       3.605327135349778E-004  2.022745456797224E-004
   56174.9705080247      -2.011541643227588E-004  2.022249117030494E-004
   56174.9909413081       4.026697650605371E-005  2.022228612297148E-004
   56175.0113744912       4.820221041659245E-004  2.022729178230293E-004
   56175.0318078741       4.816272785093112E-004  2.022683316498457E-004
   56175.0522411565       2.162180749694098E-004  2.022500808719205E-004
   56175.0726744389       1.798505073700163E-004  2.022539626840349E-004
   56175.0931077209       2.485234611904197E-004  2.022510043675445E-004
   56175.1135410026      -1.828130094094771E-004  2.022514426366542E-004
   56175.1339742841      -1.615969267106943E-004  2.022140801950527E-004
   56222.3137911310       2.193389188649419E-004  1.938565644763387E-004
   56222.3342238211       1.000486975348824E-004  1.938512373107868E-004
   56222.3546567110      -1.550597765540562E-004  1.938220600829476E-004
   56222.3750895007      -3.320091974213790E-004  1.938359237462034E-004
   56222.3955222903      -1.470885520560294E-004  1.938654919586702E-004
   56222.4159550797       2.448449743885917E-005  1.938400779578723E-004
   56222.4363878691       3.609437156848472E-005  1.938573627366201E-004
   56222.4568206584       3.904419705635931E-005  1.938331379807313E-004
   56222.4772534475      -9.439156615886901E-006  1.938639931842642E-004
   56222.4976862365      -2.050147005605574E-004  1.938386443475709E-004
   56222.5181190253      -6.308594217885322E-005  1.938552774852726E-004
   56222.5385518141       2.278666172785826E-004  1.938641560945257E-004
   56222.5589845027       2.713950067252391E-004  1.938922418236127E-004
   56222.5794173911      -2.030638336564250E-004  1.938484515453147E-004
   56222.5998501795       7.305582761119034E-005  1.938740284563742E-004
   56222.6202828677      -2.301325499997064E-004  1.938550005378280E-004
   56222.6407157558      -6.974903173013747E-004  1.938100373056471E-004
   56222.6611485438      -6.053530571402677E-004  1.938282995459640E-004
   56222.6815814316      -2.181751077083849E-004  1.938467735696210E-004
   56222.7020141194      -8.229615914714383E-004  1.938277130690225E-004
   56222.7224469069       5.018336481499297E-005  1.938748104256295E-004
   56222.7428797943      -4.922633254021980E-004  1.938288697318794E-004
   56222.7633124816       2.021220062784490E-004  1.938775310269970E-004
   56222.7837452689       4.360115036263768E-004  1.939129314268264E-004
   56222.8041781560      -2.541922886601933E-004  1.938309549832269E-004
   56222.8246109428       2.081419187494049E-005  1.938643841688919E-004
   56222.8450436297       1.524097692369164E-004  1.938875662991069E-004
   56222.8654765164      -2.523811693639910E-004  1.938634392893750E-004
   56222.8859093030      -3.411086510908268E-004  1.938664368381871E-004
   56222.9063419894       1.756480193377818E-004  1.938817666937966E-004
   56222.9267748757       1.762513527414633E-005  1.938738166730342E-004
   56222.9472076619      -2.540169786231505E-004  1.938526383390359E-004
   56222.9676405479      -4.782039208295341E-005  1.938665182933179E-004
   56222.9880732339       2.287560008973344E-004  1.938696787523914E-004
   56223.0085060197       3.815408452525482E-004  1.938946854775356E-004
   56270.1876810657       1.343172003505089E-004  1.929094367978834E-004
   56270.2081138424      -1.054739050868614E-004  1.928779951174090E-004
   56270.2285467191      -1.602778077902656E-005  1.929066999054897E-004
   56270.2489793961      -1.624093360994561E-004  1.928801292418350E-004
   56270.2694121731      -6.745769049409933E-005  1.928818072175287E-004
   56270.2898450503       1.080067516692207E-004  1.929027900592131E-004
   56270.3102777276       3.537512846034652E-004  1.929109192812632E-004
   56270.3307106050       1.292243150208261E-004  1.929085733734973E-004
   56270.3715760602       2.417467250193095E-004  1.929093716337787E-004
   56270.3920089380       3.007697918717689E-004  1.929144055608599E-004
   56270.4124417159      -6.915016429953624E-005  1.928926407499201E-004
   56270.4328744940      -6.619178344025034E-005  1.929093716337787E-004
   56270.4533072721      -1.049861609709879E-004  1.929000368757934E-004
   56270.4737400505       4.362905444277310E-005  1.928864012869037E-004
   56270.4941727289      -2.932926415486481E-004  1.928851794599422E-004
   56270.5146056074      -5.165571118523893E-004  1.928339604737187E-004
   56270.5350383861      -5.147292277279947E-004  1.928417964572981E-004
   56270.5554711649      -7.768761398998514E-004  1.928327223557311E-004
   56270.5759039438      -4.276119544595058E-004  1.928408678688074E-004
   56270.5963367229      -6.745917481225661E-004  1.928263851465578E-004
   56270.6167695021      -5.201093116258271E-005  1.928916144152725E-004
   56270.6372022814      -1.302255847085432E-004  1.928591626911767E-004
   56270.6576350609      -4.401082543417090E-004  1.928623231502503E-004
   56270.6780679404      -2.451981149709237E-004  1.928699147684373E-004
   56270.6985006201      -2.096132949103158E-005  1.928942535615092E-004
   56270.7189333999       8.060394188080799E-005  1.928989616680673E-004
   56270.7393662799      -1.415329294099932E-004  1.928669823837299E-004
   56270.7597989599      -9.106509437339927E-005  1.928855704445699E-004
   56270.7802318402      -1.346571528494378E-004  1.928901482229188E-004
   56270.8006646205       3.213556753123292E-005  1.928911908485925E-004
   56270.8210973009      -3.759625509514031E-004  1.928800152046519E-004
   56270.8415301815      -7.818619268684657E-005  1.928755677545123E-004
   56270.8619629622      -2.432391534261669E-004  1.928838435957977E-004
   56270.8823956431       2.050779787798884E-004  1.928896757831603E-004
   56270.9028285241      -1.569736531191745E-004  1.928500234255051E-004
   56365.9383709623      -4.649007046215736E-004  2.076778103599714E-004
   56365.9588050048       1.889757120099311E-005  2.077365156334932E-004
   56365.9792391477      -9.720135611057668E-005  2.076916102237413E-004
   56365.9996730908       1.931734345645975E-004  2.077434413434549E-004
   56366.0201072341      -4.543868878181812E-005  2.077399698957818E-004
   56366.0405412777      -3.653933902125761E-004  2.077133153643906E-004
   56366.0609753216       3.311699199093354E-005  2.077082284905726E-004
   56366.0814093657       5.004662736829424E-005  2.077211518997319E-004
   56366.1018434101      -2.045321867483185E-004  2.076818145545647E-004
   56366.1222774548      -9.784902160492326E-005  2.077313256473680E-004
   56366.1631455450      -1.622805919411219E-004  2.076520494685753E-004
   56366.1835795904       2.145823381445311E-004  2.077375295711799E-004
   56366.2040136362      -1.942598790560801E-005  2.076365310663534E-004
   56366.2244476822      -3.192669891094457E-005  2.076481312009047E-004
   56366.2448818285      -6.725550649012701E-004  2.076299318786976E-004
   56366.2653158751      -6.281640937175759E-004  2.075778429782162E-004
   56366.2857498219      -8.524662153014395E-004  2.075526492045093E-004
   56366.3061839689      -7.139312756521132E-004  2.076091547488124E-004
   56366.3266180163      -9.491164614685577E-004  2.075654351305925E-004
   56366.3470519639      -4.942495584672191E-004  2.076028820834624E-004
   56366.3674861118      -8.344764184564646E-005  2.076091547488124E-004
   56366.3879201599      -1.857630322733561E-004  2.075753510974607E-004
   56366.4287882570       5.258244555994551E-006  2.076115778880298E-004
   56366.4492223060       2.452630808980061E-005  2.076427178047807E-004
   56366.4696564551      -6.917784336668564E-005  2.076144994033982E-004
   56366.4900904046       2.226296344696177E-004  2.075732544805492E-004
   56366.5105244543       6.911336121939726E-005  2.076103061695753E-004
   56366.5309585044       1.312391465710938E-004  2.076198268725996E-004
   56366.5513925546       8.851531735443174E-005  2.076250512294938E-004
   56366.5718266052      -3.437560721135657E-004  2.075852155081755E-004
   56366.5922606559      -1.673474076612225E-004  2.075971249796481E-004
   56366.6126947070       2.760509243937559E-004  2.076268213240994E-004
   56366.6331288583       4.073001823841071E-004  2.076174896603048E-004
   56366.6535628100      -2.209481221854270E-004  2.076259104987198E-004
   56413.8158618435      -2.528685459934898E-005  1.793886670283732E-004
   56413.8362963862      -8.617772018693071E-005  1.793843302208825E-004
   56413.8567308291       4.614257422330681E-005  1.793682130672261E-004
   56413.8771652720       1.917476383808125E-004  1.793369722830840E-004
   56413.8975997149      -2.158104262586225E-004  1.793359314492862E-004
   56413.9180341580      -7.113686958559740E-005  1.793548714703638E-004
   56413.9384686011       1.627292080024212E-004  1.794350787536283E-004
   56413.9589030442       2.026915180606270E-004  1.793468128935356E-004
   56413.9793374874      -1.849915466937135E-004  1.794020717060717E-004
   56413.9997719307       2.596617308585625E-004  1.794209486463131E-004
   56414.0202063740      -6.236282541427496E-005  1.794038695099043E-004
   56414.0406408174       1.424601578514650E-004  1.794202862975327E-004
   56414.0610752608      -5.108558168388511E-004  1.792914436895361E-004
   56414.0815097043      -5.876293241178221E-004  1.787118411960598E-004
