   54983.7521099451      -4.536120592780746E-004  3.835420523436436E-004
   54983.7725441457       1.126380048368514E-004  3.833927826917130E-004
   54983.7929784463      -1.250593619834817E-004  3.834038002136412E-004
   54983.8134128469      -6.291744741390159E-004  3.833171606325999E-004
   54983.8338470470      -2.742270059902241E-004  3.834766185306147E-004
   54983.8542813471       3.989966644315501E-004  3.831742882514663E-004
   54983.8747157470      -4.123695158042562E-005  3.834550178693433E-004
   54983.8951499467       1.585313578365000E-004  3.830142775028888E-004
   54983.9155842463       5.046593791215859E-004  3.832383794274143E-004
   54983.9360185458      -1.119227256707322E-005  3.827730372109194E-004
   54983.9564528450      -9.123277103322280E-004  3.827565306726901E-004
   54983.9768871441       7.348491431977688E-004  3.831112237979919E-004
   54983.9973214429       1.847716343394978E-004  3.832953625246990E-004
   54984.0177557416      -1.516913350418925E-004  3.829921239910547E-004
   54984.0381900403       3.740645363745632E-004  3.829885304623971E-004
   54984.0586243386       7.090600969694716E-004  3.824080373715557E-004
   54984.0790586368       3.451570038051077E-004  3.830334298259540E-004
   54984.0994930349       1.542259680509250E-004  3.828640995964623E-004
   54984.1199272329      -2.163344318228955E-004  3.831211751081207E-004
   54984.1403615305      -6.388459391122314E-004  3.830378526304556E-004
   54984.1812301256      -1.528559615072589E-003  3.831671011941512E-004
   54984.2016644227       1.593003980511210E-004  3.835424472369027E-004
   54984.2220987198       9.850031288682892E-005  3.833975214108219E-004
   55009.3356810561       2.908135861343641E-004  3.574724055167102E-004
   55009.3561151949      -3.455946512670449E-004  3.574324350205081E-004
   55009.3765492336      -1.578244795539252E-004  3.574662644013967E-004
   55009.3969831720      -9.413637979706069E-004  3.573876723244950E-004
   55009.4174173102      -9.712601528155673E-005  3.574394280824547E-004
   55009.4378513482       5.334441808344526E-004  3.575183041415675E-004
   55009.4582852859       2.377073722326095E-005  3.574725830055921E-004
   55009.4787193234       1.181708523832370E-003  3.575539084112750E-004
   55009.4991534604      -1.500308268120865E-004  3.574623241482188E-004
   55009.5195873974       4.062268472764252E-004  3.575048859820965E-004
   55009.5400214342       3.112084351108990E-006  3.574965440046475E-004
   55009.5604555705      -3.726350954338375E-004  3.574608332416109E-004
   55009.5808896069      -8.941801066980615E-004  3.574215372031600E-004
   55009.6013235427      -8.031258695356813E-004  3.574055987015661E-004
   55009.6217575786      -7.469030516228381E-004  3.574132662212638E-004
   55009.6421917140      -3.223947617331246E-004  3.574425163889996E-004
   55009.6626256491      -3.173655620059002E-005  3.574918582981656E-004
   55009.6830596841       4.998954976895842E-004  3.575408097317914E-004
   55009.7034938190       1.861991418754538E-004  3.575196530570699E-004
   55009.7239277534       1.898251497849390E-004  3.575694209395524E-004
   55009.7443617877      -2.556485491909122E-004  3.574800020408552E-004
   55009.7647958217       9.284193501302163E-005  3.575055249420712E-004
   55009.7852298554      -9.403785732953196E-005  3.574773752054032E-004
   55009.8056638887      -1.870234514682600E-004  3.575193335770825E-004
   55009.8260979220      -1.766527371417359E-004  3.575192980793061E-004
   55034.9188879450      -1.583206664421688E-004  3.570494140133853E-004
   55034.9393217469      -6.505775301690608E-004  3.569360341156327E-004
   55034.9597554489       4.609855644861494E-004  3.571073463844348E-004
   55034.9801891504       2.642431272192880E-004  3.570734815057698E-004
   55035.0006228517       3.986298040643543E-004  3.571062814511435E-004
   55035.0210565525       2.688265264565448E-004  3.570969455359560E-004
   55035.0414902533       9.931526666773216E-005  3.570612702706957E-004
   55035.0619238537       3.624493658431760E-004  3.570772442700659E-004
   55035.0823576538       4.540076836891949E-004  3.568767528290808E-004
   55035.1027913534      -1.111307866131783E-004  3.570609862884846E-004
   55035.1232249531      -3.716638663222582E-004  3.569394064043886E-004
   55035.1436587523      -4.362713501246951E-004  3.569454055285966E-004
   55035.1640924512      -2.550744838087926E-004  3.569749751763198E-004
   55035.1845260500      -1.514242155489232E-004  3.569738747452520E-004
   55035.2049597485       5.996129210661394E-005  3.570660624705068E-004
   55035.2253935465      -2.276247644855678E-004  3.569699344920741E-004
   55035.2458272443      -5.916583451467394E-004  3.568479641324379E-004
   55035.2662608418       4.269691620486515E-004  3.570855152519621E-004
   55035.2866946389      -7.147715840556401E-004  3.568307832086708E-004
   55035.3071283360      -4.936503142444204E-004  3.568505554701135E-004
   55035.3275619326       2.782885214012154E-004  3.568663164828255E-004
   55035.3479956290       4.058670390145735E-004  3.570882840785196E-004
   55035.3684294252      -1.189323214400018E-004  3.569619474923889E-004
   55035.3888630209      -1.711832186997997E-004  3.568844558465549E-004
   55035.4092967166       5.612600684534730E-004  3.568893900374715E-004
   55060.5016520032      -5.780790811349412E-004  3.569194566540640E-004
   55060.5220852441       2.900986376659365E-004  3.569935760111421E-004
   55060.5425186847       2.787119431522100E-004  3.569839206159671E-004
   55060.5629520251       3.113686013147543E-004  3.569582912214219E-004
   55060.5833852653      -4.768005146138510E-005  3.569506237017242E-004
   55060.6038187050      -6.213265393184564E-004  3.569697925009686E-004
   55060.6242520447      -5.671873131990468E-004  3.569418202531824E-004
   55060.6446852839      -1.033935243983652E-004  3.568697242693579E-004
   55060.6651186229       3.636944714453527E-004  3.570064262061910E-004
   55060.6855520614      -4.374768460981837E-004  3.569039441257866E-004
   55060.7059853999      -1.716315803353963E-004  3.569825007049120E-004
   55060.7264186380      -2.194563399748883E-004  3.569792704072616E-004
   55060.7468520758       1.323192049640376E-005  3.569154099075568E-004
   55060.7672854134      -2.587913672833508E-004  3.569182142318907E-004
   55060.7877186508      -1.955891698440793E-004  3.568992939170810E-004
   55060.8081519877      -1.902979203146637E-004  3.568696887715815E-004
   55060.8285854244       3.038938430699467E-005  3.568577615187183E-004
   55060.8490186608       5.667687789556730E-005  3.569406843243383E-004
   55060.8694519970       2.246737697038093E-004  3.569735907630410E-004
   55060.8898854327      -5.258115478380398E-004  3.568647900784412E-004
   55060.9103186685       5.554503530325050E-005  3.569146644542529E-004
   55060.9307520038       6.283004498586209E-004  3.570566910575429E-004
   55060.9511853388       5.678628830496635E-006  3.568816870199973E-004
   55060.9716186734      -4.489860406988733E-004  3.568987969482118E-004
   55060.9920520079      -2.529310053061007E-004  3.569148774409112E-004
   55086.1044118131       3.941297350293915E-004  3.571286095524855E-004
   55086.1248449266       3.139535483380751E-004  3.571396848587156E-004
   55086.1452778396       6.537078594512913E-004  3.571467489162148E-004
   55086.1861439652       1.643048458108698E-004  3.571398268498211E-004
   55086.2065768778      -6.499499363477046E-005  3.570773507633951E-004
   55086.2270098899       1.118416279719536E-004  3.571084113177262E-004
   55086.2474428020      -4.603883581636437E-004  3.570504789466766E-004
   55086.2678759139       1.848947294531555E-004  3.571234268771342E-004
   55086.2883089253       2.334745025487361E-004  3.571318043523595E-004
   55086.3087419367      -5.289944256713364E-004  3.570514728844152E-004
   55086.3291749476       4.458207006208248E-005  3.571343601922588E-004
   55086.3496079586      -1.629410351481342E-004  3.571127775442207E-004
   55086.3700409693      -1.646265021230109E-004  3.570537802398798E-004
   55086.3904738795      -7.742315434655644E-004  3.570443378313632E-004
   55086.4109069898      -1.957398094826202E-004  3.570852312697511E-004
   55086.4313399998      -6.817459911123702E-005  3.570776702433825E-004
   55086.4517729093      -2.630893529353973E-005  3.570905204384315E-004
   55086.4722060188       5.970081964157270E-004  3.571292485124603E-004
   55086.4926390282       1.986618097082893E-004  3.570782027100282E-004
   55086.5130719370      -1.085996513859877E-004  3.570396521248812E-004
   55086.5335049458      -1.168902354119483E-004  3.569951024155263E-004
   55086.5539380545      -2.307818337528023E-004  3.570259854809755E-004
   55086.5743710628       4.733641589012016E-004  3.571004598158174E-004
   55111.6864032231       2.136176670424206E-004  3.879611786336286E-004
   55111.7068359043       7.413923884125317E-005  3.879855654980540E-004
   55111.7272686853      -5.397689329917910E-004  3.878885172989942E-004
   55111.7477015661       3.083113580362173E-004  3.880337631592411E-004
   55111.7681342468      -7.983700454747833E-004  3.879349483526797E-004
   55111.7885670274       9.129794305873240E-005  3.879476218412788E-004
   55111.8089998078       3.043119832777386E-004  3.879646350396102E-004
   55111.8294326883      -4.138360914762718E-005  3.879170134460866E-004
   55111.8702981484      -7.171462178101606E-006  3.880023482693199E-004
   55111.8907310284      -3.166578767316297E-004  3.879281507542494E-004
   55111.9111637083      -4.912943294202998E-004  3.879601417118341E-004
   55111.9315964879       4.526946655536435E-005  3.879622155554231E-004
   55111.9520291675       2.467591139168057E-004  3.880152905894953E-004
   55111.9724620469      -1.347922156769155E-005  3.879733144590749E-004
   55111.9928948262       3.909953384659826E-004  3.879968180197495E-004
   55112.0133276053       2.691404118744245E-004  3.879742361673367E-004
   55112.0337603844      -9.581665450719701E-005  3.879358700609415E-004
   55112.0541931633      -8.318871075096990E-005  3.878994241800916E-004
   55112.0746259420      -6.431499061299029E-004  3.878913208282904E-004
   55112.0950587207       2.978525971810697E-004  3.879931695912134E-004
   55112.1154914991       3.126076919486298E-004  3.880518132793670E-004
   55112.1359242776      -2.008042113388342E-004  3.879080651950454E-004
   55112.1563569558       2.422602137190921E-004  3.879732760545640E-004
   55137.2681713491      -7.952471846011111E-004  3.857770372893766E-004
   55137.2886040467       7.785802497251026E-005  3.857231557605754E-004
   55137.3090367443      -4.605309126071155E-005  3.857846029780251E-004
   55137.3294694419       1.184628839574486E-004  3.858652524509279E-004
   55137.3499021396       3.338108782366955E-004  3.859551190064483E-004
   55137.3703348372       1.222902582034280E-004  3.856833686872767E-004
   55137.3907675349      -1.029787453528108E-004  3.857978909387987E-004
   55137.4112002325       2.161249436802848E-004  3.857667832849647E-004
   55137.4316330302      -1.635825722117179E-004  3.857538793693003E-004
   55137.4520656278       1.964201825184198E-004  3.857806473134018E-004
   55137.4724983254       1.044594005685795E-004  3.857509990309823E-004
   55137.4929309231      -2.088342901132023E-004  3.857342546642273E-004
   55137.5133637207      -5.359473923794988E-004  3.857142075095342E-004
   55137.5337964184      -5.777081350301083E-004  3.857966619944496E-004
   55137.5542291161      -6.809344018432473E-004  3.857582574835435E-004
   55137.5746618137       8.515291133899261E-004  3.858400206872626E-004
   55137.5950945114      -8.804694663904211E-004  3.857267273800896E-004
   55137.6155272091       1.623006067572597E-004  3.857632500699613E-004
   55137.6359599068      -1.118011726481960E-003  3.858070312123943E-004
   55137.6563926045       1.346649674602851E-004  3.857430877017357E-004
   55137.6768253022       1.186612722747782E-004  3.857541866053875E-004
   55137.6972578999      -8.815556533536828E-005  3.857554539542474E-004
   55137.7176906976      -2.260670285909594E-004  3.857939736786862E-004
   55137.7381233953       1.064818447509275E-004  3.856849432722238E-004
   55162.8499493379       5.232812470252757E-004  3.839340048109927E-004
   55162.8703820305       2.794137882560221E-004  3.839337743839272E-004
   55162.8908148233      -6.834814700817926E-005  3.838794704055060E-004
   55162.9112476162       1.985334933993776E-004  3.838841557558366E-004
   55162.9521132024      -2.671241682273839E-004  3.837880292650386E-004
   55162.9725459958       4.030288412990579E-004  3.839122294533089E-004
   55162.9929787893      -2.468304603705507E-004  3.839482144800279E-004
   55163.0134115829      -3.780122154850574E-004  3.838323864751351E-004
   55163.0338443767       2.723559643762474E-004  3.838923743211705E-004
   55163.0542771707       2.008498965175853E-004  3.839571627310691E-004
   55163.0747099648       7.001456351045654E-004  3.840236025349367E-004
   55163.0951426590      -5.832363577841226E-004  3.839007849090589E-004
   55163.1155755534       1.856514453166813E-004  3.839656885324902E-004
   55163.1360083479      -2.320578914369875E-004  3.838939105016067E-004
   55163.1564410426      -3.724747897591030E-004  3.838329241382878E-004
   55163.1768739375      -1.623959013258292E-004  3.839202944005992E-004
   55163.1973067325      -2.240673092002154E-004  3.839616560588451E-004
   55163.2177394276      -2.007998601354366E-004  3.839093875195019E-004
   55163.2381723229       7.265486445717784E-004  3.839713724001043E-004
   55163.2586051183      -9.849184345878115E-007  3.838607674086947E-004
   55163.2790378139       7.558056308774042E-004  3.840101225516086E-004
   55163.2994707096      -3.375246771656348E-004  3.838929503888341E-004
   55163.3199035055      -3.371171877930568E-004  3.839707195234189E-004
   55188.4319585041      -2.355019378592615E-004  3.420991319375727E-004
   55188.4523916593      -4.736585172403496E-004  3.420545796592699E-004
   55188.4728247149       1.890221423987981E-004  3.421250560855747E-004
   55188.4932577706      -2.520985758233119E-004  3.420809695105295E-004
   55188.5136908266       4.164374213113664E-004  3.421256770232514E-004
   55188.5341238830       1.131282826265512E-004  3.420945137136023E-004
   55188.5545569395       2.884794652546763E-004  3.420990931289679E-004
   55188.5749898963       1.630059842423481E-004  3.421296743095451E-004
   55188.5954230534       2.913503583357180E-004  3.420972303159378E-004
   55188.6158561108       2.430750571185136E-004  3.421637870731585E-004
   55188.6362890684       2.078171986523714E-004  3.421679007852666E-004
   55188.6567222262      -4.654638177129522E-004  3.421061174864355E-004
   55188.6771552844      -5.049470278392088E-004  3.420514361622816E-004
   55188.6975882429       2.031727027806962E-004  3.421492338463610E-004
   55188.7180214015       4.757719108283709E-005  3.421436842158755E-004
   55188.7384544605      -2.857619238749720E-004  3.420636220641868E-004
   55188.7588874197      -6.305529533199294E-004  3.420745660907385E-004
   55188.7793205792      -1.722608976987283E-004  3.421370867530606E-004
   55188.7997536389      -1.964368037954412E-005  3.420591202660308E-004
   55188.8201866990       2.340401481963905E-004  3.421640587333921E-004
   55188.8406196592       2.754618024158884E-004  3.421471381817021E-004
   55188.8610528197      -1.202976772473052E-004  3.421324685290902E-004
   55188.8814858806      -3.528825807759262E-004  3.421144225278613E-004
   55188.9019188417      -7.547290189047207E-004  3.420623025716238E-004
   55188.9223520029      -6.917780787929484E-005  3.421516787884629E-004
   55214.0143685213      -3.571134718396429E-004  3.437658838962386E-004
   55214.0348018510       4.987796206090689E-004  3.438478476695623E-004
   55214.0552352809       9.405819200414278E-004  3.439005885634765E-004
   55214.0756688112       1.163868365574583E-004  3.438107078347750E-004
   55214.0961022418       5.708762534872847E-005  3.438017042384630E-004
   55214.1165355728      -1.445605106734638E-004  3.437648360639093E-004
   55214.1369691040      -2.618056012511083E-004  3.437104263999889E-004
   55214.1574025355       1.326822677247819E-004  3.438055074817327E-004
   55214.1778358674      -3.921306803037483E-004  3.437781086067486E-004
   55214.1982693996      -5.238256347922521E-004  3.437604506915676E-004
   55214.2187028321       2.410724519741336E-004  3.438378738581304E-004
   55214.2391361651      -6.458456064019069E-004  3.437174895660613E-004
   55214.2595696981      -1.721360128241756E-004  3.437539308459623E-004
   55214.2800031317       1.200864765069642E-004  3.438259596164588E-004
   55214.3004364655       8.458857918869356E-005  3.438066717398765E-004
   55214.3208698996       1.879934435757846E-004  3.438076419549963E-004
   55214.3413034341       2.636409131602235E-004  3.438568900744791E-004
   55214.3617367689      -1.384801978004946E-004  3.437944470293666E-004
   55214.3821702041      -1.156802615565056E-004  3.437995309565945E-004
   55214.4026037394       1.768288139103458E-004  3.438192457278296E-004
   55214.4230370752       1.556077414451851E-003  3.443381943911266E-004
   55214.4434705113      -5.016700190366707E-004  3.437500887940878E-004
   55214.4639040477      -1.345859874001265E-004  3.438185859815481E-004
   55214.4843373844       5.780697696455839E-005  3.438390381162742E-004
   55214.5047708214       3.327336298055705E-004  3.438922059048411E-004
   55239.5972757725       2.398682629680682E-004  3.444794577125745E-004
   55239.6177096032       2.101209216625044E-004  3.444418521745297E-004
   55239.6381434343      -4.469107705540321E-005  3.444129785725634E-004
   55239.6585771657      -4.925375618061167E-004  3.444083215399883E-004
   55239.6790110974       4.550070447344456E-004  3.444756932779095E-004
   55239.6994449293       2.077636131025962E-004  3.444553187603930E-004
   55239.7198786617      -1.342560141981419E-004  3.444589667692436E-004
   55239.7403125943       1.001599128374053E-004  3.444242330679535E-004
   55239.7607464271      -2.152418731972139E-004  3.444137159360545E-004
   55239.7811801603       5.068451616963010E-005  3.444539992678300E-004
   55239.8016140938      -4.708594473230576E-004  3.444214388484084E-004
   55239.8220479277      -5.126541675160023E-005  3.444898972272639E-004
   55239.8424816618       1.905965736623827E-004  3.444811264825806E-004
   55239.8629155963       2.635593526201241E-005  3.444690570064899E-004
   55239.8833494309      -6.292319502073651E-004  3.444008702878679E-004
   55239.9037832660      -2.265754958015176E-004  3.444461211210570E-004
   55239.9242171014       4.072125168219642E-005  3.444472077619912E-004
   55239.9446509370       7.081731070490704E-005  3.445005695935821E-004
   55239.9650846730       6.103604351574976E-004  3.445267654018176E-004
   55239.9855186092      -5.428565724463486E-005  3.444567546787704E-004
   55240.0059524459      -2.660945732225750E-004  3.443825914350102E-004
   55240.0263861828      -3.501170356480232E-004  3.444376608452120E-004
   55240.0468200199       9.060759485035597E-005  3.444629640555373E-004
   55240.0672539574       3.223164933459088E-004  3.444942437910008E-004
   55240.0876876952       7.298052890614137E-005  3.444723557378973E-004
   55265.2010890628       5.476350754429760E-006  3.446895286903210E-004
   55265.2215232359      -1.904662083251907E-004  3.446191298812258E-004
   55265.2419574093       8.065362483358207E-004  3.447439771628461E-004
   55265.2623915829      -7.045378940895297E-005  3.446730738418886E-004
   55265.2828257567      -3.266704720420455E-004  3.446004629423202E-004
   55265.3032599309      -5.363584396258503E-004  3.446354683038439E-004
   55265.3236941052       3.330695229175618E-005  3.446861135330992E-004
   55265.3441282797      -4.663495331604928E-004  3.446088844095604E-004
   55265.3645624545       4.823225081329596E-005  3.446589087011390E-004
   55265.3849966295       6.045459589150148E-004  3.447414546035346E-004
   55265.4054308047       2.722718670029600E-004  3.446929826561477E-004
   55265.4258649802      -1.234287092891639E-004  3.446680675318703E-004
   55265.4462990558      -2.407998471214423E-004  3.446657002069779E-004
   55265.4667333317      -2.464072864221123E-004  3.446396596331616E-004
   55265.4871675079       7.406968902154976E-004  3.447450638037804E-004
   55265.5076015844      -6.548772178127660E-005  3.446620521981273E-004
   55265.5484700378      -4.000706407641941E-004  3.446538635825159E-004
   55265.5689041149       6.057197850439788E-004  3.447235250281200E-004
   55265.5893383922       4.444093116160452E-004  3.447270178025514E-004
   55265.6097725697       2.463865283035549E-004  3.447160737759997E-004
   55265.6302066474       5.489817567516653E-004  3.446768770851584E-004
   55265.6506409254      -5.340277615981659E-004  3.446105531795665E-004
   55265.6710751036      -2.037204996072628E-004  3.445956118667211E-004
   55290.7848048710       1.304356547922048E-004  3.657957977008457E-004
   55290.8052391652      -2.062753552223295E-005  3.657646049598159E-004
   55290.8256736595       2.511221628951343E-004  3.657262197178205E-004
   55290.8461080539       3.858468513984192E-004  3.656938156082071E-004
   55290.8665423485       1.086919219457361E-003  3.658403533515642E-004
   55290.8869768431      -1.691447024076975E-005  3.657348885742475E-004
   55290.9074112379       9.376754697809631E-005  3.656895379628959E-004
   55290.9278455328      -4.864956370314033E-004  3.656730709212115E-004
   55290.9482800278       1.278053991276007E-004  3.657516963133461E-004
   55290.9687143230       1.831833126422211E-004  3.656597837220593E-004
   55290.9891487182      -2.636012965125945E-004  3.657100933735503E-004
   55291.0095832136       2.433994060340172E-004  3.657353049821981E-004
   55291.0300175090      -9.393395516243963E-005  3.656047421620383E-004
   55291.0504519046       2.393107547826734E-004  3.657694504341506E-004
   55291.0708864003      -4.701659697697869E-004  3.657440495491616E-004
   55291.0913207962      -3.697479010251747E-004  3.657172101639794E-004
   55291.1117550921       4.652167973093757E-004  3.658170345063283E-004
   55291.1321895882       5.791171764690795E-005  3.657186486641725E-004
   55291.1526239844       2.285459204187656E-004  3.657463208652560E-004
   55291.1730582807      -6.149367580363663E-004  3.657289074418655E-004
   55291.1934926771      -1.721786301777106E-004  3.656778028297415E-004
   55291.2139271736      -2.260056862380955E-004  3.657002131485396E-004
   55291.2343614702       2.873471686724027E-004  3.657273553758677E-004
   55291.2547958670      -4.843523650227555E-004  3.657101312288185E-004
   55316.3687247552       6.664959596003328E-006  3.647872576443947E-004
   55316.3891591200      -3.959679700958896E-004  3.647031432383654E-004
   55316.4095936848       1.966995225701762E-004  3.647018183039770E-004
   55316.4300280496       3.683527026299149E-004  3.647150297925928E-004
   55316.4504625144      -7.324729202525804E-004  3.647296797814017E-004
   55316.4708970793       4.005019385626696E-004  3.647282034259403E-004
   55316.4913314441       6.006196575203404E-006  3.647346388215411E-004
   55316.5117659089      -6.116987590196743E-004  3.648221980569803E-004
   55316.5322004737      -2.714374634525951E-004  3.647372508350497E-004
   55316.5526349384       5.151503807421243E-005  3.648194724776670E-004
   55316.5730693032      -4.524327019416186E-004  3.647178310824425E-004
   55316.5935038680      -9.861478956496583E-005  3.648105007790941E-004
   55316.6139383328       1.283417310028234E-003  3.647946015664333E-004
   55316.6343726975      -8.733404519644106E-004  3.647281655706721E-004
   55316.6548072622       3.446875367729696E-005  3.647572762719486E-004
   55316.6752417270      -6.384773798712162E-004  3.647132884502537E-004
   55316.6956760917       1.141267927129430E-004  3.647986142248668E-004
   55316.7161106564       2.312228020546758E-004  3.647654530098885E-004
   55316.7365451212       1.476485006997041E-004  3.648075859234396E-004
   55316.7569794859       2.728752723557548E-005  3.647479260206933E-004
   55316.7774140506      -2.013279235100196E-004  3.647635223912082E-004
   55316.7978485153       5.267705275846524E-004  3.649157384248014E-004
   55316.8182828800       9.688927202025077E-004  3.648811387096301E-004
   55316.8387174447      -2.529327036011608E-004  3.647382729272921E-004
   55341.9526434143       1.018116965139093E-004  3.654727029864170E-004
   55341.9730777993      -3.355923424279705E-004  3.653033006610429E-004
   55341.9935122842      -2.578703208488964E-005  3.653760963418684E-004
   55342.0139466690       2.712167825942302E-004  3.653892699752160E-004
   55342.0343809536      -6.022876644714570E-004  3.654127402415248E-004
   55342.0548154381      -2.640080444091808E-004  3.654881857911272E-004
   55342.0752498225       2.834123397343902E-005  3.654394660609023E-004
   55342.0956841068      -5.841266266974898E-004  3.654493841411812E-004
   55342.1161185910       3.661883077059613E-004  3.654512011940567E-004
   55342.1365529751       1.091999153590706E-005  3.654677060910094E-004
   55342.1569872589      -2.825299060571496E-004  3.654032385691966E-004
   55342.1774217427       3.142367896824538E-005  3.654532075232734E-004
   55342.1978561264       2.564056822149663E-004  3.654403745873400E-004
   55342.2182906100      -6.951154799081927E-004  3.653991880554949E-004
   55342.2387248934       4.905066621905263E-004  3.655599972349785E-004
   55342.2591592767       3.038701358113460E-004  3.654795547899685E-004
   55342.2795937600       6.127798034178955E-004  3.655059777672000E-004
   55342.3000280430      -1.482054682964140E-004  3.654189106502479E-004
   55342.3408969089      -6.026394746849739E-005  3.653939261732095E-004
   55342.3613311915       2.008155685258028E-004  3.655045014117386E-004
   55342.3817655741      -1.891846798107721E-006  3.654442358247005E-004
   55342.4022000566      -3.197568020123498E-004  3.654900028440027E-004
   55342.4226343389       3.318536410534811E-005  3.654728922627582E-004
   55367.5363786945       4.462688382633750E-005  3.651305292167954E-004
   55367.5568128703       3.377189704676375E-004  3.651313620326967E-004
   55367.5772470456       3.448717011413915E-004  3.651085353059479E-004
   55367.5976812209      -2.827562992661070E-004  3.651193240573963E-004
   55367.6181153958       4.664951424979691E-004  3.650992229099609E-004
   55367.6385496707      -3.451476000816411E-004  3.651289771507975E-004
   55367.6589837453      -1.539708241629079E-004  3.651089895691668E-004
   55367.6794179197      -3.571223170111271E-004  3.650591341808947E-004
   55367.6998521938      -3.007149500070527E-004  3.651136457671603E-004
   55367.7202862678       5.533984860455199E-004  3.651223903341238E-004
   55367.7407204415       1.027183766864059E-004  3.651787946838014E-004
   55367.7611547152      -1.093510603076275E-004  3.651071725162913E-004
   55367.7815887884      -7.105328960576029E-004  3.650481182978368E-004
   55367.8020229616       6.253397754800716E-004  3.651504789431579E-004
   55367.8224572344       9.841874033404974E-004  3.651778104468272E-004
   55367.8428913071       4.514415582426157E-004  3.651115258721389E-004
   55367.8633254797      -3.081926234724808E-004  3.650238909261632E-004
   55367.8837597520      -2.141767765224678E-004  3.650548943908518E-004
   55367.9041938240       1.468936123782960E-005  3.650742762881907E-004
   55367.9246280959       3.485286344417915E-004  3.651035005552720E-004
   55367.9450622675      -5.375697697348469E-004  3.650395630072146E-004
   55367.9654964388       7.874193355534853E-004  3.651660753136728E-004
   55367.9859306100       4.698334703037155E-004  3.651187562283727E-004
   55368.0063647811       5.480157951920361E-005  3.650770018675039E-004
   55393.1197623226      -1.568704001908561E-004  3.728683202217286E-004
   55393.1401962946      -2.282722004391946E-004  3.728632032499749E-004
   55393.1606300661       6.599725189280203E-004  3.729390006948739E-004
   55393.1810640373      -3.471840742973464E-004  3.728131379148303E-004
   55393.2014979086      -3.739736999194276E-004  3.728609944851891E-004
   55393.2219316791       2.359346919598160E-004  3.728903710568401E-004
   55393.2423656497      -4.450741718775575E-004  3.728534846849174E-004
   55393.2627995200       7.219088688001918E-004  3.728904446823329E-004
   55393.2832333898      -1.329637257528882E-004  3.729063846015370E-004
   55393.3036672594       4.710278629054265E-004  3.729053906573834E-004
   55393.3241011288       2.624457014845927E-004  3.728176658826412E-004
   55393.3445349980       3.066341228099567E-004  3.728463798248564E-004
   55393.3649688669       3.172257691830271E-004  3.729036972710477E-004
   55393.3854027356       4.276866601315987E-005  3.728841865154398E-004
   55393.4058366038      -1.295578110949158E-005  3.728554725732246E-004
   55393.4262705720       2.947675912654546E-004  3.729011203787976E-004
   55393.4467043398       2.525133396724666E-004  3.728968869129582E-004
   55393.4671382073      -1.077916323671824E-004  3.728124384726481E-004
   55393.4875721746       9.666448196554711E-005  3.728579390272354E-004
   55393.5080059414      -1.742014468332220E-004  3.728213103445377E-004
   55393.5284399082      -3.827861243297370E-004  3.728207581533413E-004
   55393.5488736746      -8.869539507705415E-005  3.729031818925977E-004
   55393.5693075407      -3.280793227176115E-004  3.728598532900497E-004
   55393.5897415066       9.329511382771827E-005  3.729063846015370E-004
   55418.7027560110      -6.080578480072152E-005  3.727991858839334E-004
   55418.7231895297       1.790054402244223E-004  3.728167823767269E-004
   55418.7436230482      -7.923341285263064E-004  3.727055342570159E-004
   55418.7640565665      -5.128377139507201E-006  3.727306037373346E-004
   55418.7844900846       9.071718980391275E-005  3.728319860410024E-004
   55418.8049236021       1.638121522107294E-004  3.728041924174478E-004
   55418.8253571195       4.704962555981407E-004  3.728353728136739E-004
   55418.8457906366      -5.658605073006751E-004  3.727248609488916E-004
   55418.8662242533       2.593927594651824E-004  3.727508139351246E-004
   55418.8866576699      -1.639631967852440E-004  3.727618209463071E-004
   55418.9070911861      -8.488290983331703E-004  3.726738384823398E-004
   55418.9275248020      -5.904109190613127E-005  3.727472062859745E-004
   55418.9479582175       2.596413341224846E-004  3.728166719384875E-004
   55418.9683917330       2.377739838037574E-004  3.728453122552100E-004
   55418.9888253480      -5.905863124912036E-004  3.726894470868261E-004
   55419.0092587628      -3.212619197301425E-005  3.727284685980417E-004
   55419.0296922771       1.379608740117444E-004  3.727911238924653E-004
   55419.0501258914       3.904424982654753E-004  3.727959831749940E-004
   55419.0705593053      -9.387304857286782E-004  3.726623529054537E-004
   55419.0909929189      -1.431993928413533E-005  3.727121237386269E-004
   55419.1114264323      -5.437105673662401E-004  3.727368250914813E-004
   55419.1318599452      -6.818528261183232E-004  3.727551210264569E-004
   55419.1522934579      -8.725611890402218E-004  3.726114776898877E-004
   55419.1727268704      -4.768110390748204E-004  3.726818268483151E-004
   55419.1931604826       4.582477653869432E-004  3.728079473175837E-004
   55444.2852823524       3.887363839998326E-004  3.734106456021328E-004
   55444.3057154224      -3.681769452239525E-004  3.733722867203529E-004
   55444.3261486923      -6.344320616576971E-004  3.733356948504017E-004
   55444.3465818618       9.438142262929716E-005  3.734252970752119E-004
   55444.3670149311       1.018751146451002E-004  3.734182658406438E-004
   55444.3874482001      -2.831664865423633E-004  3.734277267164762E-004
   55444.4078813689       1.016027237290551E-004  3.733722130948601E-004
   55444.4283146375      -2.143934000267134E-004  3.734511764359520E-004
   55444.4487477056      -2.337000374620368E-004  3.733740537321816E-004
   55444.4691808737       2.621850200703602E-004  3.734312239273871E-004
   55444.4896141413       5.173674926695071E-006  3.733608011434668E-004
   55444.5100472090      -5.862698421954526E-005  3.734022891086932E-004
   55444.5304803761      -7.206853901786658E-004  3.732982562872825E-004
   55444.5509135431      -5.178392006723875E-004  3.732648303135243E-004
   55444.5713467098      -1.860520591148163E-004  3.733120978799401E-004
   55444.5917798762      -5.373882197996505E-004  3.732873229015929E-004
   55444.6122130422       3.188685734576424E-004  3.734432616954696E-004
   55444.6326462082      -1.271614794903231E-004  3.733141593937402E-004
   55444.6530793738       9.647011126312499E-005  3.734431880699767E-004
   55444.6735125393      -2.502768659096155E-006  3.733661389916991E-004
   55444.6939457044       6.493213244329610E-005  3.734034671165790E-004
   55444.7143788692       3.073123926748966E-004  3.733817844089318E-004
   55444.7348120338       4.381724933708586E-004  3.733898832131463E-004
   55444.7552451982       1.550191743127094E-005  3.734202905416974E-004
   55444.7756783624      -3.760215038822734E-004  3.733777350068245E-004
   55469.8674490187       3.287529205793227E-004  3.994598365759548E-004
   55469.8878818034      -2.459242725009192E-004  3.993134329307634E-004
   55469.9083147881       9.674756169908427E-005  3.994003184363189E-004
   55469.9287476727      -1.641167438083402E-004  3.993331154775995E-004
   55469.9491805569      -5.064219030785910E-004  3.993139034298909E-004
   55469.9696134410       4.707820171514498E-004  3.996172577423831E-004
   55469.9900463248       5.904244558863070E-005  3.994258430139888E-004
   55470.0104792086       1.377695606891827E-003  3.994838320314602E-004
   55470.0309120919       3.823433172982504E-004  3.993731471117024E-004
   55470.0513449753       8.480595624904552E-005  3.994864589849223E-004
   55470.0717779586       5.948305559910771E-005  3.994252156818187E-004
   55470.0922107415       1.292720699099803E-004  3.994332141669872E-004
   55470.1126436242      -1.489902932075848E-004  3.994559549581524E-004
   55470.1330766068       3.412881229802878E-004  3.994214516887983E-004
   55470.1535094892      -2.821039313891660E-004  3.994608951989918E-004
   55470.1739422714       2.068459501132214E-004  3.994424673164958E-004
   55470.1943752536      -2.062317495827859E-004  3.993640900034970E-004
   55470.2148081353      -3.111228655572340E-005  3.993578166817962E-004
   55470.2352409170       4.038437889439805E-004  3.994469762664682E-004
   55470.2556738985       7.393414580247892E-005  3.994357234956675E-004
   55470.2761067798      -3.127892491874285E-004  3.994012986428346E-004
   55470.2965395610      -6.296846927364985E-004  3.993410355462467E-004
   55470.3169725418       5.968700606242550E-004  3.994063173001952E-004
   55470.3374054226      -2.463113134764106E-004  3.994296070070092E-004
   55470.3578383032      -1.828023161574155E-004  3.994135708284117E-004
   55495.4697407120      -1.055844136405026E-004  3.981870972276535E-004
   55495.4901734329      -2.059518413289885E-004  3.980618268349416E-004
   55495.5106061539      -4.092928892207581E-005  3.982437531642635E-004
   55495.5310388747       8.067711763184438E-004  3.982160721322589E-004
   55495.5514716954       9.960895824923099E-005  3.981997222875763E-004
   55495.5719044161      -3.319151709682000E-004  3.981320488297294E-004
   55495.5923370368      -1.285701282716101E-005  3.981345189501491E-004
   55495.6127698574      -1.346086384025336E-004  3.981511824609167E-004
   55495.6332024779       1.698640434582011E-004  3.981623568151962E-004
   55495.6536351984      -5.990980644556831E-004  3.980644145801432E-004
   55495.6740680188      -3.816556208624533E-005  3.981990165388850E-004
   55495.6945006390       1.941270901495429E-004  3.980719425661841E-004
   55495.7353661794      -1.291564271742596E-004  3.980566905527991E-004
   55495.7557987995       1.219194280464020E-004  3.979502009169288E-004
   55495.7762315196      -1.468390654713048E-004  3.982694737832366E-004
   55495.7966643396      -8.176910615158572E-004  3.980186193317276E-004
   55495.8170969595       2.346144954863405E-004  3.981935273823968E-004
   55495.8375297793      -7.335196052793425E-005  3.981894105150307E-004
   55495.8579624990       6.364820275051031E-005  3.982977037308900E-004
   55495.8783951188      -3.054612835320381E-004  3.981592593626064E-004
   55495.8988279384       2.832212872780904E-004  3.982094851444731E-004
   55495.9192606579      -5.871529835103084E-004  3.980139143404521E-004
   55495.9396933775       3.801713904523218E-004  3.982708068640980E-004
   55521.0514954742       2.453880420394405E-005  3.964527982352192E-004
   55521.0719282968      -7.626972125023279E-004  3.963413291502490E-004
   55521.0923609195       8.679878765323057E-004  3.966270789537183E-004
   55521.1127936422       1.240746584387775E-004  3.965385074929558E-004
   55521.1332264651      -4.065879466688127E-004  3.965273331386763E-004
   55521.1536590880      -6.639197753726123E-004  3.964198632962903E-004
   55521.1740919110       2.136042418231954E-003  3.969215329910475E-004
   55521.1945246341      -3.039732576541887E-004  3.964373501805311E-004
   55521.2149573572       4.217266266544062E-004  3.966570732731001E-004
   55521.2353900804       7.304779427119712E-004  3.965820286622548E-004
   55521.2558228037       4.198293184365376E-005  3.964301750688359E-004
   55521.2762555271       8.595417239143366E-005  3.965554062532872E-004
   55521.2966882505       7.284334040233986E-004  3.965945753056563E-004
   55521.3171209740      -2.744738021460691E-004  3.965049844301174E-004
   55521.3579865213      -1.187347894443525E-004  3.964113943119943E-004
   55521.3784191450       4.287466029724296E-004  3.965873217774398E-004
   55521.3988519688      -5.027975893068248E-004  3.964481716604650E-004
   55521.4192846927      -2.280376232579595E-004  3.963471319728222E-004
   55521.4397173167      -5.366041531088550E-004  3.965919091439335E-004
   55521.4601501407      -9.201550705911776E-004  3.964251172032147E-004
   55521.4805828648       1.286234873469905E-004  3.965704622253690E-004
   55521.5010154891       5.718754656023339E-004  3.966200214668050E-004
   55521.5214483133       3.426752511614950E-005  3.965518383015699E-004
   55546.6946632944      -1.476049608285512E-004  3.971093797677245E-004
   55546.7150960965       5.067638594598023E-004  3.971010676164710E-004
   55546.7355290988       3.666569418436794E-004  3.971443143279456E-004
   55546.7559620014      -2.999389395789143E-004  3.971149473407339E-004
   55546.7763948042       3.351450358739516E-004  3.971467060318440E-004
   55546.7968278071      -3.054142568952312E-004  3.970721711283869E-004
   55546.8172607103       4.573225153043925E-004  3.970797775309491E-004
   55546.8376936137      -9.810842794049091E-004  3.970460976350681E-004
   55546.8581265173      -1.659952690854505E-004  3.970618201475806E-004
   55546.8785594211       1.962949978879802E-004  3.972009702645555E-004
   55546.8989924251       8.364172788049018E-004  3.972074788358201E-004
   55546.9194252293      -1.182398614781865E-004  3.970830710248419E-004
   55546.9398581337       2.239235281917829E-004  3.971899135350579E-004
   55546.9602911384      -6.252845330168011E-004  3.971418442075259E-004
   55546.9807240432       3.661303575017705E-004  3.971122027624898E-004
   55547.0011568483      -3.583298556032455E-004  3.970717790457806E-004
   55547.0215898536      -4.143149511329769E-004  3.971246317811095E-004
   55547.0420227590       3.318494808413064E-005  3.971191034163607E-004
   55547.0624555647       3.026069484204363E-004  3.972099097479791E-004
   55547.0828885707      -1.825788284868235E-004  3.971442751196849E-004
   55547.1033214767      -3.818834303619401E-004  3.971198091650520E-004
   55572.2155418905       1.070497426167716E-004  3.261141004659089E-004
   55572.2359751159      -2.582961607517920E-004  3.260242643301285E-004
   55572.2564084415      -1.228501228964785E-004  3.260551560075881E-004
   55572.2768415675      -4.243168209872028E-005  3.260669598408133E-004
   55572.2972747938       7.248836540085790E-005  3.261020725092681E-004
   55572.3177081203      -3.189295043097840E-004  3.260548945302698E-004
   55572.3381412472       7.577712722905972E-005  3.261072647017310E-004
   55572.3585745745      -1.165972046830444E-004  3.260920243094656E-004
   55572.3790078019       1.673268692781171E-004  3.260610579242007E-004
   55572.3994409296       1.211117963400010E-004  3.261138016346880E-004
   55572.4198742577       3.333661414299804E-004  3.261252692827898E-004
   55572.4403074861      -1.517445972418763E-004  3.260974032714416E-004
   55572.4607407147       1.326327608062172E-004  3.261432738638485E-004
   55572.4811739437       1.227744776493012E-004  3.260873924255418E-004
   55572.5016071729       7.051535939719411E-004  3.261589251490427E-004
   55572.5220404025      -4.673839181498218E-004  3.260382720436078E-004
   55572.5424736324      -3.862189659109561E-005  3.260700975686327E-004
   55572.5629068626       3.357011813713839E-004  3.262694179929673E-004
   55572.5833401931       3.163568099684433E-004  3.261488395953376E-004
   55572.6037734238      -1.319089331038859E-004  3.260876165489574E-004
   55572.6242065549      -2.850819898440049E-004  3.261356536677157E-004
   55572.6446398862       8.347909747352666E-005  3.261371851777228E-004
   55572.6650731178      -2.221597311735657E-004  3.261435353411668E-004
   55572.6855062499       3.718146119278121E-004  3.261747258498473E-004
   55572.7059395821       2.837811580336247E-004  3.261320303391624E-004
   55597.7981756178       3.454525649002615E-004  3.263610097621705E-004
   55597.8186091402      -2.901946712056125E-004  3.263282503895803E-004
   55597.8390427629      -3.352493949041468E-004  3.263073322041179E-004
   55597.8594764858      -8.945015521966138E-005  3.263933582418320E-004
   55597.8799100092      -2.088755564263467E-004  3.263807326227493E-004
   55597.9003436328      -2.703980111357085E-004  3.263676961107379E-004
   55597.9207773568      -1.340324835752416E-004  3.262769261273922E-004
   55597.9412108812      -1.120070573579213E-005  3.264229798866029E-004
   55597.9616446057       5.692247606110534E-004  3.264747897495249E-004
   55597.9820781306       1.378160073222112E-004  3.263501397765106E-004
   55598.0025117559       2.123163115061999E-004  3.262722568895657E-004
   55598.0229454815      -1.133272401054874E-004  3.263996336974707E-004
   55598.0433790074      -1.402993379899797E-004  3.263450969996581E-004
   55598.0638126337      -5.326997480550322E-004  3.263285492208012E-004
   55598.0842463602      -2.934676023300664E-004  3.263036341677593E-004
   55598.1046799870       1.025511975081050E-003  3.264204024673227E-004
   55598.1251135142       5.743650504519415E-005  3.262160392661355E-004
   55598.1455472417      -2.741906651022585E-004  3.263068839572865E-004
   55598.1659808696       3.029111804202511E-004  3.263480479579643E-004
   55598.1864144978       8.267561008066249E-004  3.262743487081120E-004
   55598.2068481262      -3.749563121600019E-004  3.262402819489303E-004
   55598.2272817551      -4.365353975439579E-004  3.262851066320641E-004
   55598.2477154842      -1.534959473121766E-004  3.263889131274213E-004
   55598.2681490136       7.490006342294464E-004  3.263063236487474E-004
   55598.2885826434       2.889445991749451E-004  3.263454705386842E-004
   55623.3813222383      -9.150754691156227E-005  3.264857344429901E-004
   55623.4017563425      -1.969295950738914E-004  3.263815170547042E-004
   55623.4221902469       4.110690792589189E-004  3.263638860126716E-004
   55623.4426242516      -2.825621260316158E-005  3.264379214476475E-004
   55623.4630583566       1.722366501690775E-004  3.263893240203500E-004
   55623.4834922617      -6.837233576861834E-005  3.264021737628483E-004
   55623.5039262673      -2.652938790437265E-005  3.264142017194892E-004
   55623.5243603731      -3.853644715057225E-004  3.262990396377381E-004
   55623.5447942792       5.633824983442004E-005  3.264534233172312E-004
   55623.5652282855       4.984267088123939E-004  3.263705723612391E-004
   55623.5856623921       1.940486051410506E-004  3.263980274796585E-004
   55623.6060963990       4.627698254320300E-004  3.264673563229053E-004
   55623.6265304062       5.515820512320690E-004  3.264486046637943E-004
   55623.6469644137      -2.361528875498564E-004  3.263683311270824E-004
   55623.6673984213       3.792258538108939E-004  3.264707928819455E-004
   55623.6878324294      -3.976838814745420E-004  3.263665381397570E-004
   55623.7082664377       4.423580968395679E-004  3.264256693675909E-004
   55623.7287004462       1.196765084054974E-005  3.263970562781905E-004
   55623.7491345550       1.053128785742929E-003  3.265092300477327E-004
   55623.7695684641      -5.934769257143202E-006  3.264410591754668E-004
   55623.7900025735       4.547135121524271E-005  3.263910796537727E-004
   55623.8104365832       5.876204787431671E-004  3.264818869910211E-004
   55623.8308704931      -1.925066718739821E-004  3.264484178942813E-004
   55623.8513046033      -4.630063289212671E-005  3.264372864313031E-004
   55623.8717386138       2.413191661849723E-004  3.264332148559184E-004
   55648.9648601593       3.304726263853031E-004  3.495940077375773E-004
   55648.9852944537      -7.563544616222551E-004  3.495335121862555E-004
   55649.0261630430       1.204291302674854E-003  3.497028704165457E-004
   55649.0465973379       1.834182668816187E-004  3.496019956419917E-004
   55649.0670316330      -5.930806636814667E-004  3.495606270911484E-004
   55649.0874659282       2.580776245191263E-004  3.496149301844608E-004
   55649.1283345193       3.325682367074645E-004  3.496344236025730E-004
   55649.1487688151      -2.781106946032619E-004  3.495633019398743E-004
   55649.1692032110      -2.712329081989706E-004  3.495754670053127E-004
   55649.1896374072       1.353078722263756E-004  3.496186310025610E-004
   55649.2100717036       1.658051256805404E-004  3.496247868188070E-004
   55649.2305061001       7.465264737427368E-005  3.496088110099783E-004
   55649.2509402968      -5.442298568281156E-004  3.495462268781445E-004
   55649.2713745937      -2.813154053943334E-004  3.495943741552109E-004
   55649.2918089908      -4.059429711231743E-004  3.495569262730481E-004
   55649.3122431880       1.086183016349995E-004  3.495934214693634E-004
   55649.3531118830       9.478076827718063E-005  3.496325915144045E-004
   55649.3735460808      -6.441611804741676E-005  3.496117057092844E-004
   55649.3939804787      -6.773352043665248E-004  3.495154111551514E-004
   55649.4144147769      -1.426267343651588E-005  3.495708867848916E-004
   55649.4348489752       7.445401585390865E-004  3.496948092286046E-004
   55649.4552833737       4.023146410487843E-004  3.496159561538352E-004
   55674.5691485493      -1.681987766899429E-004  3.488380515175173E-004
   55674.5895828957       1.582393015842065E-005  3.487770796232717E-004
   55674.6100173421       3.226980457720074E-004  3.487678092571394E-004
   55674.6304518886       4.242670166880735E-004  3.488579113532631E-004
   55674.6508862351      -2.600642663793673E-004  3.488277551820107E-004
   55674.6713206817      -6.252853897592558E-005  3.486993624431667E-004
   55674.6917552284       2.312452044304081E-004  3.488088480321124E-004
   55674.7121896751       3.252517410881062E-004  3.487949974455590E-004
   55674.7326241219       2.043684387098565E-004  3.488197672775963E-004
   55674.7530585687       5.720563685072122E-004  3.488332880882794E-004
   55674.7734930156      -4.749245684859682E-004  3.488007868441713E-004
   55674.7939274626       1.571866181537818E-004  3.487997975165603E-004
   55674.8143619096       3.759083535093133E-005  3.487146787002548E-004
   55674.8347963567       9.458506610826589E-006  3.487912966274588E-004
   55674.8552309038       2.026239193764212E-005  3.487833453648078E-004
   55674.8756652510      -1.307592531721857E-004  3.487719131346368E-004
   55674.8960996982      -1.956852558143707E-004  3.487108313151011E-004
   55674.9165342456      -2.312306366805128E-004  3.486738964176254E-004
   55674.9369685929       3.569847297004713E-004  3.488072357945242E-004
   55674.9574031404      -1.313427018705404E-004  3.488283048084612E-004
   55674.9778375879      -1.423637628809038E-004  3.486627573215613E-004
   55674.9982719354      -2.260165634859757E-005  3.487088526598792E-004
   55675.0187064830      -3.023256653257311E-004  3.487523830747612E-004
   55675.0391409307       1.159893441022852E-003  3.488730444015344E-004
   55700.1530969525       8.693946651772144E-005  3.483839867858522E-004
   55700.1735313977       2.321933206284044E-005  3.484310714517810E-004
   55700.1939657428      -2.711958007362014E-005  3.483672048582293E-004
   55700.2144002878       6.460451851220128E-005  3.484071077385378E-004
   55700.2348347328      -1.101564607919325E-005  3.483842432781957E-004
   55700.2552691777       3.144740494847031E-004  3.484283599612916E-004
   55700.2757036226       4.375368191507079E-004  3.484497221093356E-004
   55700.2961380673      -5.801927692367093E-004  3.482980984925159E-004
   55700.3165725121      -1.653414131934650E-004  3.483595467296852E-004
   55700.3370069567       1.387368516536647E-004  3.483698797069552E-004
   55700.3574414013       2.088799125923302E-004  3.483820081306302E-004
   55700.3778759459       1.000603402243616E-003  3.484664307534318E-004
   55700.3983103904      -3.721233935873869E-004  3.483492870359420E-004
   55700.4187447349       1.821704830424764E-004  3.483755958220407E-004
   55700.4391792792       5.512754108938367E-005  3.483726278392079E-004
   55700.4596137235       1.372029452120227E-004  3.483871379775018E-004
   55700.4800480677      -4.246058596125701E-004  3.483769515672854E-004
   55700.5004826120       1.690361924855388E-004  3.483416289073979E-004
   55700.5209170561       1.862999652413322E-005  3.483634673983656E-004
   55700.5413514001      -2.924649144140368E-004  3.483426182350089E-004
   55700.5617859441      -4.953527467770336E-004  3.483268622767603E-004
   55700.5822203880       1.935654056182123E-004  3.483711621686731E-004
   55700.6026549319      -7.300894156182514E-004  3.483562123292187E-004
   55700.6230892757      -2.172145868839515E-006  3.483488839765449E-004
   55725.7369516562       5.900196864692120E-004  3.466834425479100E-004
   55725.7573860580       2.995351761698739E-004  3.467038520101064E-004
   55725.7778203593       5.723320610793170E-004  3.466587826411629E-004
   55725.7982546606      -4.244747948544125E-004  3.466200522972821E-004
   55725.8186889618      -4.628444631284978E-004  3.466215912513436E-004
   55725.8391232627      -1.718985105791937E-004  3.466344891520494E-004
   55725.8595576635      -4.719377872497432E-005  3.466830761302763E-004
   55725.8799918641      -4.750335025246466E-004  3.466167911803423E-004
   55725.9004261647       4.878719638190532E-005  3.466746118829382E-004
   55725.9208605648       4.902578677961067E-004  3.466737324806173E-004
   55725.9412947649       6.998173187249268E-004  3.467411899669791E-004
   55725.9617290650       4.621824095747407E-004  3.467085055140542E-004
   55725.9821634647       1.329253045945222E-004  3.467077360370235E-004
   55726.0025976643      -2.827807803482685E-004  3.466527367502070E-004
   55726.0230319638      -3.332915591449659E-004  3.466196125961217E-004
   55726.0434663632       2.145298304596643E-004  3.466905144082402E-004
   55726.0639005621      -7.533377679225239E-006  3.466379334778061E-004
   55726.0843349611      -5.468958856286177E-004  3.466361380314010E-004
   55726.1047692601       3.081052013036434E-004  3.466724500188994E-004
   55726.1252034585       3.427920366672055E-005  3.466563642847805E-004
   55726.1456378570       1.087608964149611E-003  3.467581917451822E-004
   55726.1660721553       8.284653168111333E-005  3.466749416588085E-004
   55726.1865064536       7.349084372962889E-004  3.467583016704723E-004
   55726.2069407516      -1.388866580606107E-004  3.466689324096160E-004
   55751.3205121340       3.224570172417618E-004  3.600162107593589E-004
   55751.3409461778      -5.011366249338955E-004  3.599400263802905E-004
   55751.3613802213      -6.406520202084653E-005  3.599609334539292E-004
   55751.3818143646       2.509162971660039E-004  3.600091942457187E-004
   55751.4022483077      -1.439914112122409E-005  3.600142518342309E-004
   55751.4226824506      -5.185984065629867E-004  3.600436000943302E-004
   55751.4431164932      -5.999257746889253E-004  3.599472565948538E-004
   55751.4635504353       2.553171767065709E-004  3.600687811864300E-004
   55751.4839845775       5.716335069181344E-004  3.600308848894086E-004
   55751.5044186194       4.013930523361076E-005  3.599949831343356E-004
   55751.5248525608       9.139059375542491E-004  3.600782552606853E-004
   55751.5452867023       7.215326112932630E-004  3.600554604955597E-004
   55751.5657207433      -9.322414121992750E-005  3.599820186116704E-004
   55751.5861546842      -2.402578596583105E-004  3.599360729132140E-004
   55751.6065888247       5.613289773096497E-004  3.600754415318651E-004
   55751.6270228653      -1.297163627252962E-004  3.600649701866355E-004
   55751.6474570053       6.868823577921290E-005  3.600874800171971E-004
   55751.6678909454      -2.767317313520090E-004  3.600759045505317E-004
   55751.6883249849      -6.342537506998092E-005  3.599544155757761E-004
   55751.7087591243      -1.672797894169964E-004  3.600578112057132E-004
   55751.7291930634       1.598551193762177E-004  3.600095504139238E-004
   55751.7496271025       1.220396379693067E-004  3.600396110104332E-004
   55751.7700612412       1.336063468257986E-004  3.600702058592503E-004
   55751.7904952796      -4.177949330868014E-004  3.600113668717697E-004
   55776.9037378069      -2.445843875542586E-005  3.605350766005317E-004
   55776.9241714184      -8.876189016604474E-005  3.605320491707884E-004
   55776.9446051297       1.093636552211841E-004  3.605571590292472E-004
   55776.9650388408       5.388656650042734E-004  3.605924552983715E-004
   55776.9854725516      -4.643524530033583E-004  3.604915172290494E-004
   55777.0059063620      -2.807391384941349E-004  3.604783746222816E-004
   55777.0263399721       8.392657737470444E-004  3.605711920565277E-004
   55777.0467736820      -6.644877577612895E-004  3.605307669652501E-004
   55777.0672074917      -2.413729164018052E-004  3.605310518998142E-004
   55777.0876412009      -4.704130873700585E-005  3.605296628438143E-004
   55777.1080748101      -8.437868977630991E-004  3.604404070916192E-004
   55777.1285086188       5.172329016802646E-004  3.605197613677129E-004
   55777.1489423273       9.635462818939899E-004  3.606606258928254E-004
   55777.1693759353       2.132189707215737E-005  3.605396355535568E-004
   55777.1898097434       6.615599720418697E-004  3.605472931699662E-004
   55777.2102434509       5.838752703490879E-004  3.606588450517999E-004
   55777.2306770583      -3.044947472945481E-004  3.605049091535607E-004
   55777.2511108654       4.118108922204211E-004  3.606765109947723E-004
   55777.2715445720      -4.352909044280651E-004  3.605677016081178E-004
   55777.2919783786       3.719826530239612E-004  3.606891905828735E-004
   55777.3124119848      -5.494274881452377E-004  3.606255789414446E-004
   55777.3328456907      -1.705755826652000E-004  3.608235372298328E-004
   55777.3532794964       6.734136048200945E-004  3.606811767982590E-004
   55777.3737131017      -1.272447641634811E-004  3.606670369205169E-004
   55802.5886924822       1.989459876354793E-004  3.555807768677520E-004
   55802.6091259349      -7.797646699003735E-006  3.561484733698424E-004
   55802.6295592874      -7.202960121442947E-004  3.557972915196253E-004
   55802.6499926394      -4.544306156804012E-004  3.557079645337891E-004
   55802.6704259915       1.052143368348801E-003  3.559153256627915E-004
   55802.6908593428       3.698825984799203E-004  3.557762419787045E-004
   55802.7112926941       3.789111892924524E-004  3.559492684927364E-004
   55802.7317260452       5.176852628760997E-004  3.563172970990543E-004
   55802.7521593959       1.186866667741260E-003  3.562666143634702E-004
   55802.7725927463       3.947021830674746E-004  3.563339657710525E-004
   55802.7930260964       3.824888247454528E-004  3.562467401776263E-004
   55802.8134594464       4.109453145719755E-004  3.566185085500975E-004
   55802.8338928961      -2.832830007107878E-004  3.565124060418017E-004
   55802.8543261453      -1.757505400877823E-004  3.569481422239069E-004
   55802.8747594943       3.062707736336545E-004  3.570206936872834E-004
   55802.8951929431      -3.739427497199133E-004  3.570166689865659E-004
   55802.9156261917      -1.180876080043025E-003  3.572666990665380E-004
   55802.9360595397      -7.947132641217269E-005  3.573436670156575E-004
   55802.9564929878       2.688622420305986E-004  3.574125499465217E-004
   55828.0688791915       1.665345881194380E-004  3.613098136802400E-004
   55828.0893122192      -4.886051175760908E-004  3.612620515239376E-004
   55828.1097453467       8.811360146865344E-004  3.613530525003377E-004
   55828.1301782739       1.281178783332226E-004  3.613240960252640E-004
   55828.1506113009      -3.328293643274360E-004  3.612772599062949E-004
   55828.1710443277       3.392629064746799E-005  3.612668241778858E-004
   55828.1914774540       1.012621829107552E-003  3.613463209212615E-004
   55828.2119103803       2.764539584416692E-004  3.613811897885397E-004
   55828.2323435064       2.716921801382277E-005  3.613698280227974E-004
   55828.2527764322      -8.782507229199155E-005  3.613025122320357E-004
   55828.2732094578       2.657705387520970E-004  3.612835997003455E-004
   55828.2936425829      -5.373901926782887E-004  3.612245470119418E-004
   55828.3140755081      -3.317770862140135E-004  3.612851312236274E-004
   55828.3345085330      -3.386701881140652E-004  3.613249152121357E-004
   55828.3958077063       4.189274182671010E-004  3.613921953860769E-004
   55828.4162407303      -2.171110932145393E-004  3.613779842746939E-004
   55828.4366736538      -1.601997201811090E-004  3.613894885077183E-004
   55828.4571067773      -3.073265197173214E-005  3.613255206980844E-004
   55828.4775398006      -3.006066607847968E-004  3.612683913179882E-004
   55828.4979727236       4.913287170027480E-004  3.613455017343899E-004
   55828.5184058465      -6.854705858805321E-004  3.612523281319387E-004
   55828.5388388690      -4.513980639169191E-004  3.612795749996280E-004
   55828.5592718914       1.950847576603909E-004  3.612879093356270E-004
   55853.6508666511       5.102885831043125E-004  3.905328616020541E-004
   55853.6917321346      -2.479483766899548E-004  3.904692452056411E-004
   55853.7121650262      -4.292240482639542E-004  3.903739767248777E-004
   55853.7325978176      -5.236497375377125E-004  3.903840070401404E-004
   55853.7530306089       3.684102787437915E-005  3.904123807335099E-004
   55853.7734634001      -2.660475732615408E-004  3.904080876024637E-004
   55853.7938961911      -6.631011307256518E-005  3.903279231372905E-004
   55853.8143289819       6.664577797925730E-004  3.902490466114311E-004
   55853.8551945633      -1.349785612163590E-004  3.901398449689995E-004
   55853.8756274537      -1.817917162094673E-005  3.904507847421421E-004
   55853.8960602440      -3.347818911536571E-006  3.902173554986168E-004
   55853.9164929343      -6.132480965459486E-005  3.903864268049120E-004
   55853.9369258244      -4.904069562252644E-004  3.903682395406614E-004
   55853.9573586143      -1.815674929211974E-004  3.904385688328922E-004
   55853.9777913041      -4.589653005770966E-005  3.902529494578368E-004
   55853.9982241937       2.868538107991814E-004  3.902788643579707E-004
   55854.0186569832       1.325768602289390E-004  3.904756068452823E-004
   55854.0390896726      -2.891855044884206E-005  3.905156890778690E-004
   55854.0595225619       7.935137057855091E-004  3.904452427002460E-004
   55854.0799552510      -5.021860494676122E-004  3.904001257957960E-004
   55854.1003880400       5.667213615165867E-004  3.904643276191699E-004
   55854.1208209288      -2.266488468171124E-004  3.904298264569434E-004
   55854.1412536175      -2.971170891998831E-004  3.904705331449550E-004
   55879.2530856110       7.042626350748371E-004  3.884441362626481E-004
   55879.2735184109      -2.725749782215292E-004  3.883127664526320E-004
   55879.2939510108       8.132738469115441E-004  3.885687151199182E-004
   55879.3143837108      -3.348696076294067E-004  3.883016433403757E-004
   55879.3348165107       1.071633081060064E-004  3.883310708022747E-004
   55879.3552492107       3.258809662440854E-004  3.883686552131617E-004
   55879.3756819106       7.623342685554313E-004  3.884035856884928E-004
   55879.3961146105       2.264145118529015E-004  3.883842665987845E-004
   55879.4165473104       6.604123968594333E-004  3.884744613792204E-004
   55879.4369800103      -1.167835805266915E-004  3.883627228866250E-004
   55879.4574127103       4.865750517921708E-004  3.883425061422435E-004
   55879.4778454101      -2.988425385139770E-004  3.882204251066729E-004
   55879.4982782100      -2.756370275507347E-004  3.882959842130875E-004
   55879.5187108099       3.184622479419641E-004  3.883693577255147E-004
   55879.5391435098      -1.269290147787316E-004  3.883121029687430E-004
   55879.5595763097      -6.967689390491305E-005  3.883275582405096E-004
   55879.5800089096      -1.259765538904611E-004  3.882815046529223E-004
   55879.6004417095      -2.794399874036513E-004  3.883342711363274E-004
   55879.6208744093      -4.540719523056236E-004  3.882903641142632E-004
   55879.6413070092       7.612081209540378E-005  3.883473066433225E-004
   55879.6617398091      -5.766930101847034E-005  3.882983259209309E-004
   55879.6821725090      -6.912452280581904E-004  3.882648004703059E-004
   55879.7026051088       3.433193384891897E-004  3.883890280713995E-004
   55905.0596023494       1.854915201251472E-003  3.860255813734958E-004
   55905.0800352344       1.269852380083369E-003  3.872388982641019E-004
   55905.1004680196       1.365580623498897E-003  3.871632611007592E-004
   55905.1209008048       9.275044840608704E-004  3.871530746716403E-004
   55905.1413335902      -2.186943870939873E-004  3.872242235616164E-004
   55905.1617663758      -5.088603297587202E-005  3.871784041448134E-004
   55905.1821992615       7.661341051221626E-004  3.872083780052092E-004
   55905.2026319473       4.915384615158391E-004  3.873158233667583E-004
   55905.2434976194       2.711307451030986E-004  3.870972639680388E-004
   55905.2639303056       4.453218546800475E-004  3.872339806776306E-004
   55905.2843630920      -1.746503371919950E-004  3.871813703080817E-004
   55905.3047959785      -1.252419032120589E-004  3.871477668005286E-004
   55930.4168348670      -8.986996585313989E-005  3.872447525337104E-004
   55930.4372678019       2.070300796046531E-004  3.872365175277944E-004
   55930.4577009370       9.411856430803223E-004  3.872439719644292E-004
   55930.4781339724       3.129489625470772E-004  3.871624805314781E-004
   55930.4985669081       1.250942244421793E-004  3.871700910819692E-004
   55930.5190000439      -4.277176370859337E-007  3.871927666195864E-004
   55930.5394329800      -2.744567346842919E-004  3.869813104013252E-004
   55930.5598660165      -7.545182173029907E-005  3.871505768499407E-004
   55930.5802991531      -3.712285899959422E-005  3.871338726673243E-004
   55930.6007320900      -3.181903008441234E-004  3.871759453515778E-004
   55930.6211651273       1.988874269114316E-004  3.871602949374909E-004
   55930.6415982646      -1.324923855138271E-004  3.871592801974254E-004
   55930.6620312024       9.070388854295341E-004  3.871998698000448E-004
   55930.6824643403      -2.447835151557776E-004  3.871360192328474E-004
   55930.7028973785       2.121273507864618E-004  3.871292673085655E-004
   55930.7233304170       3.783262291716660E-004  3.871229056689242E-004
   55930.7437634557       6.009170414045251E-005  3.871486644552019E-004
   55930.7641964947       2.304774379309205E-004  3.871673200610212E-004
   55930.7846295339      -4.889879734784053E-004  3.871133436952303E-004
   55930.8050626735      -2.385206772065329E-004  3.872694185229945E-004
   55930.8254956131       5.298149374999284E-006  3.871948741566454E-004
   55955.9992228523      -4.426198209053211E-004  3.507385709435236E-004
   55956.0196561545      -8.402654859203107E-004  3.507233493849329E-004
   55956.0605230599      -3.547238337014980E-004  3.507235480997970E-004
   55956.0809563630       1.344124996958129E-004  3.508185735478139E-004
   55956.1013898665       3.091106826491608E-004  3.507870971133390E-004
   55956.1218231702       6.457827076822298E-005  3.508364578855837E-004
   55956.1422566743       1.255881643296153E-004  3.508008879249082E-004
   55956.1626900787       3.048677188253190E-004  3.508184940618683E-004
   55956.1831233835      -2.669690272373293E-004  3.507742601331176E-004
   55956.2035568885       1.394747323760104E-003  3.508924954772624E-004
   55956.2239902939       1.719029250628612E-004  3.507902368081920E-004
   55956.2444236996       8.869940774616225E-004  3.508270388010250E-004
   55956.2648571055       1.599753878034349E-005  3.506793936569920E-004
   55956.2852905119       5.631658671427786E-004  3.507662320526076E-004
   55956.3057240185      -2.519927294792890E-004  3.507262903649217E-004
   55956.3261573255      -6.836742911827676E-004  3.506556671022174E-004
   55956.3465907327       1.081985494488791E-005  3.507923034427787E-004
   55956.3670242403       1.329769515412416E-004  3.507469169678162E-004
   55956.3874576482       5.640180600874345E-005  3.507621385264070E-004
   55956.4078909565       1.815969521616889E-004  3.507622974982983E-004
   55956.4283244651       3.599890182826027E-004  3.507868586555021E-004
   55956.4487578739      -2.928363227121533E-004  3.507019676655548E-004
   55956.4691911831      -6.235830045198121E-005  3.507677820285476E-004
   55981.5821015323       1.749180173526987E-004  3.512412003208007E-004
   55981.6025352350       7.866551299813285E-004  3.512821753257800E-004
   55981.6229690380      -4.816981904812723E-004  3.511552362705872E-004
   55981.6434029413      -4.619549334944351E-004  3.511471684471044E-004
   55981.6638366449      -3.625463388974293E-004  3.511320661174321E-004
   55981.6842705487      -8.599211819884101E-004  3.511624694916407E-004
   55981.7047043531       3.173689257562895E-004  3.512291184570629E-004
   55981.7251380576      -1.395134334609693E-004  3.512241903284330E-004
   55981.7455719624       4.019633268592671E-004  3.512602372047823E-004
   55981.7660057675      -1.988660710332546E-004  3.511823409780516E-004
   55981.7864394730      -6.603339281474607E-005  3.511894947131596E-004
   55981.8068733788      -1.324789327277198E-004  3.511725244637646E-004
   55981.8273071848       3.742910393857990E-004  3.511978407374521E-004
   55981.8477410912       1.575235169803957E-004  3.512022919504082E-004
   55981.8681747979      -4.072812306332718E-005  3.511353647841763E-004
   55981.8886086049       2.450068895001323E-004  3.512943366754634E-004
   55981.9090425122       2.027271922044882E-005  3.511584951943586E-004
   55981.9294762198       2.566918434263599E-004  3.512141750992819E-004
   55981.9499100277       2.281077587915625E-004  3.512495066021204E-004
   55981.9703439360       2.848058851079305E-004  3.512286017984162E-004
   55981.9907776445       2.020446840040879E-004  3.511933895244961E-004
   55982.0112115533      -4.658267080084322E-004  3.511492748246639E-004
   55982.0316453625      -8.040759271376041E-004  3.510815925419484E-004
   55982.0520791721       7.979677287783815E-005  3.511800358856280E-004
   55982.0725129817      -1.383543403301601E-004  3.511367160452522E-004
   56007.1654563665       6.180680968914665E-005  3.504944298614795E-004
   56007.1858906170      -1.532088316783531E-004  3.502982188046583E-004
   56007.2063247678       1.776121230383509E-004  3.503256811988782E-004
   56007.2267589188      -1.027789611455221E-004  3.502899920092842E-004
   56007.2471930700      -1.274917506117745E-004  3.504790493309975E-004
   56007.2676272215       3.440395524774154E-004  3.505142218619447E-004
   56007.2880614731       3.158440740074209E-004  3.503054122827391E-004
   56007.3084955251      -3.731384540618388E-004  3.502441683616207E-004
   56007.3289296772      -1.459991285668316E-005  3.503730548224817E-004
   56007.3493639296       4.324574234759737E-005  3.502609796391243E-004
   56007.3697979822       3.789300897163450E-004  3.503211902429493E-004
   56007.3902322351       2.047057306941991E-004  3.503008418408646E-004
   56007.4311004416       7.761351278467998E-005  3.503906609594418E-004
   56007.4515346952      -2.311519948716700E-005  3.503647087981892E-004
   56007.4719688491      -3.057548892100304E-004  3.502543823056359E-004
   56007.4924029031       3.649775428278268E-004  3.503050545959837E-004
   56007.5128371574      -9.591539079190081E-005  3.502777114306823E-004
   56007.5332713120      -2.118055181584699E-004  3.504904953071701E-004
   56007.5537054667       3.459099425517920E-004  3.505074655565650E-004
   56007.5945737769       1.176084583920378E-004  3.505030143436090E-004
   56007.6150079325      -3.078192967918003E-004  3.503078366040812E-004
   56007.6354420881      -1.635958479686561E-004  3.502738166193458E-004
   56007.6558762441       1.099595716254731E-003  3.506022922897178E-004
   56032.7491249208      -2.840319440470251E-004  3.874183917083931E-004
   56032.7695592024      -6.023387539261238E-004  3.872203467939692E-004
   56032.7899936843       5.677304819131646E-004  3.874246070980041E-004
   56032.8104280662      -1.282487184295356E-005  3.873537758722422E-004
   56032.8308625482       2.535670096235343E-004  3.872814109789138E-004
   56032.8512968304      -5.643122133113243E-004  3.872748323522476E-004
   56032.8717312127       4.959856841471044E-004  3.873466322101567E-004
   56032.8921656951      -1.923919833143328E-004  3.872871016927784E-004
   56032.9125999777       7.268623086631454E-004  3.873858618121172E-004
   56032.9330343604      -7.001290860524367E-004  3.873199544664367E-004
   56032.9534688432       1.191052232654144E-003  3.876517109768432E-004
   56032.9739032262      -3.290181647134238E-004  3.872044854425592E-004
   56032.9943376092      -4.282147767462607E-004  3.871514528325015E-004
   56033.0147719924      -1.982047062998316E-005  3.872534417256642E-004
   56033.0352063757      -8.335598576814096E-005  3.872055751537248E-004
   56033.0556407592      -3.809549477494789E-004  3.872402441126590E-004
   56033.0760751428       5.219239735605452E-004  3.872586077637825E-004
   56033.0965095265       5.678482904447613E-004  3.873266945317941E-004
   56033.1169440103       2.424254254163039E-005  3.872880703249256E-004
   56033.1373782942      -7.939921993993515E-005  3.871763547506184E-004
   56033.1578127783       2.173740796687085E-004  3.872261182271794E-004
   56033.1782470625       4.392887259054845E-004  3.873423137251673E-004
   56033.1986814468       6.077289368189298E-006  3.872656707065222E-004
   56033.2191159313      -1.070055212624155E-004  3.872718457364605E-004
   56033.2395502158      -4.648241505581518E-004  3.873309322974380E-004
   56058.3330454328      -1.706467061582950E-004  3.863407480849910E-004
   56058.3534799972       1.016785298451062E-004  3.864333331743916E-004
   56058.3739144617       6.084678300517510E-004  3.864745000406464E-004
   56058.3943488261      -2.193244757280333E-004  3.863262186027834E-004
   56058.4147833906       3.215408696077837E-004  3.863585467006953E-004
   56058.4352178550      -5.830660586900738E-004  3.863816727932090E-004
   56058.4556522195       1.035097865602630E-003  3.864395485640026E-004
   56058.4760867839      -5.554625716857053E-004  3.863172183957492E-004
   56058.4965212484      -8.276687702892804E-004  3.862925989953420E-004
   56058.5169556128       2.035508024169630E-004  3.864019333489540E-004
   56058.5373901773       4.279621432798919E-004  3.864506071143494E-004
   56058.5578246418      -8.322462759969840E-004  3.863105186900646E-004
   56058.5782592063      -9.771848205506473E-004  3.863804216433523E-004
   56058.5986935708      -2.938019886382648E-004  3.863985834961118E-004
   56058.6191280352      -2.056867763624570E-004  3.863980588203654E-004
   56058.6395625997      -5.509444117360873E-004  3.863061598454024E-004
   56058.6599969642      -2.945734932106037E-004  3.863817938722274E-004
   56058.6804314287       7.274070801188692E-005  3.863212947227019E-004
   56058.7008659932       6.293013547995496E-004  3.865052137516463E-004
   56058.7213004577      -1.209801670405741E-003  3.863003076928465E-004
   56058.7417349222       3.913271345139524E-004  3.864051621227780E-004
   56058.7621693867       3.220208452030526E-004  3.863734797796309E-004
   56058.7826038512      -6.216976612227754E-005  3.864134762153745E-004
   56058.8030383157      -4.203632178603200E-004  3.863578605862577E-004
   56058.8234727802       1.071370657215853E-003  3.865337883999879E-004
   56083.9374087783      -5.117063302170211E-004  3.863239988207795E-004
   56083.9578430748       3.099125757490828E-004  3.863310617635193E-004
   56083.9782774711       3.936718290895591E-004  3.863175816328045E-004
   56083.9987118674      -3.312458467303880E-004  3.862785134695352E-004
   56084.0191462634       7.302503905592950E-005  3.863444611748885E-004
   56084.0395806595      -3.896496588662313E-005  3.863347344937440E-004
   56084.0600150554      -3.062720930229190E-004  3.863334026245416E-004
   56084.0804494512      -1.844032623000702E-004  3.862957066901475E-004
   56084.1008838468       1.003457909496186E-003  3.863624615889568E-004
   56084.1213182424       4.619822212139635E-004  3.864084716159474E-004
   56084.1417526379       3.214097452963749E-005  3.863311424828649E-004
   56084.1621871332       1.555035713241004E-004  3.863416359977926E-004
   56084.1826215284      -3.827832731241321E-004  3.863357031258911E-004
   56084.2030558236      -3.167890869250067E-004  3.863400216108806E-004
   56084.2234903186       2.270995644422236E-004  3.864072204660907E-004
   56084.2439247134       1.965139047164222E-004  3.863963233544350E-004
   56084.2643590083       1.096561360334203E-004  3.863245638561987E-004
   56084.2847935030       5.988497841680207E-005  3.863751345262156E-004
   56084.3052278975      -2.327968617521492E-004  3.863538246189778E-004
   56084.3256621919      -2.027692750499188E-004  3.862865450444221E-004
   56084.3460966863      -2.037999472115359E-005  3.863446226135797E-004
   56084.3665310805      -7.834482321378289E-005  3.862900563359557E-004
   56084.3869655747       2.629376529958982E-004  3.863960811963982E-004
   56084.4073998687       8.707043183031615E-005  3.863563269186914E-004
   56109.5211291261      -5.244598667354383E-004  3.966906587914644E-004
   56109.5415633233       4.708007012155235E-005  3.967606309963330E-004
   56109.5619974202       4.735587667166197E-004  3.967993585022130E-004
   56109.5824317170      -1.085495489381527E-003  3.966760115949958E-004
   56109.6028659137       1.646870997251693E-004  3.967170476264063E-004
   56109.6233000100       2.575236900224098E-004  3.967466604366578E-004
   56109.6437343063      -2.700759500949834E-004  3.967551780998216E-004
   56109.6641685021      -4.399818581091175E-005  3.967338441397479E-004
   56109.6846027979      -6.915597340628743E-005  3.967703825265905E-004
   56109.7050368935       2.130969281626260E-004  3.968035775316306E-004
   56109.7254710888       6.685446804814976E-004  3.968599771984673E-004
   56109.7459053842       4.395468563966887E-005  3.967525909591410E-004
   56109.7663394791       1.213298161737431E-004  3.967853879425379E-004
   56109.7867736737      -3.127185961073753E-004  3.967315356142175E-004
   56109.8072078684      -1.885231309646240E-004  3.967713775806985E-004
   56109.8276420628       6.562751712482218E-004  3.968724750780627E-004
   56109.8480762567       6.506958234602234E-004  3.968841371122075E-004
   56109.8685104507       2.122186192703435E-004  3.968706441785041E-004
   56109.8889446446      -4.426030268012138E-004  3.968108215255362E-004
   56109.9093789381      -2.994195863023075E-004  3.968016272255791E-004
   56109.9298130314      -2.959364360541894E-004  3.967936667927158E-004
   56109.9502472244       1.064875114165975E-003  3.969695525568309E-004
   56109.9706815174       2.543880806038512E-004  3.968226825705026E-004
   56109.9911156102      -5.250954408597686E-005  3.968682958508094E-004
   56135.1045722801      -4.049340304546067E-004  3.980175037411232E-004
   56135.1250060805      -3.534075417634952E-004  3.979180381324960E-004
   56135.1454400808      -1.609981888061052E-004  3.980251059545077E-004
   56135.1658739807       1.674348067812748E-004  3.979946174966412E-004
   56135.1863078806       2.828602839142214E-004  3.979917119386460E-004
   56135.2067417800       3.429712530920170E-004  3.980143593701422E-004
   56135.2271756792      -2.406745101669605E-004  3.979841097252616E-004
   56135.2476095781       4.099742274867868E-004  3.980149962047713E-004
   56135.2680434769      -3.164581751374795E-004  3.979565268253902E-004
   56135.2884773751       8.487643880572548E-005  3.979903984672236E-004
   56135.3089112734       2.188197422703375E-004  3.980473951665250E-004
   56135.3293452712       7.730062774513602E-004  3.980289269622821E-004
   56135.3497790687      -4.418043244517333E-004  3.979519893786581E-004
   56135.3702130660       6.986759261269349E-004  3.980705202239930E-004
   56135.3906469631       1.839760658197687E-004  3.980266980410804E-004
   56135.4110807600      -3.005620027468625E-004  3.979452230107243E-004
   56135.4315147566       4.129036241486972E-004  3.980030953576406E-004
   56135.4519486528       7.567008997706459E-004  3.980074337935511E-004
   56135.4723824489       1.562425088437180E-004  3.979355908869596E-004
   56135.4928164446      -5.311917217453166E-004  3.979352724696451E-004
   56135.5132503401       6.325050196904769E-004  3.980516141959426E-004
   56135.5336841353       2.920850730860902E-004  3.979940602663407E-004
   56135.5541181303      -2.705155291923278E-004  3.979306952207487E-004
   56135.5745520249      -2.455851402971554E-004  3.979822390235387E-004
   56160.6876050124       1.047560672478021E-004  3.981210689726751E-004
   56160.7080386630      -3.844391660972057E-004  3.982363360405360E-004
   56160.7284722132       8.540156406691146E-004  3.981469801816452E-004
   56160.7489056632       5.279367468384866E-004  3.981583636006397E-004
   56160.7693393131      -6.827712944912356E-006  3.980945607312402E-004
   56160.7897728626      -2.004839415120641E-004  3.981026405705965E-004
   56160.8102063116       1.398047550604797E-004  3.981673986919396E-004
   56160.8306399606      -1.637339895684820E-004  3.980827792906025E-004
   56160.8510735091      -6.458281527246257E-004  3.980948393463904E-004
   56160.8715071575       1.312932858932303E-003  3.981329300176414E-004
   56160.8919406053       1.181803711607365E-004  3.981311389202472E-004
   56160.9123741532       1.193173656774960E-004  3.981650105620806E-004
   56160.9328078005      -2.222747531988034E-004  3.980904213061513E-004
   56160.9532412477       5.672746251026428E-004  3.981627020365503E-004
   56160.9736747946      -1.263981668452319E-004  3.980622015716508E-004
   56160.9941084410       1.494507974035830E-004  3.981410496591620E-004
   56161.0145418875       4.764397726331193E-004  3.981356763669793E-004
   56161.0349754335      -3.388491265751137E-004  3.980775254049127E-004
   56161.0554090792      -1.652355400915129E-004  3.980761721313259E-004
   56161.0758425245      -3.996333512110706E-004  3.980799931391003E-004
   56161.0962760698      -3.520986835461315E-004  3.980895456585363E-004
   56161.1167097146       2.156150714391902E-004  3.981436766020070E-004
   56161.1371431592       2.305063615446468E-004  3.981957776350974E-004
   56161.1575768033      -1.675313313325155E-004  3.981102029818167E-004
   56186.2701932546      -6.623010257456041E-005  3.983080197384702E-004
   56186.2906264546      -5.280672602825387E-005  3.983098108358645E-004
   56186.3110595544       4.286512275180066E-004  3.983584888828237E-004
   56186.3314928537      -6.905301977899736E-005  3.982584660438960E-004
   56186.3519260530       7.495544958691092E-005  3.983173732470847E-004
   56186.3723593518      -1.008360639820349E-004  3.983381897790222E-004
   56186.3927924506      -6.704697950106198E-004  3.982563963313516E-004
   56186.4132256490       2.646143716833471E-005  3.983277616119713E-004
   56186.4336589471       3.077520457095417E-005  3.983602799802180E-004
   56186.4540920450      -7.669844834901074E-004  3.982710833299844E-004
   56186.4949585399      -1.858304190633930E-004  3.983065470583905E-004
   56186.5153917369      -2.824621940912264E-004  3.983099302423574E-004
   56186.5358248338      -6.442231239959240E-004  3.983303885548162E-004
   56186.5562581303      -3.533114924458847E-004  3.983306273678021E-004
   56186.5766913266       2.660466243333826E-004  3.983780715476675E-004
   56186.5971244227       2.934521506074983E-004  3.983830468182071E-004
   56186.6175577185      -2.223997108847797E-004  3.983602799802180E-004
   56186.6379909138       2.348020944711315E-004  3.984027886917081E-004
   56186.6584240091       5.912477646663472E-004  3.984290581201571E-004
   56186.6788573040       4.595075875841736E-004  3.984281028682135E-004
   56186.6992904987       1.160422637360714E-004  3.983523195473547E-004
   56186.7197237931      -2.183638349457784E-004  3.983258113059198E-004
   56211.8523637419      -3.650972951574349E-004  3.872625231976526E-004
   56211.8727966490      -5.840617478558574E-005  3.873240048198738E-004
   56211.8932296559      -2.299848642202118E-004  3.873334957832545E-004
   56211.9136624627      -1.112532724066861E-004  3.873093681534553E-004
   56211.9340953691       9.305924471012528E-004  3.874464344358529E-004
   56211.9545283755       1.701077859441735E-004  3.873575090640972E-004
   56211.9749611817       2.348369759044289E-004  3.873477512864849E-004
   56211.9953940879       1.946499730811624E-004  3.873706591940825E-004
   56212.0158270936      -1.941250034664943E-004  3.873193546289804E-004
   56212.0362598993      -4.387568354680127E-005  3.873208030490947E-004
   56212.0566928045       4.894927451459807E-004  3.873612444633394E-004
   56212.0771258097       1.653051515240200E-004  3.873294173371431E-004
   56212.0975586147      -1.579937901911022E-004  3.873204981185444E-004
   56212.1179916195       5.145382865632264E-004  3.873771008519594E-004
   56212.1384245243       4.925337501817673E-004  3.873859438379205E-004
   56212.1588574286      -5.525742487926255E-004  3.873189353494736E-004
   56212.1792903329      -7.266619981267652E-004  3.872786082841854E-004
   56212.1997232369       3.089923195607192E-004  3.873730986384856E-004
   56212.2201561408       5.087227534206207E-004  3.873747376401939E-004
   56212.2405890444       1.379942711505766E-004  3.873541548280430E-004
   56212.2610219478       1.773637492215041E-004  3.873682959823170E-004
   56212.2814547511      -2.390502331670596E-004  3.873242335177866E-004
   56212.3018877543       2.035026546474139E-004  3.873863631174273E-004
   56212.3223206572      -1.192370110346674E-004  3.873804932043324E-004
   56212.3427535598      -9.030101930155299E-004  3.873124936915968E-004
   56237.8020322403      -4.536539179638144E-004  3.857417201939316E-004
   56237.8224650692      -3.680869297373324E-005  3.858020583265888E-004
   56237.8428976979       1.159924834608361E-004  3.857780831620648E-004
   56237.8633304267       8.437279160422584E-004  3.858468831174952E-004
   56237.8837632553      -5.723867856699538E-005  3.858194774842795E-004
   56237.9041958838       7.642715967715041E-005  3.858355244544934E-004
   56237.9246286123      -6.216760561228440E-006  3.858439100446289E-004
   56263.0159850393      -2.861430908795981E-005  3.839758673766582E-004
   56263.0364178544      -1.340524312151148E-004  3.839686633924053E-004
   56263.0568504696      -7.081014618791626E-004  3.839130135669603E-004
   56263.0772831848      -6.931794811314562E-004  3.838894576819431E-004
   56263.0977160001      -4.763217445136192E-006  3.839579527068231E-004
   56263.1181486154       3.757944866513707E-004  3.839966788867219E-004
   56263.1385814308      -2.660865291597148E-004  3.838988724126862E-004
   56263.1590141463       3.235068481000081E-004  3.839877977844419E-004
   56263.1794467618       2.255034780440646E-005  3.839348923339503E-004
   56263.1998795774      -2.693630936045910E-005  3.839642418994248E-004
   56263.2203122930       3.025962795037973E-004  3.839887125760931E-004
   56263.2407449088       2.942102126473056E-004  3.839879121333983E-004
   56263.2611777245       4.521018471637106E-004  3.840233984261993E-004
   56263.2816104403       1.416904987299183E-004  3.839293654677246E-004
   56263.3020430562      -8.556079010995088E-004  3.838337316238605E-004
   56263.3224758721       2.176758463725559E-004  3.839673674375662E-004
   56263.3429085882      -8.875330820656835E-005  3.839643562483812E-004
   56263.3633413042       6.540581194758310E-005  3.839837955709682E-004
   56263.3837740204      -2.542847589726005E-004  3.839481186965732E-004
   56263.4042067366       3.087934359147226E-005  3.839853964563577E-004
   56263.4246394528      -1.571635815994510E-004  3.839627934793105E-004
   56263.4450721691       7.907773058033474E-004  3.840543107607444E-004
   56263.4655048855      -1.209698045934182E-005  3.839726656058792E-004
   56263.4859376019       4.845537114306353E-005  3.839713315347212E-004
   56263.5063703184      -4.598307404024560E-005  3.839730086527483E-004
   56288.6182671734      -3.149305891558818E-004  3.846157641366389E-004
   56288.6386999508       8.991556220909747E-004  3.847550411655267E-004
   56288.6591328284       2.135940036387396E-004  3.847325906537547E-004
   56288.6795658062       1.358885371693930E-005  3.846785417136991E-004
   56288.6999985842      -4.894151506036337E-004  3.846461809590397E-004
   56288.7204314623       8.882862591452767E-004  3.847619783355479E-004
   56288.7408644407       5.574546889008936E-004  3.847618258702728E-004
   56288.7612973193       8.130856317722923E-005  3.847221848987228E-004
   56288.7817301980       6.202956221297296E-004  3.847367453325037E-004
   56288.8021630770       3.735351682101484E-004  3.847117410273722E-004
   56288.8225959561       3.825079106278828E-004  3.846717951252719E-004
   56288.8430288355       6.827844190213650E-004  3.847223373639981E-004
   56288.8634617151       3.214196114087464E-004  3.846907389357145E-004
   56288.8838945948      -9.060756710995710E-004  3.845819549618651E-004
   56288.9043275748      -4.248859044659881E-004  3.846121430863530E-004
   56288.9247603549      -7.452926992823627E-005  3.846851358368512E-004
   56288.9451933352      -6.717047645099505E-005  3.846930259148424E-004
   56288.9656262158       1.658252885834433E-004  3.847156670082084E-004
   56288.9860589965       5.649392692443911E-004  3.847041177636126E-004
   56289.0064919774      -2.317618735466764E-004  3.846193470706059E-004
   56289.0269248586      -7.795309015883323E-004  3.846212147702270E-004
   56289.0473576399      -3.896153844606953E-004  3.846633714188176E-004
   56289.0677906215      -4.766626496349735E-004  3.845772666546529E-004
   56289.0882235032      -3.460805370268938E-004  3.846074928954597E-004
   56339.7830031158       2.054473277226521E-004  3.448180425568484E-004
   56339.8034366981      -1.936652678862227E-004  3.448517121801292E-004
   56339.8238703807      -5.776447137092466E-004  3.448057744297449E-004
   56339.8443038637      -5.889008426385178E-004  3.448367350028767E-004
   56339.8647374470      -1.510555014829773E-004  3.448451330583387E-004
   56339.8851711306      -8.155621409822178E-005  3.448523313915919E-004
   56339.9056047145       1.660559379190740E-004  3.448939346617377E-004
   56339.9260381988       2.003242749071266E-004  3.448790735866345E-004
   56339.9464718834      -7.883595037125879E-004  3.447811994748215E-004
   56339.9669054683      -2.414145965031755E-004  3.447819347884334E-004
   56339.9873389535       2.132998864208258E-004  3.449044999573190E-004
   56340.0077726391       6.114021537795278E-004  3.448804668124254E-004
   56340.0282062250       4.173127144495581E-004  3.449078282189306E-004
   56340.0486399111       3.945024933398322E-004  3.448625870814418E-004
   56340.0690733976       8.034977142523658E-005  3.448318974133248E-004
   56340.0895069845      -1.975020327970034E-004  3.447974924764321E-004
   56340.1099406716       4.471811909603218E-004  3.448694371082472E-004
   56340.1303741592       4.722076881626958E-004  3.448682373860384E-004
   56340.1508077470       8.953189100036063E-005  3.448548082374424E-004
   56340.1916749236       4.688951667399799E-004  3.448478808092042E-004
   56340.2121086123       2.053989055772476E-004  3.448654509344565E-004
   56340.2325421014       3.700442548859595E-004  3.448300397789369E-004
   56340.2529756909      -4.073113968117159E-004  3.447769036952995E-004
   56365.3661019387       1.103185442734578E-004  3.437028427126400E-004
   56365.3865359075       4.356548912287650E-005  3.436661544334788E-004
   56365.4069697766      -1.667082553473698E-004  3.437284238861902E-004
   56365.4274038460       2.953670038798872E-004  3.437305524255930E-004
   56365.4478378157      -1.119627527105260E-004  3.437035006248191E-004
   56365.4682718857      -7.480366060691468E-004  3.436133666562890E-004
   56365.4887057560      -2.646101204711870E-004  3.436987404367000E-004
   56365.5091397266       7.692133310088778E-006  3.436897231697754E-004
   56365.5295737974       5.684194032060663E-004  3.437640672460082E-004
   56365.5500077685       5.117761291710821E-004  3.437014107861327E-004
   56365.5704416399       1.325955142814417E-003  3.442660542386243E-004
   56365.5908757116       2.475253696894164E-004  3.436921226141931E-004
   56365.6113096835      -9.999622559153654E-005  3.436950638686406E-004
   56365.6317435558       4.170059498067591E-004  3.437375959559805E-004
   56365.6521776283      -1.424655836194111E-004  3.436398379463167E-004
   56365.6726116011      -2.951742876914354E-004  3.436765262254779E-004
   56365.6930456742      -1.275669803599833E-004  3.436322139051830E-004
   56365.7134795476       3.012057859910211E-004  3.437130984024899E-004
   56365.7339135213      -6.711951738203048E-005  3.436632905804641E-004
   56365.7543475952      -5.610624231868755E-004  3.436301627672131E-004
   56365.7747814695       3.218243899916207E-004  3.437035393255355E-004
   56365.7952154440       2.671453570513016E-005  3.437098475423111E-004
   56365.8156495187       1.301534908757507E-004  3.436879042361039E-004
   56365.8360833938       8.349137304608512E-005  3.437069836892964E-004
   56365.8565174692       9.564487470081762E-004  3.438062123261839E-004
