   54974.4548813682       9.987204484929180E-005  1.430570019280523E-004
   54974.4753156691      -2.601192159690235E-005  1.430275993761607E-004
   54974.4957501696      -2.600618115863318E-004  1.430140966755786E-004
   54974.5161845703       2.802684306644210E-004  1.431145148177715E-004
   54974.5366188705      -2.670849214032600E-004  1.430074296001179E-004
   54974.5570532707      -5.730492960817068E-004  1.430236478230084E-004
   54974.5774877708      -2.551728092166083E-004  1.430926127257732E-004
   54974.5979221705      -6.613576600811299E-006  1.431870379911474E-004
   54974.6183564701      -4.235937643901622E-004  1.431272403171411E-004
   54974.6387909696      -5.513540231456560E-004  1.430438363267913E-004
   54974.6592253689      -2.497808654052802E-004  1.430388922034159E-004
   54974.6796596680      -2.143757003200131E-004  1.429493923336771E-004
   54974.7000940668      -5.087958010862037E-004  1.430537339374121E-004
   54974.7205285657      -3.901458932891178E-004  1.430640061028341E-004
   54974.7409628643      -1.048713174630178E-003  1.430841758788769E-004
   54974.7613972627      -1.337827311798989E-003  1.430268409026883E-004
   54974.7818317608      -1.626075319381970E-003  1.430643619298952E-004
   54974.8022660589      -1.431695098717212E-003  1.430170931139880E-004
   54974.8227004569      -1.618393658182504E-003  1.430142371336291E-004
   54974.8431348545      -1.205746906211225E-003  1.429867729028335E-004
   54974.8635693520      -7.849665987151866E-004  1.430596331755305E-004
   54974.8840036494      -3.117470499703900E-004  1.430090120941528E-004
   54974.9044380466      -5.922136828925284E-004  1.429673990557432E-004
   54974.9248725436      -4.764538945938313E-004  1.430363358668979E-004
   54974.9453068404      -7.443327265710398E-005  1.429945355510877E-004
   54974.9657412371      -2.669961403821697E-004  1.430456716453170E-004
   54974.9861755334      -4.112822031729912E-004  1.429840948360052E-004
   54975.0066100297      -1.074929064517338E-004  1.430092180992934E-004
   54975.0270444260      -1.992170607199029E-004  1.429213569068097E-004
   54975.0474788218      -1.297752414423092E-004  1.429339232203889E-004
   54975.0679131176      -2.911303194413906E-004  1.430138251233478E-004
   54975.0883476132      -9.972854699813460E-005  1.430060718389636E-004
   54975.1087820085      -2.996679135476299E-004  1.429660974778091E-004
   54975.1292163039       1.733860743611260E-004  1.429744781414852E-004
   55012.6055084074      -1.576361254262970E-004  1.525274932806752E-004
   55012.6259423587       5.897668904131237E-006  1.525221062105125E-004
   55012.6463764096       1.888214293430668E-004  1.525435938487227E-004
   55012.6668102600      -3.284466333076663E-004  1.525330016357197E-004
   55012.6872442104      -2.617506557495153E-004  1.525166382837619E-004
   55012.7076782603      -2.074255172128669E-004  1.525221769600268E-004
   55012.7281121100      -1.338669310083640E-004  1.525157690754430E-004
   55012.7485460595       1.994049776583573E-004  1.525449178753480E-004
   55012.7689800085       1.560165014773407E-004  1.525296460873257E-004
   55012.7894139576      -1.018191093290488E-004  1.525098059020921E-004
   55012.8098479061       2.740099036668830E-005  1.525320010354456E-004
   55012.8302818542      -2.340455924687568E-004  1.525160722876473E-004
   55012.8507158023       1.339210367803378E-004  1.525258660418456E-004
   55012.8711497499      -2.311302155412198E-004  1.525068748507840E-004
   55012.8915836973      -9.542620309798133E-004  1.524734507587986E-004
   55012.9120175442      -9.940228575328058E-004  1.524760684908289E-004
   55012.9324515911      -1.180178936710963E-003  1.524490320692803E-004
   55012.9528855375      -1.040273734364328E-003  1.524574815827064E-004
   55012.9733193838      -1.017399650107831E-003  1.524637782894820E-004
   55012.9937534295      -4.797064767125825E-004  1.524768972708539E-004
   55013.0141873753      -7.895638623223178E-005  1.525039134782555E-004
   55013.0346212206      -6.243101468605960E-005  1.525031756618918E-004
   55013.0550551656       2.973929556915333E-004  1.525081786632624E-004
   55013.0754892104       6.812200421113523E-005  1.524936244774569E-004
   55013.0959230548      -1.072850558108129E-004  1.524934021218404E-004
   55013.1163569989      -1.704080737474634E-005  1.525053790039095E-004
   55013.1367910428       1.726244043420699E-004  1.525037113367860E-004
   55013.1572249862      -1.055938858048888E-004  1.524929877318279E-004
   55013.1776588294      -1.587993082705630E-004  1.524916232769086E-004
   55013.1980927724       5.974220881932446E-005  1.525057832868486E-004
   55013.2185268151       5.896516238421690E-004  1.525342852340512E-004
   55013.2389606576      -8.536451721941063E-005  1.525020942050298E-004
   55013.2593945996       3.070171066188454E-004  1.525072892407965E-004
   55013.2798286414      -1.731105448823378E-004  1.524936547986773E-004
   55050.7347163153       1.388148781698018E-004  1.514721328824487E-004
   55050.7551496832       1.453845524035380E-005  1.514955408646193E-004
   55050.7755831506       2.702687481377364E-004  1.514951972241211E-004
   55050.7960164178       8.077263218408959E-005  1.514708189628968E-004
   55050.8164497847       2.975933032680622E-004  1.514680496247644E-004
   55050.8368831512       1.619621137278759E-004  1.514538694006774E-004
   55050.8573165174       1.476401085416246E-004  1.514502914966669E-004
   55050.8777498832       1.419319929867324E-004  1.514580234078761E-004
   55050.8981832487       3.053471739344893E-005  1.514585590827703E-004
   55050.9186166140       1.974748969326701E-004  1.514742755820256E-004
   55050.9390499791       2.590747413053762E-004  1.514722743814774E-004
   55050.9594832437       3.775249364783573E-004  1.514575685895697E-004
   55050.9799167079      -1.059686881247357E-004  1.514464002733786E-004
   55051.0003500720      -2.395466927855860E-004  1.514589633657094E-004
   55051.0207833357      -4.620699261480565E-004  1.514214964443335E-004
   55051.0412166989      -8.824392236125300E-004  1.513893559506795E-004
   55051.0616501621      -1.383037201764248E-003  1.513874052854986E-004
   55051.0820835249      -1.595629931972042E-003  1.513720223196680E-004
   55051.1025167871      -1.168471577531971E-003  1.513932269598209E-004
   55051.1229501494      -9.586340370253410E-004  1.514025658957128E-004
   55051.1433836112      -4.078795011998038E-004  1.514278639006234E-004
   55051.1638168726      -2.901126564616163E-004  1.514295012465266E-004
   55051.1842502339      -1.708499208312730E-004  1.514509585635163E-004
   55051.2046836946      -1.712614686373293E-004  1.514491392902906E-004
   55051.2251169552       7.237611204224947E-005  1.514716982782892E-004
   55051.2455503154      -2.965957178407974E-004  1.514460263116600E-004
   55051.2659836754      -1.641631299985624E-004  1.514538896148244E-004
   55051.2864170351      -1.473338096348309E-004  1.514354846340244E-004
   55051.3068503943      -2.134159769175970E-004  1.514408211688198E-004
   55051.3272837534      -4.346632790341864E-005  1.514446618567407E-004
   55051.3477172119      -1.144124420030534E-004  1.514338776093417E-004
   55051.3681504702       1.371015463631498E-004  1.514636227265818E-004
   55051.3885838283      -1.166859188032054E-004  1.514382337580099E-004
   55051.4090172860      -3.861614068142449E-004  1.514315327682952E-004
   55088.8832968938      -1.280284085506400E-004  1.503987616792878E-004
   55088.9037298437       3.867537375257246E-004  1.504504189318241E-004
   55088.9241625932       7.669516555330880E-005  1.504311851709991E-004
   55088.9445954426      -4.229330234813977E-004  1.504007527727626E-004
   55088.9650283917       3.356304413304478E-005  1.504324081268897E-004
   55088.9854612406      -1.437854304446873E-004  1.504255555310729E-004
   55089.0058939895      -3.754666863782230E-004  1.503993377824759E-004
   55089.0263268379      -5.507906743840163E-005  1.504293658977734E-004
   55089.0467596861       1.091194107170068E-004  1.504398772541885E-004
   55089.0671925343       4.116487228178478E-004  1.504374313424073E-004
   55089.0876252820       2.699276445650156E-005  1.504133360792403E-004
   55089.1080582295       1.640479203357526E-004  1.504223111604871E-004
   55089.1284910770      -5.671292172348963E-005  1.504107082401365E-004
   55089.1693566711      -3.928010485475530E-004  1.504021778701227E-004
   55089.1897896178      -8.712946488120821E-004  1.503534516688945E-004
   55089.2102224644      -8.397760127267784E-004  1.503524611756938E-004
   55089.2306552105      -7.324212761903315E-004  1.503593137715106E-004
   55089.2510881566      -4.121285229042870E-004  1.503567263607007E-004
   55089.2715210025      -3.726312339483728E-004  1.503830957153998E-004
   55089.3123865935       2.956294785929625E-004  1.504307303526927E-004
   55089.3328195386       2.348123050655015E-004  1.504441424391954E-004
   55089.3532522838       2.671930226878505E-004  1.504545830460962E-004
   55089.3736851285       3.040681839148185E-004  1.504308819587948E-004
   55089.3941180730       5.726804281125375E-005  1.504378356253464E-004
   55089.4145509172       3.127213787319505E-004  1.504305989607375E-004
   55089.4349836614       5.558950327249068E-004  1.504335704403394E-004
   55089.4554165052       6.535303053252228E-004  1.504664891786511E-004
   55089.4758494490       3.386835417413803E-004  1.504410496747117E-004
   55089.4962821923      -3.686099164812440E-005  1.504329741230044E-004
   55089.5167150356       3.564519182359671E-004  1.504524807748132E-004
   55089.5371479786       1.228096962568870E-005  1.504119210889537E-004
   55089.5575807212       8.548475347325279E-005  1.504131945802116E-004
   55127.0107056414       2.383032211563663E-004  1.454596998450625E-004
   55127.0311382502       7.210176809446800E-005  1.454587599311539E-004
   55127.0515707591      -6.281162600041412E-006  1.454247426429284E-004
   55127.0720034679       2.766463544008335E-004  1.454660988549045E-004
   55127.0924360766       1.782888033701191E-004  1.454535381872175E-004
   55127.1128685854       6.561069878974202E-005  1.454371039349378E-004
   55127.1333012941       2.394207881957211E-004  1.454221887354396E-004
   55127.1537339027       1.628232202266489E-005  1.454078621688941E-004
   55127.1741665114       2.977959702268329E-004  1.454604593714532E-004
   55127.1945990201       2.026891609727688E-004  1.454374172395740E-004
   55127.2150317287      -7.318334360739698E-006  1.454436453559781E-004
   55127.2354643373      -9.879869122819684E-005  1.454373033106154E-004
   55127.2558968459       5.311133531202827E-004  1.454399236766635E-004
   55127.2763295545       1.197813938489389E-004  1.454603359484147E-004
   55127.2967621630      -5.540329137472266E-004  1.454235179066233E-004
   55127.3171946715      -8.917544279702927E-004  1.454081564853705E-004
   55127.3376273800      -9.418376559313657E-004  1.453657844068469E-004
   55127.3580599885      -1.485330003757390E-003  1.453681484327381E-004
   55127.3784924970      -1.293619099654642E-003  1.453896145473565E-004
   55127.3989251054      -5.016052114918956E-004  1.454406072504151E-004
   55127.4193577138      -1.365705771692038E-004  1.454600606200981E-004
   55127.4397903222      -6.740039172759005E-005  1.454180588106899E-004
   55127.4602229306       1.727457275013666E-004  1.454506140106132E-004
   55127.4806556389       5.366092851177839E-004  1.454832451631755E-004
   55127.5010881472      -2.802671040046389E-004  1.454221887354396E-004
   55127.5215207555      -6.214557855221958E-005  1.454223216525579E-004
   55127.5419532638       2.156100023100738E-004  1.454583042153195E-004
   55127.5623859721       7.418100402745154E-005  1.454555034617536E-004
   55127.5828185804       1.558058859552069E-004  1.454319676377204E-004
   55127.6032511885      -4.100553974151211E-007  1.454457910180319E-004
   55127.6236837968       1.261369067944162E-004  1.454291384019149E-004
   55127.6441164050       1.626167433688153E-005  1.454570415026948E-004
   55127.6645489131       3.293846154315272E-004  1.454597947858613E-004
   55127.6849816213       1.151991843635347E-004  1.454528736016256E-004
   55165.1584812226       3.555407832267488E-004  1.463799040437690E-004
   55165.1789139078       2.221281772583072E-004  1.464236622579558E-004
   55165.1993467932       2.264069182358330E-004  1.463910595876331E-004
   55165.2197795788       3.203954285004862E-004  1.463927495338525E-004
   55165.2402122646       1.295181357414688E-004  1.463966705888447E-004
   55165.2606451506       3.554289456944026E-004  1.463934426016841E-004
   55165.2810779369       4.651608872272561E-004  1.464439226244289E-004
   55165.3015106234       4.069826207451221E-004  1.464188677476143E-004
   55165.3219434100       3.814063280493940E-004  1.464295390934042E-004
   55165.3423762969       3.326576307971507E-004  1.463974775856349E-004
   55165.3628090840      -9.136090471884017E-005  1.463608779076809E-004
   55165.3832417713       2.558687231917212E-004  1.464463151325598E-004
   55165.4036746588       3.446070464012685E-004  1.464181367034632E-004
   55165.4241074465      -2.066557141394698E-004  1.463747107820723E-004
   55165.4445401344      -4.007516953167256E-004  1.464098103954046E-004
   55165.4649730225      -1.038926755436709E-003  1.463709796086778E-004
   55165.4854058109      -2.836291345611475E-004  1.464278681353446E-004
   55165.5058384994      -5.917485443381887E-004  1.463885246683040E-004
   55165.5262713882      -6.412686515353538E-004  1.464264819996815E-004
   55165.5467041772      -6.510561953698701E-005  1.464583536258531E-004
   55165.5671368663       1.677675687188351E-004  1.464052247548205E-004
   55165.5875696557       3.485581764850476E-004  1.463689763578222E-004
   55165.6080025453       1.595353493248908E-004  1.464441979527456E-004
   55165.6284352351       2.557501062330214E-004  1.464585909778502E-004
   55165.6488680251       1.902840179299758E-004  1.464286371558152E-004
   55165.6693009154       3.543425331002936E-004  1.464560180822016E-004
   55165.6897337058       1.317920492429625E-004  1.464356912571693E-004
   55165.7101663965       9.234183103590254E-005  1.464212127853457E-004
   55165.7305992874       3.219023788501030E-004  1.464308397823484E-004
   55165.7510320784       2.625907586548681E-004  1.464486506762113E-004
   55165.7714647697      -1.358135810880512E-005  1.464113294481861E-004
   55165.7918975612       1.082782129784299E-004  1.464302891257151E-004
   55165.8123304529       1.368108296877502E-004  1.464011423004703E-004
   55165.8327631448       1.764962654222657E-004  1.464465145082374E-004
   55203.2865200670       1.231830150199009E-004  1.402721773869493E-004
   55203.3069532963      -2.083968606703124E-004  1.402204110602034E-004
   55203.3273867261       4.034885408144007E-005  1.402463897669813E-004
   55203.3478200561       2.564100747288744E-004  1.402402385915762E-004
   55203.3682532866      -1.914942997831570E-004  1.402389373813943E-004
   55203.3886867174      -4.503674066006491E-004  1.402210116187489E-004
   55203.4091200485      -5.510042754186539E-005  1.402425862295266E-004
   55203.4295533800      -2.748801400073164E-004  1.402302292824848E-004
   55203.4499866118       1.781967904035398E-005  1.402438965390804E-004
   55203.4704200440      -3.841188576876320E-004  1.402338053356420E-004
   55203.4908533765       5.170169032830962E-005  1.402399929085348E-004
   55203.5112866094      -6.782296248231123E-005  1.402320309581213E-004
   55203.5317200426      -1.946567411731381E-004  1.402254612116086E-004
   55203.5521533761      -4.754983205301766E-005  1.402327407091296E-004
   55203.5725866101      -4.093250503320878E-004  1.402176357517736E-004
   55203.5930200445      -8.971465722186212E-004  1.401846505286318E-004
   55203.6134533791      -1.301125975535000E-003  1.401508554613907E-004
   55203.6338866141      -1.476208920106692E-003  1.401547681913082E-004
   55203.6543199494      -1.226318025073669E-003  1.401845595349127E-004
   55203.6747533851      -9.229513199232597E-004  1.401874531351773E-004
   55203.6951866211      -4.803724944520971E-004  1.402089367522360E-004
   55203.7156199575       2.016805397597743E-005  1.402185183908480E-004
   55203.7360532943      -2.224830322268279E-004  1.402281728244352E-004
   55203.7564866313      -2.020490027149213E-004  1.402342512048652E-004
   55203.7973534065      -1.643271058160423E-004  1.402535600720395E-004
   55203.8177866447      -1.556822693029591E-004  1.402581461554777E-004
   55203.8382199832      -2.597486515897307E-004  1.402366170415595E-004
   55203.8586534220      -3.770862937830799E-004  1.402290190660220E-004
   55203.8790866612      -7.168605147322982E-005  1.402915681484708E-004
   55203.8995200008      -3.004804495800872E-004  1.403014500663555E-004
   55203.9199532406       3.451668599829816E-006  1.403050079207689E-004
   55203.9403866809      -3.210133037001572E-004  1.402930968429502E-004
   55203.9608200215       5.395200179769688E-005  1.403016502525373E-004
   55241.4361645109       1.630629414219875E-004  1.409800903221184E-004
   55241.4565984943       1.147180459559749E-005  1.409784251370605E-004
   55241.4770325781       1.615465086370893E-004  1.409951042857554E-004
   55241.4974664621      -1.507693921309894E-005  1.409798992353085E-004
   55241.5179004465       3.923549472548693E-004  1.410128298622189E-004
   55241.5383344313      -1.470305806838823E-005  1.409873516208955E-004
   55241.5587684163       4.159339529619110E-005  1.409767872501183E-004
   55241.5792024016      -2.162738750471904E-004  1.409690345852584E-004
   55241.5996362873      -1.648465472140481E-004  1.409863779881021E-004
   55241.6200703733      -5.057878033731811E-006  1.409875882045650E-004
   55241.6405043596      -3.211516129765224E-004  1.409663411711757E-004
   55241.6609382463      -3.078977203752054E-004  1.409752676550108E-004
   55241.6813723333      -7.966244533219591E-005  1.409766689582836E-004
   55241.7018063206      -4.805315125595566E-004  1.409764414739860E-004
   55241.7222402082      -6.944623350193524E-004  1.409561771727621E-004
   55241.7426742961      -1.368744596130234E-003  1.409120816165289E-004
   55241.7631082844      -1.432907736749311E-003  1.408972041434704E-004
   55241.7835421729      -1.321229877142227E-003  1.409261037486286E-004
   55241.8039762618      -1.105993255699711E-003  1.409418274632739E-004
   55241.8244102510      -4.710484180334706E-004  1.409688162003328E-004
   55241.8448442405      -1.842454619349621E-004  1.409911551583503E-004
   55241.8652782304      -2.664623950408007E-004  1.409825744506474E-004
   55241.8857122206      -1.951705578177032E-004  1.409782431496224E-004
   55241.9061462111      -4.207394141543253E-004  1.409660499912749E-004
   55241.9265801019      -1.408101523530103E-004  1.409986075439373E-004
   55241.9470141931      -2.902509889370908E-004  1.409686524116386E-004
   55241.9674481844      -1.239027543179505E-004  1.409836208784161E-004
   55241.9878820763      -5.893976808080126E-005  1.409929386352429E-004
   55242.0083161684      -5.910279341203584E-005  1.409949495964330E-004
   55242.0287501608       9.735912838326755E-005  1.409949222983173E-004
   55242.0491840535      -1.608152303061994E-004  1.409709727514734E-004
   55242.0696181466      -9.611913760754209E-005  1.409873516208955E-004
   55242.0900521400       4.013376510680899E-006  1.409847310017880E-004
   55242.1104860336      -1.651678824923231E-004  1.409945492240694E-004
   55279.5664546913       4.177471550261824E-004  1.417458621045750E-004
   55279.5868890362      -1.263959003562354E-004  1.417298343932676E-004
   55279.6073234812      -1.625508811412546E-004  1.417312753997946E-004
   55279.6277580263       1.068531524421878E-004  1.417339993669716E-004
   55279.6481923717       3.087034873305861E-005  1.417501107496258E-004
   55279.6686268171       2.211883087424038E-004  1.417558096980199E-004
   55279.6890613628      -1.534630511078605E-004  1.417642976913051E-004
   55279.7094957085      -1.912428784301978E-004  1.417362213060682E-004
   55279.7299301545      -4.314971619632235E-004  1.417089072597681E-004
   55279.7503646006      -1.996915578095226E-005  1.417441050062936E-004
   55279.7707990468       1.164873368963981E-004  1.417100414713572E-004
   55279.7912334933       2.585668726016177E-004  1.417542478328809E-004
   55279.8116679399       2.940178823385153E-005  1.417339807733390E-004
   55279.8321023866      -1.105630423552384E-004  1.417528068263538E-004
   55279.8525368335      -3.753938400152812E-004  1.417268408184178E-004
   55279.8729712805      -5.494920481829979E-004  1.417242748971180E-004
   55279.8934057277      -9.173787696697966E-004  1.417044447879424E-004
   55279.9138401751      -1.315709721610325E-003  1.416890027760621E-004
   55279.9342747226      -1.150711231849511E-003  1.417040171343924E-004
   55279.9547090702      -6.954572476529641E-004  1.417349290486020E-004
   55279.9751435181      -4.303091225076328E-004  1.417458992918402E-004
   55279.9955780661      -3.713891046714934E-004  1.417309500112240E-004
   55280.0160124142      -5.964993954543640E-005  1.417678397783168E-004
   55280.0364468625      -2.997375728394092E-004  1.417270267547439E-004
   55280.0568812110       9.853192978726000E-005  1.417512728516637E-004
   55280.0773157596      -1.549162072296273E-004  1.417357564652530E-004
   55280.0977502083      -1.604424307585228E-004  1.417527975295375E-004
   55280.1181846572       9.896051161417674E-006  1.417501293432584E-004
   55280.1386191063      -1.268271859491410E-004  1.417618154413520E-004
   55280.1590535555      -6.474490486196860E-005  1.417573064854448E-004
   55280.1794880049       1.034160608985868E-004  1.417682581350504E-004
   55280.1999224544      -1.610183808742338E-004  1.417598817035609E-004
   55280.2203569041       1.737532894479088E-004  1.417794979859615E-004
   55280.2407913540       2.270838367075534E-004  1.417636190237149E-004
   55317.7177173659       6.767075052716010E-005  1.415551193244736E-004
   55317.7381518140      -2.285964318721190E-004  1.414810051049012E-004
   55317.7585863620      -2.086068974127553E-005  1.415101134367478E-004
   55317.7790210099       5.359860169118491E-005  1.415201354047231E-004
   55317.7994554578       8.219174221135717E-005  1.415424384670355E-004
   55317.8198900057      -8.177839213252547E-005  1.414883124025158E-004
   55317.8403245535       1.034743698149487E-004  1.415542733141900E-004
   55317.8607591012      -1.090385125106508E-004  1.414791643352731E-004
   55317.8811937490      -9.773803699686390E-005  1.415217716443925E-004
   55317.9016282966      -5.167046090681637E-005  1.414999706101606E-004
   55317.9220627442      -1.678364903143770E-004  1.415308360402886E-004
   55317.9424973918      -1.597299691468157E-004  1.414935000260132E-004
   55317.9629319393       8.772635420806196E-005  1.415350753885230E-004
   55317.9833663868      -4.055145484511691E-004  1.415049722973319E-004
   55318.0038010342      -8.355173696197316E-004  1.414563778385129E-004
   55318.0242355816      -1.424600220672256E-003  1.414621511614374E-004
   55318.0446700290      -1.189742737497501E-003  1.414887400560658E-004
   55318.0651046763      -1.556601623935228E-003  1.414669111313849E-004
   55318.0855392236      -9.009162420043904E-004  1.414900137198994E-004
   55318.1059736707      -4.856269375997924E-004  1.415005284191388E-004
   55318.1264083179      -4.784084573328240E-005  1.415545987027606E-004
   55318.1468428650      -2.967760685375076E-004  1.415248210001401E-004
   55318.1672773119      -2.493411502494380E-004  1.415424942479333E-004
   55318.1877119590      -3.678781134023312E-004  1.415110524151945E-004
   55318.2081465059      -2.385706207169713E-004  1.415383943519434E-004
   55318.2285810528      -1.370594868556063E-004  1.415352985121143E-004
   55318.2490155998      -2.475077551183924E-004  1.415179134656265E-004
   55318.2694501466      -2.860544172894608E-004  1.415424942479333E-004
   55318.2898846932      -2.778316321820906E-004  1.415182760414624E-004
   55318.3103192399       1.468677424909526E-004  1.415326861067330E-004
   55318.3307537866      -1.393247048622204E-004  1.414955174351511E-004
   55318.3511884332      -2.631098362204654E-005  1.415400956693270E-004
   55318.3716229798      -5.706328224730495E-005  1.414967910989847E-004
   55318.3920574262      -1.343983969981366E-004  1.415109780406640E-004
   55355.8484023903       2.324863355156470E-004  1.405446390636168E-004
   55355.8688365844       4.113196311190670E-004  1.405685783655986E-004
   55355.8892708782       4.954187732697513E-005  1.405147312055680E-004
   55355.9097052718       3.134841170997493E-004  1.405280535433312E-004
   55355.9301395652      -1.022898970145514E-004  1.405068939894241E-004
   55355.9505737585       1.750089558050227E-004  1.405603506831699E-004
   55355.9710081514       3.286337614276658E-004  1.405759972250089E-004
   55355.9914424441       1.431496549009204E-005  1.405517697217217E-004
   55356.0118766368       2.509691035494921E-004  1.405562786776289E-004
   55356.0323110292       1.688574363178930E-004  1.405708560855930E-004
   55356.0527453212      -2.167407129994858E-004  1.405144430042626E-004
   55356.0731795132      -3.190568844224639E-005  1.405391446451814E-004
   55356.0936139049      -3.293595717961395E-004  1.404884305122451E-004
   55356.1140481964      -3.141097603881482E-004  1.404843399130715E-004
   55356.1344823877      -5.604240048514564E-004  1.404866827107800E-004
   55356.1549167787      -1.062615478947260E-003  1.405054622797133E-004
   55356.1753510695      -1.233606672530918E-003  1.404343788222559E-004
   55356.1957854601      -1.282468665981473E-003  1.403919760430951E-004
   55356.2162196505      -9.022834045004924E-004  1.404296653363899E-004
   55356.2366539408      -8.010288089443929E-004  1.404977087349161E-004
   55356.2570883307      -1.754564168416906E-004  1.405314375844657E-004
   55356.2775225206      -9.901797325551076E-005  1.404750802840331E-004
   55356.2979568100       2.694763976407444E-007  1.404991590382595E-004
   55356.3183910994      -6.798211892233841E-005  1.405193331296384E-004
   55356.3388253883       9.461305266134090E-006  1.404968906150814E-004
   55356.3592596773      -1.235757697258810E-004  1.405031194820048E-004
   55356.3796939660      -1.243681449691891E-005  1.404698740669031E-004
   55356.4001282545       9.654422446336852E-005  1.405211553056339E-004
   55356.4205625427      -5.532065303359701E-005  1.404865711489844E-004
   55356.4409969307      -2.582547288411119E-004  1.404840145245009E-004
   55356.4614311185      -1.014056037683675E-004  1.405055087637949E-004
   55356.4818654061      -1.883389406022173E-004  1.404921027546851E-004
   55356.5022997934      -2.423680981367138E-005  1.405228845134663E-004
   55356.5227339805      -4.144573301023691E-005  1.405109009172510E-004
   55393.9783413371       2.054572941820876E-004  1.525542724951475E-004
   55393.9987752296       2.315817772224893E-004  1.525352319585872E-004
   55394.0192089217      -5.108086792593447E-005  1.525254170395279E-004
   55394.0396427133       2.361931684005114E-004  1.525521184963477E-004
   55394.0600766050      -2.728699411734814E-004  1.525354554867646E-004
   55394.0805102961       1.775063624462891E-004  1.525347950626043E-004
   55394.1009440870       4.680316229022097E-006  1.525351405152420E-004
   55394.1213779775       1.599742971445384E-004  1.525364105617041E-004
   55394.1418116677       2.306708830124293E-004  1.525034604762907E-004
   55394.1622454577       2.551833195238995E-004  1.525354351660212E-004
   55394.1826793472       1.312556435684176E-004  1.525335656576289E-004
   55394.2031130365       4.063235327660397E-004  1.525297961597293E-004
   55394.2235468256       9.318881194264605E-005  1.525224603713641E-004
   55394.2439807144       5.293718901784317E-004  1.525462356411351E-004
   55394.2644144028      -3.106818041209713E-005  1.525270630197428E-004
   55394.2848482909      -6.645945275590703E-004  1.524776328114368E-004
   55394.3052820785      -7.690501078680967E-004  1.524777750566406E-004
   55394.3257157660      -9.438321059270782E-004  1.524674826001115E-004
   55394.3461496532      -8.305681103329965E-004  1.524839424022607E-004
   55394.3665834401      -3.370782042713127E-004  1.525081850491298E-004
   55394.3870171266      -1.650237073496097E-004  1.525105625761069E-004
   55394.4074510129       1.763245456014584E-004  1.525417345964733E-004
   55394.4278847989      -7.063255864858675E-006  1.525047305227528E-004
   55394.4483184845      -1.362657854252491E-004  1.525204689385115E-004
   55394.4687523698       2.810685850995753E-005  1.525406372763301E-004
   55394.5096198396      -2.062523208271605E-004  1.525051572583641E-004
   55394.5300537240      -5.678468157110927E-005  1.524708253623998E-004
   55394.5504875081      -2.403899638876439E-004  1.524952305752161E-004
   55394.5709211918      -5.829615136832000E-005  1.524738734739089E-004
   55394.5913550753       1.262493237568219E-004  1.525209972778397E-004
   55394.6117888585      -2.468422716450647E-006  1.524995995350458E-004
   55394.6322227413      -1.752631272931016E-004  1.524942551795331E-004
   55394.6526564239      -3.320908630194408E-004  1.524962669331291E-004
   55432.1276709460       7.328869961109596E-005  1.509846982753912E-004
   55432.1481040565      -2.179106331190450E-004  1.509793742406220E-004
   55432.1685373667      -1.506183603986466E-004  1.509434878077881E-004
   55432.1889705767       1.076366836700871E-004  1.510072136590718E-004
   55432.2094036865      -1.687052712995296E-005  1.510512080685199E-004
   55432.2298369958      -1.624857744453312E-004  1.510423177432850E-004
   55432.2502702049      -1.040772044025307E-004  1.510350022756632E-004
   55432.2707033138      -3.371703607146781E-005  1.510703502087971E-004
   55432.2911366224      -2.171722233582640E-004  1.511188253421636E-004
   55432.3115698305       1.497354675650264E-005  1.510912602537496E-004
   55432.3320030384      -1.369287119096230E-004  1.510551706134817E-004
   55432.3524362461      -1.807490859224714E-004  1.510588893095229E-004
   55432.3728693533      -2.866882588888897E-004  1.510748817345740E-004
   55432.3933026603      -3.299167546275683E-004  1.510242627627794E-004
   55432.4137358671      -6.454790035669289E-004  1.510181665397612E-004
   55432.4341690736      -1.007887010420538E-003  1.509734405835509E-004
   55432.4546022796      -1.348288030794453E-003  1.510355814168499E-004
   55432.4750354854      -1.292713278263191E-003  1.510236836215927E-004
   55432.4954686910      -1.399385969018119E-003  1.510536770388423E-004
   55432.5159019961      -5.021426492830550E-004  1.510575786215740E-004
   55432.5363351013      -2.279494963747242E-004  1.511084008008025E-004
   55432.5567683057      -3.622359129465957E-004  1.510956088928359E-004
   55432.5772016101      -1.741065380371776E-004  1.510934853751512E-004
   55432.5976347143      -3.100206445427744E-004  1.510709496707272E-004
   55432.6180679180      -6.496055185489791E-005  1.510404075934060E-004
   55432.6385012213      -1.152300677023099E-004  1.510331429276426E-004
   55432.6589343245       2.549225174330871E-005  1.510834062864278E-004
   55432.6793675273       6.771538453298476E-006  1.511126579965435E-004
   55432.6998008299      -1.048527037411651E-004  1.511097013283797E-004
   55432.7202339322      -1.711257803771460E-005  1.511110018559569E-004
   55432.7406672341      -5.423271341820080E-005  1.511331514662564E-004
   55432.7611004359       2.376128699199676E-005  1.511464818739229E-004
   55432.7815335373      -6.821634245535169E-005  1.511236515187197E-004
   55432.8019668382      -1.693909750247746E-004  1.511479246467039E-004
   55470.2555849221      -3.547654965851965E-005  1.457975275879525E-004
   55470.2760176739      -1.166111946115933E-005  1.457527949203581E-004
   55470.2964503257      -1.328626345781236E-004  1.458206794663326E-004
   55470.3168831770      -1.317133956365568E-004  1.457567467397319E-004
   55470.3373159283      -1.891182173774375E-005  1.457745106497462E-004
   55470.3577486797      -1.203195177789107E-004  1.457943854096212E-004
   55470.3781814305      -2.362603396961482E-004  1.457588672281764E-004
   55470.3986141814      -9.615009867847135E-006  1.457497491278652E-004
   55470.4190469320      -1.094751677492845E-004  1.457895564791181E-004
   55470.4394796824      -1.762015957578189E-004  1.457831371822817E-004
   55470.4599123328      -3.277258169259722E-004  1.457490840655803E-004
   55470.4803451828       2.975572397234671E-005  1.457774407792331E-004
   55470.5007779327       1.037761474866894E-004  1.457963034878050E-004
   55470.5212106826       2.112751599161466E-004  1.457827901932635E-004
   55470.5416434321      -1.521745090944382E-004  1.457847757415342E-004
   55470.5620761816      -8.986562746227111E-004  1.457527467274389E-004
   55470.5825089308      -1.028051475247760E-003  1.457385490934448E-004
   55470.6029417798      -1.255135416116770E-003  1.457117827461254E-004
   55470.6233744288      -1.145148617035407E-003  1.457120719036405E-004
   55470.6438072776      -3.587475138659979E-004  1.457623082026067E-004
   55470.6642400261      -2.309827303393908E-004  1.457615178387319E-004
   55470.6846726744      -1.936081548848945E-004  1.457475033378308E-004
   55470.7255382706      -6.901020664196178E-005  1.457886890065727E-004
   55470.7459709184      -2.849441888244097E-004  1.457356286025418E-004
   55470.7664037663       1.041001355088778E-004  1.457941540836091E-004
   55470.7868365136       7.287073048933834E-005  1.457870600859039E-004
   55470.8072691610       1.055665650258053E-004  1.457857106841665E-004
   55470.8277020081       1.671317333087341E-004  1.457652094163421E-004
   55470.8481347551       4.171249883713202E-004  1.458136433001305E-004
   55470.8685674020      -3.160043054706296E-005  1.457313394327336E-004
   55470.8890002486      -1.632233421701157E-004  1.457730166692513E-004
   55470.9094329951      -1.522895649729294E-004  1.457608045835279E-004
   55470.9298658413      -2.289996965548768E-004  1.457402840385358E-004
   55508.4033497914      -3.083197859073961E-004  1.460800055645071E-004
   55508.4237823060      -1.894794945644929E-004  1.461390708062694E-004
   55508.4442150207       4.018708618325206E-006  1.461615479837807E-004
   55508.4646476355      -2.165946739803859E-004  1.461394949039583E-004
   55508.4850801503       8.773423556562854E-005  1.461030128641296E-004
   55508.5055128651      -6.020505324882963E-004  1.461188394187924E-004
   55508.5259454799      -3.483970862865338E-004  1.461628106382636E-004
   55508.5463781948      -1.415191050093689E-004  1.461560443524090E-004
   55508.5668107098      -1.611984740812478E-004  1.461492684279705E-004
   55508.5872433248      -1.716888154942309E-004  1.461659528165949E-004
   55508.6076760397      -2.407386268528100E-004  1.461645744991060E-004
   55508.6281085548      -1.844618233642903E-004  1.461050851596549E-004
   55508.6485411699      -4.655530042080303E-004  1.461276876387561E-004
   55508.6689738851      -2.834455443869732E-004  1.461729311512940E-004
   55508.6894064002      -7.857921154335035E-004  1.461349165766350E-004
   55508.7098390154      -1.373768841323120E-003  1.460402464061734E-004
   55508.7302716307      -1.182908525028892E-003  1.461136442221034E-004
   55508.7507042460      -1.558452660388565E-003  1.460112439074033E-004
   55508.7711369613      -9.463985025767174E-004  1.461020393671619E-004
   55508.7915694767      -7.343680622357018E-004  1.461070417921741E-004
   55508.8120020921      -3.594454773147016E-004  1.461523913291342E-004
   55508.8324348076      -3.612306386588937E-004  1.461394563496229E-004
   55508.8528674231      -1.437468677368825E-004  1.461370852579986E-004
   55508.8732999386      -3.791364204134284E-004  1.461846034763224E-004
   55508.8937326542      -1.036050537422950E-004  1.461552925428696E-004
   55508.9141652698      -6.614058350051799E-005  1.461063092598024E-004
   55508.9345977855      -3.093656939745504E-005  1.461990324363286E-004
   55508.9550305012       1.913454400750414E-004  1.461449117880755E-004
   55508.9754631170       5.785633666155476E-006  1.461700974076455E-004
   55508.9958956327       3.494622292687932E-004  1.461682178837970E-004
   55509.0163283486       2.231039671638513E-004  1.461687865602434E-004
   55509.0367609644      -1.387775619916543E-004  1.461351575412310E-004
   55509.0571936804      -2.003456245012192E-004  1.461816926240032E-004
   55509.0776261963      -2.049828848116331E-005  1.461716395810596E-004
   55546.5512522413      -2.632244499586323E-004  1.473157009283529E-004
   55546.5716852411      -4.586643649320266E-004  1.473124527255993E-004
   55546.5921180412      -2.726696065747936E-004  1.473345925526763E-004
   55546.6125509416      -1.195673242395667E-004  1.473318841106177E-004
   55546.6942826456       5.394436808936476E-005  1.473300142253530E-004
   55546.7147154473      -1.281262455625765E-004  1.473408287164198E-004
   55546.7351484492       4.287937651974438E-004  1.473628817962423E-004
   55546.7555813513      -4.217407015538743E-005  1.473380720814420E-004
   55546.7760141538       2.659016168735651E-004  1.473243081837206E-004
   55546.7964471564       3.223849276752233E-004  1.473637203530362E-004
   55546.8168800593      -2.296820676340738E-004  1.473439708947512E-004
   55546.8373129626      -3.858625761240519E-004  1.473118454948175E-004
   55546.8577458661      -7.245562741893252E-004  1.472846646883929E-004
   55546.8781787698      -7.901196174503466E-004  1.473047033041932E-004
   55546.8986117738      -8.199918298184006E-004  1.472969827985385E-004
   55546.9190445779      -3.904614759808744E-004  1.473462166847855E-004
   55546.9394774825       2.192542341501458E-004  1.473688288024706E-004
   55546.9599104872       2.283429951848159E-004  1.473553540622644E-004
   55546.9803433922       4.899885313613961E-004  1.473717396547898E-004
   55547.0007761975       7.049802375662662E-004  1.473902071814244E-004
   55547.0212092031       4.927042633859902E-004  1.473828336647879E-004
   55547.0416421089       4.684882740415564E-004  1.473951999678527E-004
   55547.0620749148       5.502584121204190E-004  1.473979566028305E-004
   55547.0825079212       4.688238887360363E-004  1.473931469494951E-004
   55547.1029408277       4.678490396938795E-004  1.473835758357435E-004
   55547.1233738346       9.678625669029550E-005  1.473306889262217E-004
   55547.1438066417       4.004101663241943E-004  1.473787179894889E-004
   55547.1642395490       4.342897134139712E-004  1.473938120117800E-004
   55547.1846725566       7.857452299131484E-004  1.474157108742610E-004
   55547.2051053645       3.969895331115136E-004  1.473704770003070E-004
   55584.6795635048      -1.695555602069243E-004  1.428393075190455E-004
   55584.6999970050      -2.671292300482353E-004  1.428481460638297E-004
   55584.7408640061      -6.756889437498081E-005  1.428264506160486E-004
   55584.7612975072      -4.471156685748046E-005  1.429106518101557E-004
   55584.7817311087       1.265982236946517E-004  1.428624591608577E-004
   55584.8021645104      -3.164765993675100E-004  1.428325242354572E-004
   55584.8225981126       9.699986702771390E-005  1.428544040115966E-004
   55584.8430316151      -1.808707721796532E-004  1.428355103548629E-004
   55584.8634650180      -9.284759566308143E-005  1.428560261011504E-004
   55584.8838986211      -1.047722269232887E-004  1.428428742727801E-004
   55584.9043320247      -1.028919338987855E-004  1.428716571459408E-004
   55584.9247655288      -5.698918553875831E-005  1.428543855787608E-004
   55584.9451991331      -1.300068279850297E-004  1.428610213996624E-004
   55584.9656326379      -8.890113585091619E-004  1.428191327802210E-004
   55584.9860660429      -1.127109853825692E-003  1.428265796458995E-004
   55585.0064996481      -1.093501910669814E-003  1.427814468473506E-004
   55585.0269331541      -1.325656088263960E-003  1.427798616234686E-004
   55585.0473666600      -9.867617856202937E-004  1.428360172578484E-004
   55585.0678001666      -4.488792944733477E-004  1.428427175936755E-004
   55585.0882336735       1.205552197174331E-004  1.428517681160718E-004
   55585.1086671806      -1.632828064465075E-004  1.427880458025806E-004
   55585.1291006882      -9.814683845632555E-005  1.428629752802612E-004
   55585.1495341960       1.543388464102513E-004  1.428827997952048E-004
   55585.1699678042      -7.432029493736891E-005  1.428811224071435E-004
   55585.1904012130      -6.310067442483192E-005  1.428692240116102E-004
   55585.2108348219      -8.996941060435137E-005  1.428212802055961E-004
   55585.2312683314      -4.287409229386530E-005  1.428640904668294E-004
   55585.2517017410      -6.657434251122751E-005  1.428702378175813E-004
   55585.2721353509      -2.740113792945031E-004  1.428796293474407E-004
   55585.2925688615       3.848487850277582E-004  1.429038132280599E-004
   55585.3130022721       3.526140153069512E-004  1.429156102429961E-004
   55585.3334358834       2.444111951380723E-004  1.428968271832773E-004
   55585.3538693949       1.045361866467420E-004  1.428890116608821E-004
   55622.8090745038      -5.638221305315216E-005  1.435626027809028E-004
   55622.8295085320      -1.284442399543950E-004  1.435480684898447E-004
   55622.8499427605      -6.313568225979616E-005  1.435400133405835E-004
   55622.8703768894       3.992656272000517E-004  1.435683446092663E-004
   55622.8908109185       1.621019393929224E-004  1.435287600943046E-004
   55622.9112451480      -9.899882175945507E-005  1.435571743107486E-004
   55622.9316792777      -3.253121119115576E-004  1.435229721838515E-004
   55622.9521134076       2.007967376933539E-004  1.435550821838809E-004
   55622.9725475379       3.953659777811147E-005  1.435635428555305E-004
   55622.9929816684       1.832914154820120E-004  1.435666027062796E-004
   55623.0134158992       1.920356462437045E-004  1.435456353555141E-004
   55623.0338499304       4.983890923335732E-004  1.436012564376546E-004
   55623.0542840619       2.586536392443772E-004  1.435635520719484E-004
   55623.0747182935       4.280557459352963E-004  1.435618378182155E-004
   55623.0951524256       1.225524953099022E-004  1.435304743480375E-004
   55623.1155864578      -5.902565786081171E-004  1.434985394599485E-004
   55623.1360206904      -1.146475426097138E-003  1.434889636017308E-004
   55623.1564548232      -1.131527266606702E-003  1.435023181912952E-004
   55623.1768888564      -8.575992219247430E-004  1.434900603554631E-004
   55623.1973230898      -5.666664754533368E-005  1.435486306913377E-004
   55623.2177572235       5.976986770406256E-006  1.435682063629975E-004
   55623.2381914575      -1.993109266007487E-005  1.435295250569918E-004
   55623.2586254918       2.887672101778982E-004  1.435984730794431E-004
   55623.2790595264       3.757881541390784E-004  1.436136986018452E-004
   55623.2994937613       2.109083339956186E-004  1.435464095346193E-004
   55623.3199278964       4.232774420229735E-004  1.435605475197069E-004
   55623.3403619319       4.137214984603066E-004  1.435446491987968E-004
   55623.3607961676       5.312234815761929E-004  1.436103438257227E-004
   55623.3812303036       4.074584760509481E-004  1.435890170346583E-004
   55623.4016645399       6.452608615907796E-004  1.435979846092934E-004
   55623.4220985765       9.100838143119017E-004  1.435843166615197E-004
   55623.4425327134       3.922974309347182E-004  1.436060581913904E-004
   55623.4629669505       6.071877938227388E-004  1.435775610271851E-004
   55623.4834009880       7.587897563030577E-004  1.435545291988058E-004
   55660.9599940872      -7.332120671055264E-006  1.431114502546382E-004
   55660.9804285941       6.273293229797083E-005  1.431115440205985E-004
   55661.0008631010      -1.208997675922197E-004  1.430989137457439E-004
   55661.0212976081       1.742492802283557E-004  1.431042396522899E-004
   55661.0621666226      -4.367412206379706E-004  1.430848394751004E-004
   55661.0826011300      -1.684912317033715E-004  1.431072589162121E-004
   55661.1030356375      -3.174821561646723E-006  1.431249713061159E-004
   55661.1234702452      -2.065887843557546E-004  1.431154446845477E-004
   55661.1643391607      -1.908449096569287E-004  1.430966821158883E-004
   55661.1847736686      -5.307254637532122E-005  1.430818858473504E-004
   55661.2052081767       7.086852557969259E-005  1.431062368672446E-004
   55661.2256427848      -2.692622369701025E-004  1.430841549835900E-004
   55661.2460771930      -5.153697790807321E-004  1.430524620890030E-004
   55661.2665117014      -1.059672319930094E-003  1.430618011786505E-004
   55661.2869463098      -1.504370959001133E-003  1.430559783125149E-004
   55661.3073807184      -9.109508110810571E-004  1.430446607611047E-004
   55661.3278152271      -1.053305378077019E-003  1.430699306874100E-004
   55661.3482498359      -4.211496240630330E-004  1.430780977025536E-004
   55661.3686842447       3.263260531727319E-005  1.431007328053740E-004
   55661.3891187537      -9.677208630787248E-005  1.430822327814036E-004
   55661.4095533628      -2.565021907363629E-005  1.430964008180074E-004
   55661.4299877720       2.907829614933188E-004  1.431051304289129E-004
   55661.4504223813       4.093592371656740E-004  1.431074183183446E-004
   55661.4708568906       3.043431936133878E-004  1.430916281306273E-004
   55661.4912914001       2.943489579454450E-005  1.430538029422355E-004
   55661.5117259097       4.357562487953270E-004  1.430903060305868E-004
   55661.5321604194       3.108109977840723E-004  1.430970290499415E-004
   55661.5525949293       1.745835853832478E-004  1.431006202862216E-004
   55661.5730294392       1.605904982349138E-004  1.430893589943876E-004
   55661.5934639492       2.075734730047074E-004  1.430923313753296E-004
   55661.6138985593       2.544870117964226E-004  1.431097155843724E-004
   55661.6343330695       3.039437586478400E-004  1.431264809380770E-004
   55699.0908595693      -6.774726148506272E-005  1.426852183288267E-004
   55699.1112939841      -2.168402023448035E-004  1.426598827663491E-004
   55699.1317284987       2.662027449475968E-004  1.427092974274360E-004
   55699.1521631134       1.354840190348483E-005  1.426996301569274E-004
   55699.1725975279      -1.661793309694071E-004  1.426445145254532E-004
   55699.1930320423       6.318753605039085E-005  1.426552225981214E-004
   55699.2134666566      -9.862371069813136E-006  1.426568166194468E-004
   55699.2339011710      -1.239100934580240E-004  1.426894565502330E-004
   55699.2543356851      -3.069320593915847E-004  1.426104399754741E-004
   55699.2747701991      -6.948943002782482E-005  1.426368257167073E-004
   55699.2952047131      -2.537389266974444E-004  1.426286868313518E-004
   55699.3156392270      -2.836623291636586E-004  1.426490152915484E-004
   55699.3360737407      -5.182894952759920E-004  1.426264270717082E-004
   55699.3565082544      -5.427377956344070E-004  1.425879924045744E-004
   55699.3769428680      -6.952339387744644E-004  1.425900365025092E-004
   55699.3973772815      -1.069863909655577E-003  1.426327562740295E-004
   55699.4178117949      -1.494129583631154E-003  1.426204354268439E-004
   55699.4382463082      -1.441356503790958E-003  1.426067831030218E-004
   55699.4586808213      -1.327463305955345E-003  1.426033793986623E-004
   55699.4791154345      -9.216270444641905E-004  1.426266614866090E-004
   55699.4995498474      -4.727371344058762E-004  1.426739851667808E-004
   55699.5199843603      -1.703626909148603E-004  1.426587481982293E-004
   55699.5404189732      -2.927516064806790E-004  1.426853027181910E-004
   55699.5608533859      -3.184281388296517E-004  1.426522220873913E-004
   55699.5812878986      -4.626932517604043E-005  1.426515375958810E-004
   55699.6017225110      -1.450562113548548E-004  1.427001739994972E-004
   55699.6221569235      -9.228894203572313E-005  1.426409607955572E-004
   55699.6425914358      -4.118906583359117E-004  1.426546131193794E-004
   55699.6630260481      -1.591619172149894E-004  1.426570604109436E-004
   55699.6834604602      -1.842475700325474E-004  1.426734694539990E-004
   55699.7038950723       4.303145221085103E-005  1.426533191491270E-004
   55699.7243295842      -3.149148776762090E-004  1.426626301089864E-004
   55699.7447640960      -3.253759024441916E-004  1.426587857046134E-004
   55699.7651986078      -1.174490909177095E-004  1.426414577551469E-004
   55737.2418448791       5.472325290667435E-005  1.411169263829541E-004
   55737.2622790654       2.797454378145048E-005  1.411450655476452E-004
   55737.2827133514       7.061204534197785E-006  1.411293972556762E-004
   55737.3031474372      -3.148283131371166E-005  1.411283470769207E-004
   55737.3235816228      -4.215802011475756E-005  1.411333541792016E-004
   55737.3440159081       8.638382019277024E-005  1.411193361681343E-004
   55737.3644499932       2.107374107636062E-004  1.411873258659599E-004
   55737.3848841781      -3.409546453144729E-004  1.411574989139831E-004
   55737.4053184627       3.717684848527636E-004  1.411863131935885E-004
   55737.4257525472       2.735314462787297E-004  1.412135803348485E-004
   55737.4461867311       1.544724181663515E-004  1.410870056650171E-004
   55737.4666210150      -2.637613639677738E-005  1.411834064488186E-004
   55737.4870550987       3.132607967772927E-004  1.411705042526791E-004
   55737.5074893820      -4.649123488642548E-005  1.411370391814421E-004
   55737.5279235652      -8.176134215771569E-004  1.411512072180459E-004
   55737.5483577480      -9.404782192292682E-004  1.411265186406945E-004
   55737.5687919305      -6.929032889694264E-004  1.411309725238096E-004
   55737.5892261131      -6.958397134981809E-004  1.410763538519251E-004
   55737.6096602952      -3.337919629582409E-004  1.410989514483614E-004
   55737.6300944770       9.689279906832660E-005  1.411427870348094E-004
   55737.6505286586       2.206874295089811E-004  1.411806966125655E-004
   55737.6709628400       2.616821240324363E-004  1.411928299278305E-004
   55737.6913971211       7.763144833923263E-004  1.412255448713850E-004
   55737.7118312020       4.185762041044594E-004  1.411889386404773E-004
   55737.7322653827       4.715436046573984E-004  1.411871477106353E-004
   55737.7526996632       4.573025622442994E-004  1.411714700420703E-004
   55737.7731337432       2.701865347418675E-004  1.411151354531121E-004
   55737.7935680231      -4.755126324040848E-005  1.411275219364699E-004
   55737.8140022029       1.491704093217194E-004  1.411602087502363E-004
   55737.8344362822      -2.077375442499640E-005  1.411508415308007E-004
   55737.8548705614       5.819388145944515E-005  1.410369346422080E-004
   55737.8753046403       2.363680622996522E-004  1.411272500151850E-004
   55737.8957388189      -2.249417664282882E-004  1.410999828739249E-004
   55775.3715304451       4.582719536871949E-005  1.560902041054938E-004
   55775.3919640936      -3.889935705048142E-005  1.560402858816413E-004
   55775.4123978415      -2.589111563466862E-005  1.560939055597857E-004
   55775.4328313893       3.975106545521800E-004  1.561226329578174E-004
   55775.4736987840       3.716711733825484E-005  1.561124642403323E-004
   55775.4941324308       4.623137006909417E-005  1.561252651030916E-004
   55775.5145660774      -1.424787852269960E-004  1.560634302527828E-004
   55775.5349997235       3.016438458054438E-004  1.560989128048972E-004
   55775.5554333694      -8.411140813702200E-005  1.560859063057883E-004
   55775.5758670150      -4.525328627802416E-005  1.560709051340888E-004
   55775.5963006602      -7.661343477849414E-006  1.560956431869394E-004
   55775.6167343051       5.600262767790909E-005  1.561711425726756E-004
   55775.6371679498       1.555938811936830E-004  1.561788333721487E-004
   55775.6576015940      -6.604593017202065E-004  1.560630806709886E-004
   55775.6780351380      -8.754311102971979E-004  1.560437200086787E-004
   55775.6984688818      -7.548708497959744E-004  1.560752132156119E-004
   55775.7189025251      -9.283895220286720E-004  1.560386921999323E-004
   55775.7393360682      -4.301028820661301E-004  1.560617440347165E-004
   55775.7597698108       1.796633067852049E-005  1.561286169755893E-004
   55775.7802034534       2.990906262430038E-004  1.561320099753568E-004
   55775.8006371953       3.991462593584405E-004  1.561380248385811E-004
   55775.8210707372       1.000627355922656E-004  1.561562750646034E-004
   55775.8415043787       1.144864919537802E-004  1.561625469732646E-004
   55775.8619381199       1.774219203172223E-004  1.561542084192904E-004
   55775.8823716606      -6.397249060441368E-005  1.560802821516282E-004
   55775.9028053011       1.373571133358453E-004  1.561573443736210E-004
   55775.9232390414      -7.230941120928147E-005  1.561299022027739E-004
   55775.9436725815       4.531128035036858E-004  1.561564601373180E-004
   55775.9641062211       1.726437639533174E-004  1.561582080462891E-004
   55775.9845399602      -3.491061693977615E-004  1.561219029487765E-004
   55776.0049734993      -1.071277962941819E-004  1.561616627369615E-004
   55776.0254071379       1.606014840402903E-004  1.561404410656882E-004
   55776.0458408761       8.508407855578604E-005  1.561537765829564E-004
   55813.5206166844      -6.526706788667624E-005  1.548837459245179E-004
   55813.5410497626      -1.197900665218521E-004  1.548816998428399E-004
   55813.5614828406       3.119814691991962E-004  1.549061088775311E-004
   55813.5819159182       2.505880495240476E-005  1.548757569523380E-004
   55813.6023490957       1.775577771567782E-005  1.548991275234640E-004
   55813.6227821728      -1.494820321154000E-004  1.548734949524929E-004
   55813.6432151496      -6.474925789534680E-006  1.548835300063508E-004
   55813.6636483262       1.866771801974920E-004  1.548947783146711E-004
   55813.6840814025       3.623796585068284E-004  1.549170281676921E-004
   55813.7045143784       3.212132519017086E-004  1.548916629239754E-004
   55813.7249475541      -9.688588771794571E-005  1.548594705534538E-004
   55813.7453806298       2.312805135233909E-004  1.548973282054055E-004
   55813.7658136047       2.505236175744940E-004  1.548794995338997E-004
   55813.7862467797       9.942407288288102E-005  1.548727546616346E-004
   55813.8066797544      -6.205069079502357E-004  1.548271445193050E-004
   55813.8271128287      -7.929302512095227E-004  1.548216437469546E-004
   55813.8475460027      -8.529409552060496E-004  1.548162149473266E-004
   55813.8679789766      -6.957736358466082E-004  1.548100561386576E-004
   55813.8884121501      -4.062253667154181E-004  1.548165645291208E-004
   55813.9088452235      -2.097724740091067E-004  1.548273295920196E-004
   55813.9292781963       2.077397232327360E-004  1.548281624192353E-004
   55813.9497113690       3.918599772381182E-004  1.548880128787710E-004
   55813.9701444414       3.867807092516884E-004  1.548742146797164E-004
   55813.9905775135       2.645412270483316E-004  1.548679736165076E-004
   55814.0110105855       4.026380604553736E-004  1.548894214877654E-004
   55814.0314436570       5.944481720443484E-005  1.548314731644630E-004
   55814.0518767282       6.101374546196858E-005  1.548526434266488E-004
   55814.0723097994       2.809374599213044E-004  1.548674903710862E-004
   55814.0927428700       5.905284551521728E-004  1.548627915804990E-004
   55814.1131759405       1.758759364871576E-004  1.548220036105663E-004
   55814.1336090108      -1.390740845597094E-006  1.548468444815916E-004
   55814.1540420807      -1.067002059914612E-004  1.548420428728297E-004
   55814.1744751503       4.105395918236887E-004  1.549340651392521E-004
   55851.6483056211      -2.331762486864619E-004  1.470352355194747E-004
   55851.6891709858      -3.232225179566894E-004  1.469836457520825E-004
   55851.7300364500      -2.018004073005564E-004  1.470208969550165E-004
   55851.7504691318      -2.258398664067851E-005  1.470776892961345E-004
   55851.7709018136      -3.353284656317790E-004  1.470439742932190E-004
   55851.7913344952       1.637478270621884E-005  1.470453500203494E-004
   55851.8117671768       3.235617191754692E-005  1.470161497275944E-004
   55851.8321998582      -1.039171500437641E-004  1.470317380723333E-004
   55851.8526325395       1.025982923752444E-004  1.470612968291997E-004
   55851.8730652206      -2.339115597973507E-004  1.470507754231174E-004
   55851.8934980016      -6.199256498706784E-005  1.470516279864095E-004
   55851.9139305824       8.093414021903556E-005  1.470334722635752E-004
   55851.9343632632      -7.870357113447524E-004  1.469914060156846E-004
   55851.9547960437      -9.590311853739930E-004  1.469880151389546E-004
   55851.9752286243      -1.695320280405199E-003  1.469674664259708E-004
   55851.9956613046      -1.653888410953708E-003  1.469828222534481E-004
   55852.0160940849      -6.742819913497788E-004  1.470084960344038E-004
   55852.0365266650      -7.324703730156035E-004  1.470200928328205E-004
   55852.0569594450      -1.744043001673523E-004  1.470589135272694E-004
   55852.0773921248       1.816036508504038E-004  1.470964069356841E-004
   55852.0978247046       1.803909094788558E-004  1.470653561930565E-004
   55852.1182574842      -1.664386190570744E-004  1.470592913678194E-004
   55852.1386900636      -1.916229920292389E-004  1.470281146783417E-004
   55852.1591227430       2.106973493187780E-005  1.470648330292181E-004
   55852.1795555222       2.326775274357207E-004  1.470879878731745E-004
   55852.1999881013      -3.443407481662497E-005  1.470420269611540E-004
   55852.2204207802      -1.867241342190518E-005  1.470652011815488E-004
   55852.2408535591      -8.234490003744543E-005  1.470721088818588E-004
   55852.2612862378       2.310626912811475E-004  1.470957287603381E-004
   55852.2817189164      -5.065145441285335E-005  1.470527905727170E-004
   55852.3021515948       1.488286867425970E-004  1.470941689570423E-004
   55852.3225842732       2.151367326750364E-004  1.470947599384152E-004
   55889.7960322429       2.631787440710021E-005  1.477615031857271E-004
   55889.8164649886      -3.052973087052102E-004  1.477502745396411E-004
   55889.8368976344      -3.417519631826460E-004  1.477469999215419E-004
   55889.8573302803      -9.010265106990101E-005  1.477880004653173E-004
   55889.8777629263      -7.728827783859415E-005  1.477562037298090E-004
   55889.8981955724      -2.182518379600928E-005  1.478184892912297E-004
   55889.9186282185      -7.850171981582665E-005  1.477672289232912E-004
   55889.9390608648      -2.590420854083897E-004  1.477723055501669E-004
   55889.9594935112      -3.278185133549494E-004  1.477475812146956E-004
   55889.9799261577      -2.439103553243394E-004  1.477853362050294E-004
   55890.0003589043      -2.598180251970339E-004  1.477394140458859E-004
   55890.0207914509      -1.625498054221852E-004  1.477591780131122E-004
   55890.0412241977      -3.022525046608715E-004  1.477724605616746E-004
   55890.0616568446      -4.588726958920653E-004  1.477754445331970E-004
   55890.0820893916      -8.828255036361643E-004  1.477349090239446E-004
   55890.1025221386      -1.469784596859092E-003  1.476617823452071E-004
   55890.1229547858      -1.320515074468287E-003  1.476841136905291E-004
   55890.1433873330      -1.208984684835657E-003  1.477444616081040E-004
   55890.1638200804      -9.600461196362930E-004  1.477293286096689E-004
   55890.1842527278      -6.017631452283068E-004  1.477281757115807E-004
   55890.2046852754      -3.264878568500773E-004  1.477786222691040E-004
   55890.2251180230       2.435989254754301E-004  1.477865666088714E-004
   55890.2455506708       1.502469290404207E-004  1.478042766736213E-004
   55890.2659833186       4.155606520297450E-004  1.478069312456899E-004
   55890.2864159666       2.907525364956864E-004  1.477580348032432E-004
   55890.3068486146       1.185088525190725E-004  1.478107387158468E-004
   55890.3272812628       7.488394222932016E-006  1.477941331080890E-004
   55890.3477139110       1.295966804648607E-004  1.477821100280263E-004
   55890.3681465594       1.340698561966835E-004  1.478068924928130E-004
   55890.3885792078       1.366482313287509E-004  1.477919145058856E-004
   55890.4090118564      -6.552752996136224E-005  1.477991322292109E-004
   55890.4294446050       5.524957058455904E-005  1.477976693081074E-004
   55890.4498771537       1.265979706466247E-004  1.477802789545921E-004
   55927.9236302887       4.279780035343350E-004  1.490059258809822E-004
   55927.9440632143      -4.106794017476600E-004  1.488881171351625E-004
   55927.9644963402       2.806884477921656E-004  1.489767643411042E-004
   55927.9849293664      -2.483877405684565E-004  1.489428265091464E-004
   55928.0053622930      -1.259309935377484E-004  1.489052265303202E-004
   55928.0257954197       2.273974573669957E-004  1.489490172812335E-004
   55928.0462284469       8.032191231199803E-005  1.489855031148484E-004
   55928.0666613742       3.441135481347946E-004  1.489095184114385E-004
   55928.0870945019       2.211789589696700E-004  1.489528925689249E-004
   55928.1075275300      -1.842615294039840E-004  1.489175886980559E-004
   55928.1279605583      -7.193199036015230E-005  1.489474574779377E-004
   55928.1483935868      -6.132506682809957E-005  1.489009249609827E-004
   55928.1688266158      -4.685549915184328E-005  1.489203401523168E-004
   55928.1892597449      -4.251629030249671E-004  1.488708817931549E-004
   55928.2096926744      -8.967347483760379E-004  1.488901032201044E-004
   55928.2301257041      -1.078883839012557E-003  1.488539855388202E-004
   55928.2505588342      -1.114865010127142E-003  1.488873614540627E-004
   55928.2709917646      -1.395959412381353E-003  1.488748830276963E-004
   55928.2914247952      -9.776738620347336E-004  1.488908104601081E-004
   55928.3118579262      -7.364760382067015E-004  1.489054009182663E-004
   55928.3322909575      -4.934939629454016E-004  1.489153119665372E-004
   55928.3527239891      -1.230728050748420E-004  1.489395422028279E-004
   55928.3731570209      -2.296309795237761E-004  1.489211345862936E-004
   55928.3935900531      -1.872309848610643E-004  1.489306193529184E-004
   55928.4140230855      -7.893175687634368E-005  1.489522531464558E-004
   55928.4344561183      -1.158221123902514E-004  1.489506739667216E-004
   55928.4548891513      -2.613921971881261E-004  1.489180440443597E-004
   55928.4753222847      -2.746944895501979E-004  1.489187706608018E-004
   55928.4957552184       2.226433507230841E-004  1.489000433330329E-004
   55928.5161882522      -3.399636338132783E-004  1.488904132431197E-004
   55928.5366213866      -4.578685628845447E-004  1.489633461574726E-004
   55928.5570543210       7.516992682243817E-005  1.489559056051050E-004
   55928.5774874559      -3.900070738831474E-004  1.488873130129666E-004
   55928.5979203911      -2.017844542412384E-004  1.489452485639536E-004
   55966.0726680778      -1.543556979320959E-004  1.427732527951638E-004
   55966.0931018397       2.096800797355414E-004  1.427644884511591E-004
   55966.1135355019       1.310032582946263E-004  1.427696133641788E-004
   55966.1339690645      -7.931193511501178E-006  1.427720644095360E-004
   55966.1544028276      -4.291128137245970E-005  1.427591221473088E-004
   55966.1748364910       4.059367495079513E-005  1.427555291376374E-004
   55966.1952701548      -6.858388781949554E-005  1.427689913185768E-004
   55966.2157038188       1.065228343235525E-004  1.427807823322271E-004
   55966.2361374833       7.597596533015505E-006  1.427712381101543E-004
   55966.2565711480      -5.602769603785251E-005  1.427543128992215E-004
   55966.2770048132       1.735304697387807E-004  1.427839668343390E-004
   55966.2974384786       1.488245026219914E-004  1.427798446216927E-004
   55966.3178721445      -2.752194936033181E-004  1.427486494989643E-004
   55966.3383058106      -1.896968287321554E-004  1.427796867892266E-004
   55966.3587394772      -6.789892054034352E-004  1.427323277651081E-004
   55966.3791732443      -1.151396093185375E-003  1.427354658459064E-004
   55966.3996068116      -1.443074829398872E-003  1.427047999261528E-004
   55966.4200404791      -1.149655293111729E-003  1.426803266096312E-004
   55966.4404742471      -9.897542708734441E-004  1.426791939295798E-004
   55966.4609078155      -2.350872507848045E-004  1.427628822737091E-004
   55966.4813415842      -2.385951278205400E-004  1.427550277874507E-004
   55966.5017752531      -2.332244910495662E-004  1.427595399391311E-004
   55966.5222088227      -2.841386429117687E-004  1.427167302037439E-004
   55966.5630762624      -1.014028443169224E-005  1.427445272863180E-004
   55966.5835098330      -1.644352641826385E-004  1.427368306325258E-004
   55966.6039436038       2.010629756428184E-004  1.427549442290863E-004
   55966.6243772750      -3.936306335249329E-004  1.427260701720370E-004
   55966.6448110465      -7.342390068387772E-005  1.427308422830734E-004
   55966.6652446184      -6.757469706231145E-005  1.427492993973544E-004
   55966.6856782909      -1.647501909819438E-004  1.427402008198920E-004
   55966.7061120635      -3.388127042512901E-004  1.427298117299119E-004
   55966.7265456364      -4.162306775153946E-004  1.427089778443753E-004
   56004.2024715131       3.002554503219734E-004  1.431707399348586E-004
   56004.2229057632      -1.622221899892917E-004  1.431493954148727E-004
   56004.2433401135       4.485993417402412E-006  1.431590789008863E-004
   56004.2637742639      -1.818740732993929E-004  1.431469258009900E-004
   56004.2842085147      -1.341207674454559E-005  1.431503424096698E-004
   56004.3046427657       7.956714815282595E-005  1.431571570585039E-004
   56004.3250770169       1.710647645933872E-004  1.431662834887545E-004
   56004.3455112685      -3.407071611827295E-005  1.431587910887421E-004
   56004.3659455201       1.663104558957684E-006  1.431571570585039E-004
   56004.3863797722       1.478903417060362E-004  1.431626254892441E-004
   56004.4068141245      -5.739664697690383E-005  1.431519764399079E-004
   56004.4681168827      -7.175186473840078E-005  1.431484577043382E-004
   56004.4885510359      -6.297236390421235E-004  1.431466751258966E-004
   56004.5089852895      -1.142595817715475E-003  1.431167426628976E-004
   56004.5294196432      -1.518826147320573E-003  1.430954259956998E-004
   56004.5498537971      -1.290354820522865E-003  1.431085075218678E-004
   56004.5702880514      -9.424016397274748E-004  1.431163341553381E-004
   56004.5907224060      -3.894122744544370E-004  1.431452546337009E-004
   56004.6111566607      -4.308611016397013E-004  1.431570456473513E-004
   56004.6315909157       1.124695011933685E-004  1.431732002644785E-004
   56004.6520251710      -1.074799036129281E-004  1.431726153559274E-004
   56004.6724594264      -2.208997395791723E-005  1.431676111383230E-004
   56004.6928936822      -2.143863879533470E-006  1.431758927006664E-004
   56004.7133279382       3.782251213113597E-005  1.431657264329915E-004
   56004.7337621944      -7.085080132362975E-006  1.431743607973181E-004
   56004.7541964510       6.448869338715468E-005  1.431646494585164E-004
   56004.7746307077       1.167105442270167E-004  1.431818996186442E-004
   56004.7950650646      -6.156116816924406E-005  1.431721418585288E-004
   56004.8154993219       1.417676798978196E-004  1.431838493138147E-004
   56004.8359334794      -8.799251143210007E-005  1.431679825088317E-004
   56004.8563678372       1.004567720030991E-004  1.431851212578069E-004
   56004.8768020951      -4.473595564369326E-005  1.431811104563133E-004
   56042.3330902953      -9.488959543890729E-006  1.432995917510957E-004
   56042.3535248384      -6.895348488966668E-005  1.433163819527799E-004
   56042.3739593817      -3.483875314387319E-004  1.432783437224706E-004
   56042.3943938250      -3.347027962589122E-004  1.432974622159328E-004
   56042.4148284683      -9.467263670404069E-005  1.433032734807773E-004
   56042.4352630118      -4.192216260404669E-004  1.432811547088856E-004
   56042.4556974552      -2.990023471619585E-004  1.432807288018530E-004
   56042.4761320987      -2.911719685960712E-004  1.432866915003091E-004
   56042.4965666423      -3.326453205931834E-005  1.433014562774383E-004
   56042.5170012860      -1.018881082148759E-005  1.433030084719570E-004
   56042.5374357297      -2.479646922366463E-004  1.433039927904323E-004
   56042.5578702734      -1.266059584954515E-004  1.433111953515832E-004
   56042.5783049172      -1.713773936217189E-004  1.433036899232091E-004
   56042.5987393611      -2.469494154035967E-004  1.433209344257281E-004
   56042.6191739050      -9.969438537893449E-005  1.432780597844489E-004
   56042.6396085490      -7.736726836897745E-004  1.432605881315126E-004
   56042.6600429930      -1.030209500560653E-003  1.432478203851360E-004
   56042.6804776370      -9.402835098468731E-004  1.432523539288828E-004
   56042.7009121812      -1.055022073033096E-003  1.432659545601230E-004
   56042.7213467254      -3.351012682378807E-004  1.432680083784801E-004
   56042.7417812696       3.501111276493774E-005  1.432918591723043E-004
   56042.7622158139       3.992542633040053E-004  1.433224109034410E-004
   56042.7826503583       1.940853733555237E-004  1.432765738421352E-004
   56042.8030849027       9.398344530886504E-005  1.433068605644516E-004
   56042.8235194471       9.834124281082879E-005  1.433437441134726E-004
   56042.8439539916       2.815954378305729E-004  1.433062642946061E-004
   56042.8643885362       1.004510854902829E-004  1.432896160619327E-004
   56042.8848230808       1.701925144479421E-004  1.433196661692311E-004
   56042.9052577255       4.730324577240097E-005  1.432884708452451E-004
   56042.9256922703       1.518681243044551E-004  1.433288373673325E-004
   56042.9461267150      -3.306263006985777E-005  1.433255247570792E-004
   56042.9665613598       1.247949928009362E-004  1.432938845968592E-004
   56042.9869958047       1.400392007826490E-004  1.433295472123868E-004
   56043.0074303497       8.636210113577292E-005  1.433017307508593E-004
   56080.4843739610      -5.846670599940484E-005  1.427170266473389E-004
   56080.5048083238       3.219159990957010E-004  1.427038992461349E-004
   56080.5252428865      -2.286495154092405E-004  1.427147646077659E-004
   56080.5456773489       5.096851007757586E-005  1.427009936137127E-004
   56080.5661118113       1.575788474714734E-004  1.427373471450931E-004
   56080.5865462735      -5.763876897579845E-005  1.426927594110829E-004
   56080.6069807356       9.998862946525300E-005  1.427079784890469E-004
   56080.6274151976       2.308545441143117E-005  1.427237749076551E-004
   56080.6478496593      -8.239159721867839E-005  1.427101364180119E-004
   56080.6682841210       1.005180174455944E-004  1.426937815879610E-004
   56080.6887185824      -1.510788581268185E-004  1.426952769948754E-004
   56080.7091530439       8.248327520132825E-005  1.427099376613967E-004
   56080.7295875052       7.277733741051229E-005  1.426984949591216E-004
   56080.7500219662      -1.126375063724705E-004  1.426874119116739E-004
   56080.7704564272      -3.094502547570377E-004  1.427024984852278E-004
   56080.7908908879      -1.007058361157998E-003  1.426517776899484E-004
   56080.8113254487      -1.086812821794680E-003  1.426460800003127E-004
   56080.8317598093      -1.121544407020392E-003  1.426466194825539E-004
   56080.8521942696      -9.155686214826764E-004  1.426421521910122E-004
   56080.8726288299      -6.870207638275394E-004  1.426679432279848E-004
   56080.8930631900       9.144463574362049E-005  1.427135531388733E-004
   56080.9134977500       2.451095963817984E-005  1.427288952566467E-004
   56080.9339322099      -9.648880177071106E-006  1.427015614897561E-004
   56080.9543665697      -6.009071373003216E-005  1.427103730330300E-004
   56080.9748011293      -8.846535669926325E-005  1.426955987913000E-004
   56080.9952355887      -9.266384850115106E-005  1.426970658044122E-004
   56081.0156699481      -6.120099844342253E-005  1.427230934564029E-004
   56081.0361045072       1.633769023394738E-004  1.427164209128926E-004
   56081.0565389661       8.261513158713818E-005  1.427136004618769E-004
   56081.0769735251       8.817610586153712E-005  1.427279393319736E-004
   56081.0974078840      -1.847781699757522E-004  1.427038708523327E-004
   56081.1178423424       1.572468608947997E-004  1.426789221648245E-004
   56081.1382769009       2.443457509690994E-004  1.427212005362581E-004
   56081.1587112593       2.085891199172796E-004  1.427506354445095E-004
   56118.6147335125      -2.092237547550724E-004  1.550838872197294E-004
   56118.6351675830       1.237450371815996E-005  1.550790630226730E-004
   56118.6556017534      -2.034614459781592E-004  1.550650769921510E-004
   56118.6760358235      -6.360486907053264E-005  1.550717335559005E-004
   56118.6964697931       1.267527117210232E-004  1.550885250744103E-004
   56118.7169039627       1.535631788496250E-004  1.551086086415551E-004
   56118.7373380318      -7.305413565417140E-006  1.550897880616225E-004
   56118.7577721008      -1.038632083949498E-004  1.550556770545389E-004
   56118.7782061695       4.711594918704876E-005  1.550879556949294E-004
   56118.7986402379       5.220852952136923E-005  1.550807090469905E-004
   56118.8190744059       3.990433390628212E-004  1.550996642075277E-004
   56118.8395083739       8.723725782489034E-005  1.550649010021296E-004
   56118.8599424414      -3.323592691328869E-005  1.550584307807556E-004
   56118.8803766087      -1.845736776084905E-004  1.550436372666062E-004
   56118.9008105758      -2.543236736054499E-004  1.550187709118217E-004
   56118.9212446426      -6.749906770053826E-004  1.550377881864841E-004
   56118.9416788089      -9.626217104353740E-004  1.549526918349736E-004
   56118.9621127753      -1.090400975109262E-003  1.549532612144545E-004
   56118.9825469412      -9.064833539632611E-004  1.549801048688909E-004
   56119.0029810069      -7.458846269304820E-004  1.550315146598399E-004
   56119.0234149723      -1.120781061572096E-004  1.550660190563831E-004
   56119.0438491375       5.507077367772339E-005  1.550566191187709E-004
   56119.0642832024       1.637147680941808E-004  1.550590829790701E-004
   56119.0847171669       1.243827763599548E-004  1.550849638645660E-004
   56119.1051513312       9.670142206430477E-005  1.550508528574824E-004
   56119.1255853952       7.612031941217623E-005  1.550220733128110E-004
   56119.1460194590       2.528010229330135E-004  1.550704498639799E-004
   56119.1664535226       3.550749162395395E-004  1.550423535746856E-004
   56119.1868875859      -7.057298040724636E-005  1.550423328699772E-004
   56119.2073216488      -7.545073580583761E-006  1.550214728762675E-004
   56119.2277557114       1.119153589979049E-005  1.550355313732689E-004
   56119.2481897738      -3.012519656764301E-005  1.550119590627592E-004
   56119.2686238360      -8.097775371540550E-005  1.550025798298555E-004
   56119.2890578979       2.098937222805297E-005  1.550275911175987E-004
   56156.7646391577      -3.406541290971177E-004  1.534513830767736E-004
   56156.7850726652      -4.738642373836033E-005  1.534577394222514E-004
   56156.8055060723      -2.394968048011759E-004  1.534515487144408E-004
   56156.8259396792      -5.133434351165533E-004  1.534221790855800E-004
   56156.8463731856      -2.649175156443917E-004  1.534417346826607E-004
   56156.8668065918      -1.892433824091100E-005  1.534413516455554E-004
   56156.8872401977      -3.171015808032251E-004  1.534415379879309E-004
   56156.9076737032      -1.716441850411199E-004  1.534450784930668E-004
   56156.9281072084      -1.275944172391963E-004  1.534616112027215E-004
   56156.9485407134      -1.318898918343248E-004  1.534618493068681E-004
   56156.9689742180      -2.163458869974821E-004  1.534575220228132E-004
   56156.9894077223      -1.276197844529703E-004  1.534340946452623E-004
   56157.0098412263      -2.410193798169091E-004  1.534568180627277E-004
   56157.0302747299      -4.759406604123440E-004  1.534413723502638E-004
   56157.0507082333      -9.353540829755147E-004  1.534177586303373E-004
   56157.0711417365      -1.035045896300324E-003  1.534134416986366E-004
   56157.0915752391      -1.207843083235738E-003  1.533964017236261E-004
   56157.1120087416      -1.336704802939237E-003  1.533958323441452E-004
   56157.1324422436      -9.998540144953161E-004  1.533794238627408E-004
   56157.1528757453      -5.174481671230691E-004  1.534368587238333E-004
   56157.1733093468      -3.618956331985501E-005  1.534684644612009E-004
   56157.1937427479       2.534664235498418E-005  1.534615076791796E-004
   56157.2141762487      -1.434190051859963E-004  1.534449128553996E-004
   56157.2346098493       8.041242240786062E-005  1.534767463445596E-004
   56157.2550432494       5.102300409487448E-005  1.534456892819645E-004
   56157.2754767493      -6.866994048038144E-005  1.534631019417261E-004
   56157.2959103489      -2.150594502879910E-004  1.534502960795827E-004
   56157.3163437481      -2.850487994288109E-005  1.534728849164436E-004
   56157.3367773470      -4.890663375511917E-005  1.534455650537141E-004
   56157.3572108458       1.214706100802765E-004  1.534625532669536E-004
   56157.3776442440      -3.219886567196184E-005  1.534502236131034E-004
   56157.3980778420       2.416076914808496E-004  1.534837548883518E-004
   56157.4185113396       5.667487577154517E-005  1.534516522379827E-004
   56194.8930427959       1.043498470523208E-004  1.522276726964025E-004
   56194.9134756563      -6.286713749188433E-004  1.521848139500213E-004
   56194.9339087162      -8.090740916050221E-004  1.521635709192063E-004
   56194.9543416759      -3.713878345502630E-004  1.521929612527754E-004
   56194.9747745357      -3.948310937016419E-004  1.521739129210504E-004
   56194.9952075949      -3.870364954788874E-004  1.521807661795297E-004
   56195.0156405539      -2.984341021923242E-004  1.522287493412391E-004
   56195.0360734127      -5.237099729481498E-004  1.521820912808671E-004
   56195.0565064713      -2.425581357485829E-004  1.521720391449405E-004
   56195.0769394296      -2.015712849968709E-004  1.521885615022411E-004
   56195.0973722877      -2.316953491509066E-004  1.521965328149738E-004
   56195.1178053455      -4.217356426795549E-004  1.521740164445924E-004
   56195.1382383029      -2.932465415257379E-004  1.521850313494595E-004
   56195.1586712603      -1.705112996168712E-004  1.521883958645739E-004
   56195.1791042172      -4.907585327501574E-004  1.521682812403665E-004
   56195.1995371741      -1.323044374109794E-003  1.521142833608679E-004
   56195.2199701306      -1.218964724489791E-003  1.521293046268097E-004
   56195.2404030868      -1.495884759486255E-003  1.521105875704191E-004
   56195.2608360430      -8.820717208368745E-004  1.521636640903941E-004
   56195.2812689988      -6.914381260435531E-004  1.521492950227667E-004
   56195.3017019543      -3.262390616538546E-004  1.521498022881224E-004
   56195.3221349096      -4.707622857147431E-005  1.522051666783753E-004
   56195.3425678647      -1.127224222405854E-004  1.521853419200854E-004
   56195.3630008193      -2.846924875281598E-004  1.521702378353100E-004
   56195.3834337739       7.087919836568091E-005  1.521780642150840E-004
   56195.4038668282      -1.126526846950693E-004  1.521868430114442E-004
   56195.4242996821      -3.332968207970799E-004  1.521635088050811E-004
   56195.4447326360       8.512424819273612E-005  1.521780642150840E-004
   56195.4651656894      -1.932151670646087E-004  1.521736127027787E-004
   56195.4855985429      -2.370711522420299E-004  1.521717078696062E-004
   56195.5060314958      -1.127488345997740E-005  1.521582705138567E-004
   56195.5264645486      -8.172819586693691E-005  1.521796170682137E-004
   56195.5468974011      -9.019361372608614E-005  1.521724118296917E-004
   56195.5673303533       3.706139065215996E-004  1.521913255808120E-004
   56233.0410039934       4.351279144909626E-005  1.467212931170275E-004
   56233.0614367292       7.337602432877510E-005  1.467087948405064E-004
   56233.0818693651       3.033900771640674E-004  1.467331615591413E-004
   56233.1023021008       3.465044430295272E-005  1.467135678043747E-004
   56233.1227346365       6.371096319623959E-005  1.467100840328090E-004
   56233.1431672722      -6.845587102932704E-005  1.467000263646164E-004
   56233.1636000077      -8.502142718302963E-005  1.467190591731139E-004
   56233.1840325430      -8.019830347316681E-005  1.466992981185829E-004
   56233.2044651784      -3.105614471463625E-004  1.466978317853532E-004
   56233.2248979137      -1.713870435593456E-004  1.467098380037436E-004
   56233.2453304490      -1.977336337340985E-004  1.467045237759315E-004
   56233.2657630841       4.467590269663368E-004  1.467372850062770E-004
   56233.2861958191      -1.202364281460699E-004  1.467210077233117E-004
   56233.3066283541      -2.278341844906828E-004  1.467035691831578E-004
   56233.3270609890      -9.226453111701449E-004  1.466708276351375E-004
   56233.3474937238      -6.536826695996423E-004  1.466874296764691E-004
   56233.3679262585      -9.593292003959863E-004  1.466628858169071E-004
   56233.3883589932      -1.130597355729956E-003  1.466576011125828E-004
   56233.4087916277      -6.205375327945628E-004  1.466860519137030E-004
   56233.4292241622      -2.542228365044474E-004  1.467075154893664E-004
   56233.4496568966       4.793067943653639E-005  1.467244226067391E-004
   56233.4700895310       1.098659147140690E-004  1.467286739889888E-004
   56233.4905220653       1.893916787036876E-004  1.467258298929931E-004
   56233.5109547994       2.878112965440938E-004  1.467392532388000E-004
   56233.5313874335       1.368818479354772E-004  1.467302977808203E-004
   56233.5518199676       2.242914665346873E-004  1.467411427420221E-004
   56233.5722527016       2.249854572204946E-004  1.467176617280225E-004
   56233.5926853354       1.015916508690928E-004  1.467278670136544E-004
   56233.6131180692       9.223366547939094E-005  1.467257117990417E-004
   56233.6335506030       1.846828565588154E-004  1.467390465743851E-004
   56233.6539832366       5.691441687316612E-005  1.467266368683275E-004
   56233.6744159702       4.164350034381314E-004  1.467289692238673E-004
   56233.7152811371       7.812371005155860E-005  1.467340177402888E-004
   56271.1682900974      -3.514137262815575E-004  1.479673909685092E-004
   56271.1887227978      -5.427124885237777E-005  1.479756870685937E-004
   56271.2091553984      -2.790282079473405E-004  1.479554733205823E-004
   56271.2295881991      -1.346255535694674E-005  1.479700579235778E-004
   56271.2500209000       5.135948391021827E-005  1.479692804717313E-004
   56271.2704535010      -7.895790246137402E-005  1.479779702183204E-004
   56271.2908863022       6.086872834520918E-005  1.479870732937393E-004
   56271.3113190035      -2.342531280489224E-004  1.479749686637228E-004
   56271.3317516050      -2.202795177974615E-004  1.479686112726734E-004
   56271.3521844066      -6.722119678825855E-005  1.479738270888594E-004
   56271.3726171084      -3.763802270079220E-004  1.479624703872016E-004
   56271.3930499103       2.201253340037290E-004  1.479944148010501E-004
   56271.4134825124      -1.731190111627923E-004  1.479656097180758E-004
   56271.4339152146      -3.296170723282588E-004  1.479689557133650E-004
   56271.4543480170      -3.184897117056718E-004  1.479656195592385E-004
   56271.4747806196      -8.555713784819119E-004  1.479328878523808E-004
   56271.4952133223      -1.316913324268532E-003  1.479069268654022E-004
   56271.5156461251      -1.227009724816264E-003  1.479377297043874E-004
   56271.5360787281      -1.003630599235583E-003  1.479498146520787E-004
   56271.5565115313      -5.386845385675354E-004  1.479585732868061E-004
   56271.5769442346      -2.416655302254211E-004  1.479816016073253E-004
   56271.5973768380      -2.784222070479903E-004  1.479599707318974E-004
   56271.6178096417      -3.313563334446101E-004  1.479852428374929E-004
   56271.6382423454      -3.057082242772236E-004  1.479626672104540E-004
   56271.6586750493      -3.180916258604949E-005  1.479895926313687E-004
   56271.6791077534      -2.640142073402352E-004  1.479815524015122E-004
   56271.6995404576      -4.813872812214903E-005  1.479842193565809E-004
   56271.7199731620      -4.864557910233547E-005  1.479802238445592E-004
   56271.7404058665      -2.889349708320443E-004  1.479750572341863E-004
   56271.7608385712      -7.541593180981909E-005  1.479994633174717E-004
   56271.7812712760       2.583938655842388E-005  1.479883034390662E-004
   56271.8017039810      -1.201631547007587E-004  1.479745258114051E-004
   56271.8221366862      -4.367063212026290E-004  1.479772026076364E-004
   56271.8425694915      -1.071361100039026E-004  1.479876047165205E-004
   56309.3165130381       4.229072912087517E-005  1.419082546180418E-004
   56309.3369461019      -1.257629892387202E-004  1.419110673685178E-004
   56309.3573793659      -4.558106354438651E-004  1.418727648804924E-004
   56309.3778125303      -1.649293637735472E-004  1.419104727266387E-004
   56309.3982457950       8.283098773542719E-007  1.419117847142768E-004
   56309.4186788601      -2.436499217787214E-004  1.419036201868884E-004
   56309.4391120254       6.248746050885323E-005  1.419266413224957E-004
   56309.4595452910       2.095477275561031E-004  1.419429326222325E-004
   56309.4799783572       1.716819238917200E-004  1.419465193510274E-004
   56309.5004115234      -2.019240942043865E-004  1.419250461720580E-004
   56309.5208447901      -1.051716098952049E-004  1.419323517722875E-004
   56309.5412778571       5.935677250088478E-004  1.420354135925808E-004
   56309.5617110244      -1.710078580122731E-004  1.419301525412107E-004
   56309.5821442921      -2.041843097159157E-004  1.419293502466118E-004
   56309.6025773600      -8.913071784907300E-004  1.419061592133248E-004
   56309.6230106284      -1.387491078425174E-003  1.418617215313081E-004
   56309.6434437969      -1.612061937387499E-003  1.418569738350348E-004
   56309.6638769660      -1.391838560560243E-003  1.418851202173148E-004
   56309.6843101352      -8.528320135308132E-004  1.419121717034363E-004
   56309.7047432048      -4.562897734736726E-004  1.419222806153819E-004
   56309.7251763747      -5.347668381402437E-004  1.419318137629683E-004
   56309.7456096450      -2.110470651520702E-004  1.419422907865534E-004
   56309.7660428155      -3.203392519599557E-004  1.419516351589401E-004
   56309.7864759866      -6.379298003835743E-004  1.419313795800089E-004
   56309.8069091578      -5.585332767343854E-004  1.418404276887784E-004
   56347.4454050690       2.177748262466306E-004  1.440220460395130E-004
   56347.4658389856       2.893007184501251E-005  1.440347600492149E-004
   56347.4862728027       1.217020199286711E-004  1.440160429881615E-004
   56347.5067065201       6.601378649606637E-005  1.440046598436177E-004
   56347.5271404379       2.085135899874135E-004  1.440400551935673E-004
   56347.5475742559       1.190758392046742E-004  1.440324381142582E-004
   56347.5680081743      -2.666018355790278E-005  1.440023851024610E-004
   56347.5884418932      -8.963714634546704E-005  1.440227256302320E-004
   56347.6088757123       8.221422174736759E-005  1.440230087930316E-004
   56347.6293096317      -5.621346869688626E-005  1.440102098344898E-004
   56347.6497433515       1.092696927473824E-005  1.440101909569699E-004
   56347.6701771717      -1.651129735291690E-005  1.440213381325140E-004
   56347.6906110921       1.850574669786109E-004  1.440535620591081E-004
   56347.7110448130       3.702307423585349E-004  1.440573186855828E-004
   56347.7314786342      -2.596861712700349E-005  1.440295026599024E-004
   56347.7519125557      -4.190985821693749E-004  1.439958062867503E-004
   56347.7723463776      -1.059156624435231E-003  1.440083975925724E-004
   56347.7927801998      -9.671542141952427E-004  1.439570601770055E-004
   56347.8132140224      -4.902363495407069E-004  1.440043861195781E-004
   56347.8336478452       4.576960877722414E-005  1.440504567070725E-004
   56347.8540816685       3.425094629809777E-004  1.440357794352934E-004
   56347.8745154922       5.879064529101807E-004  1.440485406387953E-004
   56347.8949492160       3.899945713219388E-004  1.440380069826502E-004
   56347.9153831404       2.045034759527997E-004  1.440437740650020E-004
   56347.9358169649       5.147002826406677E-004  1.440654737742112E-004
   56347.9562507900       2.992365841956168E-004  1.440555064436654E-004
   56347.9766846152       3.807415264138747E-004  1.440641240315331E-004
   56347.9971184408       4.227071919984393E-004  1.440615661275767E-004
   56348.0175523669       2.878476993104506E-004  1.440791127823917E-004
   56348.0379860932       1.872609582636020E-004  1.440423771285240E-004
   56348.0584199199       2.425297685675343E-004  1.440375916772109E-004
   56348.0788538469       2.118669056545563E-004  1.440332498476170E-004
   56348.0992875743       5.115580138510545E-004  1.440707217247637E-004
   56348.1197215020       1.090873335973797E-004  1.440631046454545E-004
   56385.5958898260       3.185491353845382E-004  1.447049214470210E-004
   56385.6163241777       1.448370773227126E-005  1.446784079702187E-004
   56385.6367585295      -2.993284047592137E-005  1.446958791149538E-004
   56385.6571928815       2.990162197709090E-004  1.447154834194459E-004
   56385.6776272338       4.472046374037753E-005  1.446873747922059E-004
   56385.6980615862       4.237599636458533E-005  1.446946331986356E-004
   56385.7184959389      -4.568667320492548E-005  1.446920941721992E-004
   56385.7389302918      -1.997066792380764E-006  1.446836653595312E-004
   56385.7593647449      -1.067017886398069E-004  1.447011836980663E-004
   56385.7797989982      -1.151268681626183E-004  1.446827969936124E-004
   56385.8002334517      -1.114430610120731E-004  1.446854964789686E-004
   56385.8206678054      -1.239747301151617E-005  1.446762087391418E-004
   56385.8411020593       1.494549890543873E-004  1.446825232695728E-004
   56385.8615365135      -1.939251288799460E-004  1.446646840131982E-004
   56385.8819707678      -2.811595860692240E-004  1.446662886023959E-004
   56385.9024051224      -1.126180957926270E-003  1.446137713418307E-004
   56385.9228395771      -1.224284220844307E-003  1.446072302811600E-004
   56385.9432738321      -1.441061829549062E-003  1.445922981628613E-004
   56385.9637081872      -1.185010230348560E-003  1.446001984049700E-004
   56385.9841426427      -4.771264319298751E-004  1.446254565266941E-004
   56386.0045768983      -3.164999841658300E-004  1.446529610732949E-004
   56386.0250113540       1.990439967514135E-005  1.446668454892352E-004
   56386.0454457100       1.329002355854314E-005  1.446129690472318E-004
   56386.0658799662       3.665284624405629E-004  1.446895929008028E-004
   56386.0863144227       7.886670703549647E-005  1.446757179236225E-004
   56386.1067487793      -3.094991949408321E-004  1.446216527064195E-004
   56386.1271830361       2.254228636489053E-005  1.446231440304974E-004
   56386.1476174931      -6.958469984474913E-005  1.446493460282201E-004
   56386.1680518504       9.724357988982746E-005  1.446079853819589E-004
   56386.1884863079       7.231987749900526E-005  1.446762087391418E-004
   56386.2089205655      -1.391465682957227E-004  1.446271932585316E-004
   56386.2293549234      -2.533923230939594E-004  1.446145075651096E-004
   56386.2497893814      -3.063270536672880E-004  1.446139884333104E-004
