   54977.1722533886       7.891125034675817E-005  1.862147818425121E-004
   54977.1926879217      -1.635666820156700E-004  1.863294349034290E-004
   54977.2131222545      -1.047490992300837E-004  1.861863003895801E-004
   54977.2335566871      -4.341774481179117E-004  1.861810018597746E-004
   54977.2539912197       2.720609910880079E-004  1.863171161926768E-004
   54977.2744255521       2.485443556123901E-004  1.863725503910619E-004
   54977.2948599842      -1.227765503473144E-004  1.860733986634447E-004
   54977.3152944164       3.094881873040300E-004  1.861728240168535E-004
   54977.3357289483       1.954067156724193E-004  1.862314492065780E-004
   54977.3561632802       2.242054741914412E-004  1.862547063388055E-004
   54977.3765977118      -4.347667846260617E-004  1.862011570515837E-004
   54977.3970321433      -1.117406134307330E-003  1.862009047406406E-004
   54977.4174665747      -8.496550456411622E-004  1.861612770807508E-004
   54977.4379010062      -8.368340082794967E-004  1.860628609711145E-004
   54977.4583354371       8.172800190631158E-005  1.861629690482517E-004
   54977.4787699681       2.153647174181206E-004  1.862028935445451E-004
   54977.4992042991      -7.460192739117133E-007  1.861568987437967E-004
   54977.5196387296      -2.753320939108406E-005  1.862369258382257E-004
   54977.5400731603       1.195755891199024E-004  1.862315530993193E-004
   54977.5605075906      -1.734381832353415E-004  1.861004998270997E-004
   54977.5809420209      -7.618455478364261E-006  1.862052088684938E-004
   54977.6013764511      -3.082514481187459E-004  1.861951461144094E-004
   54977.6218109809       1.617367615101006E-004  1.862731250376531E-004
   54977.6422453108       2.252939318148073E-005  1.861533070233123E-004
   54977.6626797406      -8.928342275138501E-005  1.862421798425707E-004
   55004.2068195249       1.202959384423163E-004  1.666768706207678E-004
   55004.2272536016       1.789107886447372E-004  1.666743123322177E-004
   55004.2476877783       4.423405499731636E-005  1.666799349444157E-004
   55004.2681220548       4.244429933453198E-005  1.666729910183511E-004
   55004.2885561308       8.350664488654402E-005  1.666773485428046E-004
   55004.3089903069      -1.431302279122360E-004  1.666463398365324E-004
   55004.3294243824      -7.378641183153345E-005  1.666792321178909E-004
   55004.3498586580       1.660548274580176E-004  1.666799208878852E-004
   55004.3702928331      -7.593413821349593E-005  1.666844330341741E-004
   55004.3907270079       5.288489938415353E-006  1.666969292897843E-004
   55004.4111611828      -1.391555636107711E-004  1.666680150065558E-004
   55004.4315953572      -4.672024040391909E-004  1.666747902542545E-004
   55004.4520295313      -4.575271434832384E-004  1.666604385366190E-004
   55004.4724636053      -8.308326580753755E-004  1.666239337269231E-004
   55004.4928978792      -3.486567691426412E-004  1.666800614531902E-004
   55004.5133320527       4.192810777370326E-005  1.666920095041110E-004
   55004.5337661259       6.278213881616423E-005  1.667149216488180E-004
   55004.5542003989      -1.315205587287815E-004  1.666897042331098E-004
   55004.5746345716       2.122113673972414E-004  1.667099456370228E-004
   55004.5950686442      -7.857529477917069E-005  1.667016522840307E-004
   55004.6155028165       9.437710095694385E-005  1.667181827638929E-004
   55004.6359370885      -1.017615503973168E-005  1.667001904048592E-004
   55004.6563712604       1.420392582638375E-004  1.667104516721206E-004
   55004.6768053317      -1.651900882085888E-004  1.667091444147846E-004
   55004.6972396031       1.730680053830813E-004  1.667343477739623E-004
   55031.2614325982      -2.586360292299306E-004  1.662693577451837E-004
   55031.2818665103       1.525480883559638E-004  1.662869284083027E-004
   55031.3023002222      -2.108954262545204E-004  1.662605443005633E-004
   55031.3227340336       1.256766677890653E-004  1.662712975463921E-004
   55031.3431677448      -5.455562116951640E-006  1.662702433066049E-004
   55031.3636016557      -1.311007409114939E-004  1.662544015967369E-004
   55031.3840354664      -2.412209557407508E-004  1.662643114507360E-004
   55031.4044692767      -2.700378233450040E-004  1.662572972420189E-004
   55031.4249030867      -2.686371577143021E-004  1.662756410143151E-004
   55031.4453368965       5.823626688150618E-005  1.662740807394301E-004
   55031.4657707058      -7.342501364357990E-004  1.662263588183992E-004
   55031.4862044149      -8.790085563850081E-004  1.662194148923346E-004
   55031.5066383237      -1.018065421004688E-003  1.662102219213908E-004
   55031.5270721321      -5.042654271262270E-004  1.662303508730598E-004
   55031.5475058402      -5.114788792248692E-005  1.662875328391139E-004
   55031.5679397482       3.290038096182002E-005  1.662683597315186E-004
   55031.5883735558      -3.236324409439106E-004  1.662771169500170E-004
   55031.6088072631       5.505680183492956E-005  1.662780587375602E-004
   55031.6292410700       4.794849670795021E-004  1.662920309288724E-004
   55031.6496749768      -1.858903436117165E-004  1.662539658442916E-004
   55031.6701087831       2.469870987487077E-004  1.662885167962486E-004
   55031.6905424891       8.940229216114481E-005  1.662783679812311E-004
   55031.7109763950       4.153026239794855E-005  1.662858601119850E-004
   55031.7314102003      -3.616820893104222E-005  1.662810527785557E-004
   55031.7518439057      -3.172317006008285E-004  1.662300837989804E-004
   55058.2950900515      -2.299821973317240E-004  1.659367521206082E-004
   55058.3155234515      -6.514446020045028E-004  1.658652184369185E-004
   55058.3359569515       1.102078092920511E-004  1.659713311856262E-004
   55058.3563902510      -7.767889639964665E-005  1.659776987939405E-004
   55058.3768236501      -1.963857286925164E-004  1.659540416531172E-004
   55058.3972570489      -1.532329961363432E-004  1.659514271384451E-004
   55058.4176905477      -5.625675334819391E-005  1.659542384445441E-004
   55058.4381238459       5.991025389850968E-005  1.659683512011613E-004
   55058.4585572438      -7.224481443190989E-005  1.659509070468168E-004
   55058.4789907414      -2.963923484166076E-004  1.659651884817998E-004
   55058.4994240389      -9.737207077198384E-006  1.659694194974789E-004
   55058.5198574359      -8.015140738940607E-004  1.658584994153419E-004
   55058.5402907326      -1.012166790208324E-003  1.658498265360264E-004
   55058.5607242291      -8.494948389980994E-004  1.659116893267354E-004
   55058.5811576251      -4.397636961199769E-004  1.659023979600781E-004
   55058.6015910209       6.498079627021980E-004  1.660583270528605E-004
   55058.6220244165      -3.942003947758899E-004  1.659198702274836E-004
   55058.6424578116      -4.043725770929152E-004  1.658889458603943E-004
   55058.6628912065      -9.032381560458713E-005  1.658711643493180E-004
   55058.6833245009       1.922950351112007E-004  1.658978295876672E-004
   55058.7037579953       2.332748123476946E-004  1.659793152949474E-004
   55058.7241913893       2.546537520133896E-004  1.659215429546125E-004
   55058.7446246827       3.381120384868819E-004  1.659725119341878E-004
   55058.7650581760      -5.572167378486981E-005  1.659560095673866E-004
   55058.7854915690       8.257714697235130E-005  1.658866265328626E-004
   55085.3486440424      -5.478472231645881E-005  1.657229804048384E-004
   55085.3690770555       1.904934699588079E-004  1.657424346430437E-004
   55085.3895099685      -2.036881058697926E-004  1.657379646663462E-004
   55085.4099430811       2.254416083968813E-005  1.657335087461793E-004
   55085.4303760934      -1.194872630418953E-004  1.657205345685323E-004
   55085.4508090055       8.733576901986950E-005  1.657415069120310E-004
   55085.4712421174      -7.657336968447392E-005  1.657078977476172E-004
   55085.4916751290      -1.120646407738457E-004  1.656994357162591E-004
   55085.5121080404       5.935571994419853E-004  1.658116911687932E-004
   55085.5325410514       3.231151027049961E-004  1.657385409840965E-004
   55085.5529741623      -2.623781011309445E-004  1.657020361744007E-004
   55085.5734071728      -9.806617287853037E-004  1.656649972165461E-004
   55085.5938400830      -1.116133774986761E-003  1.656497880505504E-004
   55085.6142731930      -9.152665973815033E-004  1.656511515340084E-004
   55085.6347062028      -4.986734093163081E-004  1.656720535948546E-004
   55085.6551391123       9.678655031719607E-005  1.657236832313632E-004
   55085.6755721214      -1.802956979493064E-004  1.656883451136985E-004
   55085.6960052305       1.027671958360177E-004  1.657276893425543E-004
   55085.7164381391      -1.030688940536484E-004  1.657140123383826E-004
   55085.7368711477       2.332252865948625E-004  1.657226852176980E-004
   55085.7573042559      -1.188222498882396E-004  1.657101327359659E-004
   55085.7777371638       7.615408060557272E-005  1.657066467164031E-004
   55085.7981701714       4.548184087616036E-005  1.657064077553847E-004
   55085.8186031789       3.441041240779263E-004  1.657356734518755E-004
   55085.8390362859      -2.997329670052507E-004  1.656979316674961E-004
   55112.4017384934       2.837571625602386E-004  1.891548742185207E-004
   55112.4221711240       2.111883022748451E-004  1.891631684760832E-004
   55112.4426038544      -1.790978636118101E-005  1.891533225716978E-004
   55112.4630366845       2.060723321983815E-006  1.891453386434998E-004
   55112.4834693146      -3.566967177730529E-004  1.891097636136143E-004
   55112.5039020446       2.378409097312240E-004  1.891612641822551E-004
   55112.5243348742       4.607846655568792E-005  1.891409517147550E-004
   55112.5447675039      -1.007623605043806E-004  1.891305556810415E-004
   55112.5652002334       1.479654181661960E-004  1.891744390743697E-004
   55112.5856330626      -1.639420766902377E-004  1.891289193989373E-004
   55112.6060657918      -6.863188818851951E-004  1.890999177092289E-004
   55112.6264984208      -1.027421815660734E-003  1.890845846174424E-004
   55112.6469311495      -8.248722252267582E-004  1.890967156744216E-004
   55112.6673638783      -9.389672448983921E-004  1.891057011201143E-004
   55112.6877966068      -6.035749369256438E-004  1.891095379195310E-004
   55112.7082293351      -7.883214518233927E-005  1.891596279001509E-004
   55112.7286620633       3.971479761797347E-004  1.891727604746249E-004
   55112.7490947914       1.386951504380729E-004  1.891644521111822E-004
   55112.7695275194      -2.431330869034909E-004  1.891354645273540E-004
   55112.7899601473      -1.250384279134487E-004  1.891296952223487E-004
   55112.8103929748      -1.485092287633050E-004  1.891319380573019E-004
   55112.8308256022      -1.791007087091900E-004  1.891462696315936E-004
   55112.8512583295       1.364941395829433E-004  1.891417698558071E-004
   55112.8716911567       3.810955527483451E-005  1.891495421958019E-004
   55112.8921238835      -3.427041147985310E-005  1.891294554223852E-004
   55139.4341438771       7.872321537649718E-005  1.881915131296901E-004
   55139.4545764008      -1.183444478013440E-004  1.881286150098410E-004
   55139.4750090244       5.532046341594210E-005  1.881632449457525E-004
   55139.4954417481       3.505960599752278E-004  1.882040673630755E-004
   55139.5158742717       1.516270144930054E-004  1.881712994033515E-004
   55139.5363068954       3.892879025013674E-004  1.881863503775338E-004
   55139.5567395190      -1.755859279580774E-004  1.881663341335182E-004
   55139.5771721426      -2.021083359560194E-004  1.881732178030599E-004
   55139.5976047663      -2.507102831739161E-004  1.881420155960389E-004
   55139.6180373899      -3.744104974662266E-004  1.881639361338827E-004
   55139.6384701136       6.700119300506735E-005  1.881799180961588E-004
   55139.6589026373      -7.836145827843088E-004  1.881347369618514E-004
   55139.6793352609      -1.303469304415716E-003  1.880721914890075E-004
   55139.6997679845      -1.148787263022921E-003  1.880813744170231E-004
   55139.7202005081      -7.279058084644907E-004  1.881234663635649E-004
   55139.7406331318      -3.566421545021514E-004  1.881138461532628E-004
   55139.7610657554      -2.310727621296360E-004  1.881547108882265E-004
   55139.7814983791       2.338908170651521E-005  1.881613970754452E-004
   55139.8019310027      -2.104137613981871E-004  1.881446533956379E-004
   55139.8223636264       1.979245826955189E-004  1.881813568959401E-004
   55139.8427962500       8.276602124346333E-005  1.881631885222317E-004
   55139.8632288737       8.598253159419755E-005  1.881490262185025E-004
   55139.8836614973      -1.282013488804745E-004  1.881636116986380E-004
   55139.9040941210       4.711757644049186E-007  1.881640348750442E-004
   55139.9245267446       1.164102669992673E-004  1.881780138023307E-004
   55166.4869852089      -6.747580885657634E-005  1.874701102040737E-004
   55166.5074179413      -8.291983770214451E-005  1.874726210507508E-004
   55166.5278505741      -1.645674578312217E-004  1.874881516248602E-004
   55166.5482834068      -2.280298953702964E-004  1.874873475896883E-004
   55166.5687161398      -1.860541580946951E-004  1.874965587294644E-004
   55166.5891487730       1.292577379721216E-004  1.875118636094904E-004
   55166.6095816063      -2.520902856302243E-004  1.874968408470685E-004
   55166.6300143398       7.952176352965523E-005  1.875209195845842E-004
   55166.6504469734      -6.188674701192998E-004  1.874685303454903E-004
   55166.6708797072      -3.819812897789543E-004  1.874831863550268E-004
   55166.6913125412      -1.812937173815143E-004  1.875070393984592E-004
   55166.7117451753      -8.439730700038339E-004  1.874648487107560E-004
   55166.7321779097      -8.998706588946304E-004  1.874341825271830E-004
   55166.7526107441      -1.361857270575251E-003  1.874034458142089E-004
   55166.7730433788      -3.978767509613679E-004  1.874767399677716E-004
   55166.7934761136      -1.302673898185835E-004  1.874982937527300E-004
   55166.8139088485       3.319325926331995E-004  1.875192268789592E-004
   55166.8343416837      -2.556871188439391E-004  1.875021587639071E-004
   55166.8547743189       2.593090181517432E-004  1.875099028921415E-004
   55166.8752070544       8.533743030425534E-005  1.875318798535061E-004
   55166.8956397901       2.694910457063937E-004  1.875196641612457E-004
   55166.9160725259      -1.772195560406642E-004  1.874692356395008E-004
   55166.9365052618       2.852705229767771E-004  1.875208913728238E-004
   55166.9569379980       2.272848599480515E-004  1.874548617475684E-004
   55166.9773707342       6.239763404569665E-005  1.874800125319799E-004
   55193.5401271522       1.119470440764658E-004  1.840669097694229E-004
   55193.5605601945       8.074759879961313E-005  1.840647723352032E-004
   55193.5809932371       5.156411037487985E-005  1.840528864678869E-004
   55193.6014263799       2.575688854813407E-004  1.840701303628756E-004
   55193.6218593231       1.657878052523376E-004  1.840675307807165E-004
   55193.6422923665       6.187111866839956E-006  1.840581145164513E-004
   55193.6627255103       4.898430743405235E-005  1.840721811443567E-004
   55193.6831584543       1.183982105048553E-004  1.840666064848377E-004
   55193.7035914986      -2.947733193647828E-006  1.840829982945632E-004
   55193.7240246432      -1.197158655110719E-004  1.840961406265898E-004
   55193.7444575882      -9.028105205851622E-004  1.840118852803885E-004
   55193.7648906333      -1.214426800307700E-003  1.839883012933561E-004
   55193.7853237788      -1.423953812907719E-003  1.839776141222576E-004
   55193.8057567247      -8.721904758325350E-004  1.839986274113770E-004
   55193.8261897708      -2.118024305690636E-004  1.840361480472068E-004
   55193.8466228171       1.504596382664314E-004  1.840679207180404E-004
   55193.8874889108       1.374085544747494E-005  1.840702603419836E-004
   55193.9079219581       8.455864954104442E-005  1.840992023566883E-004
   55193.9283551056       1.302326677952159E-004  1.840709968902620E-004
   55193.9487880535       1.406053937436091E-005  1.840624760376293E-004
   55193.9692211016       2.233581892177039E-004  1.841334590726961E-004
   55193.9896542502      -3.554777738246084E-005  1.841137022482869E-004
   55194.0100871988       3.137693898247473E-004  1.841281154871468E-004
   55194.0305202479       3.193113705932671E-004  1.841345711161753E-004
   55220.5733200129      -3.773473454674603E-004  1.842260041975603E-004
   55220.5937534905       5.600545276407409E-005  1.842301346447687E-004
   55220.6141870684      -8.931213335727772E-005  1.842116054008235E-004
   55220.6346204468      -1.954608408204495E-004  1.842085003443557E-004
   55220.6550539253       8.879155566354768E-008  1.842364314104430E-004
   55220.6754873044      -3.161022950907144E-004  1.842128474234106E-004
   55220.6959208838       3.576192987519988E-006  1.842411106583294E-004
   55220.7163543634      -4.188394018537211E-004  1.842027090529901E-004
   55220.7367878435      -8.580099549415632E-005  1.842206750541342E-004
   55220.7572213239       1.171043969485641E-004  1.842349727560093E-004
   55220.7776548046      -4.905602872929959E-004  1.841887724041927E-004
   55220.7980882858      -1.186369542965138E-003  1.841522482748572E-004
   55220.8185217671      -1.450052946807778E-003  1.841439296119480E-004
   55220.8389552490      -1.095599863497387E-003  1.841626032771243E-004
   55220.8593887312      -6.801681466224174E-004  1.841831833025506E-004
   55220.8798222136      -1.145343806017163E-004  1.842117353799314E-004
   55220.9002556965      -1.214079526887790E-004  1.842055397091189E-004
   55220.9206891797      -4.302104063700352E-004  1.841995895543992E-004
   55220.9411226632       2.409721368372697E-004  1.842245022167573E-004
   55220.9615561471       2.423679763690068E-004  1.842401141518350E-004
   55220.9819895314      -5.146412411782819E-007  1.842213249496740E-004
   55221.0024231159      -8.922383452047988E-005  1.841789806447267E-004
   55221.0228566009      -2.602030098887154E-004  1.842022902314200E-004
   55221.0432899862      -1.585644406910669E-004  1.842289792749202E-004
   55221.0637234718      -2.870905021983283E-004  1.841944626006965E-004
   55247.6479820114       4.648308488170994E-004  1.836699535737272E-004
   55247.6684159409      -7.416375721935875E-005  1.836287213122591E-004
   55247.6888497707      -3.747140158394391E-005  1.836292845550602E-004
   55247.7092838008       3.391831964327796E-004  1.836342670875318E-004
   55247.7297177313       4.093266334481704E-005  1.836189151106700E-004
   55247.7501515621       1.905315725614365E-004  1.836256740242837E-004
   55247.7705855931       2.401367149964528E-004  1.836442032682289E-004
   55247.7910195246      -1.311908517368510E-004  1.836049495776264E-004
   55247.8114533562       4.531870260726656E-005  1.836277681321341E-004
   55247.8318873883      -2.935550295071199E-004  1.835899008853498E-004
   55247.8523213206      -9.490306977105734E-004  1.835465167475389E-004
   55247.8727551533      -1.014738521522895E-003  1.835674578260428E-004
   55247.8931891863      -1.039280863791348E-003  1.835609877548912E-004
   55247.9136231196      -4.917692916046601E-004  1.835884422309160E-004
   55247.9340569532       1.326322034056471E-004  1.836229011366473E-004
   55247.9544909872       4.379685963111779E-004  1.836809873557803E-004
   55247.9749249215       9.579767263367955E-005  1.836122717340412E-004
   55247.9953588560      -6.791315667642461E-005  1.836097732467438E-004
   55248.0157927910      -1.556223509954213E-004  1.835927026572323E-004
   55248.0362267262       1.583155443738438E-004  1.836306276725091E-004
   55248.0566606618       1.124577410860361E-005  1.835892943161793E-004
   55248.0770944976      -2.594263613453496E-005  1.835974396736112E-004
   55248.0975285338       1.807068196968409E-005  1.836141058836757E-004
   55248.1179623703       3.036092659725043E-006  1.835889765894710E-004
   55274.6823239976       3.151802730827491E-005  1.828923174550763E-004
   55274.7027581898      -3.218717432126317E-004  1.828842009818906E-004
   55301.7170549486      -8.113557306055341E-005  1.869493543907954E-004
   55301.7579239439       2.003824687264455E-004  1.869619566782026E-004
   55301.7783583417      -1.038842470169055E-004  1.869515650545769E-004
   55301.7987929396       3.338364300020658E-004  1.869740927712069E-004
   55301.8192274376      -8.470924664716328E-006  1.869601370161784E-004
   55301.8396618356      -9.871108837389286E-005  1.869501965484265E-004
   55301.8600964337       1.212657434901399E-004  1.869501965484265E-004
   55301.8805309320       3.825576752976012E-004  1.869566029618339E-004
   55301.9009653303       1.797514556711732E-004  1.869777922493717E-004
   55301.9213999287      -3.174650530854972E-004  1.869106602553556E-004
   55301.9418344272      -2.536153420885645E-004  1.869054418857491E-004
   55301.9622688257      -7.079439018456979E-004  1.868912755913129E-004
   55301.9827034244      -6.085673798130742E-004  1.869040583410695E-004
   55302.0031379231       4.197185410781401E-005  1.869357144448786E-004
   55302.0235723219       2.198563421194066E-004  1.869670998551635E-004
   55302.0440069208       2.853467639780671E-004  1.869735814612166E-004
   55302.0644414198       4.849197410572437E-005  1.869325563537623E-004
   55302.0848758189      -2.463096132299114E-005  1.869494145449120E-004
   55302.1053104181      -1.162745487820471E-004  1.869567082315378E-004
   55302.1257449173       1.045871386349262E-004  1.869516552857516E-004
   55302.1461793166      -1.310521455692992E-004  1.869121490697390E-004
   55302.1666139161       1.126474826294022E-004  1.869534298321885E-004
   55302.1870484156      -1.208614430553423E-004  1.869265108650538E-004
   55302.2074828151       2.207274429233408E-006  1.869527982139652E-004
   55328.7723646160      -1.372700516102388E-004  1.864293070151072E-004
   55328.7927990358       1.580380501275958E-004  1.864772648844884E-004
   55328.8132335556       5.250413979696056E-005  1.864275174301413E-004
   55328.8336681754       1.720059109175942E-004  1.864549928228536E-004
   55328.8541025951      -4.869369634831200E-004  1.863865975923909E-004
   55328.8745371148       6.033403865624010E-005  1.864648580979599E-004
   55328.8949717343      -5.586283882608178E-005  1.864422551886843E-004
   55328.9154061539      -1.757923441925158E-006  1.864499849926548E-004
   55328.9358406734      -4.296358363748976E-004  1.864170355753409E-004
   55328.9562752928      -2.719331908945799E-004  1.864333072638546E-004
   55328.9767097121      -3.372488660410289E-004  1.864543612046303E-004
   55328.9971442315      -6.253413656626128E-004  1.863188039030932E-004
   55329.0175788508      -4.229917430551566E-004  1.863389856091796E-004
   55329.0380133700      -4.698788789102570E-004  1.863527609018585E-004
   55329.0584478892      -1.604608155556519E-004  1.864377436299466E-004
   55329.0788824083      -9.534409206091166E-005  1.864556845951933E-004
   55329.0993169274       2.818665334098913E-004  1.864673093782073E-004
   55329.1197514464      -3.356122783430004E-004  1.864267203880977E-004
   55329.1401859653      -2.082973726380555E-005  1.864369465879030E-004
   55329.1606203843      -6.807418994547731E-005  1.864106893160499E-004
   55329.1810550031      -1.478481541663523E-004  1.864528272746595E-004
   55329.2014895219      -1.769580708328444E-004  1.864298634406849E-004
   55329.2219239406      -1.156107330735345E-004  1.864443305057036E-004
   55329.2423585593       1.910931065967070E-004  1.864725578248721E-004
   55329.2627930779      -1.033443563638325E-004  1.864449771624560E-004
   55355.8071561470       4.641527753510566E-004  1.853686395558871E-004
   55355.8275905151       9.855626461474642E-005  1.853763843983868E-004
   55355.8480249832       1.416747938476348E-004  1.853594961301789E-004
   55355.8684592509       3.826188550635212E-004  1.854008069696866E-004
   55355.8888936185      -1.543762656508463E-005  1.853580223543246E-004
   55355.9093280862       1.030431741781968E-004  1.853754520095810E-004
   55355.9297624533      -1.203013612606219E-004  1.853286370684134E-004
   55355.9501967205      -9.741525849527033E-005  1.853450441036893E-004
   55355.9706311875       1.016569334770789E-004  1.853291032628163E-004
   55355.9910655544      -8.202532268186680E-005  1.853487586203833E-004
   55356.0114998209      -3.124412567815371E-004  1.853114781066812E-004
   55356.0319342874      -4.490738261943017E-004  1.852910106685414E-004
   55356.0523686536      -4.585646158627998E-004  1.853005902115943E-004
   55356.0728029199      -3.702524419303410E-004  1.852973418893033E-004
   55356.0932373856      -2.468237580985910E-004  1.853036881485942E-004
   55356.1136717514       2.250169275004321E-004  1.853626091057078E-004
   55356.1341060170      -3.331812647345833E-004  1.853068612782397E-004
   55356.1545404825       6.829110465944588E-005  1.853152377389626E-004
   55356.1749748476       4.831830353380084E-006  1.853317951595297E-004
   55356.1954093127      -1.009570978541818E-004  1.853313590421851E-004
   55356.2158435775       2.265367457718881E-004  1.853180649824381E-004
   55356.2362779424       6.910827141592968E-005  1.853443072157621E-004
   55356.2567124068       6.605030231421338E-005  1.853095080593657E-004
   55356.2771466711      -1.123587936247006E-004  1.853059138509048E-004
   55356.2975810353      -1.941378583852904E-004  1.853146061207393E-004
   55382.8620430992      -1.193665167474878E-004  1.753384677499412E-004
   55382.8824772751       3.198384682767674E-004  1.753994220140112E-004
   55382.9029113508       1.621161091893697E-004  1.753857358175048E-004
   55382.9233453262      -1.579838862024729E-004  1.753602924460161E-004
   55382.9437795014      -3.266283458702723E-006  1.753334128687212E-004
   55382.9642135762      -1.314062272789185E-004  1.753478734899270E-004
   55382.9846475509      -1.854097293252366E-005  1.753796671439511E-004
   55383.0050817254      -3.784770062197351E-004  1.753303151699235E-004
   55383.0255157995       2.976979679012448E-004  1.753988024742517E-004
   55383.0459498733       3.980723921159779E-004  1.754114326370770E-004
   55383.0663839469      -2.116356411852038E-005  1.753627142832580E-004
   55383.0868180202      -6.476021346752958E-004  1.753299631586965E-004
   55383.1072520933      -3.828114387623982E-004  1.753423117125402E-004
   55383.1276861662      -2.002170222092925E-004  1.753570257818294E-004
   55383.1481202386       2.100463509857597E-005  1.753999852319744E-004
   55383.1685543110       9.580495685646007E-005  1.753750909979999E-004
   55383.1889883830       3.874431740866768E-004  1.754263438326534E-004
   55383.2094224547      -1.099626875317172E-004  1.753847079447219E-004
   55383.2298565262      -1.004848795447266E-004  1.753786955929645E-004
   55383.2502905974       2.570171334601579E-004  1.754105596492340E-004
   55383.2707246684      -1.826758466446643E-004  1.753727395630034E-004
   55383.2911588392       1.816135037859823E-004  1.754111932694426E-004
   55383.3115928095       4.573031382903991E-006  1.754045613779256E-004
   55383.3320268796      -4.482673232464318E-005  1.753795122590112E-004
   55383.3524610497      -1.522156555784360E-004  1.754111932694426E-004
   55409.8960844691       1.027514009355190E-004  1.778433655609355E-004
   55409.9165180629      -1.469066424352183E-004  1.778423940099490E-004
   55409.9369517563       7.427080959176990E-005  1.778644721541074E-004
   55409.9573855496       8.062067290448560E-005  1.778581922738174E-004
   55409.9778191425       2.346761509137707E-004  1.778575727340579E-004
   55409.9982529350       3.480437850877927E-005  1.778675416920070E-004
   55410.0186866272       2.341100800138385E-004  1.778968008651965E-004
   55410.0391203191      -1.178238614242266E-004  1.778460408462608E-004
   55410.0595540109      -9.944131623462749E-005  1.778657675554228E-004
   55410.0799877021       9.822031663753172E-005  1.778580092279794E-004
   55410.1004213932      -1.901886555557564E-004  1.778381698752248E-004
   55410.1208550840      -2.623255710823003E-004  1.778512646928698E-004
   55410.1412887743      -9.264753043431995E-004  1.778299750538598E-004
   55410.1617224644      -7.690514327762799E-004  1.778228221857269E-004
   55410.1821561543       2.294943770915214E-004  1.779012080457587E-004
   55410.2025898437      -3.774617973546501E-004  1.778679922663776E-004
   55410.2230234329       2.142164760916554E-004  1.778776092130996E-004
   55410.2434572218       1.057896910674483E-004  1.778646974412927E-004
   55410.2638909103       1.213703809650468E-004  1.778960827622934E-004
   55410.2843244985       2.455896971007565E-004  1.778852548969504E-004
   55410.3047582865       8.233156397237096E-004  1.779568821414235E-004
   55410.3251919741      -8.061779270485125E-006  1.779202588933648E-004
   55410.3456257614      -1.920732346930576E-004  1.778797072000126E-004
   55410.3660593485      -3.802965212473808E-004  1.778871275966781E-004
   55410.3864930351      -1.224515451024866E-004  1.778876908146414E-004
   55436.9500060492       3.840461128479244E-004  1.794738252426757E-004
   55436.9704392337      -2.210164414060412E-004  1.794169261479409E-004
   55436.9908726178       1.632374712552398E-004  1.794583226682380E-004
   55437.0113059016       8.312590476022841E-005  1.794137017251015E-004
   55437.0317392852      -1.443280233491828E-004  1.794149408046206E-004
   55437.0521724685      -2.880906375690717E-005  1.794387930853631E-004
   55437.0726057514      -1.139397695362199E-004  1.794343859048009E-004
   55437.0930390341      -2.305241586234574E-004  1.794168839065937E-004
   55437.1134723165      -2.516382884221180E-005  1.794366950984501E-004
   55437.1339055984       4.552419343206715E-005  1.794428341742493E-004
   55437.1543388801      -1.336393612809683E-004  1.794147014369862E-004
   55437.1747721616      -6.293204794829421E-004  1.793840482993377E-004
   55437.1952054429      -6.866677439473223E-004  1.794067882246029E-004
   55437.2156387237      -6.399230409003254E-004  1.794189678130576E-004
   55437.2360720042      -6.995494045702877E-005  1.794236143612542E-004
   55437.2565052846      -4.950642289758278E-004  1.794027893770640E-004
   55437.2769386644       3.937643882587771E-004  1.794850473605930E-004
   55437.2973718440       4.026390868749896E-004  1.794854134522691E-004
   55437.3178051234      -1.950275842446114E-004  1.794354419384820E-004
   55437.3382385024      -1.728978709694129E-004  1.794583930704834E-004
   55437.3586716813       1.088097079200434E-004  1.794764582866538E-004
   55437.3791049597       1.000375546245102E-005  1.794976212016220E-004
   55437.3995383377      -6.339753374939860E-006  1.794402856129657E-004
   55437.4199715157      -3.526481137825499E-004  1.794233186718236E-004
   55437.4404048933      -3.143947860240193E-004  1.794296126325626E-004
   55464.0034225873      -4.166123743454264E-005  1.894465658233554E-004
   55464.0238555090      -1.152497892111803E-004  1.894285163943842E-004
   55464.0442883308      -3.527744382147979E-004  1.894590659376939E-004
   55464.0647213523      -1.294079234089862E-004  1.894884829678134E-004
   55464.0851542734      -4.531165548954386E-004  1.894130717457507E-004
   55464.1055870944       2.540190699185096E-004  1.894991710610474E-004
   55464.1260201153       3.319105036752035E-004  1.894434797249117E-004
   55464.1464530356      -1.797704426209634E-005  1.894807960345339E-004
   55464.1668858560      -1.445737159699867E-005  1.894567159728240E-004
   55464.1873188762      -3.466308356824266E-004  1.893976412535321E-004
   55464.2077517958      -5.799125056095145E-004  1.894979394529529E-004
   55464.2281846155      -1.036145797536969E-003  1.894322820007421E-004
   55464.2486176347      -1.194524556704546E-003  1.893126036693514E-004
   55464.2690505539      -5.031827550406875E-004  1.894786442594722E-004
   55464.2894835726      -1.135153517066723E-004  1.894597171327784E-004
   55464.3099163914      -9.727820489136008E-005  1.894926732666177E-004
   55464.3303493096      -1.595170032104853E-004  1.894099290216475E-004
   55464.3507822279      -2.401832165410678E-005  1.894623502259460E-004
   55464.3712151460       3.532820307206030E-005  1.894206312712963E-004
   55464.3916480635       2.261962164713527E-004  1.894389213593205E-004
   55464.4120809809      -8.123365245804592E-006  1.895149696200528E-004
   55464.4325138982      -1.604550335509991E-005  1.895209294707170E-004
   55464.4529468151       2.081748251216986E-004  1.895147572738296E-004
   55464.4733797320      -1.875569657172615E-005  1.893905630460924E-004
   55464.4938126484      -1.416836183241177E-004  1.894872796725486E-004
   55491.0360080955       1.988657211642320E-004  1.892226821220373E-004
   55491.0564408790       1.438728238367659E-005  1.891840917350760E-004
   55491.0768735623      -3.008757318871957E-004  1.892078886684883E-004
   55491.0973061455       9.465573468969701E-005  1.891889898546243E-004
   55491.1177389285       6.392921321207723E-006  1.891949355488736E-004
   55491.1381716115       1.266798082746323E-004  1.891704732639620E-004
   55491.1586043944      -3.152888160773415E-006  1.892355361467478E-004
   55491.1790369772      -1.748427453396317E-004  1.892151225964917E-004
   55491.1994696598      -1.231424332678310E-004  1.892203887828269E-004
   55491.2199024424       5.408240152160460E-005  1.892328747407505E-004
   55491.2403350248      -5.256098396484443E-004  1.891743096523943E-004
   55491.2607677071      -9.409644220159663E-004  1.891622908561617E-004
   55491.2812004893      -1.012709779103615E-003  1.891239552846682E-004
   55491.3016330713      -1.018951054915007E-003  1.891567273851141E-004
   55491.3220657533      -9.028634617517239E-004  1.891667784396785E-004
   55491.3424985351      -1.633802394375161E-004  1.891913681323240E-004
   55491.3629312168       4.488737431547207E-004  1.892163683610011E-004
   55491.3833637984       2.218173648320665E-004  1.892108898284428E-004
   55491.4037965799       3.487635328807137E-004  1.892510374210408E-004
   55491.4242292613      -1.188329679865374E-004  1.891836245733850E-004
   55491.4446619425      -2.112281051331877E-004  1.892234040991962E-004
   55491.4650946237      -8.783436130233024E-005  1.891878007157744E-004
   55491.4855273047       1.821121950267290E-004  1.891725401005344E-004
   55491.5059600856      -1.800087660019933E-005  1.891882678774655E-004
   55491.5263926665      -9.471042760689219E-005  1.891860170074996E-004
   55518.0888303435      -4.307702917305534E-004  1.881462000217761E-004
   55518.1092630765       8.389159423982662E-005  1.881704641168795E-004
   55518.1296956097       3.015915037252181E-004  1.881659482205329E-004
   55518.1501282428      -2.287678265788795E-005  1.881459593627232E-004
   55518.1705609760      -2.726969437272242E-005  1.881463698987547E-004
   55518.1909935093      -1.092520585725953E-004  1.880773290633877E-004
   55518.2114262425      -1.409797417594172E-004  1.881374230445509E-004
   55518.2318588759      -1.206949559297010E-004  1.881626214630363E-004
   55518.2522914093       3.495105193276338E-004  1.881663587565644E-004
   55518.2727241427       2.173606828035357E-004  1.881773724473406E-004
   55518.2931567762      -4.037669299320479E-004  1.880846620862953E-004
   55518.3135894097      -1.106626156739954E-003  1.880752056011558E-004
   55518.3340220432      -9.140101252224087E-004  1.881007579300132E-004
   55518.3544546768      -1.029146327100605E-003  1.880893195467906E-004
   55518.3748873105      -8.710824868666256E-004  1.881125785364375E-004
   55518.3953199442      -7.893399483205332E-005  1.881863617707891E-004
   55518.4157525779      -2.172035708063458E-004  1.881022301971606E-004
   55518.4361852117       5.158209675149017E-005  1.881259988177432E-004
   55518.4566178455      -6.167975710946738E-005  1.881367718494664E-004
   55518.4770504794       8.290629191343157E-005  1.881376778600187E-004
   55518.4974832133       7.399641616601116E-005  1.881654102767675E-004
   55518.5179157473       1.178291641974472E-004  1.881713418146020E-004
   55518.5383483813      -1.081868296481936E-005  1.880751914447410E-004
   55518.5587811154       3.094257488553964E-004  1.881400986069631E-004
   55518.5792136495      -4.954607569718217E-005  1.880988468140045E-004
   55545.1417290115      -2.631628274152309E-005  1.882022311118689E-004
   55545.1621618100      -2.715460951142612E-004  1.881995272366269E-004
   55545.1825946086       4.051914073852636E-004  1.882429024918175E-004
   55545.2030274074       1.848966731410329E-005  1.882134146796237E-004
   55545.2234603065      -2.738503877546261E-004  1.882050340820150E-004
   55545.2438931057       2.166586321308284E-004  1.882442898204757E-004
   55545.2643258052       3.123596304195342E-004  1.882347908660916E-004
   55545.2847587048       7.918179878441123E-005  1.882314357957652E-004
   55545.3051914046       1.594242708593541E-004  1.882046943280579E-004
   55545.3256242047      -1.353358209543742E-004  1.882193320610433E-004
   55545.3460571050      -5.032059502499964E-004  1.882118857868167E-004
   55545.3664898054      -4.907940932176169E-004  1.881850169113755E-004
   55545.3869226061      -9.713335891672337E-004  1.882025850222409E-004
   55545.4073555069      -1.074280717372811E-003  1.881888674562227E-004
   55545.4277882080      -4.663457794451542E-004  1.882272596533757E-004
   55545.4482211093      -2.143107782981435E-005  1.882432988714341E-004
   55545.4686539108      -1.584715793179203E-005  1.882310535725634E-004
   55545.4890866125      -1.306642930858359E-004  1.881997537392650E-004
   55545.5095195144      -6.903456060536328E-005  1.882523448205421E-004
   55545.5299523164       5.093342594197914E-005  1.882209600487544E-004
   55545.5503850188      -4.126342534205296E-005  1.882446154180179E-004
   55545.5708179213      -1.084319571881265E-004  1.882397031420547E-004
   55545.5912507240      -1.038839784194279E-004  1.882230693545714E-004
   55545.6116836269       1.923172016859986E-005  1.882294680540969E-004
   55545.6321163300      -7.079201107862421E-005  1.882267924916847E-004
   55572.1745450772      -1.011602278495616E-004  1.848230373742282E-004
   55572.1949783258      -1.468977906575741E-004  1.847988312347701E-004
   55572.2154113748       1.167514659083935E-005  1.848202058222220E-004
   55572.2358445240      -2.720124645028132E-005  1.848363238874880E-004
   55572.2562777735       1.289867520726240E-005  1.848463867876947E-004
   55572.2767108234      -3.710875196749619E-005  1.848576694333809E-004
   55572.2971439736       3.726831095285377E-005  1.848343781030325E-004
   55572.3175772240      -6.188933776241079E-005  1.848191458053171E-004
   55572.3380102749       1.080377078381822E-004  1.848593538438051E-004
   55572.3584435260      -1.510480020235905E-004  1.848361496381338E-004
   55572.3788766774      -7.077762410154786E-004  1.848078631596309E-004
   55572.3993097292      -8.154592251149451E-004  1.847981197165737E-004
   55572.4197429813      -1.431496121455211E-003  1.847586377170617E-004
   55572.4401761336      -1.127652439528282E-003  1.848009512685799E-004
   55572.4606092864      -4.120357219529192E-004  1.848182019546484E-004
   55572.4810424393       1.677988488553162E-004  1.848340296043241E-004
   55572.5014755928      -1.093372913465451E-004  1.848589908243171E-004
   55572.5219087464      -2.891672695226610E-004  1.848394748966436E-004
   55572.5423419003       1.919543223292131E-004  1.848502783566057E-004
   55572.5627750547       1.115889057847763E-004  1.848468950149778E-004
   55572.5832083093      -1.483564636983736E-004  1.848530227839348E-004
   55572.6036414641       1.565572695469974E-004  1.848273936080839E-004
   55572.6240745194      -7.425717058318071E-005  1.848449927928608E-004
   55572.6445077749       1.268546163621931E-004  1.848504816475190E-004
   55572.6649409308       2.672984347928953E-005  1.848429308421692E-004
   55599.2283167451       6.321791014762823E-005  1.845879604745961E-004
   55599.2487503429       1.143564332501956E-004  1.846130814231639E-004
   55599.2691839410       1.029098250635574E-004  1.846219971817885E-004
   55599.2896175396       5.286371050687855E-004  1.846031782515320E-004
   55599.3100511385      -2.644108536239420E-004  1.845496691790047E-004
   55599.3304847376      -5.471469845841348E-005  1.845598046831089E-004
   55599.3509183372       7.190263950795917E-005  1.845584832921727E-004
   55599.3713519371      -6.536116735067488E-006  1.845661938260973E-004
   55599.3917855374      -1.982153277764187E-004  1.845998239514631E-004
   55599.4122192380       2.671371678746315E-004  1.846192091921209E-004
   55599.4326527389      -2.675495202849598E-004  1.845918810850662E-004
   55599.4530863402      -9.435846043382989E-004  1.845388657190426E-004
   55599.4735200418      -1.354621236403952E-003  1.844725783605387E-004
   55599.4939535438      -1.233625590709053E-003  1.844610052992621E-004
   55599.5143872463      -3.107046233105093E-004  1.845475055828564E-004
   55599.5348208489      -2.467502257395005E-004  1.845574232752678E-004
   55599.5552543520      -1.851751712270699E-004  1.845820505173319E-004
   55599.5756880553       1.797276011663573E-004  1.845520796284049E-004
   55599.5961216591       3.911328711247997E-005  1.845880185577142E-004
   55599.6165551631       1.203240743978817E-004  1.845839236978899E-004
   55599.6369888676      -3.729617427539189E-004  1.845783912808932E-004
   55599.6574224725      -3.580496470689809E-005  1.845737446314471E-004
   55599.6778561776       4.525430230082339E-004  1.846249158584718E-004
   55599.6982896830       5.078753647533851E-004  1.845616488221078E-004
   55599.7187232889      -3.654007028131012E-005  1.845899498213902E-004
   55626.2827033578       1.959176980892430E-005  1.840976518333597E-004
   55626.3031374921      -3.387556282329340E-004  1.840459578582723E-004
   55626.3235715266      -6.240046455474602E-005  1.840529133116618E-004
   55626.3440056615       5.506022251244858E-005  1.841010496957671E-004
   55626.3644395967      -1.900842926616519E-005  1.840796170251972E-004
   55626.3848736321       1.249839922752294E-004  1.841168192623247E-004
   55626.4053076678       5.194904482666018E-004  1.841431163940335E-004
   55626.4257417039       4.128265946159448E-004  1.841188812130164E-004
   55626.4461756403       7.262505668692576E-005  1.841130002973112E-004
   55626.4666097769       6.338039237663295E-005  1.841054930542999E-004
   55626.4870438138      -7.406747215226162E-004  1.839775214243995E-004
   55626.5074778511      -9.872645283002246E-004  1.840110789458678E-004
   55626.5279118886      -6.263424482785274E-004  1.840027585392035E-004
   55626.5483459264      -8.334358328574432E-004  1.840192831862960E-004
   55626.5687800646       3.003130332857040E-005  1.841001348866574E-004
   55626.5892140030       5.800712895065452E-005  1.840798783992285E-004
   55626.6096480417      -3.766017207773587E-005  1.840958512566994E-004
   55626.6300821808       3.631265789543203E-004  1.841231648429745E-004
   55626.6505161200       9.288264670104240E-005  1.841173129688283E-004
   55626.6709501597      -1.594545246694778E-004  1.840784698836152E-004
   55626.6913842995       2.038683102827399E-004  1.841225114078961E-004
   55626.7118183398       2.953666961258428E-004  1.841151348519005E-004
   55626.7322523803      -1.684480206365357E-005  1.841116789063750E-004
   55626.7526864211       2.054247935634468E-004  1.841283632820423E-004
   55626.7731204622      -3.364456896971513E-004  1.840740991289800E-004
   55653.3171625184      -2.748918162526204E-004  1.888583639053901E-004
   55653.3375969793       8.447060699823261E-005  1.888553738351431E-004
   55653.3580312403       6.198810442503699E-006  1.888332654369525E-004
   55653.3989000630       8.741118506705448E-005  1.888498014315007E-004
   55653.4193343246       4.103237530037607E-004  1.888951659316131E-004
   55653.4397686864      -2.032611630957692E-004  1.888451804138462E-004
   55653.4602031484       1.706432144032988E-005  1.888647970868308E-004
   55653.4806374106       5.608517888866515E-005  1.888554342406026E-004
   55653.5010718730      -2.514497037955365E-004  1.888420544313151E-004
   55653.5215061355       1.929332567607300E-004  1.888677267516184E-004
   55653.5419404983      -7.924315613870858E-004  1.888146605554151E-004
   55653.5623749612      -7.169763862370226E-004  1.888247029630631E-004
   55653.5828092243      -7.525595971983323E-004  1.888254882340371E-004
   55653.6032435876      -7.645052683146192E-004  1.888055695337547E-004
   55653.6236780511       8.682925444314371E-005  1.888583186012955E-004
   55653.6441123148      -2.882378507454986E-004  1.888533653536134E-004
   55653.6645466787       4.620823565604226E-004  1.888359534799019E-004
   55653.6849811427       2.894907721913142E-004  1.888897596429845E-004
   55653.7054154069      -1.384138287651160E-004  1.888400459497855E-004
   55653.7258498714       2.389577716064295E-004  1.888760325023047E-004
   55653.7462842360      -1.570702482700526E-005  1.888537126850058E-004
   55653.7667186008      -1.929450557929258E-004  1.888524139676257E-004
   55653.7871529658       1.960672779182104E-004  1.888647064786415E-004
   55653.8075873310      -1.426117155837181E-004  1.888279648578781E-004
   55680.3723889010      -3.274768686871710E-004  1.884648978433306E-004
   55680.3928234215      -3.792398393281937E-004  1.884798179918363E-004
   55680.4132580421      -1.547048474781487E-005  1.884980906433463E-004
   55680.4541269832      -2.065301604884384E-004  1.884425780260317E-004
   55680.4745616040      -5.522131905788541E-005  1.885001746317003E-004
   55680.4949960247      -8.274443063260861E-005  1.884877160056708E-004
   55680.5154306454       2.366229423800270E-005  1.885181754586423E-004
   55680.5358651663      -6.925337963514799E-005  1.885179640395339E-004
   55680.5562995872      -6.842459691868141E-004  1.884437257297629E-004
   55680.5767342081      -7.147402775314893E-004  1.884308442655166E-004
   55680.5971687291      -7.345323329366327E-004  1.884505364453257E-004
   55680.6176032501      -5.733315247945514E-004  1.884623306113003E-004
   55680.6380377712      -6.275160973697735E-004  1.884719048766369E-004
   55680.6584722923      -1.547734136981838E-004  1.884989212184149E-004
   55680.6789069135      -1.675377002039458E-004  1.884674197712663E-004
   55680.6993413347       1.609064404695104E-004  1.884668610207656E-004
   55680.7197758560       2.256691917534859E-004  1.885079971387103E-004
   55680.7402104774       9.919629834254096E-005  1.885112741348902E-004
   55680.7606449987       1.839374925718396E-004  1.885268738448157E-004
   55680.7810794202      -2.527178664446517E-006  1.884683711572540E-004
   55680.8015140416       5.496055597564720E-005  1.885086313960355E-004
   55680.8219485631       2.707019340502104E-004  1.884941340857466E-004
   55680.8423829847       1.784109452351856E-004  1.884912950291483E-004
   55680.8628176064      -2.985555707810672E-004  1.884920047932979E-004
   55707.4072705201      -1.326046742659015E-004  1.881918802675880E-004
   55707.4277050170       4.316022210870685E-005  1.882457317347653E-004
   55707.4481394138       1.218816311228110E-004  1.881898717860584E-004
   55707.4685740106      -1.925634217661010E-004  1.881972261507571E-004
   55707.4890085072      -2.256293351166061E-005  1.882232609038175E-004
   55707.5094430037       1.341365532370187E-004  1.882210410031795E-004
   55707.5298775003       5.488548495424794E-005  1.882433004150189E-004
   55707.5503119966       2.280754375649785E-005  1.882337865551419E-004
   55707.5707464929      -1.925750525577641E-005  1.882288031047300E-004
   55707.5911809891       3.437238461987402E-004  1.882316874654230E-004
   55707.6116154853      -9.810713818825256E-005  1.882245143171029E-004
   55707.6320500813      -6.085182666526467E-004  1.881557124986902E-004
   55707.6524844772      -3.507560568891677E-004  1.882658014486965E-004
   55707.6729189732      -9.929754323875217E-004  1.881519824615638E-004
   55707.6933535690      -3.113931610317922E-004  1.882312193231115E-004
   55707.7137880647      -1.731597855312295E-004  1.882670095578872E-004
   55707.7342224603      -5.810568373398883E-005  1.882674625988338E-004
   55707.7546570559      -1.773261911542923E-004  1.882221736055459E-004
   55707.7750915512      -4.709067148024326E-004  1.882119197787895E-004
   55707.7955259467       9.898082443338119E-005  1.882839381879225E-004
   55707.8159605419      -1.149410665002293E-004  1.882297544907177E-004
   55707.8363950371      -5.274336498028998E-005  1.882664961114812E-004
   55707.8568295321      -1.209324875213191E-004  1.882640345890051E-004
   55707.8772640273       1.822263144748426E-004  1.882648198599790E-004
   55707.8976984221       4.978924996468237E-005  1.882499752182978E-004
   55734.4624409600      -2.537333581864587E-005  1.878641202441400E-004
   55734.4828752664       1.513667476715774E-004  1.878698285600662E-004
   55734.5033095726       2.196343518856558E-005  1.878722447784477E-004
   55734.5237437785       2.115011183687621E-004  1.878604053083784E-004
   55734.5441781842       1.622433082746344E-004  1.878762466401420E-004
   55734.5646124897      -2.363789872716904E-005  1.878536700996401E-004
   55734.5850466952      -6.091269286867540E-005  1.878473426277536E-004
   55734.6054811004      -2.512929677133124E-004  1.878568564876306E-004
   55734.6259154054      -1.069678445776434E-004  1.878418155282059E-004
   55734.6463496102       4.623240989931610E-005  1.878658569011016E-004
   55734.6667840148      -3.807518450356095E-004  1.878198732450291E-004
   55734.6872183191      -3.686858072053933E-004  1.878444582670607E-004
   55734.7076527232      -6.112835134519656E-004  1.878115674943427E-004
   55734.7280869272      -3.663876631719853E-004  1.878102687769627E-004
   55734.7485212311      -4.073440263945294E-004  1.878494870215671E-004
   55734.7689556347      -3.780832662679812E-004  1.877982782932446E-004
   55734.7893898381       9.946352881096132E-006  1.878328604188295E-004
   55734.8098241412      -2.078559180695994E-005  1.878467234717933E-004
   55734.8302585441      -1.737997683677328E-004  1.878328755201944E-004
   55734.8506927468      -2.994370960953674E-004  1.878304593018129E-004
   55734.8711270495      -1.590837630670583E-004  1.878083811063522E-004
   55734.8915614520       2.444753266870325E-004  1.878228029098166E-004
   55734.9119956542       3.403202091705193E-004  1.878579890899970E-004
   55734.9324300562       8.144640617047116E-005  1.878185443249193E-004
   55734.9528643579      -2.101117873469782E-004  1.878460288090086E-004
   55761.4967805325       1.066976717862822E-004  1.780789945064897E-004
   55761.5172146197       6.232888114920954E-005  1.780774416437440E-004
   55761.5376485066      -2.553075367560664E-004  1.780602746748575E-004
   55761.5580824934       3.953138529702027E-004  1.780939675225061E-004
   55761.5785165799      -2.571372984783160E-004  1.780659162679521E-004
   55761.5989504659      -1.828492935628256E-004  1.780667425618903E-004
   55761.6193845517      -3.479336664763411E-004  1.780452161801579E-004
   55761.6398185373       4.280591111616161E-004  1.781050655048816E-004
   55761.6602525226      -7.400085186004546E-005  1.780822996822421E-004
   55761.6806865075      -2.340387045763892E-004  1.780745496149606E-004
   55761.7011204923      -1.538262398040890E-004  1.780689080218660E-004
   55761.7215544767      -2.657634861213953E-004  1.780631667036409E-004
   55761.7419884609      -4.613442995994310E-004  1.780666713296542E-004
   55761.7624224449      -3.942916559548371E-004  1.780600324852550E-004
   55761.7828564283      -4.679103195425194E-004  1.780428085305796E-004
   55761.8032905118      -6.407158309984506E-005  1.780841374739320E-004
   55761.8237243948       9.590570826345513E-005  1.780986261107433E-004
   55761.8441583776       3.453804556603490E-004  1.781286718679064E-004
   55761.8645924601       5.778701620551274E-006  1.781039685284466E-004
   55761.8850263422       3.198848763852347E-004  1.781175026532948E-004
   55761.9054604243       4.455251700385965E-005  1.780984551533768E-004
   55761.9258944059      -3.150221528416264E-004  1.780689365147604E-004
   55761.9463282873      -1.224826292217651E-004  1.780931982143568E-004
   55761.9667623684      -4.492386858714337E-004  1.780745068756190E-004
   55761.9871963491      -2.692282406672186E-004  1.781054501589562E-004
   55788.5511287887      -1.919729089242539E-004  1.800310427030239E-004
   55788.5715622812       3.733891235846443E-004  1.800844811265037E-004
   55788.5919959733      -5.774153796633819E-005  1.800400179647654E-004
   55788.6124295652       1.010389270963419E-004  1.800624846120135E-004
   55788.6328631568       2.669110364457161E-004  1.800730982151839E-004
   55788.6532967479      -6.189197674977276E-005  1.800557745353782E-004
   55788.6737303389      -2.891130903516226E-004  1.800385363342557E-004
   55788.6941639295      -5.954338553393335E-005  1.800535235967192E-004
   55788.7145975198      -1.969735873270650E-004  1.800429527328904E-004
   55788.7350311097      -8.133581413038993E-005  1.800191754124991E-004
   55788.7554646993      -1.388171499303592E-004  1.800481384396743E-004
   55788.7758983888      -3.755558897807765E-004  1.800070516859245E-004
   55788.7963318778      -5.976819382055298E-004  1.800004555808669E-004
   55788.8167654664      -2.817933251475502E-004  1.800408015193619E-004
   55788.8371991548      -2.531578556144165E-004  1.800731979403144E-004
   55788.8576326429      -2.502867521595453E-004  1.800498195204449E-004
   55788.8780662308       1.540929752401610E-004  1.800491499374261E-004
   55788.8984999183       2.461659849350983E-004  1.800949807580965E-004
   55788.9189334054      -2.189320933976280E-004  1.800775715996075E-004
   55788.9393670924       3.489163736603018E-005  1.800528540137004E-004
   55788.9598006789       1.129836416617902E-004  1.800531104497502E-004
   55788.9802341652      -2.066071394425384E-004  1.800613448962368E-004
   55789.0006678512      -1.830256550638953E-004  1.800574271232544E-004
   55789.0211014368       2.518018042008130E-005  1.800944821324442E-004
   55789.0415350221       7.949866594580968E-005  1.800906355916978E-004
   55815.6049399252      -2.169840365343623E-004  1.814349303503095E-004
   55815.6253732136      -6.863573479476415E-005  1.813894699372665E-004
   55815.6458063014      -1.423931730868411E-004  1.813841417660105E-004
   55815.6662394891       1.366638396547160E-004  1.814345599426820E-004
   55815.6866727763       1.638081794761437E-004  1.814359560945085E-004
   55815.7071058635       1.355999333332303E-004  1.814278498660467E-004
   55815.7275390502       3.104924189289981E-004  1.814485072144993E-004
   55815.7479723367      -6.297670012145318E-007  1.814590780783282E-004
   55815.7684054230       1.078910773324449E-004  1.814460710720267E-004
   55815.8092718943      -4.088073613671694E-004  1.813933307244601E-004
   55815.8297049796      -3.354845987367794E-004  1.814203419883678E-004
   55815.8501381647      -4.077674394001862E-004  1.813673024654098E-004
   55815.8705713494      -4.326886707251010E-004  1.814298871079976E-004
   55815.8910045340      -1.153176153030344E-004  1.814290323211651E-004
   55815.9114378182      -9.999797435211732E-006  1.814831118347692E-004
   55815.9318709019      -4.379968244494492E-005  1.814587789029368E-004
   55815.9523040856      -4.641717598996564E-005  1.814702472929398E-004
   55815.9727373688       3.338060579682889E-005  1.814614999743537E-004
   55815.9931704518       6.066069814947284E-005  1.814617564104034E-004
   55816.0136036346      -2.157270436298209E-005  1.814414694695782E-004
   55816.0340369169      -2.173471209792055E-004  1.814626396901304E-004
   55816.0544700992      -4.218524751485875E-004  1.814323944827063E-004
   55816.0749031810      -1.425826915935069E-004  1.814636084485406E-004
   55816.0953364624      -1.844646301131236E-004  1.814481652997663E-004
   55842.6377806537      -3.842948330347040E-004  1.907426095407787E-004
   55842.6786463531       3.706340878679715E-004  1.907890585403120E-004
   55842.6990792027       2.420229218071945E-004  1.907933850225926E-004
   55842.7195120518      -3.574388234972581E-004  1.907553319688710E-004
   55842.7399449009      -5.718208862911522E-004  1.907384686831505E-004
   55842.7603777496      -1.060148692346718E-004  1.907693252118905E-004
   55842.7808105982      -3.179983725098978E-005  1.907544038456095E-004
   55842.8012434466       2.931915413273423E-005  1.907806054792227E-004
   55842.8216762946      -1.743440352597325E-005  1.907563172074101E-004
   55842.8421091425       2.758598300303117E-004  1.907801913934598E-004
   55842.8625419905      -7.902634101200068E-004  1.906578219111356E-004
   55842.8829749380      -1.111998667588598E-003  1.906497115417120E-004
   55842.9034076852      -1.048404835397143E-003  1.906229815917807E-004
   55842.9238405323      -6.493359626493778E-004  1.907207772259043E-004
   55842.9442734793      -1.631634492669232E-004  1.907168219929283E-004
   55842.9647063259       1.352682403414907E-004  1.907615860917716E-004
   55842.9851390724      -4.987456872795892E-005  1.907733375601441E-004
   55843.0055720188       1.710678424560186E-004  1.907649558931518E-004
   55843.0260048648       5.088883171122660E-005  1.907247181800608E-004
   55843.0464376105      -1.775253778859565E-004  1.907294016328265E-004
   55843.0668705563       1.009158324267734E-004  1.907832613396325E-004
   55843.0873034017       1.364658488951509E-004  1.907779781764516E-004
   55843.1077363469      -7.223423720614797E-006  1.907332997505249E-004
   55843.1281690918      -1.355683321410117E-004  1.907265744265838E-004
   55869.6907295651      -4.528418038198812E-004  1.901152267736419E-004
   55869.7111623175       1.831020971461150E-004  1.901821230425671E-004
   55869.7315948697      -2.216619227145555E-004  1.901561213124257E-004
   55869.7520275220      -2.981972244121556E-004  1.901371447614328E-004
   55869.7724602741       6.556500574128599E-005  1.901755405068202E-004
   55869.7928928262      -2.284896471004272E-004  1.901444697957890E-004
   55869.8133255782      -3.162413416968324E-004  1.901326040968611E-004
   55869.8337582301      -6.434461983251261E-005  1.901455978225222E-004
   55869.8541908819       1.664300375969763E-004  1.901940315779532E-004
   55869.8746235337       1.106519127931360E-004  1.901553502561776E-004
   55869.8950561854      -3.917579545403838E-004  1.901446696992607E-004
   55869.9154888370      -1.149898224768853E-003  1.900213863724943E-004
   55869.9359214885      -1.039219190178020E-003  1.900549273192831E-004
   55869.9563541400      -9.040775419482117E-004  1.900823569313654E-004
   55869.9767867913      -7.570635266246351E-004  1.900761028084647E-004
   55869.9972195426      -1.812982808616637E-004  1.901412713402416E-004
   55870.0176520938       1.635773209132108E-004  1.901289772767316E-004
   55870.0380848449      -7.279436187768162E-005  1.901817803509013E-004
   55870.0585174960      -1.827568623727904E-004  1.901336321718585E-004
   55870.0789500470       3.509981316744959E-004  1.901808093911816E-004
   55870.0993827979       9.453149126104066E-005  1.901745981047393E-004
   55870.1198153488       2.402978224593788E-004  1.901464117152284E-004
   55870.1606807501      -1.192906086142642E-004  1.901173828753725E-004
   55870.1811133008      -5.742927027275746E-004  1.901162262910005E-004
   55896.7435451058      -3.153878907413699E-005  1.895625793472852E-004
   55896.7639776596       3.880844533141747E-004  1.895644213149888E-004
   55896.7844104135       2.033623186845634E-004  1.895657635240131E-004
   55896.8048430675      -9.194454908767469E-005  1.895665631379000E-004
   55896.8252757216       3.061527290992849E-005  1.895741023545473E-004
   55896.8457083758       1.960809242860240E-004  1.895680909715766E-004
   55896.8661409300      -1.365370791084342E-005  1.895426032789338E-004
   55896.8865736843       2.510422212809171E-004  1.896036309530824E-004
   55896.9070063388      -5.479248889828092E-006  1.895443595737210E-004
   55896.9274389933       2.319428456059036E-004  1.895691904406710E-004
   55896.9478716478      -3.215585084597183E-004  1.895428031824055E-004
   55896.9683043025      -9.099957147004067E-004  1.894941266870446E-004
   55896.9887369573      -7.737558408875689E-004  1.895339360355533E-004
   55897.0091696121      -5.010445588764512E-004  1.895200998595472E-004
   55897.0296022670      -2.895767198125565E-004  1.895371916063783E-004
   55897.0500350220       1.371688680251726E-004  1.895772722524558E-004
   55897.0704676771      -1.635590927691055E-004  1.895294096498011E-004
   55897.0909002323       1.268683257660275E-004  1.895260826848791E-004
   55897.1113329876      -1.032007766091914E-004  1.895396047268582E-004
   55897.1317656429      -1.049692349891496E-004  1.895601519479859E-004
   55897.1521981984      -2.108461985593779E-004  1.895269679716824E-004
   55897.1726309539      -1.556685318094830E-004  1.895308518105613E-004
   55897.1930636095       2.040825615945430E-005  1.895085054581882E-004
   55897.2134963652      -8.805213892781882E-005  1.895030795068132E-004
   55897.2339289210      -5.178783151538191E-005  1.894882295346292E-004
   55923.7760484210      -1.423284567537708E-004  1.893813382925429E-004
   55923.7964813897      -2.437904121758150E-004  1.893805386786561E-004
   55923.8169141585       1.203391997948167E-004  1.894069973310186E-004
   55923.8373470276      -2.290739846338985E-004  1.893559505516360E-004
   55923.8577799969      -1.739682698709277E-004  1.894004005164522E-004
   55923.8782127665       1.917121856753745E-005  1.893978874442365E-004
   55923.8986456363       2.185024263190449E-005  1.894078683390025E-004
   55923.9190786063      -2.265168599071554E-004  1.894004147952716E-004
   55923.9395113766       6.435371549118329E-005  1.893799532470604E-004
   55923.9599442470      -2.446910799288604E-004  1.893694011995181E-004
   55923.9803772178      -2.824749537099214E-004  1.893922044741122E-004
   55924.0008099888      -7.487987017718023E-004  1.893612765512751E-004
   55924.0212429599      -1.216294013183683E-003  1.893233662857476E-004
   55924.0416758314      -1.038615833232837E-003  1.893487825842933E-004
   55924.0621087031      -3.553025977406365E-004  1.893805529574755E-004
   55924.0825415751      -5.619116471223817E-004  1.893706862932648E-004
   55924.1029744472      -4.640447628366795E-004  1.893837514130228E-004
   55924.1234073196      -6.461753996267472E-005  1.894129230410728E-004
   55924.1438401922      -2.650208119192587E-005  1.894309286323460E-004
   55924.1642730650       4.671162965763642E-005  1.894049697386627E-004
   55924.1847059381      -5.154405308005483E-005  1.894161500542590E-004
   55924.2051388115      -3.276666861117272E-004  1.894100529983719E-004
   55924.2255716852      -5.332114366174423E-005  1.894236035979898E-004
   55924.2460046590       8.542203556127781E-005  1.894110953521886E-004
   55924.2664374330      -3.655282140486715E-004  1.894218901396609E-004
   55977.8833606173       7.818571387119277E-005  1.852832392951044E-004
   55977.9037942251      -4.567345044392823E-007  1.852762730581287E-004
   55977.9242279333      -1.142672726973659E-004  1.852592444788549E-004
   55977.9446617418      -3.353336357159176E-005  1.852902493448912E-004
   55977.9650953506      -3.299535595250314E-004  1.852466994105905E-004
   55977.9855290598      -1.316863484933650E-004  1.852775144211118E-004
   55978.0059628694       2.060224373396924E-004  1.852942509149779E-004
   55978.0263964791      -1.164148310043300E-004  1.852702707029987E-004
   55978.0468302894       1.976443274078754E-004  1.852804352751897E-004
   55978.0672640000       1.355307333850142E-005  1.852725781777202E-004
   55978.0876976108      -9.559044774499759E-004  1.852288675964453E-004
   55978.1081314221      -1.410508552210810E-003  1.851955552556874E-004
   55978.1285651336      -1.202137368597644E-003  1.851837696094833E-004
   55978.1489987456      -1.282894461922646E-003  1.851990602805809E-004
   55978.1694325578      -7.576374926787643E-005  1.852679924368180E-004
   55978.1898662704      -1.326429274773888E-004  1.852638302197571E-004
   55978.2102999833       2.036533327063328E-004  1.852965145768882E-004
   55978.2307336967      -1.751023004162855E-004  1.852829618139670E-004
   55978.2511674103      -1.876001698404295E-004  1.852607195101642E-004
   55978.2716011243       1.749687783583198E-004  1.852919142317156E-004
   55978.2920348386       5.858815072734558E-005  1.852931409904283E-004
   55978.3124685533       1.338919850972786E-004  1.852889495648266E-004
   55978.3329022683      -3.640240627826863E-004  1.852517086753340E-004
   55978.3533359836       1.623303620301719E-005  1.852808587990310E-004
   55978.3737696993      -5.034266805160614E-004  1.852512121301408E-004
   56004.9174490153       1.003503645378157E-004  1.850322210956542E-004
   56004.9378831403       1.343410508147791E-005  1.849892699364395E-004
   56004.9583172654       3.528946944886258E-005  1.850510460001860E-004
   56004.9787513909       1.269481195729227E-004  1.850370843176939E-004
   56004.9991854166       3.483415868887896E-005  1.850536747688560E-004
   56005.0196196426      -1.279728790856138E-004  1.850384133062993E-004
   56005.0400537689      -1.188615075471411E-004  1.850039326239103E-004
   56005.0604878955      -1.989361906096221E-004  1.850281611084860E-004
   56005.0809220224      -2.733173338445027E-004  1.850245830622407E-004
   56005.1013561495      -1.386547505812796E-004  1.850373325902905E-004
   56005.1217901768      -4.272505091822421E-004  1.849884959101089E-004
   56005.1422244044      -1.011961625317470E-003  1.849077488991268E-004
   56005.1626585324      -1.475569261187193E-003  1.848791391334343E-004
   56005.1830927607      -9.792775170995860E-004  1.849206006570693E-004
   56005.2035267891      -7.958428961797326E-004  1.849176651987211E-004
   56005.2239609180      -1.858509911685235E-004  1.849949802061617E-004
   56005.2443951470       1.553534323477379E-004  1.850516739838127E-004
   56005.2648291763      -1.194392304393332E-005  1.850170618629902E-004
   56005.2852633059      -6.826713123153638E-005  1.850299720380143E-004
   56005.3056975357       5.446441099565824E-005  1.850098619576883E-004
   56005.3261316658      -2.751609324328497E-004  1.850239112658028E-004
   56005.3465657962      -8.225119021876282E-006  1.850462996123095E-004
   56005.3669999270       5.201987871050751E-004  1.850684542904899E-004
   56005.3874340579       1.925239113795829E-004  1.850553688642212E-004
   56005.4078681891      -1.137191460035547E-004  1.850460221311721E-004
   56031.9724221412       2.356448491052099E-004  1.896922177257206E-004
   56031.9928564564      -8.958892449539846E-005  1.897230276316238E-004
   56032.0132909717       2.763002357972777E-004  1.897336760751979E-004
   56032.0337253873      -1.702847860698409E-004  1.897142664482220E-004
   56032.0541599029      -5.633187721609811E-005  1.896996900485168E-004
   56032.0745942187       3.798997300792362E-004  1.897532851686960E-004
   56032.0950286347       1.433866273317097E-004  1.897323565274351E-004
   56032.1154631508       3.601675940885229E-004  1.897062571001735E-004
   56032.1358974671      -2.189143700648266E-005  1.896926473459225E-004
   56032.1563318836       2.717461032484270E-004  1.897009021912292E-004
   56032.1767664002      -5.573558577625093E-004  1.896948107905103E-004
   56032.1972007169      -5.951217856315916E-004  1.896899008453464E-004
   56032.2176351338      -8.070417196870405E-004  1.896545185530095E-004
   56032.2380696509      -8.180591226865097E-004  1.896298000478252E-004
   56032.2585039681      -5.543102454942384E-004  1.896575258944223E-004
   56032.2789384855      -2.976453292691250E-005  1.897027741078229E-004
   56032.2993729030       1.454371871378868E-004  1.897226900728938E-004
   56032.3402417385      -1.828790919126133E-004  1.897044312143157E-004
   56032.3606761565       2.836545441402549E-004  1.897323872145924E-004
   56032.3811105747       2.593653914315652E-004  1.897232884724606E-004
   56032.4015449930      -3.254289661028809E-004  1.896969435479408E-004
   56032.4424139300       3.169640430715770E-004  1.897138828587561E-004
   56059.0072575582      -3.036971041009418E-004  1.894683856005638E-004
   56059.0276921893       1.048485584103087E-004  1.895305731247796E-004
   56059.0481266204       4.347537975601945E-005  1.895033229291203E-004
   56059.0685611515       4.242350824477104E-004  1.895381221654690E-004
   56059.0889957827       3.447870745594273E-004  1.895219346900070E-004
   56059.1094302138       1.420818653601330E-004  1.894367317978356E-004
   56059.1502993762      -1.195064390353551E-004  1.895160734429676E-004
   56059.1707338074      -1.705580706042875E-004  1.894713622548193E-004
   56059.1911684386      -1.630769657864350E-004  1.895208146087664E-004
   56059.2116029699      -9.075191823304518E-005  1.895019573506216E-004
   56059.2320375012      -6.690591805631474E-004  1.894335863642150E-004
   56059.2729065637      -1.199880461843383E-003  1.894267738153001E-004
   56059.2933411951      -4.935336513980371E-004  1.894548065334700E-004
   56059.3137756264      -1.893590430650516E-004  1.895158126021308E-004
   56059.3342101578       4.911180522526593E-005  1.894837905535153E-004
   56059.3546447891      -4.708694603887675E-004  1.894496050603120E-004
   56059.3750793205      -3.073747549486860E-006  1.894922908960802E-004
   56059.3955137519       5.552723744495225E-005  1.894799086281202E-004
   56059.4159483833       3.533890935569772E-005  1.894830387181621E-004
   56059.4363829147      -8.058397839749709E-005  1.894739860067663E-004
   56059.4568174462      -3.007721156308429E-004  1.894621714512158E-004
   56059.4772519776       2.067042921560791E-005  1.894768552559714E-004
   56059.4976864091       4.323018108176591E-004  1.895169787141072E-004
   56086.0625596287      -2.346387218365997E-004  1.885364626648870E-004
   56086.1034286597      -2.854139321487592E-004  1.885554119845037E-004
   56086.1238630249       6.394771606355043E-005  1.885582198593942E-004
   56086.1442975901      -4.972121070756508E-004  1.885334092927382E-004
   56086.1851664200       1.072647286222139E-004  1.885661678331282E-004
   56086.2056009848      -9.972861568230407E-005  1.885524967045626E-004
   56086.2260354496       3.172586572199876E-004  1.885944920792922E-004
   56086.2464700142      -1.208587887145951E-004  1.885085373517676E-004
   56086.2669043787      -1.405173056364672E-004  1.885525580788772E-004
   56086.2873388430      -1.240034556742264E-003  1.884769909540899E-004
   56086.3077734072      -8.384000093094590E-004  1.884792771473068E-004
   56086.3282077714      -6.226264899809042E-004  1.885096574330081E-004
   56086.3486422354      -3.668668924788898E-004  1.885435360546386E-004
   56086.3690767993      -1.203991507583435E-004  1.885465280524728E-004
   56086.3895112631      -1.892023003393639E-004  1.885517141820522E-004
   56086.4099456267       3.416010536305691E-005  1.885288829370403E-004
   56086.4303801903      -1.820396767676646E-004  1.885388716067330E-004
   56086.4508146537      -1.321480464502311E-004  1.885089362848122E-004
   56086.4712492171      -4.796279577612417E-005  1.885275940764348E-004
   56086.4916835803      -2.207385827219799E-004  1.885221624495973E-004
   56086.5121180434       9.464292914240779E-005  1.885358949524774E-004
   56086.5325526064      -1.144681180204055E-004  1.885362325112074E-004
   56086.5529869692       1.269923860645061E-004  1.885099643045808E-004
   56113.1176133505       2.040599557411316E-004  1.772682524315522E-004
   56113.1380474910       4.930669800682352E-004  1.772853703043732E-004
   56113.1584818313       9.185591965765738E-005  1.772548357204222E-004
   56113.1789160714       1.225626376009092E-004  1.772661560704381E-004
   56113.1993503112       1.454525894151182E-004  1.772711295064605E-004
   56113.2197845508      -1.907401863894265E-004  1.772553851116108E-004
   56113.2402186901      -2.480011782902691E-004  1.772575682187019E-004
   56113.2606530292      -4.035336980875437E-004  1.772382094081383E-004
   56113.2810872681      -2.242904075674401E-004  1.772510478127541E-004
   56113.3015214070      -1.901073356862515E-004  1.772584790514618E-004
   56113.3219557454      -2.991697163103879E-004  1.772424310456922E-004
   56113.3423899836      -7.421663017852520E-004  1.772155831657694E-004
   56113.3628241218      -3.804952250245908E-004  1.772455539008690E-004
   56113.3832584595      -2.050512768787538E-004  1.772641898282898E-004
   56113.4036926973       1.128035577482311E-004  1.772890570084014E-004
   56113.4241270345      -1.854629554491893E-004  1.772681801432379E-004
   56113.4445611718      -2.656558858068481E-004  1.772711295064605E-004
   56113.4649954086      -9.391728640106844E-005  1.772817848039850E-004
   56113.4854297454      -9.141958106406722E-005  1.772850956087789E-004
   56113.5058638819       1.112292077121158E-004  1.772978183520918E-004
   56113.5262981182      -2.197430305155290E-004  1.772690909759978E-004
   56113.5467324543       3.009180415227686E-004  1.773111194019189E-004
   56113.5671666900       1.795784184555060E-004  1.772990183381088E-004
   56113.5876008256      -9.386809603406654E-005  1.772952882610921E-004
   56113.6080351610       4.157936426014697E-004  1.773274565609457E-004
   56140.1519034673       1.796912223708258E-004  1.801894232115172E-004
   56140.1723373656      -5.306707563423885E-005  1.801687776689595E-004
   56140.1927711638       3.359893653940293E-004  1.802064687960239E-004
   56140.2132051616       2.597243996957932E-004  1.801941219519453E-004
   56140.2336390592      -1.461698982601067E-004  1.801704692155136E-004
   56140.2540728565       5.069052918083017E-005  1.801912448770370E-004
   56140.2745068534       2.528078562500369E-004  1.802009315111503E-004
   56140.2949407500       2.395618198069993E-004  1.802167771096400E-004
   56140.3153745464       2.007854105492424E-004  1.802000062207275E-004
   56140.3358085425       1.582213528286136E-004  1.802038808743728E-004
   56140.3562424385      -1.593455416073475E-004  1.801925749820198E-004
   56140.3766764339      -6.418316634230203E-004  1.801683005660853E-004
   56140.3971102292      -5.578222803885868E-004  1.801747342260560E-004
   56140.4175441242      -5.969683673410220E-004  1.801755293975131E-004
   56140.4379781187      -3.513880848189377E-004  1.801927484739740E-004
   56140.4584119130      -8.673175748685757E-005  1.802310468228784E-004
   56140.4788458070      -1.955535572379929E-004  1.802092012943036E-004
   56140.4992797009      -3.498077376219433E-004  1.802015531906531E-004
   56140.5401474876      -3.928575081085794E-004  1.801922713710998E-004
   56140.5605813805       1.457472575179253E-004  1.802372491602434E-004
   56140.5810152732       2.808259130571145E-006  1.802272010845588E-004
   56140.6014491654      -1.703435090337768E-004  1.802134084741946E-004
   56140.6218831576       1.365132057182805E-004  1.802324781315011E-004
   56140.6423169493      -1.798665148964318E-004  1.802189168437426E-004
   56167.2061270662      -2.958482037973553E-005  1.819517544829581E-004
   56167.2265604617       2.488361658590232E-004  1.819587230764544E-004
   56167.2469939567       1.175510201310015E-004  1.819683518799163E-004
   56167.2674275512      -4.969784978592351E-005  1.819529544689751E-004
   56167.2878609457       6.260584999195906E-005  1.819438316837132E-004
   56167.3082944398       2.907657621222803E-004  1.819787180241837E-004
   56167.3287280334      -2.203360544434929E-004  1.819464629783529E-004
   56167.3491614270      -2.189912944762229E-004  1.819301981076404E-004
   56167.3900284128       1.475536982165071E-004  1.819626989337397E-004
   56167.4104619054      -3.729425312362089E-004  1.819216391712299E-004
   56167.4308954976      -5.407212999348765E-004  1.819115766378825E-004
   56167.4513289894      -3.048484267865748E-004  1.819337402350400E-004
   56167.4717623811      -7.642574634771915E-004  1.819185741467046E-004
   56167.4921959724      -1.518861691192086E-004  1.819664145530936E-004
   56167.5126294632      -5.199615780715483E-006  1.819565544270261E-004
   56167.5330628540       5.005659631684978E-006  1.819711566665102E-004
   56167.5534964443       5.495038240654893E-005  1.819740048260928E-004
   56167.5739299342       1.705359400252515E-004  1.819887371845426E-004
   56167.5943633241       4.396038684006953E-004  1.819783276672866E-004
   56167.6147969135       4.953991648504186E-005  1.819806842663320E-004
   56167.6352304024       5.337821109341334E-006  1.819722699065501E-004
   56167.6556637913      -1.686653033911023E-004  1.819604001653457E-004
   56167.6760973798      -3.654775570821611E-004  1.819565399693633E-004
   56167.6965308678       1.301338305337296E-006  1.819594748749230E-004
   56194.2393801777       2.396239641206943E-004  1.831720968892698E-004
   56194.2598132778      -1.674822056645375E-004  1.831455237049413E-004
   56194.2802463777      -7.651384611007117E-006  1.831628006120537E-004
   56194.3006795771      -1.879101847211961E-004  1.831549790164488E-004
   56194.3211126763      -2.823805309282168E-005  1.831622078478766E-004
   56194.3415456752      -2.249726132562690E-004  1.831448152794614E-004
   56194.3619788739      -1.101581981580724E-004  1.831549067281346E-004
   56194.3824119724       1.588510204664217E-005  1.831732535022983E-004
   56194.4028449704       1.548069147703224E-004  1.831803955877489E-004
   56194.4232781685       1.194082358344506E-004  1.831714318367785E-004
   56194.4437112660      -1.278913972069251E-004  1.831610656925110E-004
   56194.4641442633      -1.635473713887947E-004  1.831517549576320E-004
   56194.4845774604      -5.327370845068513E-004  1.831265841666005E-004
   56194.5050105570      -5.779454193726163E-004  1.831232589041438E-004
   56194.5254435537      -5.455597963042180E-004  1.831199770146755E-004
   56194.5458767498       2.060691200072018E-004  1.831811329285546E-004
   56194.5663098457       1.914127923035025E-004  1.831767377990464E-004
   56194.5867429414       5.226050129358839E-005  1.831687860844759E-004
   56194.6071760366      -1.020477137023690E-004  1.831601548597511E-004
   56194.6276090319       1.354872385539441E-004  1.831836051889029E-004
   56194.6480422266       1.119033543062198E-004  1.831804823337261E-004
   56194.6684753211       3.736709633939128E-004  1.832076482822316E-004
   56194.6889084154      -2.827562429914554E-004  1.831657788906019E-004
   56194.7093415095      -2.111295018119019E-004  1.831699137821786E-004
   56194.7297746031      -2.182030271419277E-004  1.831589115007456E-004
   56221.2925531160       5.080754602324600E-004  1.926905567873014E-004
   56221.3129860043       1.623184399788258E-004  1.926518577156135E-004
   56221.3334187924      -2.227050722235502E-004  1.926494969563750E-004
   56221.3538514803       8.997210125372135E-005  1.926661960692703E-004
   56221.3742843680      -2.185200790705277E-005  1.926543198571505E-004
   56221.3947171556      -7.058885293353967E-005  1.926541460589244E-004
   56221.4151498428      -3.123892405454409E-005  1.926654284604382E-004
   56221.4355827300       4.511028057474498E-005  1.926531612023095E-004
   56221.4560155170      -2.637628697943484E-005  1.926442974927762E-004
   56221.4764482039       1.837575761132193E-005  1.926574192588501E-004
   56221.4968810904      -7.309684035698982E-004  1.926134338244502E-004
   56221.5173138769      -8.955866286224357E-004  1.925905648745268E-004
   56221.5377465632      -1.037449658934153E-003  1.925948953469949E-004
   56221.5581794494      -1.271704542469498E-003  1.925822660092285E-004
   56221.5786122352      -3.819251651432376E-004  1.926299156895628E-004
   56221.5990451210      -3.940309575753975E-004  1.926266280064516E-004
   56221.6194778063      -2.755835385351846E-004  1.926354337832429E-004
   56221.6399105919       7.056208591893487E-005  1.926607069419613E-004
   56221.6603434770      -1.791227425345099E-004  1.926356655142111E-004
   56221.6807761618       5.930585525049104E-005  1.926464554874175E-004
   56221.7012089467      -1.302312596421773E-004  1.926263962754834E-004
   56221.7216418313       1.745726575199669E-004  1.926311902098879E-004
   56221.7420745157       5.418570639412756E-004  1.926620538782139E-004
   56221.7829401840      -3.125376255435075E-004  1.926370848663913E-004
   56275.3778238900      -1.420459562625487E-004  1.911609730821975E-004
   56275.3982565756       1.430863800253590E-004  1.911732258571406E-004
   56275.4186893613      -1.270160764483830E-004  1.911421159746609E-004
   56275.4391219471      -7.646881846612441E-005  1.911541804681924E-004
   56275.4595547331      -6.176935197484967E-004  1.911315287660517E-004
   56275.4799874191      -1.597022121924141E-005  1.911791205136440E-004
   56275.5004200053       1.188098587912023E-005  1.911498499957243E-004
   56275.5208527917       2.008026638491422E-004  1.911887228656384E-004
   56275.5412854781       6.335015925396092E-005  1.911880131895483E-004
   56275.5617180647       7.581128566358508E-005  1.911577143654573E-004
   56275.5821508514      -2.987426583418440E-004  1.911535721744009E-004
   56275.6025835382      -8.018665942536307E-004  1.911149310354549E-004
   56275.6230161251      -1.411499014514095E-003  1.910820831707138E-004
   56275.6434489122      -8.402825709918904E-004  1.911226071237763E-004
   56275.6638814993      -2.637495224193653E-004  1.911371916915868E-004
   56275.6843142866       1.951784165337145E-004  1.911840592799036E-004
   56275.7047469741      -1.703741918963608E-004  1.911555418876305E-004
   56275.7251795616      -8.281143968114080E-006  1.911645504290189E-004
   56275.7456123493       3.225635504715552E-004  1.911920974478627E-004
   56275.7660450371       1.569218158119501E-004  1.911683450236231E-004
   56275.7864777250      -2.326182539447164E-005  1.911537894221836E-004
   56275.8069104130      -1.481030058378963E-004  1.911574826344891E-004
   56275.8273431012      -2.629827891376113E-005  1.911532969938761E-004
   56275.8477758895      -8.709670670592473E-005  1.911663463440224E-004
   56275.8682085779      -6.042458158406205E-005  1.911628993458706E-004
   56302.4308578022      -2.059396982044825E-004  1.912687714319630E-004
   56302.4512907480       2.197642368106933E-005  1.912969122614128E-004
   56302.4717236942       1.470558600689120E-004  1.913096284982923E-004
   56302.4921566407       8.706162375848869E-005  1.912992875038367E-004
   56302.5125895875       5.227485516612340E-005  1.913040235054991E-004
   56302.5330225345       1.401300178891507E-004  1.912965067322184E-004
   56302.5534554816       2.756251646036656E-004  1.913092953850255E-004
   56302.5738885293       1.468111026892149E-004  1.913186225564952E-004
   56302.5943214770       1.658433758584543E-004  1.913015758471476E-004
   56302.6147543251       2.257514845793729E-005  1.913031834807395E-004
   56302.6351873734      -4.517383728619428E-004  1.912915824491444E-004
   56302.6556203219      -7.344869617847971E-004  1.912467425067993E-004
   56302.6760531708      -1.498231048338239E-003  1.912176023375493E-004
   56302.6964862199      -1.028639980980350E-003  1.912445845121580E-004
   56302.7169191693      -3.614995974834390E-004  1.912697562885778E-004
   56302.7373521189      -1.936601511570712E-004  1.912845870705421E-004
   56302.7577850688      -2.504176998854302E-004  1.912831097856198E-004
   56302.7782179190      -2.940281702923375E-005  1.912941025234234E-004
   56302.7986509694       1.219590633363410E-004  1.913060077019143E-004
   56302.8190839201       2.456979698561845E-005  1.913157983353204E-004
   56302.8395167711       7.342841113100462E-005  1.912969412277838E-004
   56302.8599498223      -6.040121115069574E-005  1.913093388345820E-004
   56302.8803827738      -1.488865191864308E-004  1.913098167797039E-004
   56302.9008156256       4.236883971753258E-005  1.913035745267483E-004
   56302.9212486776      -3.810589600118375E-004  1.912803579803726E-004
   56329.4843423715       1.381759431444696E-004  1.909845108923054E-004
   56329.5047757273       1.547124697214297E-004  1.909823021711482E-004
   56329.5252090833       1.047039811017392E-004  1.909571816491860E-004
   56329.5456424397      -1.715988911312749E-004  1.909683136038187E-004
   56329.5660757965       5.349135003229755E-005  1.909562834359154E-004
   56329.5865092536       1.073185236324381E-004  1.909846286907672E-004
   56329.6069425111      -1.899534245786150E-004  1.909468595589776E-004
   56329.6273758689       4.428495146640010E-004  1.909750870153677E-004
   56329.6478093270      -8.489269854805581E-005  1.909799462019137E-004
   56329.6682425855      -2.442321764872801E-004  1.909289394679882E-004
   56329.6886760444      -8.903266277400235E-004  1.909024200892931E-004
   56329.7091094035      -9.777933715077181E-004  1.909061160160296E-004
   56329.7295426630      -1.343300450738716E-003  1.908896095065809E-004
   56329.7499761228      -1.082750106281338E-003  1.909105629079596E-004
   56329.7704094830      -6.246536014765658E-004  1.909269663437544E-004
   56329.7908427436       9.275977662870361E-005  1.909633218940033E-004
   56329.8112762044       5.267809104547716E-005  1.909600382618828E-004
   56329.8317095657       4.678038682288665E-004  1.909761177519078E-004
   56329.8521430273      -2.052000786876285E-004  1.909576528430329E-004
   56329.8725762892       7.573199587596058E-005  1.909622028086169E-004
   56329.8930096513       1.008830480380141E-004  1.909734820113268E-004
   56329.9134430140      -1.612137550807136E-004  1.909538391178347E-004
   56329.9338763770       1.004370692319068E-004  1.909777963799873E-004
   56329.9543097402       1.773406739478123E-004  1.909601855099599E-004
   56329.9747431038       2.417922577448994E-004  1.909712143909386E-004
   56356.5179818164       2.004053056392507E-005  1.908677873415469E-004
   56356.5384156282       2.789640830267448E-004  1.908992542556344E-004
   56356.5588494403      -2.227264145071572E-005  1.908619563176917E-004
   56356.5792832527      -4.870459260231108E-005  1.908598801198039E-004
   56356.5997171654       7.105481956126702E-005  1.908896831306194E-004
   56356.6201508786      -1.651636394667255E-004  1.908806420986823E-004
   56356.6405847920      -9.354007778761275E-005  1.908539460222946E-004
   56356.6610186057      -2.468105931445752E-004  1.908479677503623E-004
   56356.6814523199      -3.690606504216376E-004  1.908505887661356E-004
   56356.7018862342       7.136053563616684E-005  1.909005058642901E-004
   56356.7223200490      -5.661220106190079E-004  1.908291936205253E-004
   56356.7427537642      -8.031347991881432E-004  1.908147191345413E-004
   56356.7631876795      -6.881057891886533E-004  1.908250117751342E-004
   56356.7836214954      -9.634058116495536E-004  1.908312698184132E-004
   56356.8040553114      -3.324148469971977E-004  1.908582603909552E-004
   56356.8244891279      -2.333499904558778E-004  1.908358786832281E-004
   56356.8449229446       7.812182213995378E-005  1.908749877725197E-004
   56356.8653567617      -1.618230861470948E-004  1.908525324407540E-004
   56356.8857905792       1.797367908080716E-004  1.908792726915648E-004
   56356.9062243969       1.485586861962318E-004  1.908591438794181E-004
   56356.9266582151      -3.329068306945349E-005  1.908465983432447E-004
   56356.9470920334      -1.716321984087665E-004  1.908580984180703E-004
   56356.9675259522      -1.417909386226546E-004  1.908601451663427E-004
   56356.9879596713      -1.105942839862983E-005  1.908873713358082E-004
   56357.0083934907       3.424523023065618E-005  1.908832189400325E-004
   56383.5726285375      -4.057870861651214E-005  1.902694447800392E-004
   56383.5930628436      -7.079477151383795E-005  1.902616259071424E-004
   56383.6134969497      -1.852353671097928E-004  1.902458556380794E-004
   56383.6339311563       2.487886915656379E-004  1.902862163360268E-004
   56383.6543654630       1.907220133958720E-004  1.902827412814060E-004
   56383.6747995700       3.693221171263694E-005  1.902637610042611E-004
   56383.6952337772      -2.021697983767279E-005  1.902596233332931E-004
   56383.7156680847      -1.053384270708335E-004  1.902823731612131E-004
   56383.7361021925      -7.681731878594888E-006  1.902560599298261E-004
   56383.7565365004      -1.518118840915239E-004  1.902586809455993E-004
   56383.7769707087      -7.590600565581251E-004  1.902307332605559E-004
   56383.7974049172      -9.417877582342804E-004  1.902245782909309E-004
   56383.8178391259      -1.319947802332688E-003  1.901999142380079E-004
   56383.8382733350      -1.188673300665410E-003  1.902031095212821E-004
   56383.8587075442      -3.058809669879148E-004  1.902481232584675E-004
   56383.8791417538      -1.027428736710689E-005  1.902740683696618E-004
   56383.8995759634      -2.608337500886737E-005  1.902703871677329E-004
   56383.9200102734       2.876296960805380E-004  1.902879538633372E-004
   56383.9404443837       1.600482173313988E-004  1.902797815950553E-004
   56383.9608785942       6.358057848654397E-005  1.902616848063733E-004
   56383.9813129050      -4.600932226106469E-005  1.902642616477234E-004
   56384.0017470160       6.750349738116057E-005  1.902722572183128E-004
   56384.0221812273       5.995174542294812E-005  1.902826087581366E-004
   56384.0426155387      -1.873182330687229E-004  1.902655279811869E-004
   56384.0630496504      -8.540410885415906E-005  1.902547052475163E-004
   56410.6072562924       2.789287101623295E-005  1.896648733922814E-004
   56410.6276908506      -1.407113647386993E-004  1.896178434080637E-004
   56410.6481252089      -7.005723063457925E-005  1.896088809159830E-004
   56410.6685597673      -1.050922648008212E-004  1.896776857520945E-004
   56410.6889942258       3.340463676504424E-004  1.896596683711074E-004
   56410.7094285845       1.379822686653487E-004  1.896236644080750E-004
   56410.7298631433       1.200109194201548E-004  1.896148867096453E-004
   56410.7502975022      -1.971759985641697E-005  1.895687806936834E-004
   56410.7707319613       9.397556277823682E-005  1.896685692653045E-004
   56410.7911665205      -1.847297396493364E-004  1.896249733631040E-004
   56410.8116008797      -2.147632577337300E-004  1.896077567546051E-004
   56410.8320354392      -3.038200337707186E-004  1.896446076885386E-004
   56410.8524698987      -7.978095069209878E-004  1.895924342810306E-004
   56410.8729042584      -7.319287439345734E-004  1.895425399952201E-004
   56410.8933388182      -3.613251330335521E-004  1.896275758736910E-004
   56410.9137732781       2.110041760730041E-004  1.896050002493088E-004
   56410.9342077381       3.034781970334688E-004  1.896353372070393E-004
   56410.9546421983      -8.261208073401249E-006  1.896270522916794E-004
   56410.9750766586       1.998496741140166E-004  1.896356451964579E-004
   56410.9955111190      -1.479886580578738E-004  1.895527498444461E-004
   56411.0159455795       2.345226037505643E-004  1.896475951858989E-004
   56411.0363800402       1.349173061517828E-004  1.896293930112606E-004
   56411.0568146009       8.109309326265191E-007  1.896316413340163E-004
   56411.0772490618       2.615572924764553E-004  1.896241725906156E-004
   56411.0976834228       6.644959955237617E-005  1.895596796063642E-004
