   55030.1991883062      -3.322723563680130E-004  5.711106070540241E-004
   55030.2196221197      -1.850873629214433E-004  5.711606649794893E-004
   55030.2400559327       1.019509803633856E-003  5.712906780057763E-004
   55030.2604896456       6.332271999114347E-004  5.714805382981322E-004
   55030.2809235579      -2.209594683205696E-004  5.711309265501960E-004
   55030.3013573700       2.745735086489010E-004  5.711748992098804E-004
   55030.3217910816      -1.249660102969785E-003  5.710200688822792E-004
   55030.3422249931       8.855245158327918E-004  5.711974940663007E-004
   55030.3626588042       7.346389805660269E-004  5.712442183244251E-004
   55030.3830926149       1.248113775691229E-003  5.712716284781153E-004
   55030.4035263252       3.505509428540776E-004  5.711708247275752E-004
   55030.4239602354      -1.589908196280021E-004  5.711514577077864E-004
   55030.4443940452      -3.864665064171158E-003  5.707661810108402E-004
   55030.4648277545      -4.563024572506902E-003  5.707049050301969E-004
   55030.4852615636      -3.322390567580435E-003  5.707979831389633E-004
   55030.5056954722      -5.574234854190174E-003  5.705864804665703E-004
   55030.5261291806      -3.538645195966250E-003  5.707740653986777E-004
   55030.5669968965      -2.290612187694996E-003  5.709119628128024E-004
   55030.5874306039       5.191579343675201E-004  5.712099291746351E-004
   55030.6078644109       1.068011008104719E-003  5.712388738736091E-004
   55030.6282982176      -4.660304889825273E-005  5.712198243459479E-004
   55030.6487320242       3.269631267777129E-004  5.712080771372236E-004
   55030.6691658302      -1.068437537179556E-003  5.710616074356515E-004
   55030.6895996358      -2.195122799809601E-004  5.711051567724989E-004
   55030.7100334414      -1.452076689438253E-003  5.709994318939797E-004
   55030.7304672463      -4.176081002353893E-004  5.711418271132465E-004
   55030.7509010512      -6.102735433303197E-004  5.710713967762550E-004
   55030.7713347554      -3.625401671946138E-004  5.710711321994820E-004
   55030.7917686596      -6.089710591584696E-004  5.710749950203688E-004
   55030.8122024633      -1.319514036172031E-003  5.710724550833474E-004
   55191.7212960886       1.633312488715788E-004  4.948127977202070E-004
   55191.7417289802       9.253819572871969E-004  4.949501833448496E-004
   55191.7621619720      -1.256223749160901E-004  4.947979425613663E-004
   55191.7825949644      -1.189837615755973E-004  4.948227831415470E-004
   55191.8030279569      -6.713244336241653E-004  4.947562300623699E-004
   55191.8234609499      -9.636488096040896E-004  4.947550003306778E-004
   55191.8438939432       4.424554962509930E-004  4.948479680466013E-004
   55191.8643269366      -1.343050791596578E-003  4.947195840579450E-004
   55191.8847599306      -6.329256646955272E-004  4.947614441247445E-004
   55191.9051928247      -5.671483571855207E-004  4.948282923395276E-004
   55191.9256259193       2.694436623396079E-004  4.948698572707209E-004
   55191.9460589141       7.382950419179135E-004  4.948900248704716E-004
   55191.9664918094      -3.542812301727927E-003  4.944203657426207E-004
   55191.9869249049      -4.389249451752675E-003  4.942153940641798E-004
   55192.0073579007      -4.577390534716508E-003  4.941945870039493E-004
   55192.0277907969      -4.818427149447468E-003  4.941964561961213E-004
   55192.0482237934      -4.863811093864356E-003  4.941802237377854E-004
   55192.0686568903      -4.049851192321485E-003  4.945085620995789E-004
   55192.0890898873      -4.273658831468907E-003  4.944864761183886E-004
   55192.1095227849      -3.525395920753738E-004  4.948260788224818E-004
   55192.1299558827       9.559211228251652E-004  4.949467892853794E-004
   55192.1503888807      -1.867653003494452E-004  4.948602653635225E-004
   55192.1708217792      -6.085559356439063E-004  4.948377858681907E-004
   55192.1912548780       3.535542391941426E-004  4.949311470982557E-004
   55192.2116878771      -8.549042660198625E-004  4.947739873880039E-004
   55192.2321207765      -2.130822477438565E-004  4.948681356463520E-004
   55192.2525538762       3.414178601786055E-004  4.949066016536811E-004
   55192.2729868764      -1.349093927411893E-004  4.948648399654171E-004
   55192.2934197767      -6.154844451522479E-005  4.948595767137749E-004
   55192.3138527775      -2.288415816065204E-005  4.948640037478664E-004
   55192.3342858785      -5.454593307995248E-004  4.948234226020269E-004
   55353.2530770834      -4.458619326555002E-004  4.479039979832572E-004
   55353.2735115309      -6.733392818891737E-005  4.479348498716481E-004
   55353.2939460785      -2.121982048952642E-004  4.479057361178144E-004
   55353.3143804255      -6.559053095560596E-004  4.478993146762557E-004
   55353.3348148723      -3.489879291875830E-004  4.479256281021917E-004
   55353.3552494191       2.548940658999577E-004  4.479649775373069E-004
   55353.3756837657      -1.422200465756029E-004  4.479575904654386E-004
   55353.3961182120      -6.630595802167294E-004  4.479301665646467E-004
   55353.4165527581      -2.113527125350290E-004  4.479531968475300E-004
   55353.4369871042       9.486336554453967E-004  4.480531878660867E-004
   55353.4574215501       5.457385962115424E-005  4.479996919469361E-004
   55353.4778560955      -7.016570432826219E-004  4.478431632737539E-004
   55353.4982905409      -3.731273524771650E-003  4.475687311397723E-004
   55353.5187249863      -4.809155930120435E-003  4.474289561524611E-004
   55353.5391594313      -3.749826497390862E-003  4.475040821905462E-004
   55353.5595938762      -4.630971039669696E-003  4.474193481308808E-004
   55353.5800283207      -3.729461909286469E-003  4.475243604270473E-004
   55353.6004627652      -4.386607008619814E-003  4.474043808610824E-004
   55353.6208971094      -2.463012583855506E-003  4.476646182295132E-004
   55353.6413316536      -1.060978012468183E-005  4.480390896635668E-004
   55353.6617660974      -1.042985163257626E-004  4.482115029553417E-004
   55353.6822004412      -3.681110689601752E-006  4.482277738260581E-004
   55353.7026349845       4.824104263272400E-004  4.482883188464685E-004
   55353.7230694278      -2.231891371473615E-005  4.481699808520299E-004
   55353.7435037711      -1.160537208139800E-003  4.480786322247440E-004
   55353.7639383140      -1.929701876196566E-004  4.482655782526779E-004
   55353.7843727566       1.493074255845661E-003  4.483753704188768E-004
   55353.8048070992       2.173339996918155E-004  4.482828630352194E-004
   55353.8252416416       1.057057596600686E-004  4.482797247367132E-004
   55353.8456760838      -2.590412883975990E-004  4.482169104850753E-004
   55353.8661106257      -4.958230617496673E-004  4.482379612258241E-004
   55514.7786436132      -3.268022549710592E-004  5.295498720770086E-004
   55514.7990762486       5.682970965059653E-004  5.296014652501277E-004
   55514.8195086841      -2.349702055994829E-004  5.295588971218690E-004
   55514.8399412196       2.125232040461889E-005  5.295402955016288E-004
   55514.8603738551      -9.562812440817581E-004  5.296389191862987E-004
   55514.8808062907       3.587440132031272E-004  5.295911867268144E-004
   55514.9012388263       3.591380775280761E-005  5.296827909321483E-004
   55514.9216714620      -3.552997065642272E-004  5.296515542491034E-004
   55514.9421039977       7.925954905145804E-004  5.297172365200326E-004
   55514.9625364335       3.409775314566765E-004  5.296086351468780E-004
   55514.9829690692       2.253402977903107E-005  5.297592531177719E-004
   55515.0034016051       1.468382097600252E-004  5.295949471621729E-004
   55515.0238341409      -3.414785632186224E-003  5.294544071580399E-004
   55515.0442666769      -4.455623501319450E-003  5.293828084688133E-004
   55515.0646992128      -5.320366919805974E-003  5.292523464314411E-004
   55515.0851317488      -4.510282308614499E-003  5.293431484105652E-004
   55515.1055642849      -4.511116978613283E-003  5.292944131683186E-004
   55515.1259968209      -4.655007761742436E-003  5.294062234463124E-004
   55515.1464293571      -3.237922522943637E-003  5.294694488994740E-004
   55515.1668618932       3.544855353039278E-004  5.296699051736531E-004
   55515.1872945294       3.517882434089792E-004  5.297270637911028E-004
   55515.2077269657      -2.942266786520875E-005  5.296554149627382E-004
   55515.2281595020      -4.015082489570165E-004  5.296699553127912E-004
   55515.2485921383       3.956468738617325E-004  5.297328297919860E-004
   55515.2690245747       1.168558960155996E-003  5.298339604335615E-004
   55515.2894571111       3.942514560297816E-004  5.297915928618554E-004
   55515.3098897475      -4.698796225484081E-004  5.296880555416503E-004
   55515.3303221840      -7.925868153277893E-004  5.296578717805058E-004
   55515.3507547206      -1.216400661723349E-003  5.296645904250130E-004
   55515.3711873572      -1.243748867552408E-003  5.296664957122613E-004
   55515.3916197938      -3.718716346412521E-005  5.297363896707920E-004
   55676.3059402236       2.034563759203412E-004  4.519226440023360E-004
   55676.3263748315      -5.837687089302879E-004  4.517902871922461E-004
   55676.3468095395      -6.560789985681215E-004  4.518192173759480E-004
   55676.3672440475       1.320725701787762E-004  4.519302546408815E-004
   55676.3876786555      -8.246719423712356E-004  4.517835059181574E-004
   55676.4081133637      -4.064488791184484E-004  4.519091790264478E-004
   55676.4285478719      -1.650898148171098E-004  4.518108261590901E-004
   55676.4489824802       2.666910098330089E-004  4.519123501258417E-004
   55676.4694170885       2.437257326004527E-004  4.518850786710536E-004
   55676.4898516969       2.071765087954258E-004  4.518954701198369E-004
   55676.5102864054      -2.632455874900241E-004  4.518862983246666E-004
   55676.5307209139       3.150214047693556E-004  4.518924941650210E-004
   55676.5511555225      -3.133635875132934E-003  4.515920203009061E-004
   55676.5715902312      -3.832013093692077E-003  4.514787876594690E-004
   55676.5920248399      -5.650810349974611E-003  4.514012176896780E-004
   55676.6124593487      -4.871587312442083E-003  4.513279896867496E-004
   55676.6328940576      -3.498645642814657E-003  4.513952169939017E-004
   55676.6533286665      -4.157860335862407E-003  4.514496135450445E-004
   55676.6737631755      -2.974655637307699E-003  4.515596263009431E-004
   55676.6941978846      -8.028329927333155E-004  4.517892138970666E-004
   55676.7146324937      -8.813483632353902E-004  4.517969221079011E-004
   55676.7350672029       1.317410924170037E-003  4.520055316618799E-004
   55676.7555017121      -5.081509965686459E-004  4.518363413126754E-004
   55676.7759363214      -4.282201972548583E-004  4.518343410807500E-004
   55676.7963710308       9.094372947728857E-004  4.520101175594651E-004
   55676.8168055402       1.161920777102754E-003  4.519500618155577E-004
   55676.8372401497       2.626133644967332E-004  4.518380976138783E-004
   55676.8576748593      -5.881237677531903E-004  4.517960439572997E-004
   55676.8781093689      -1.804944242905782E-004  4.518450740325450E-004
   55676.8985440786       4.288098858229450E-004  4.519390849330401E-004
   55676.9189786884      -1.990584389033323E-004  4.518330726409924E-004
   55837.8361941899       4.250189309955577E-004  5.174375737689192E-004
   55837.8566269964      -4.178511975060362E-004  5.173278733209496E-004
   55837.8770597025      -7.991768672935828E-004  5.173636132915386E-004
   55837.8974926083      -3.808336144904834E-004  5.173736873059115E-004
   55837.9179254139       5.924558819503378E-004  5.174722506525645E-004
   55837.9383581190      -2.066240878856318E-004  5.173628539437216E-004
   55837.9587910241      -6.409311828625697E-005  5.176153117812966E-004
   55837.9792238290       1.835598831412266E-004  5.175152803621973E-004
   55837.9996566336      -1.433210834258514E-004  5.174162107836663E-004
   55838.0200894380       3.934866051078512E-004  5.174907787393005E-004
   55838.0405222420       1.282856553646017E-004  5.174577724208528E-004
   55838.0609550459      -7.415898213258831E-005  5.174676439424744E-004
   55838.0813878497      -3.324313325656525E-003  5.171855209168467E-004
   55838.1018206529      -4.051555954862063E-003  5.170721755993552E-004
   55838.1222534562      -4.194970316269364E-003  5.170668095414480E-004
   55838.1426862590      -4.502564138561982E-003  5.170560268024460E-004
   55838.1631190617      -4.286834365350489E-003  5.170358787737003E-004
   55838.1835518641      -4.062994562462952E-003  5.171011826859665E-004
   55838.2039846664      -2.440156494371903E-003  5.172687454375953E-004
   55838.2244175682      -4.347264735359291E-004  5.174641509425160E-004
   55838.2448503699      -3.941805020423184E-004  5.175067756666463E-004
   55838.2652830715       3.399326039388306E-005  5.175172546665216E-004
   55838.2857159727       4.964169731005441E-004  5.176070602016846E-004
   55838.3061487736       1.246247431949676E-004  5.175395794923428E-004
   55838.3265814743       2.658122610355029E-004  5.175100661738535E-004
   55838.3470143750       1.108360683876874E-004  5.175476792023913E-004
   55838.3674471752      -3.486344666958630E-005  5.174694663772353E-004
   55838.3878798752      -1.511811776601424E-003  5.173676631465630E-004
   55838.4083127749       2.907710500030802E-004  5.175469704777621E-004
   55838.4287455745      -3.420430363479943E-004  5.175803817817123E-004
   55838.4491784738      -6.209839569739639E-004  5.175156853476997E-004
   55999.3591826389      -1.173819501087969E-005  5.038875897269408E-004
   55999.3796167656      -3.454967279155063E-004  5.038354149520367E-004
   55999.4000509926       2.069059556883968E-004  5.038802510784476E-004
   55999.4204850199       5.265081895895474E-004  5.039200607332877E-004
   55999.4409192473       1.201722192840649E-004  5.039174469680709E-004
   55999.4613533753       4.952188762237242E-004  5.038961347286111E-004
   55999.4817874035      -1.232378173935400E-004  5.038219440082272E-004
   55999.5022216320      -4.002804161858942E-004  5.037907296197730E-004
   55999.5226557609      -3.535178818171447E-004  5.038184254781276E-004
   55999.5430898901      -5.906988569707172E-004  5.038143540361553E-004
   55999.5635240195       2.393891958452077E-004  5.038035471222783E-004
   55999.5839581493      -3.056632982078034E-004  5.037854015599079E-004
   55999.6043923795      -1.972360001368356E-003  5.036475757094386E-004
   55999.6248264099      -3.694688013428316E-003  5.035003503571320E-004
   55999.6452605406      -3.711367002863231E-003  5.035019588280346E-004
   55999.6656947717      -4.503803759931091E-003  5.033798658335817E-004
   55999.6861288030      -4.294330727030338E-003  5.034113818103301E-004
   55999.7065629347      -5.090663437065435E-003  5.033209053220570E-004
   55999.7269971667      -3.654107913431348E-003  5.034899958256963E-004
   55999.7474312991      -3.948031218109493E-004  5.038187270664219E-004
   55999.7678653317       3.901477725911651E-004  5.039012114648975E-004
   55999.7882995648       3.271738849164318E-004  5.038859812560382E-004
   55999.8087335979       7.342760669548642E-004  5.038673330465108E-004
   55999.8291678316      -6.494130147753907E-004  5.038154598599009E-004
   55999.8496019655       3.900490220303254E-004  5.039304152647234E-004
   55999.8700359997      -5.240019421406394E-004  5.039620820356190E-004
   55999.8904702343       7.601402442602989E-006  5.038184254781276E-004
   55999.9109043691       3.045764524485239E-004  5.038072667112407E-004
   55999.9313384042      -6.127431318703191E-005  5.037093007803272E-004
   55999.9517726398       2.679151400394320E-003  5.040507489941266E-004
   55999.9722067756       1.807057180554628E-003  5.039545925929786E-004
   56160.8924576402       1.719288268080543E-004  5.984344281286512E-004
   56160.9128911925      -6.099975558643278E-004  5.984935077224778E-004
   56160.9333248447      -2.630107601864218E-005  5.984347068059806E-004
   56160.9537582965       3.059776939393632E-004  5.984960715539081E-004
   56160.9741918479      -3.541706935578093E-004  5.984149207155953E-004
   56160.9946254990      -8.372298069946327E-004  5.983936297676314E-004
   56161.0150589496      -2.166659392560666E-004  5.985036515772670E-004
   56161.0354925000       8.800561266051332E-004  5.985561543861204E-004
   56161.0559261502       1.006025433910818E-003  5.985062711441631E-004
   56161.0763595999       7.226211877784383E-004  5.985519742261799E-004
   56161.0967931492       1.794277859883397E-004  5.984716594198551E-004
   56161.1172267982      -3.391980546169071E-004  5.984153108638564E-004
   56161.1376602470      -4.425421741203528E-003  5.981379154502008E-004
   56161.1580938953      -3.928216465962531E-003  5.980754359929558E-004
   56161.1785274433      -4.766182200329538E-003  5.980926025164451E-004
   56161.1989608910      -4.370866059900780E-003  5.981563081539392E-004
   56161.2193945383      -4.966589750631911E-003  5.980340245418113E-004
   56161.2398280853      -4.435272507259391E-003  5.981281060082068E-004
   56161.2602615319      -2.933863966043004E-003  5.982747460189218E-004
   56161.2806951782      -6.276695619056305E-005  5.985368141794621E-004
   56161.3011287241       7.123133963848893E-005  5.985805107847074E-004
   56161.3215621699      -6.742250977898046E-004  5.984658071959384E-004
   56161.3419958149      -1.060356340298885E-004  5.985673014792952E-004
   56161.3624293600       2.249869696562268E-004  5.985435024353670E-004
   56161.3828628046      -3.848284576772887E-004  5.984681480855051E-004
   56161.4237299928       9.384913238452697E-005  5.986043098286357E-004
   56161.4441636362       4.882790208937671E-005  5.983801417848898E-004
   56161.4645970794       1.604920289569822E-003  5.985948347994371E-004
   56161.4850306224      -1.261517310459093E-004  5.984486964079151E-004
   56161.5054642649       9.011002247261146E-004  5.984709348587988E-004
   56322.4141207033       2.566607584242320E-004  5.190178148921508E-004
   56322.4345540450      -8.161689900815228E-004  5.188993207289353E-004
   56322.4549871871      -1.450459279195293E-004  5.189054532326775E-004
   56322.4754205295       7.395263986118561E-004  5.189511175787241E-004
   56322.4958537724      -2.274914856419397E-004  5.189611019029985E-004
   56322.5162869154      -2.191791629934103E-004  5.189190359682385E-004
   56322.5367202590       3.715786861189230E-004  5.190100605692372E-004
   56322.5571535030       3.621227512453640E-004  5.190371753585102E-004
   56322.5775866472       5.605183273205139E-004  5.190998181240083E-004
   56322.5980199919      -1.031924765737213E-003  5.188838627649573E-004
   56322.6184532368       9.532528274664998E-004  5.190590699173251E-004
   56322.6388865822      -6.024059226577005E-004  5.188255279566335E-004
   56322.6593197279      -3.650502965087177E-003  5.186046564582188E-004
   56322.6797529740      -4.608600889992043E-003  5.185989294092696E-004
   56322.7001863205      -3.781513011218762E-003  5.186538685337032E-004
   56322.7206194673      -6.365717157547968E-003  5.185199670883587E-004
   56322.7410527146      -4.735069710157691E-003  5.185395302821145E-004
   56322.7614860621      -4.466957508789116E-003  5.186410460258788E-004
   56322.7819193100      -4.380399940026924E-003  5.186108903256592E-004
   56322.8023524585      -6.094866547606825E-004  5.189153868751027E-004
   56322.8227857071       4.044231131321574E-004  5.190859819792017E-004
   56322.8432190562       2.316105497857102E-005  5.190597794632126E-004
   56322.8636523056       4.337215601897260E-004  5.190331208105816E-004
   56322.8840855554       2.490828392194278E-004  5.190146726175061E-004
   56322.9045187055       4.290768897088348E-004  5.190895297086393E-004
   56322.9249520560       2.397128901119316E-004  5.190058539757612E-004
   56322.9453853070       2.544635632579784E-004  5.189670316793442E-004
   56322.9658184582       4.463128921361470E-004  5.190869449343348E-004
   56322.9862518099      -9.838129207861979E-004  5.188687088920739E-004
   56323.0066850618       3.944024760964560E-004  5.189916123761618E-004
   56323.0271182142       1.690107091625315E-004  5.190722978799424E-004
