   54994.0309395285      -8.558887643306257E-005  3.074422456028840E-004
   54994.0513737499      -2.165518405158329E-004  3.074326901283401E-004
   54994.0718079713      -3.895250829337726E-004  3.074933202872413E-004
   54994.0922422923       6.557125084960536E-004  3.075033468063048E-004
   54994.1126764130       2.191508673132780E-005  3.074445671794456E-004
   54994.1331106335       1.272879362470558E-004  3.073926513441602E-004
   54994.1535449538       6.933191101143876E-004  3.070190793939498E-004
   54994.1739791738       1.909919335350008E-004  3.073585006164772E-004
   54994.1944132936       9.356759408563065E-005  3.073621007424497E-004
   54994.2148475129       1.791663205743532E-004  3.074917725695334E-004
   54994.2352818322       1.621106758156188E-004  3.073261667747991E-004
   54994.2557159513       2.243931623135964E-004  3.072687666354621E-004
   54994.2761501702      -1.078405274314020E-004  3.071361339571113E-004
   54994.2965843886      -1.577279351118177E-004  3.073951075048704E-004
   54994.3170186070      -2.794643356916482E-003  3.070423960976781E-004
   54994.3374528249      -4.515504682135796E-003  3.069597614304966E-004
   54994.3578870429      -5.720843558032374E-003  3.068192219334211E-004
   54994.3783213603      -5.022395729441631E-003  3.067645807691285E-004
   54994.3987554776      -2.721555620169958E-003  3.068958339599571E-004
   54994.4191896946      -1.872440753740934E-003  3.072501603769314E-004
   54994.4396238116      -2.797951162352152E-004  3.074061097590106E-004
   54994.4600581281      -4.575596434585050E-004  3.073351839127489E-004
   54994.4804923444      -5.003636416756052E-006  3.073705795438055E-004
   54994.5009265605       5.744535338123580E-004  3.073870324559601E-004
   54994.5213607763      -2.704484738598190E-004  3.072478051543326E-004
   54994.5417949919      -2.298431478924279E-004  3.073067866574145E-004
   54994.5622292070      -2.929611610547056E-004  3.072522127851961E-004
   54994.5826633222       9.597585477627568E-005  3.073628409552665E-004
   54994.6030976371      -1.071948786315335E-004  3.072909393739281E-004
   54994.6235318515      -6.784983770391495E-005  3.073478684687454E-004
   54994.6439659660      -1.767777178396379E-005  3.072315541184007E-004
   54994.6644002799       2.111234308246335E-004  3.073712524645480E-004
   54994.6848344939       3.076684381277950E-004  3.073571211289551E-004
   55113.8725954926      -1.760002803407046E-004  3.150266894712478E-004
   55113.8930281325       2.968647491783383E-004  3.151386306596119E-004
   55113.9134607722      -6.750818965011174E-004  3.150549854505439E-004
   55113.9338934118       2.193054683679030E-004  3.150982579053684E-004
   55113.9543260514       1.203804484561921E-005  3.150848109422345E-004
   55113.9747585908       4.613004976563584E-004  3.151298678281857E-004
   55113.9951913300       3.439290682938356E-004  3.150958999070938E-004
   55114.0156239693      -2.925045936319481E-005  3.150794895136956E-004
   55114.0360565084      -1.067817163424856E-004  3.150565786926214E-004
   55114.0564892474      -1.357343842067760E-005  3.150788522168647E-004
   55114.0769218861      -5.544723570862775E-004  3.150174805320400E-004
   55114.0973544249      -1.657019135128390E-004  3.150662656044525E-004
   55114.1177870636      -6.966044405576355E-005  3.150571841246109E-004
   55114.1382198022      -1.153595441924504E-003  3.150302583335014E-004
   55114.1586523406      -2.681229747781178E-003  3.148653896433233E-004
   55114.1790849789      -4.696146760403752E-003  3.147244514491490E-004
   55114.1995177172      -5.876575934050443E-003  3.145035962323681E-004
   55114.2199503552      -5.332646238682237E-003  3.146669991398348E-004
   55114.2403828933      -3.559053744179530E-003  3.147458008929872E-004
   55114.2608156311      -1.424600995629577E-003  3.149956531155784E-004
   55114.2812482689      -8.755122323889086E-005  3.150801905402097E-004
   55114.3016808066       5.184821525430205E-004  3.151682330974115E-004
   55114.3221134442       2.908505290315500E-004  3.150973975546466E-004
   55114.3425461817      -1.818418485788342E-004  3.150857668874809E-004
   55114.3629787191      -2.219343270698504E-004  3.151194161601574E-004
   55114.3834113563       3.012638238921728E-004  3.151269043979216E-004
   55114.4038440934       5.860645792932218E-005  3.150370136799099E-004
   55114.4242766306      -3.148181073568956E-004  3.150557820715827E-004
   55114.4447092675      -4.731555748453964E-004  3.150714277087836E-004
   55114.4651419044      -1.186199667240206E-004  3.150792983246464E-004
   55114.4855746410       5.589499228868533E-004  3.151312698812139E-004
   55114.5060071777       7.714598726504818E-005  3.150858943468471E-004
   55114.5264398142       6.909262844627673E-004  3.151291030719885E-004
   55233.7120870909      -4.721737035163764E-004  3.633540973500557E-004
   55233.7325209333       8.781458387252528E-005  3.633837430759608E-004
   55233.7529546760      -7.105047706323919E-005  3.633440668412908E-004
   55233.7733886191       6.606396738471076E-004  3.635063700259722E-004
   55233.7938224625      -1.640386109817982E-004  3.634273996712518E-004
   55233.8142563064      -4.081522748962119E-004  3.634880285242307E-004
   55233.8346901506      -2.640184975507553E-004  3.634183562919209E-004
   55233.8551239950      -6.074167990524071E-004  3.634381944092559E-004
   55233.8755578398      -8.150686802105289E-004  3.633878826510067E-004
   55233.8959917850      -2.011446258606275E-004  3.634066381102527E-004
   55233.9164255305      -3.912907371801388E-004  3.634038040934906E-004
   55233.9368593764       2.598321585178809E-005  3.634289281297302E-004
   55233.9572933226      -4.814696475116120E-004  3.633198980916002E-004
   55233.9777270692      -5.046338042536958E-004  3.633805269445791E-004
   55233.9981609161      -2.905709526817679E-003  3.631704912753308E-004
   55234.0185948634      -4.821166892517881E-003  3.629703905861925E-004
   55234.0390286110      -5.750131029184979E-003  3.628142330783098E-004
   55234.0594624590      -5.722017598270623E-003  3.628208563983832E-004
   55234.0798963073      -3.724202719037617E-003  3.631163583708853E-004
   55234.1003301559      -1.388666161815322E-003  3.633832972755712E-004
   55234.1207640049      -5.894661462134687E-004  3.634306794884035E-004
   55234.1411978543       2.771568542376812E-004  3.635327996204956E-004
   55234.1616317040       1.145543484932787E-004  3.634898754115588E-004
   55234.1820655541       6.326986610469820E-004  3.635450272883232E-004
   55234.2024994045       3.055214648015614E-004  3.635576370707706E-004
   55234.2229332553       2.695483648049724E-004  3.636195077962632E-004
   55234.2433671062       5.205307149129812E-004  3.636196670106880E-004
   55234.2638009577      -3.061125095884520E-004  3.635316851195217E-004
   55234.2842348095      -4.983073122166726E-005  3.635264947292720E-004
   55234.3046686617      -2.689157121468222E-004  3.634805454462633E-004
   55234.3251025142      -2.195982772601468E-005  3.635086308708049E-004
   55234.3455363669       1.882723033415079E-004  3.635434351440749E-004
   55234.3659702201       7.379053137752667E-004  3.636408106863067E-004
   55353.5597440334       5.140531673260007E-004  3.087113697165445E-004
   55353.5801783742      -4.378367422238627E-004  3.085878908045690E-004
   55353.6006127149       2.133844397833595E-004  3.086767673743815E-004
   55353.6210469553       2.060279525961661E-004  3.086609626116831E-004
   55353.6414813957       9.084106187677854E-004  3.087977242497561E-004
   55353.6619157356       3.936017077392773E-004  3.087137908716813E-004
   55353.6823499753      -1.104164506940952E-004  3.086544053165210E-004
   55353.7027844150       2.146451144500183E-004  3.086892430487668E-004
   55353.7232187545      -7.949633683812518E-005  3.086505045665783E-004
   55353.7436529935       5.212652735691048E-004  3.086999364839542E-004
   55353.7640874325       7.224385462034633E-004  3.087227356948255E-004
   55353.7845217712       3.153888442051223E-004  3.086837618225543E-004
   55353.8049560098      -1.000483874092906E-004  3.086252169462610E-004
   55353.8253904483      -1.374367400028720E-003  3.085231921589697E-004
   55353.8458247864      -2.368481277456591E-003  3.084428905136000E-004
   55353.8662592242      -4.339146533505422E-003  3.082806058651267E-004
   55353.8866934621      -5.168990086351077E-003  3.081644913000256E-004
   55353.9071277997      -4.672501968841392E-003  3.082525271909711E-004
   55353.9275622371      -2.875898748691097E-003  3.083983009064977E-004
   55353.9479964740      -5.489018433623150E-004  3.086058140780121E-004
   55353.9684308109      -2.185636700006155E-004  3.086230984355163E-004
   55353.9888652478      -7.780971753529320E-004  3.085648898307697E-004
   55354.0092995842      -1.113565003423300E-004  3.086344980409519E-004
   55354.0297338204      -5.302672606889436E-004  3.085790468628889E-004
   55354.0501682567       4.993308723211243E-005  3.086407863188766E-004
   55354.0706025924       3.796041465209399E-005  3.086301601379985E-004
   55354.0910368281      -2.215585206208903E-004  3.086112953042245E-004
   55354.1114712636      -2.772401800903435E-004  3.085809972378601E-004
   55354.1319055989       2.884735415669137E-004  3.086709835037769E-004
   55354.1523398340      -1.692135675784856E-004  3.086073945542819E-004
   55354.1727742688       1.475335266210021E-004  3.086340272607864E-004
   55354.1932086034       1.009354182641697E-004  3.086406854374126E-004
   55354.2136428377      -1.648214316830598E-004  3.086606263401363E-004
   55473.4022970555       1.071410657322858E-004  3.164519521422985E-004
   55473.4227297770      -6.554484088042711E-004  3.164087766965762E-004
   55473.4431623985       1.853273036365177E-004  3.165162970688595E-004
   55473.4635952196      -5.370360074516967E-004  3.164223534760806E-004
   55473.4840279406       4.573503492455444E-005  3.164747624187644E-004
   55473.5044607615       6.916391084959006E-004  3.165634940724918E-004
   55473.5248933823      -8.098667300404649E-005  3.164590944291468E-004
   55473.5453261029       1.750127955839620E-004  3.164379249483082E-004
   55473.5657589233      -3.341715975194726E-004  3.163959720561906E-004
   55473.5861915434       2.291743981757133E-004  3.165209942484983E-004
   55473.6066242635       7.438758900293330E-004  3.164923285837155E-004
   55473.6270570832       5.317782949338934E-004  3.165323833004996E-004
   55473.6474897029      -2.052640520047166E-004  3.164711269304137E-004
   55473.6679224225      -2.357805487531617E-003  3.162018434127564E-004
   55473.7087879612      -5.111039793386896E-003  3.161094440982150E-004
   55473.7292205801      -5.476090497921304E-003  3.160627618539951E-004
   55473.7496533989      -4.366235515509631E-003  3.161767810638609E-004
   55473.7700860176      -2.656664263851582E-003  3.161916769143598E-004
   55473.7905188361      -5.265730939365554E-004  3.164013448575584E-004
   55473.8109515546      -1.472818071501791E-005  3.164492818278463E-004
   55473.8313841729       3.994130410878149E-004  3.165174874500008E-004
   55473.8518169907      -5.314527498490040E-005  3.164878566113195E-004
   55473.8722497087      -3.324169744739480E-004  3.163171495211535E-004
   55473.8926823263      -2.648993465260707E-004  3.164722207941652E-004
   55473.9131151439       3.700545905727104E-004  3.164612178117233E-004
   55473.9335478612       1.318124001492560E-004  3.164457428568854E-004
   55473.9539804786      -2.961925101556684E-004  3.164434586119925E-004
   55473.9744132954      -6.076922701669929E-005  3.165115355442939E-004
   55473.9948460123      -9.522677007469671E-004  3.163774728898043E-004
   55474.0152786292       5.157251501621829E-004  3.164515017278126E-004
   55474.0357114456       2.751989219653694E-004  3.164996639053434E-004
   55474.0561441620       9.489792231232030E-005  3.164535285929993E-004
   55593.2411884870      -1.500981333704132E-004  3.127733340370741E-004
   55593.2616220179       1.273993564312459E-004  3.127883509316280E-004
   55593.2820557489      -1.536602857573621E-004  3.127061531930170E-004
   55593.3024893803      -1.052128498845173E-004  3.126423867165638E-004
   55593.3229231122      -4.120069189383901E-005  3.127242999245412E-004
   55593.3433566443      -5.438923531497775E-005  3.127892361380439E-004
   55593.3637902769      -1.887407644629580E-005  3.127380838530159E-004
   55593.3842240098       7.988330114128139E-005  3.127546498587975E-004
   55593.4046575431       4.538973441716720E-004  3.129137973265544E-004
   55593.4250911768       3.654156948762477E-005  3.127328042290359E-004
   55593.4455249108      -7.400987758150457E-004  3.127030233560469E-004
   55593.4659585450       2.997330924296993E-004  3.130079453517789E-004
   55593.4863920800      -5.139712821320419E-004  3.126146924015548E-004
   55593.5068258149      -1.398966077956976E-003  3.126729263379093E-004
   55593.5272594505      -2.757460321848981E-003  3.124445430826300E-004
   55593.5476931864      -3.817693670366773E-003  3.121101247445426E-004
   55713.0680145904      -4.917926934950856E-004  3.099958212580517E-004
   55713.0884490404       2.060793133518146E-004  3.100138092470019E-004
   55713.1088833900       1.222179755659969E-004  3.100121493384171E-004
   55713.1293178396      -9.445965912202592E-005  3.100245478392755E-004
   55713.1497522890      -2.060956080379706E-004  3.099888428668582E-004
   55713.1701868384      -2.051908918589973E-004  3.099893510021392E-004
   55713.1906212873      -6.312704320892149E-004  3.099586935068474E-004
   55713.2110556364       3.088919929985501E-004  3.100404355357306E-004
   55713.2314901851       6.249633305137614E-004  3.100765808920581E-004
   55713.2519246337      -3.296001409263116E-004  3.099944323549501E-004
   55713.2723589822      -8.842323452906697E-005  3.099825081136873E-004
   55713.2927935306       1.690612392328816E-004  3.100615062120527E-004
   55713.3132279786      -3.015063692249909E-004  3.100103539270906E-004
   55713.3336623268      -4.573273343813078E-004  3.100071357369771E-004
   55713.3540968745      -2.368133992516452E-003  3.096520169268724E-004
   55713.3745313223      -4.190526380184467E-003  3.095324357573914E-004
   55713.3949656698      -5.322491418568331E-003  3.093867703101482E-004
   55713.4154002170      -5.510375299554449E-003  3.093392765992098E-004
   55713.4358346643      -3.660716728948743E-003  3.095232893223319E-004
   55713.4562692113      -2.005512117631225E-003  3.097425327582756E-004
   55713.4971380052       3.630130024578904E-004  3.100210247679933E-004
   55713.5175725518       1.987502148796949E-004  3.100435859744733E-004
   55713.5380068981       1.131649880110608E-004  3.099723115323803E-004
   55713.5584413444       3.091418506966370E-004  3.098893161031371E-004
   55713.5788758905       3.584341016327208E-005  3.099875555908128E-004
   55713.5993102366      -7.661680564208240E-005  3.099023243663328E-004
   55713.6197446823       1.706890942427819E-004  3.099815934701814E-004
   55713.6401792279       3.281528969498737E-004  3.098476828857739E-004
   55713.6606136736      -4.914723104055829E-004  3.099562883331836E-004
   55713.6810481190       1.584712964870505E-004  3.098429402898172E-004
   55713.7014825642       1.590154545547673E-004  3.100444328666084E-004
   55713.7219170091       2.771833117380940E-004  3.099297297958258E-004
   55952.7499611445       2.465703111420581E-005  3.153033175492436E-004
   55952.7703945506      -7.103442756173362E-004  3.152047547697490E-004
   55952.7908279573       1.054467663286207E-004  3.153609476739433E-004
   55952.8112613641       1.078233406537343E-005  3.152965749518726E-004
   55952.8316947715      -8.775958912610182E-005  3.153052258315185E-004
   55952.8521281792       3.979074592213028E-004  3.153367442937576E-004
   55952.8725615871       6.849203388248348E-005  3.152617169956525E-004
   55952.8929949955      -1.572100192595016E-004  3.152762199409411E-004
   55952.9134284044       4.714594787198489E-004  3.153429780158554E-004
   55952.9338619134      -8.218803848285550E-004  3.152646112237693E-004
   55952.9542952230      -8.540138868129432E-005  3.152662332637029E-004
   55952.9747286328       3.105447082702995E-004  3.153655911608121E-004
   55952.9951621430      -2.607304307566949E-005  3.153078338172941E-004
   55953.0155954535      -3.699296737957880E-004  3.152908183003436E-004
   55953.0360288644      -1.979545476109235E-003  3.151257200788667E-004
   55953.0564623756      -3.967682361875280E-003  3.150443954492546E-004
   55953.0768956872      -5.479865404603212E-003  3.148286005286766E-004
   55953.0973290993      -4.933432000047921E-003  3.149276085740354E-004
   55953.1177626117      -3.545197469918215E-003  3.150674538600754E-004
   55953.1381959242      -1.950753156987561E-003  3.152109248824376E-004
   55953.1586294373      -1.111455821221075E-004  3.152894188933420E-004
   55953.1790628508      -4.782200201147724E-005  3.153608204551250E-004
   55953.1994962645       4.071047879738998E-004  3.153968551854146E-004
   55953.2199296787      -1.124995189507594E-004  3.152653745366792E-004
   55953.2403630932       1.921894744607577E-004  3.153234817319476E-004
   55953.2607965081      -4.320282976564283E-004  3.153332457762538E-004
   55953.2812299234      -2.853881077623521E-004  3.153415468041493E-004
   55953.3016633388      -1.334932996752691E-004  3.153261533271324E-004
   55953.3220968549      -4.099020215594384E-004  3.153339136750500E-004
   55953.3425302712       1.029177619062960E-004  3.153611066974662E-004
   55953.3629635879      -2.193771582031934E-004  3.153802213249190E-004
   55953.3833971049       1.161438403565196E-004  3.153457132204493E-004
   55953.4038305221      -3.747668564385576E-004  3.153780268003030E-004
   56072.5966180649      -2.441038838509879E-004  3.126362695407227E-004
   56072.6170526926      -1.635338245224993E-004  3.126995645850851E-004
   56072.6374871203      -3.594873024549416E-004  3.126122386477306E-004
   56072.6579216478       9.809607645183682E-005  3.125589393594275E-004
   56072.6783562753      -8.103626285960175E-005  3.129110501362324E-004
   56072.6987907027      -3.753977804166198E-006  3.125696197563129E-004
   56072.7192253299       1.790121392664101E-004  3.125744122420948E-004
   56072.7396598570       1.165581399069637E-004  3.126610535386234E-004
   56072.7600942842       5.169690880824085E-005  3.125348057703115E-004
   56072.7805289111      -9.502377381198635E-005  3.125998808808215E-004
   56072.8009634380      -1.882121103602419E-004  3.125958414999482E-004
   56072.8213978647       9.497399148654662E-004  3.127399583938183E-004
   56072.8418324914       2.195662986768099E-004  3.126615327872016E-004
   56072.8622670180      -7.674381242728234E-004  3.124796921838196E-004
   56072.8827016445      -3.099711882097678E-003  3.123378003726339E-004
   56072.9031360709      -5.373723384951457E-003  3.120998876856036E-004
   56072.9235705971      -6.221864461153470E-003  3.120576453466402E-004
   56072.9440052233      -4.975841550683646E-003  3.121700291382259E-004
   56072.9644396494      -3.305717181110390E-003  3.123192123742084E-004
   56072.9848741755      -1.270091317512878E-003  3.123743259607003E-004
   56073.0053088014      -1.133344215176191E-004  3.125464446643533E-004
   56073.0257433272      -1.662786745547651E-004  3.125708863418410E-004
   56073.0461777529       4.742082258750724E-004  3.125640057015398E-004
   56073.0666123786      -2.398302883610537E-004  3.126197354647751E-004
   56073.0870469041      -2.854415784708797E-004  3.126399666011830E-004
   56073.1074814295      -4.437503391194753E-004  3.125856061195997E-004
   56073.1279159547       4.929505340949270E-004  3.126790938243882E-004
   56073.1483504800       3.801623061887582E-004  3.126052895433468E-004
   56073.1687851051      -3.713833733938188E-004  3.126136421614239E-004
   56073.1892195302      -7.261760407062390E-005  3.126166888130995E-004
   56073.2096540550      -2.348300150775140E-004  3.125779039103074E-004
   56073.2300886799      -5.745843761206793E-004  3.124617545941787E-004
   56073.2505231046      -2.718972037186740E-004  3.126059741841728E-004
   56192.4411543568      -5.392392953941227E-004  3.387926199428738E-004
   56192.4615873538       3.839632996722742E-004  3.388637401437500E-004
   56192.4820203503       4.358249036950923E-005  3.388560695880534E-004
   56192.5024533465       6.774840452081765E-004  3.389133381058270E-004
   56192.5228863423       8.256449902479535E-004  3.389089070566624E-004
   56192.5433193381      -1.797029922865345E-004  3.388336909279871E-004
   56192.5637524335      -3.562755008353902E-004  3.388338398708162E-004
   56192.5841853288       1.910679690779737E-004  3.388698467997414E-004
   56192.6046183237      -9.133518866721868E-005  3.388536120313739E-004
   56192.6250514183      -1.465907945266132E-004  3.388427764405598E-004
   56192.6454843127      -3.316121305738662E-004  3.388459042399701E-004
   56192.6659173067       4.224380558115470E-005  3.388541705669829E-004
   56192.6863504006       1.843835977890507E-004  3.388718202922265E-004
   56192.7272162876      -3.122109711054533E-003  3.385713281345979E-004
   56192.7476493806      -5.394689656666229E-003  3.381621821831700E-004
   56192.7680823734      -4.561601761172929E-003  3.382442869176893E-004
   56192.7885152659      -4.240537066786843E-003  3.384489343648178E-004
   56192.8089483580      -2.242869593250485E-003  3.386698538160211E-004
   56192.8293813501      -3.015012315605858E-004  3.388514523603526E-004
   56192.8498142417      -1.742202244116031E-004  3.388597186873654E-004
   56192.8702473333       1.808806616350189E-004  3.388971405731667E-004
   56192.8906803244      -5.189688061624231E-005  3.388680967215000E-004
   56192.9111134154      -1.517390085568060E-004  3.388884646533740E-004
   56192.9315463060      -1.033362895559442E-004  3.388729373634445E-004
   56192.9519792963      -4.501952460871372E-004  3.388429626190961E-004
   56192.9724123865      -2.907406489224273E-004  3.388557344666880E-004
   56192.9928452762      -3.611632603255366E-004  3.388599421016090E-004
   56193.0132782660       2.147045915901202E-005  3.388807940976774E-004
   56193.0337113553      -5.940565648557827E-004  3.388226319229294E-004
   56193.0541442443       2.214368807471612E-004  3.389026142221347E-004
   56193.0745772331      -2.609798271167030E-004  3.388749108559295E-004
   56193.0950103215       4.213187144208597E-005  3.388785227195342E-004
