   54980.6249191266      -1.073086932023015E-004  3.264000870875409E-004
   54980.6453535890      -7.154991590082593E-004  3.264436104806138E-004
   54980.6657880514      -5.484423995584242E-004  3.264408971902059E-004
   54980.6862225135      -4.622096152439026E-004  3.264578967852103E-004
   54980.7066569757       1.584940403507318E-004  3.264546574487029E-004
   54980.7270914379      -2.386809733779804E-004  3.264525532643050E-004
   54980.7475259998       4.640249213196945E-004  3.264632126194787E-004
   54980.7679603618      -7.202428551621454E-004  3.265157341695164E-004
   54980.7883948237      -2.412694589574160E-003  3.262532094792382E-004
   54980.8088292854      -3.121679754602646E-003  3.263278526520910E-004
   54980.8292637472      -1.781976949312702E-003  3.263046512504402E-004
   54980.8496982088      -1.785919024897886E-003  3.264283551437288E-004
   54980.8701326704      -1.651436152273478E-004  3.264335602314500E-004
   54980.8905670319      -8.053447507612166E-004  3.265159556626109E-004
   54980.9110015933      -3.950185032594034E-004  3.264184156411123E-004
   54980.9314360546      -1.556431775090350E-003  3.264455485451908E-004
   54980.9518705159       8.790628193284800E-004  3.264702173385929E-004
   54980.9723049771      -7.857778103260715E-004  3.264279952174502E-004
   54980.9927394382       9.099124833800154E-004  3.264805998273984E-004
   55017.5906310801       9.324017111020932E-004  3.122008057571977E-004
   55017.6110652671       4.351250315339783E-004  3.121716281973387E-004
   55017.6314994538      -1.744010403682550E-004  3.121351285121918E-004
   55017.6519336403      -2.274904179671022E-004  3.121266415033355E-004
   55017.6723678266      -3.919473268086948E-004  3.121177661999563E-004
   55017.6928020126       5.415991119406272E-005  3.121517697060278E-004
   55017.7132361986      -1.063677527459728E-004  3.121485246732298E-004
   55017.7336703842      -7.980886094250961E-004  3.121061728349173E-004
   55017.7541045695      -2.161086510535370E-003  3.120042732579952E-004
   55017.7745387549      -2.843765652269958E-003  3.119582603570388E-004
   55017.7949728397      -1.813369710493173E-003  3.120559719001789E-004
   55017.8154071244       5.533712899850052E-004  3.124069901488251E-004
   55017.8358413090       8.350672960995009E-004  3.124295112311497E-004
   55017.8562753932       2.083076299785880E-005  3.121947594567707E-004
   55017.8767096774       1.581646650539170E-006  3.123757324397366E-004
   55017.8971438613       5.782144942823031E-005  3.123956186663705E-004
   55017.9175780448       3.945866816765786E-004  3.124279580530584E-004
   55017.9380121282       2.480214394995350E-005  3.124044939697497E-004
   55017.9584464115      -1.247940787427737E-004  3.123944537828020E-004
   55036.0630351568      -2.671439029675593E-004  3.102851269934499E-004
   55036.0834691196       4.351426788473667E-005  3.102952503863668E-004
   55036.1039030821       5.345002312351355E-004  3.103329704257283E-004
   55036.1243370442       5.756855896876800E-005  3.103359103699726E-004
   55036.1447710062       6.182560273821913E-004  3.103521632692857E-004
   55036.1652049678       3.191350700180173E-004  3.103280335382236E-004
   55036.1856389292       2.528140177966431E-004  3.103442587022137E-004
   55036.2060727903      -1.644312967541639E-003  3.099624265096479E-004
   55036.2265068509      -2.374468468664404E-003  3.098846566637879E-004
   55036.2469407116      -2.673932919902144E-003  3.098694854420742E-004
   55036.2673746718      -2.164239017449665E-003  3.098977200009492E-004
   55036.2878087317       1.283955161810457E-004  3.103240119163799E-004
   55036.3082426915       2.359090072263648E-004  3.103572110980826E-004
   55036.3286765509       2.043323137388420E-004  3.101080646910355E-004
   55036.3491105102      -1.891163569277543E-004  3.101810917966522E-004
   55036.3695445690       6.649054515817099E-005  3.101159137874615E-004
   55036.3899784276       6.755517261147759E-005  3.100796359848991E-004
   55036.4104123861       8.007850571780661E-004  3.103819232709290E-004
   55036.4308464442       3.552371567674406E-004  3.102674595926608E-004
   55054.5352182693      -4.284823550370076E-004  3.107529941581475E-004
   55054.5556519715      -7.283008904437338E-004  3.107243435694266E-004
   55054.5760855735       8.620881311061090E-005  3.107989793237809E-004
   55054.5965193752       4.123429895019903E-004  3.108250505274571E-004
   55054.6169530767       1.618041908220125E-004  3.108173678429695E-004
   55054.6373866778      -4.128431974413926E-004  3.107597061063280E-004
   55054.6578204786      -7.561718362991687E-005  3.107790653618238E-004
   55054.6782541792      -4.962507524146620E-004  3.107319985185912E-004
   55054.6986878793      -2.502665120108660E-003  3.105914081660005E-004
   55054.7191214792      -2.733031776065209E-003  3.105399868770475E-004
   55054.7395552788      -2.396578501474123E-003  3.105838641581282E-004
   55054.7599889783      -6.366413096061674E-004  3.107280878380397E-004
   55054.7804225772      -5.020835765126019E-004  3.107460880627056E-004
   55054.8008563759      -1.127398584095385E-004  3.107723256783203E-004
   55054.8212900742       1.750716472577185E-004  3.107906032562168E-004
   55054.8417236724       1.349099917424823E-004  3.107814505996070E-004
   55054.8621573702       3.278499494330234E-006  3.107726307668739E-004
   55054.8825911678      -1.809656461648768E-005  3.107461157980286E-004
   55054.9030247649      -3.256785451034583E-004  3.106951937448907E-004
   55073.0275911561       2.118151832211090E-004  3.079238802647448E-004
   55073.0480245822       1.033445654097243E-005  3.079279850925577E-004
   55073.0684581080       4.281237820686901E-004  3.079138123424740E-004
   55073.0888914337      -1.712811121116209E-004  3.078938706451940E-004
   55073.1093248590       2.595088772474607E-004  3.079360283362450E-004
   55073.1297581839       5.310280992845140E-004  3.079187492299787E-004
   55073.1501917086       1.349366172154198E-004  3.079054085395868E-004
   55073.1706251328      -2.527220700153321E-003  3.077390798071966E-004
   55073.1910585570      -2.436246659047958E-003  3.076707677065001E-004
   55073.2114919808      -2.781926644987665E-003  3.076536272768490E-004
   55073.2319254041      -2.011775949290029E-003  3.077203307288081E-004
   55073.2523588274       5.536705876523218E-004  3.079240744120062E-004
   55073.2727921502      -2.516634717597555E-004  3.078301626081254E-004
   55073.2932256728       1.600335922116169E-004  3.078985024441450E-004
   55073.3136590949      -1.712540547267327E-004  3.078439193283630E-004
   55073.3340924168      -4.903496328383383E-004  3.077968802204534E-004
   55073.3545259384       4.820043380213690E-004  3.078991680918984E-004
   55073.3749593596      -2.004159319728416E-004  3.078214814520076E-004
   55109.9707677949       4.006535830132218E-004  3.812367038368609E-004
   55109.9912007211      -1.878647126758448E-004  3.812712231532564E-004
   55110.0116337468       2.841584349528858E-004  3.812858252329499E-004
   55110.0320665725       3.260090020689166E-004  3.813103567268350E-004
   55110.0524994980      -3.617142625886860E-004  3.812334037668502E-004
   55110.0729325233      -1.126619578707411E-004  3.812515103456702E-004
   55110.0933653483      -1.650303576731238E-004  3.812206999575168E-004
   55110.1137982731       2.616866843108134E-004  3.812063607152578E-004
   55110.1342311976      -1.668984831015630E-003  3.811400088651305E-004
   55110.1546641220      -2.984306213779209E-003  3.810680498164009E-004
   55110.1750970461      -2.145255687929004E-003  3.811233040859611E-004
   55110.1955299699      -9.925391802572125E-004  3.811143676131887E-004
   55110.2159628935      -2.795832214526062E-004  3.812731506277760E-004
   55110.2363958169       2.973217268853467E-005  3.812459031470679E-004
   55110.2568287401       1.433736299144783E-003  3.813167816419002E-004
   55110.2772617630       8.621276934261957E-005  3.812720992780380E-004
   55110.2976945860      -7.376785854551482E-005  3.812822623255047E-004
   55110.3181275084       3.049565739912108E-004  3.812051633447230E-004
   55110.3385603306      -1.757542074531937E-005  3.812729169945009E-004
   55128.4624797865      -2.246889638699567E-004  3.816731307947407E-004
   55128.4829125404       5.780951215819119E-004  3.816070709862073E-004
   55128.5033452940       2.365169293940816E-004  3.817216681076419E-004
   55128.5237780477      -5.439786320546869E-004  3.816384654575483E-004
   55128.5442108011       3.075965213628074E-005  3.816919382733859E-004
   55128.5646434543      -1.136315807243049E-004  3.817122059600006E-004
   55128.5850763075       4.497645697258967E-004  3.817082926026427E-004
   55128.6055090605      -1.174284428212213E-003  3.816262873230839E-004
   55128.6259417133      -1.816966725279756E-003  3.815564017696708E-004
   55128.6463744660      -3.006710785255717E-003  3.814601448603311E-004
   55128.6668073185      -1.519008410190037E-003  3.816415610984433E-004
   55128.6872399709      -3.133517730790070E-004  3.816570977112372E-004
   55128.7076727232      -1.034094732483837E-004  3.816514905126349E-004
   55128.7281055753       4.666870790817068E-004  3.817655327550413E-004
   55128.7485382272      -6.588537106708703E-004  3.816733352238564E-004
   55128.7689709791      -1.172820846528921E-005  3.817030650581124E-004
   55128.7894037307      -7.630622375490725E-004  3.816227828239575E-004
   55128.8098364823      -2.130685219525752E-004  3.816469346637706E-004
   55146.9336397671      -2.585398067559419E-004  3.837664265312840E-004
   55146.9540724321      -1.056351541982248E-003  3.836497559145329E-004
   55146.9745049969      -3.923954530010709E-004  3.836434186119459E-004
   55146.9949377616       6.573259630673345E-004  3.837087483164947E-004
   55147.0153703265       6.034470884250798E-004  3.836855894181008E-004
   55147.0358029912       2.020547114673921E-004  3.836986728815062E-004
   55147.0562357558      -2.592454383942844E-005  3.837168962769637E-004
   55147.0766683204      -1.508158254229008E-003  3.836614959866065E-004
   55147.0971009850      -2.893283578496275E-003  3.834857453554153E-004
   55147.1175337495      -2.587301069036485E-003  3.836419291998172E-004
   55147.1379663140      -3.104379783910871E-003  3.835158548437434E-004
   55147.1583989783      -4.645489490470167E-004  3.837508023060120E-004
   55147.1788316428      -4.186406396229359E-004  3.836985560648686E-004
   55147.1992643071       4.491977065144148E-004  3.838604347203509E-004
   55147.2196969714      -2.191462217799867E-004  3.837404056252702E-004
   55147.2401296357       1.085222886221260E-004  3.837988723523631E-004
   55147.2605622998       7.886591231498485E-005  3.838131823904627E-004
   55147.2809949640       5.098002739918339E-004  3.837314983566572E-004
   55147.3014276281       1.821491382425489E-004  3.838161028064014E-004
   55165.4047659626      -8.027432333468365E-005  3.850767587546612E-004
   55165.4251986360      -8.426414650808400E-005  3.850628283706336E-004
   55165.4456312096      -6.709550523342767E-004  3.850341498861155E-004
   55165.4660639832       2.739883482714145E-004  3.850553813099899E-004
   55165.4864966568       1.629462334000742E-004  3.850165689821646E-004
   55165.5069292305       8.773100844483572E-004  3.851130011164605E-004
   55165.5273620043       2.820046406870613E-004  3.850816358492788E-004
   55165.5477946782       5.215079407305812E-004  3.851451841001050E-004
   55165.5682272521      -2.446455980938400E-003  3.848942035543329E-004
   55165.5886599261      -3.061354263608540E-003  3.849339504152587E-004
   55165.6090927002      -3.160717682767822E-003  3.848745491550654E-004
   55165.6295252743      -2.835353184414968E-004  3.850681143234827E-004
   55165.6499579485       4.733663360867446E-005  3.851109568253034E-004
   55165.6703907228      -2.762238450327859E-004  3.851021663733279E-004
   55165.6908233971      -4.464653990763345E-004  3.850546512060053E-004
   55165.7112559715      -4.209609556617977E-004  3.849983747908664E-004
   55165.7316887459       1.069782641199613E-003  3.850963839497693E-004
   55165.7521214205      -4.877221775789753E-004  3.850807305203378E-004
   55165.7725539951      -5.208378740870767E-004  3.850038943769906E-004
   55202.3676988999      -5.642452270808729E-004  3.290707329591650E-004
   55202.3881318799       3.512112240677823E-005  3.291074375499389E-004
   55202.4085649602       3.408175063268626E-004  3.291375379455270E-004
   55202.4289978408      -5.124658662913895E-005  3.290862567645819E-004
   55202.4494308216       3.195104332507359E-004  3.291383009800305E-004
   55202.4698639026      -1.777950662051886E-005  3.290865198799279E-004
   55202.4902967838      -1.932946226020915E-004  3.290810733922647E-004
   55202.5107297655      -7.975793210701632E-004  3.290562089920630E-004
   55202.5311628473      -1.729248796056959E-003  3.290011652616695E-004
   55202.5515958294      -3.119734975556621E-003  3.289078908714949E-004
   55202.5720287118      -2.538293953202597E-003  3.289870359675866E-004
   55202.5924617943      -5.638555287047486E-004  3.291262766087160E-004
   55202.6128947772      -1.840213895519804E-004  3.291456945212545E-004
   55202.6537606438       2.026021735890282E-005  3.291549824929700E-004
   55202.6741937275      -4.758567821895321E-004  3.291637968570627E-004
   55202.6946266114      -5.339289355988930E-004  3.291193566751149E-004
   55202.7150595956      -7.340592798854573E-005  3.291105159994876E-004
   55202.7354926800      -5.691413347322927E-004  3.291183568368000E-004
   55220.8392267052      -5.078529052793268E-005  3.312540641006843E-004
   55220.8596599477       1.405551772857283E-004  3.312891110647781E-004
   55220.8800931905      -2.892381137866717E-004  3.312912422990811E-004
   55220.9005264337      -3.765674758571258E-005  3.313008460092119E-004
   55220.9209596771       2.786906951122159E-004  3.313070818429133E-004
   55220.9413929209       8.437934648746204E-004  3.313959885183435E-004
   55220.9618261650       5.012448648396006E-004  3.313138175957722E-004
   55220.9822593095      -4.283722729575556E-004  3.312229375552466E-004
   55221.0026926542      -1.927604459522225E-003  3.312031775927583E-004
   55221.0231258992      -1.718734899064267E-003  3.312001517662788E-004
   55221.0435590446      -2.928432095866351E-003  3.310772242766044E-004
   55221.0639922902      -1.286645390102592E-003  3.312471967901524E-004
   55221.0844256362       2.775458706951728E-004  3.312951100946680E-004
   55221.1048587825      -3.201488159563226E-004  3.313293940242583E-004
   55221.1252920291       6.360528658757580E-004  3.313522324362954E-004
   55221.1457253761       4.416809690357404E-004  3.313221057291728E-004
   55221.1661586234      -6.339814540579081E-005  3.313029246204457E-004
   55221.1865917709      -5.855050588227106E-004  3.312414345640739E-004
   55221.2070251189       5.141644750337182E-004  3.313130545612686E-004
   55239.3110109110      -7.247086150868887E-004  3.315347029287808E-004
   55239.3314443489       4.600031534003346E-004  3.316279510074207E-004
   55239.3518779869       5.333793310193791E-004  3.316473426084246E-004
   55239.3723115255       2.554420108626942E-004  3.316323976567690E-004
   55239.3927449644       3.196854924711889E-004  3.316071648950828E-004
   55239.4131786035       3.772515695548151E-004  3.316162949975908E-004
   55239.4336121429       3.991631800728257E-004  3.316455008010023E-004
   55239.4540455828       2.705788946746335E-004  3.316400543133391E-004
   55239.4744792229      -2.131802609724121E-003  3.314568734094193E-004
   55239.4949127634      -2.833270090465745E-003  3.314403234541528E-004
   55239.5153462043      -2.706445507693722E-003  3.314405865694989E-004
   55239.5357798454      -1.205666107783165E-003  3.315065232752189E-004
   55239.5562133869      -3.931698683676821E-004  3.315839844330958E-004
   55239.5766468287       3.358817329273123E-004  3.316245831309913E-004
   55239.5970804709       3.134997125309180E-004  3.316080857987940E-004
   55239.6175140134       8.484102265653437E-004  3.317354599378166E-004
   55239.6379475562       1.152846829874932E-004  3.316452903087254E-004
   55239.6583809993       3.189792371680600E-004  3.316283983035090E-004
   55239.6788146428      -5.881507109014583E-004  3.315985084001978E-004
   55257.8034961860      -4.168465740627125E-004  3.317662707448390E-004
   55257.8239301182       2.470097964994977E-004  3.317724539554712E-004
   55257.8443639505      -4.860798599042315E-004  3.317291188579768E-004
   55257.8647976831      -1.085404639498133E-004  3.317731117438363E-004
   55257.8852316162      -2.190206827094032E-004  3.316849681029097E-004
   55257.9056654495       2.949033595081030E-004  3.317850834920815E-004
   55257.9260992831       1.611069604121607E-004  3.317344074764324E-004
   55257.9465330170       3.584656278197151E-004  3.318777527169602E-004
   55257.9669669512      -3.103175742224185E-003  3.315236520842467E-004
   55257.9874006858      -2.290213468951197E-003  3.316064807951831E-004
   55258.0078345206      -1.646356348587119E-003  3.316112958060158E-004
   55258.0282684559       8.099073573841764E-005  3.318314444160555E-004
   55258.0487021913      -6.499538390712933E-004  3.317310132884683E-004
   55258.0691360271       2.471136903874349E-004  3.317811367618908E-004
   55258.0895699632      -5.997277360287878E-004  3.316710493011037E-004
   55258.1100036997       1.587200701325120E-004  3.317780583123420E-004
   55258.1304375363       2.355719836568682E-004  3.317363808415278E-004
   55258.1508714735       1.071960740277600E-004  3.317465370938853E-004
   55276.2757799224       1.710257389355707E-004  3.258797873415562E-004
   55276.2962139161      -3.060619300240264E-004  3.257268822814778E-004
   55276.3166480102       4.010881745808437E-004  3.259379736765905E-004
   55276.3370822044      -4.204582065762130E-004  3.258248366534795E-004
   55276.3575161989      -7.242185855296235E-004  3.257673416960002E-004
   55276.3779502936      -2.793625075568906E-004  3.259241737805914E-004
   55276.3983844888      -7.928652899753530E-004  3.259190852417861E-004
   55276.4188184840      -1.806079631162194E-003  3.257172859610135E-004
   55276.4392525796      -2.789023184518902E-003  3.256154598747034E-004
   55276.4596867754      -2.874096044681362E-003  3.258608989067518E-004
   55276.4801207715      -1.885716440141905E-003  3.259075530641676E-004
   55276.5005548678      -7.044385395783559E-004  3.257258037324919E-004
   55276.5209889645      -9.093341074828398E-005  3.259402690500733E-004
   55276.5414230613       1.875688834087619E-004  3.260884450876751E-004
   55276.5618571585       6.140568230852406E-004  3.259940305687553E-004
   55276.5822912559       5.809455490979332E-004  3.260104576994636E-004
   55276.6027253535      -3.386919735330896E-004  3.259312534867553E-004
   55276.6231594514       4.102261820473352E-004  3.258814743027905E-004
   55276.6435934496       4.055269231968417E-004  3.259589362440601E-004
   55294.7482981325      -3.826743166691626E-004  3.258008873349721E-004
   55294.7687325319       3.891404738616266E-004  3.258984821906451E-004
   55294.7891668315      -4.318742159071798E-004  3.258045101533606E-004
   55294.8096010313      -8.101955679036266E-004  3.258046760839738E-004
   55294.8300354312      -2.728015996874555E-004  3.258458268760514E-004
   55294.8504696314      -5.697674223456017E-004  3.258729841864143E-004
   55294.8709039317      -6.985892962069196E-004  3.258414573699033E-004
   55294.8913383323      -6.660979713416504E-004  3.257918164614496E-004
   55294.9117725330      -2.527430822521048E-003  3.257113677691421E-004
   55294.9322068339      -2.579710073297381E-003  3.257120314915950E-004
   55294.9526412350      -2.157989758744483E-003  3.257126952140478E-004
   55294.9730754363      -1.373721104186432E-004  3.258307548453509E-004
   55294.9935097378       3.158729130676718E-004  3.258048696696892E-004
   55295.0139441395      -4.699175010752787E-004  3.257623084673994E-004
   55295.0343783413      -1.838779562305382E-004  3.257947479022830E-004
   55295.0548126434       2.149483255182716E-004  3.258117557901377E-004
   55295.0752470456      -7.933621690455750E-004  3.258156551595483E-004
   55295.0956812480      -9.193113539521791E-004  3.257601237143254E-004
   55295.1161155506       7.571732548949939E-004  3.259229293009923E-004
   55313.2209686290      -4.303595410574124E-004  3.259593787256954E-004
   55313.2414031625       4.465733331597832E-004  3.258716290864064E-004
   55313.2618375962       2.136182755783089E-004  3.259675093257430E-004
   55313.2822721299       5.396523047602741E-004  3.259489250970628E-004
   55313.3027064638       2.089770345798936E-004  3.260153249974513E-004
   55313.3435754318      -7.397697635735945E-005  3.259264968091764E-004
   55313.3640097660       5.790786442962936E-004  3.260335773649051E-004
   55313.3844442003      -1.363087123325446E-003  3.258433932270575E-004
   55313.4048787347      -2.778322234674779E-003  3.257152671385527E-004
   55313.4253131691      -2.869722152111120E-003  3.257264951100470E-004
   55313.4457475037      -5.217041409742995E-004  3.258749753537729E-004
   55313.4661820384      -1.994479491684853E-005  3.258990352926892E-004
   55313.4866164732       8.370453509478626E-004  3.260300375118231E-004
   55313.5070508081      -7.144128262751570E-004  3.258891071109985E-004
   55313.5274853431      -1.880355207667384E-004  3.258461034270734E-004
   55313.5479197782       3.697972792093829E-005  3.258941126844971E-004
   55313.5683541135       5.011037735760393E-004  3.259313087969597E-004
   55313.5887886488      -4.873481787637246E-005  3.258983162600319E-004
   55331.7141647690      -7.629469559393698E-004  3.247821839902357E-004
   55331.7345991576      -2.116636754809775E-004  3.248196566537202E-004
   55331.7550336463       3.301395980830346E-004  3.249565770647255E-004
   55331.7754682349      -5.787063976725459E-005  3.249055534011617E-004
   55331.7959027236       1.643111468065950E-004  3.249691601362277E-004
   55331.8163371123       1.983314283220405E-004  3.248408681171097E-004
   55331.8367717010       5.576873832393581E-004  3.249354762217449E-004
   55331.8572061897      -1.251662604249804E-003  3.247486383512639E-004
   55331.8776405784      -2.704372281583711E-003  3.246961489672832E-004
   55331.8980751672      -2.841426710986750E-003  3.247006844040445E-004
   55331.9185096559      -1.455725476417258E-003  3.247686606452586E-004
   55331.9389440447      -4.399571181652462E-004  3.248737223785264E-004
   55331.9593786335      -2.247400733336180E-004  3.248978376276471E-004
   55331.9798130223      -8.710809480838577E-006  3.249306642339616E-004
   55332.0002475111      -2.690341702283883E-004  3.248522343641150E-004
   55332.0206821000       5.024568961697895E-005  3.247929141698903E-004
   55332.0411164888       2.287052361371611E-004  3.248368857823925E-004
   55332.0615509777       9.679427516307015E-005  3.248421955620154E-004
   55350.1869401406       7.536563880998770E-004  3.251410642515193E-004
   55350.2073746044       9.730937697094433E-005  3.251395708760003E-004
   55350.2278090680      -6.406101162678146E-004  3.250353111406964E-004
   55350.2686779950      -3.364064922473098E-004  3.250730050449986E-004
   55350.2891124585      -4.763643691715336E-004  3.250827119858718E-004
   55350.3095469218      -1.379223522792739E-004  3.250947972655343E-004
   55350.3299814852      -1.338643403176243E-003  3.250385744427563E-004
   55350.3504158483      -2.294923632905732E-003  3.249321299543784E-004
   55350.3708503115      -2.755555475206894E-003  3.248480860987845E-004
   55350.3912848745      -1.391399286500783E-003  3.249565770647255E-004
   55350.4117192375       3.533360911840422E-004  3.250816887470902E-004
   55350.4321537004       6.610844536825145E-004  3.250902341736708E-004
   55350.4525882632       7.939411252388950E-005  3.251211249228312E-004
   55350.4730226261       6.214632176715362E-005  3.250689674000770E-004
   55350.4934570887      -5.224401877176321E-004  3.250407315407281E-004
   55350.5138916513       2.543106009937901E-004  3.250629385877969E-004
   55350.5343260139       8.615439384649370E-004  3.251307765534999E-004
   55350.5547605764       5.199980614629673E-004  3.251415620433589E-004
   55368.6596584862      -7.584546828270922E-004  3.244528946883089E-004
   55368.6800927497       7.228291990668545E-005  3.245075964804657E-004
   55368.7005272131       1.252224464798335E-004  3.245432439072049E-004
   55368.7209615763      -4.468797443655248E-004  3.244249077248798E-004
   55368.7413958393      -4.634887602283921E-004  3.244081763880472E-004
   55368.7618303023      -6.700289912358048E-004  3.243887901614032E-004
   55368.7822646651      -2.510700437012847E-004  3.244549964760762E-004
   55368.8026991278      -1.521744596545416E-003  3.242929652322710E-004
   55368.8231333901      -2.006755255831938E-003  3.243079266425626E-004
   55368.8435677526      -2.081562126706515E-003  3.242804374709732E-004
   55368.8640022147      -1.893461699707388E-003  3.244511524168701E-004
   55368.8844364767      -4.962645180457415E-004  3.244159474717661E-004
   55368.9048708386       5.914038742282912E-005  3.244321257065547E-004
   55368.9253052004       2.785934105680177E-004  3.244587022597714E-004
   55368.9457395620      -2.363430865540694E-004  3.244532265495353E-004
   55368.9661739233       1.271386269354746E-004  3.244648970026648E-004
   55368.9866082847      -9.006230721264608E-005  3.243858310654675E-004
   55369.0070426458      -3.252089624655730E-004  3.244534477903529E-004
   55369.0274770067      -3.537726196309876E-004  3.244328447392119E-004
   55387.1322294426       2.146832869827087E-004  3.268880358299766E-004
   55387.1526637398       4.622727625502865E-004  3.268685142744961E-004
   55387.1730979367       2.437305372755549E-004  3.268868311337057E-004
   55387.1935320335       2.176701161633599E-004  3.268763995591783E-004
   55387.2139663300       7.605532579058050E-005  3.269026838414522E-004
   55387.2344005263       1.563415103880139E-004  3.268920058517784E-004
   55387.2548346226      -1.831914658750877E-004  3.269179889599846E-004
   55387.2752689184      -2.222776852945918E-004  3.268869406515485E-004
   55387.2957031140      -1.803740326445813E-003  3.267764371481551E-004
   55387.3161372095      -2.531318315485920E-003  3.266992818278968E-004
   55387.3365715047      -2.867179216778926E-003  3.267175986871064E-004
   55387.3570056998      -1.609364907586230E-003  3.267868413432218E-004
   55387.3774397944      -1.946259779586068E-004  3.268904452225184E-004
   55387.3978740891      -3.825105898858094E-004  3.268803422015193E-004
   55387.4183081835      -1.871100461515729E-004  3.269219863612472E-004
   55387.4387423777      -1.878925085243566E-004  3.269036421225768E-004
   55387.4591766716      -7.159405863443880E-004  3.268804243399014E-004
   55387.4796108653      -4.271803528115292E-004  3.268812457237225E-004
   55387.5000450588      -1.138595500431716E-004  3.269395365955572E-004
   55405.6250851640      -5.025870005420652E-004  3.275129993999614E-004
   55405.6455191414       6.236485087758314E-004  3.275148064443677E-004
   55405.6659531184      -1.031903681769641E-004  3.274911779697818E-004
   55405.6863870951      -2.304676110429504E-004  3.275375040172897E-004
   55405.7068210716      -1.654132684900667E-004  3.275226917290499E-004
   55405.7272550478      -1.843221030611852E-004  3.275122053956010E-004
   55405.7476890238       1.577455544190531E-004  3.275333423392630E-004
   55405.7681230996      -1.535081479634659E-003  3.274688910887704E-004
   55405.7885570750      -2.270569524394195E-003  3.273502285060878E-004
   55405.8089909503      -2.935215782487122E-003  3.273604684243903E-004
   55405.8294250251      -1.333868966325369E-003  3.274931219114917E-004
   55405.8498589998      -1.231018864660260E-004  3.275084817889456E-004
   55405.8702928742       7.958807111796418E-004  3.275663619688696E-004
   55405.8907269483       4.894497146279431E-004  3.275498795335270E-004
   55405.9111609222       3.132907027294518E-004  3.275325757143633E-004
   55405.9315947957       1.325806805740903E-004  3.275342184820055E-004
   55405.9520288689      -5.039819752079566E-004  3.275150528595140E-004
   55405.9724628422       2.068286417169496E-004  3.275654584466665E-004
   55424.0972901683       1.080632404899529E-004  3.275611598713363E-004
   55424.1177238894      -1.096534367045487E-004  3.275260320232555E-004
   55424.1381577100      -2.000928656100687E-004  3.275350672452872E-004
   55424.1585913303      -3.625572517584885E-005  3.275536305196432E-004
   55424.1790250502       1.953778978469600E-004  3.275491676675488E-004
   55424.1994588701       1.510805675983828E-004  3.275543150061608E-004
   55424.2198924896       7.404715111736238E-005  3.275092484138452E-004
   55424.2403263088      -5.417859862681951E-004  3.274935873623236E-004
   55424.2607600276      -1.825384763618043E-003  3.273997579504977E-004
   55424.2811936461      -2.706490149026020E-003  3.273234513935212E-004
   55424.3016274643      -2.853441268293344E-003  3.273512963050551E-004
   55424.3220611824       2.484162326807926E-004  3.275660881742627E-004
   55424.3424948000      -1.317833087385312E-004  3.275218977246896E-004
   55424.3629286175      -4.210311569670111E-004  3.274503278144144E-004
   55424.3833623347      -1.848263738757350E-005  3.274988715982391E-004
   55424.4037959513      -2.372189408241798E-004  3.275142588551537E-004
   55424.4242297677      -1.596930314681222E-004  3.274977490403504E-004
   55424.4446634839      -1.861618417930977E-005  3.275767387844757E-004
   55424.4650971998       1.973723238382075E-004  3.275455261992754E-004
   55442.5692322224       6.988144740003310E-004  3.273309807452142E-004
   55442.5896656697       5.795807452839696E-004  3.273742402931234E-004
   55442.6100990174       8.558405406100533E-005  3.273463953815895E-004
   55442.6305325644       1.607117235347122E-004  3.273512963050551E-004
   55442.6509660115       2.868743231223547E-004  3.274073146816515E-004
   55442.6713993580      -5.084703982971561E-004  3.273336913118237E-004
   55442.7122663505      -2.123558064522912E-004  3.273529390726973E-004
   55442.7326996961      -2.980098963137223E-003  3.271682098513406E-004
   55442.7531332415      -2.599950978012244E-003  3.271725631855922E-004
   55442.7735666867      -2.307356064135790E-003  3.271906062501948E-004
   55442.7940001314      -7.535533639057013E-004  3.272553039158338E-004
   55442.8144335759       4.723973156892658E-004  3.273623302277180E-004
   55442.8348670201       2.485067038264788E-004  3.273693393696578E-004
   55442.8553005641       3.392283522414274E-004  3.273389481682785E-004
   55442.8757340076      -4.524790445914473E-005  3.273103640113056E-004
   55442.8961673509      -3.215237385771896E-004  3.273144709304109E-004
   55442.9166008940       4.031723189346081E-004  3.273840421400547E-004
   55442.9370343366      -2.355275635335108E-005  3.273262714779735E-004
   55461.0409501279       8.163829480212215E-006  3.272925399823885E-004
   55461.0613833090      -1.738752676856414E-004  3.273104187702270E-004
   55461.0818164899      -1.811856911694276E-004  3.272720053868620E-004
   55461.1022496704       3.070848055108932E-004  3.272953326873802E-004
   55461.1226829508       5.369582664793704E-005  3.272888437551938E-004
   55461.1431160308       4.668457022547479E-004  3.272938541965023E-004
   55461.1635492105      -2.619230745658507E-004  3.272560157818121E-004
   55461.1839824901      -1.018131799374045E-004  3.273057916413684E-004
   55461.2044155691      -1.828158301433791E-003  3.271490442288491E-004
   55461.2248488479      -2.846477634528388E-003  3.270422369526505E-004
   55461.2452820265      -2.752804230311212E-003  3.270885356206977E-004
   55461.2657151048      -2.666170292360159E-003  3.270974339454258E-004
   55461.2861483829       3.446726334432881E-005  3.273163874926601E-004
   55461.3065815606      -2.177448990572373E-004  3.272151108675232E-004
   55461.3270146380      -9.470438824222827E-004  3.272038031502533E-004
   55461.3474479152      -8.010208063968793E-005  3.272124003009137E-004
   55461.3678810921      -1.091978790087600E-004  3.272775360379239E-004
   55461.3883141688      -3.181618843506318E-005  3.273370863649508E-004
   55461.4087474451      -6.345914487095872E-004  3.272955791025265E-004
   55479.5328946030       4.529485690498714E-004  3.889392228754493E-004
   55479.5533275490       4.096185392099549E-005  3.889295663517730E-004
   55479.5737603948       8.818335642879482E-005  3.888095195683078E-004
   55479.5941934403       9.042212470462552E-004  3.889754498338370E-004
   55479.6146263856      -3.216713770324287E-004  3.888832630208537E-004
   55479.6350593306      -4.985134756555487E-004  3.889589557716571E-004
   55479.6759252202      -9.934059786897986E-005  3.890515024550880E-004
   55479.6963580646      -2.549351526698551E-003  3.888630802865863E-004
   55479.7167911087      -2.872452563073780E-003  3.888617307724080E-004
   55479.7372240526      -1.829718501255129E-003  3.888710274256366E-004
   55479.7576569962      -4.421072539348980E-004  3.890492232755868E-004
   55479.7780899397       3.535630765938436E-006  3.889852862927370E-004
   55479.7985228828       1.519562675731390E-004  3.890580401015520E-004
   55479.8189559258      -6.119735879116517E-004  3.889721810106050E-004
   55479.8393887685      -2.646525993446058E-004  3.890604992162770E-004
   55479.8598217110       7.968172135144336E-004  3.891244661883309E-004
   55479.8802547535       4.138661010011369E-005  3.890022901713842E-004
   55479.9006875955       3.397119832571072E-004  3.890827811948218E-004
   55498.0041961337      -2.432053144850732E-004  3.901627224187458E-004
   55498.0246288023       2.366951751398005E-004  3.902591077202840E-004
   55498.0450615709       8.757877305076711E-005  3.902141539035430E-004
   55498.0654944390       2.520656865050430E-004  3.903231946491537E-004
   55498.0859271073       4.598651668497045E-004  3.901821554229141E-004
   55498.1063598752       3.547235538372551E-004  3.904160112354202E-004
   55498.1267927430      -4.620213501762560E-004  3.901154894225036E-004
   55498.1472255107      -3.742530918403597E-004  3.901392108828385E-004
   55498.1676581781      -2.422775092387863E-003  3.899686322906950E-004
   55498.1880910454      -2.827412031669252E-003  3.899016364090409E-004
   55498.2085237126      -2.333026584761644E-003  3.900248620481263E-004
   55498.2289565798      -2.117987036143187E-005  3.900829811254073E-004
   55498.2493893467       3.284003722507922E-004  3.902888869998196E-004
   55498.2698221134       2.582557211989744E-004  3.902715832291328E-004
   55498.2902548799       5.757614574006809E-004  3.903590617370939E-004
   55498.3106876463       5.504955112314303E-004  3.902449528160133E-004
   55498.3311203126       8.712189770017087E-004  3.904743102479250E-004
   55498.3515531788       5.920200579476731E-004  3.903365698341213E-004
   55498.3719859446      -1.251142470666267E-004  3.904362539480955E-004
   55516.4753722577       2.127822287312231E-004  3.924888050349588E-004
   55516.4958049289       1.812636635629694E-004  3.923920298737690E-004
   55516.5162376002      -6.914131243063171E-005  3.924501489510500E-004
   55516.5366703713       5.006028566845178E-004  3.923839027994950E-004
   55516.5571029424       8.385368249750336E-004  3.925646477317820E-004
   55516.5775356135       1.642746206971246E-004  3.924724909080027E-004
   55516.6184010554       6.025217548621953E-005  3.925053590755465E-004
   55516.6388336263      -1.771864831732750E-003  3.922482916191727E-004
   55516.6592663971      -2.239087866568235E-003  3.923523841461295E-004
   55516.6796990678      -1.439591627165338E-003  3.923190361513222E-004
   55516.7001317386      -1.047198236898694E-003  3.924537776447296E-004
   55516.7205644093       1.878905219989679E-004  3.923824633177047E-004
   55516.7409970798       6.576075036195395E-004  3.925952966982326E-004
   55516.7614298504       1.170632914819780E-004  3.925525620825849E-004
   55516.7818624209      -1.845683086230121E-004  3.924267573719586E-004
   55516.8022950913       5.280726195537877E-004  3.926497570926300E-004
   55516.8227278616      -8.278228486625627E-004  3.923774551206428E-004
   55516.8431604321      -6.761630848011180E-004  3.923948188697377E-004
   55534.9669358995      -1.750591493462350E-004  3.926410902126847E-004
   55534.9873685690       3.804242740335084E-005  3.926602533140172E-004
   55535.0078012386      -1.357915630103568E-004  3.926653214894870E-004
   55535.0282339082       1.046144271277250E-004  3.927033178109086E-004
   55535.0486665779       2.775153366469940E-004  3.926891629066379E-004
   55535.0690992476       8.774002400180336E-005  3.925950567846009E-004
   55535.0895319174       6.744551924660058E-004  3.927205316139835E-004
   55535.1099645873      -2.086981505677543E-003  3.924156613664921E-004
   55535.1303973571      -2.372425570082437E-003  3.924595355718906E-004
   55535.1508299271      -1.688226133385151E-003  3.925795823553558E-004
   55535.1712625971      -2.385433603089959E-003  3.925062287624614E-004
   55535.1916953671      -3.002370481167693E-004  3.926031538696710E-004
   55535.2121279373      -3.898789330657459E-004  3.926576742424763E-004
   55535.2325607074      -1.743727123940664E-004  3.926641818997364E-004
   55535.2529933777      -4.332438639987890E-004  3.926682604314754E-004
   55535.2734259479      -1.704077421189609E-004  3.926595035839181E-004
   55535.2938587182       5.869696323874685E-004  3.927372655897950E-004
   55535.3142913886       2.585017530376543E-004  3.926172487955338E-004
   55571.9094032007       1.268147070081715E-003  3.829594310195997E-004
   55571.9298362561      -3.435221431922209E-004  3.828976125928441E-004
   55571.9502692117      -1.374568157138212E-003  3.828538353178300E-004
   55571.9707021676      -2.518736032620650E-004  3.829443643946687E-004
   55571.9911351237      -9.957639143864938E-004  3.829003607969624E-004
   55572.0115680800      -6.460058495847409E-004  3.830102566298819E-004
   55572.0320010366      -2.065390554824020E-004  3.829403229180241E-004
   55572.0524339935       5.059463774663708E-004  3.830294293950838E-004
   55572.0728669507      -1.954622394808148E-003  3.828542232995879E-004
   55572.0932999080      -2.130978423093399E-003  3.828015224441425E-004
   55572.1137328657      -2.385189909467567E-003  3.828756269598976E-004
   55572.1341658235      -1.209846010430171E-003  3.829896935967143E-004
   55572.1545987816      -1.447613395804126E-004  3.830705231296059E-004
   55572.1750317401      -5.031800064941860E-004  3.830051805352163E-004
   55572.1954647986       1.359575271986380E-004  3.830683245663113E-004
   55572.2158976575      -5.286582647356930E-004  3.830831972003633E-004
   55572.2363306167       8.011819185500535E-004  3.831879846068041E-004
   55572.2567636760      -3.139082857163134E-004  3.830528052959961E-004
   55572.2771965356       5.269404318410942E-004  3.832025662545377E-004
   55590.4013443022       1.001976245586178E-003  3.914690672469930E-004
   55590.4217775136       2.938218606096665E-004  3.914659633929300E-004
   55590.4422107254      -2.699281251079544E-004  3.912657324740508E-004
   55590.4626439373      -1.601375899601409E-004  3.914213778225869E-004
   55590.4830771497       7.675101761785985E-004  3.914270358898894E-004
   55590.5035104623       7.061136267474399E-004  3.914740140144060E-004
   55590.5239435753      -2.454608009169190E-004  3.913944130904143E-004
   55590.5443767884      -5.353813526454143E-004  3.913614346409945E-004
   55590.5648100021      -1.916909676528467E-003  3.913004245095679E-004
   55590.5852432159      -1.436525047334825E-003  3.912581991615853E-004
   55590.6056765301      -1.285289438239023E-003  3.912039140472953E-004
   55590.6261096445       5.438441174949737E-004  3.914870437351081E-004
   55590.6465428593      -4.495361971348366E-004  3.914833579084082E-004
   55590.6874092899      -8.431363044535400E-004  3.915198281936490E-004
   55590.7078425056       1.729085179920098E-004  3.915617948871263E-004
   55590.7282758217      -8.465203969854063E-005  3.915126505311282E-004
   55590.7487089380      -1.830806048529032E-003  3.915661920137156E-004
   55608.8730864304      -8.958697057456222E-004  4.000010447572776E-004
   55608.8935198342      -3.247355573834376E-004  3.999702325393393E-004
   55608.9139533383       1.348477583971164E-003  4.002028276031883E-004
   55608.9343869428       9.912928649424835E-005  4.001483484980194E-004
   55608.9548203475       2.277973688651347E-004  4.001884722781468E-004
   55608.9752538525      -9.992181554276947E-004  4.000280741530766E-004
   55608.9956874580      -2.515016875507259E-004  4.001707544445369E-004
   55609.0161208637      -2.058366960016267E-003  3.999620525906107E-004
   55609.0365544699      -3.013004900176530E-003  3.997675120708471E-004
   55609.0569879763      -3.285178417042900E-003  3.999169820430703E-004
   55609.0774214830      -1.722170253248168E-003  3.999499928243033E-004
   55609.0978549900      -8.166041196298046E-004  4.000125872145745E-004
   55609.1182884975      -1.228266067250239E-004  4.002175709099878E-004
   55609.1387220052      -2.353398899982428E-004  4.000145594551771E-004
   55609.1591555133       3.438927942767123E-005  4.001203168160126E-004
   55609.1795890217      -1.266383114117198E-003  4.001278824602912E-004
   55609.2000225304      -1.417751942360934E-003  4.000120052419377E-004
   55609.2204561395      -5.627909233004713E-004  4.001819089200760E-004
   55609.2408895489      -6.767236674988242E-004  4.001396189084671E-004
   55627.3451128565       2.425164637287480E-005  4.028423644974849E-004
   55627.3655466552      -9.235346738745154E-004  4.030414961347167E-004
   55627.3859803542       1.273477101502163E-004  4.030999843847172E-004
   55627.4064142536      -1.635052191105935E-003  4.030840771326441E-004
   55627.4268480533      -7.423398511624546E-004  4.029194758718635E-004
   55627.4472817531      -1.128923299143159E-003  4.028837492183254E-004
   55627.4677156535       4.276671274729971E-004  4.031911277660057E-004
   55627.4881494541      -2.100411284290837E-003  4.028264572454118E-004
   55627.5085833550      -2.403979031159298E-003  4.026937674842169E-004
   55627.5290170562      -3.826745463651249E-003  4.026146515374225E-004
   55627.5494508578      -3.448283652985440E-003  4.027027880600876E-004
   55627.5698847597      -5.026946538431165E-004  4.031104275603668E-004
   55627.5903184618       4.576542370005043E-005  4.028423644974849E-004
   55627.6107522643       6.147265504752308E-004  4.032121757763707E-004
   55627.6311861671       8.356946447625191E-004  4.031539785126887E-004
   55627.6516198703       6.240338826324354E-005  4.031756731593169E-004
   55627.6720536737      -2.138132042437402E-004  4.031599922299359E-004
   55627.6924875774       5.392238793682225E-004  4.030357734037880E-004
   55627.7129212815       6.842094808243715E-004  4.032248175153150E-004
   55645.8173588796      -7.357841377109153E-005  3.297290398897617E-004
   55645.8377930446      -3.536379985835669E-005  3.297874693161689E-004
   55645.8582271098       1.633796182771707E-004  3.297035067623619E-004
   55645.8786611753       6.232168294901808E-004  3.297535371337034E-004
   55645.8990952411       5.053472648390844E-004  3.296934558931332E-004
   55645.9195292071       2.797725772833992E-004  3.297326794802902E-004
   55645.9399632735      -4.891403817997020E-005  3.297156014016565E-004
   55645.9603974401      -4.009645159939179E-004  3.296801573892792E-004
   55645.9808315069      -2.584898309961892E-003  3.294868951322170E-004
   55646.0012654741      -2.588738232459531E-003  3.295908194402301E-004
   55646.0216996414      -2.787649747630683E-003  3.295788087914862E-004
   55646.0421337091      -1.087049433554532E-003  3.297249803464799E-004
   55646.0625678770      -3.380754040860356E-004  3.297626921037250E-004
   55646.0830018452      -5.566707683413163E-005  3.298034555176440E-004
   55646.1443040514      -4.692816351079543E-004  3.297511574014347E-004
   55646.1647381207       2.573932192984074E-005  3.297636439966324E-004
   55646.1851722902      -1.557647284711194E-004  3.297754026737245E-004
   55664.3102935815       3.204467723760818E-004  3.298649925944255E-004
   55664.3307278596       1.918887903842315E-004  3.299138191012075E-004
   55664.3511621379      -1.194717502509546E-004  3.298968810068250E-004
   55664.3715964164      -2.207986255142735E-004  3.298395434575764E-004
   55664.3920307951       3.379014127080637E-004  3.298231653001982E-004
   55664.4124649740       3.357110061208424E-004  3.299222461531235E-004
   55664.4328992531       4.966549953393518E-004  3.299390162664047E-004
   55664.4533336324      -1.955639168172985E-003  3.297678715210155E-004
   55664.4737678119      -2.543498247331910E-003  3.295900075315738E-004
   55664.4942020916      -2.520229537214203E-003  3.297611802738132E-004
   55664.5146364715      -1.617915215626375E-003  3.298074030735249E-004
   55664.5350707516       1.498420985497351E-004  3.299129511988508E-004
   55664.5555049319      -7.309485343467426E-004  3.298599531613860E-004
   55664.5759393123       2.016730742950834E-004  3.299551424521309E-004
   55664.5963735930       1.173518305648269E-004  3.299162548271766E-004
   55664.6168078739      -3.330725525607647E-004  3.299405560931668E-004
   55664.6372421550      -3.041667134515702E-004  3.298658604967823E-004
   55664.6576764362      -3.020893597376340E-004  3.298941653123538E-004
   55682.7829559557       6.601338759626429E-006  3.285124087666418E-004
   55682.8033904769      -2.643888332712896E-004  3.284982143635807E-004
   55682.8238247982      -3.516652713704271E-004  3.284896753242639E-004
   55682.8442593196      -4.447226541549609E-004  3.284341295734292E-004
   55682.8851280627      -8.896486088816324E-005  3.284947427541536E-004
   55682.9055625844       1.813624395503588E-004  3.285411615318168E-004
   55682.9259970063      -7.859452246650189E-004  3.284666619133838E-004
   55682.9464313283      -1.637862822535752E-003  3.283460514826401E-004
   55682.9668658503      -2.527434974508469E-003  3.282687521791853E-004
   55682.9873002725      -2.322212818289038E-003  3.283711926541368E-004
   55683.0077347948       1.242788348936319E-004  3.284862037148367E-004
   55683.0281691172      -9.292456623088974E-005  3.285361220987774E-004
   55683.0486035398      -5.604364469213863E-005  3.284831520581628E-004
   55683.0690380625       2.695652569257856E-004  3.284612585212916E-004
   55683.0894723852      -9.682183724754045E-004  3.283704927328813E-004
   55683.1099068081       1.512611788792029E-004  3.284699095480092E-004
   55683.1303413311      -2.582458655785436E-004  3.284573949559613E-004
   55683.1507757542      -3.645356823812618E-004  3.284094923452365E-004
   55701.2557126760      -2.543370294483260E-006  3.286799139215025E-004
   55701.2761472620      -5.387377711740804E-005  3.286553046901599E-004
   55701.2965817479       2.782046737190846E-004  3.287328559652667E-004
   55701.3374507199      -2.189574491807678E-004  3.286259639911303E-004
   55701.3578852060       5.381092762382078E-004  3.286699470428245E-004
   55701.3783195921      -9.514361185847253E-005  3.286104817329592E-004
   55701.3987541782      -5.541467925896937E-004  3.286173969549633E-004
   55701.4191885643      -1.826595034446710E-003  3.284860917274359E-004
   55701.4396231505      -3.357508730726155E-003  3.284236867482975E-004
   55701.4600576367      -2.880132694036419E-003  3.284052648208534E-004
   55701.4804921229      -3.424160707629076E-004  3.285714821206040E-004
   55701.5009266092      -8.804331825451595E-004  3.285701102749433E-004
   55701.5213610954       1.332976694157217E-005  3.286332991658878E-004
   55701.5417955817       4.390807032255140E-004  3.286686591877144E-004
   55701.5622300680       2.060895140965080E-004  3.285571477332918E-004
   55701.5826645544       1.142601381895370E-003  3.286773942049828E-004
   55701.6030990408       4.130815370255725E-004  3.286591122617897E-004
   55701.6235336271      -1.512750118030093E-004  3.286149892258445E-004
   55720.0758773045       3.829574625613397E-004  3.282032115528224E-004
   55720.0963118744       3.378510369078658E-004  3.285818409551851E-004
   55738.2216556799      -6.355246600819875E-005  3.270990157801823E-004
   55738.2420900599       6.443358399732535E-004  3.272214460061903E-004
   55738.2625245396       5.123880251536317E-004  3.271696798301352E-004
   55738.2829588191       5.916779492110003E-004  3.271071068698956E-004
   55738.3033931986       4.501846305233759E-004  3.270956001644556E-004
   55738.3238276779       9.094621697098848E-004  3.271657042774041E-004
   55738.3442619570       4.941641784377282E-004  3.271431668129778E-004
   55738.3646964360      -8.018422389063362E-004  3.270688911693466E-004
   55738.3851308149      -2.022072937091779E-003  3.269880922596143E-004
   55738.4055650937      -1.933802886313840E-003  3.269354021875020E-004
   55738.4259995723      -8.907271279610107E-004  3.270078020421686E-004
   55756.6942326535      -2.464894927125538E-004  3.793765670904591E-004
   55756.7351011963      -3.033764487347934E-004  3.794952467507665E-004
   55756.7555353175      -6.346524286905408E-004  3.794863121183817E-004
   55756.7759696385      -4.360546398946008E-004  3.795459579290965E-004
   55756.7964038592      -7.911310365547042E-004  3.795400423049148E-004
   55756.8168379797      -3.037965597640913E-004  3.796080923817084E-004
   55756.8372723000      -9.681038087967497E-004  3.795009175904993E-004
   55756.8577065200      -1.963552422110326E-003  3.795025086894171E-004
   55756.8781406398      -2.261603058085093E-003  3.793509055207330E-004
   55756.8985749596      -1.942128446152935E-003  3.793666533202787E-004
   55756.9190091789      -3.102144094695447E-004  3.796925022191701E-004
   55756.9394434982      -2.208646683554694E-004  3.796821396775001E-004
   55756.9598776173      -6.135328875921386E-004  3.796254312801721E-004
   55756.9803118362      -6.860010940757943E-004  3.797399088074400E-004
   55757.0007461548      -7.441699347163766E-004  3.796926246113946E-004
   55757.0211802732      -2.611951678126445E-004  3.797979227218289E-004
   55757.0416144914      -9.514602525035887E-004  3.798396992677741E-004
   55757.0620488093      -1.167813541640306E-003  3.797204076463445E-004
   55775.1666799410      -9.308387662887441E-005  4.003445581986137E-004
   55775.1871140491       2.030615814505587E-004  4.003550023351000E-004
   55775.2075480573       9.447191555667089E-005  4.004378618710520E-004
   55775.2279821652       8.878698458270051E-005  4.004723764783466E-004
   55775.2484160727       3.648526747168646E-006  4.004134242235704E-004
   55775.2688500799      -4.726879993873778E-004  4.004204413777721E-004
   55775.2892841869       4.717899660775515E-004  4.005582958199098E-004
   55775.3097180936       9.407128970402301E-004  4.005575206691550E-004
   55775.3301521002      -2.502874158417434E-003  4.001814501608314E-004
   55775.3505862064      -2.164334331067441E-003  4.002971924077520E-004
   55775.3710201123      -2.532923483436145E-003  4.002393416829957E-004
   55775.3914541181      -4.776091199388821E-004  4.005117051798029E-004
   55775.4118882234       9.996530085671917E-004  4.007004747873114E-004
   55775.4323221286      -4.480186506017336E-005  4.006591062154477E-004
   55775.4731902384      -3.652359168404562E-005  4.006533945783067E-004
   55775.4936242426       6.225390339211767E-004  4.007919425763830E-004
   55775.5140582467      -3.411327606501757E-004  4.006353213264964E-004
   55775.5344922507       6.191007446756380E-004  4.007553065038646E-004
   55793.6389154482      -4.545218360189063E-004  4.177224589844138E-004
   55793.6593493044       1.063275321440127E-004  4.178963375379477E-004
   55793.6797830602       7.586410746953653E-004  4.180545498867521E-004
   55793.7002168157      -1.500930141211665E-004  4.179821344872865E-004
   55793.7206505710       3.071659989934972E-004  4.180359870660441E-004
   55793.7410843258      -4.652591655236460E-004  4.180240334254562E-004
   55793.7615181807      -6.748396416945690E-004  4.180850663480481E-004
   55793.7819518350      -1.177800613179514E-003  4.179540658704795E-004
   55793.8023855892      -2.151663273271875E-003  4.178665962274066E-004
   55793.8228194428      -3.291466123918507E-003  4.176680352419422E-004
   55793.8432530963      -2.549720254933274E-003  4.179069856614748E-004
   55793.8636868495      -1.161950131775114E-003  4.180213407965183E-004
   55793.8841207025       7.515066727938891E-004  4.182306722977343E-004
   55793.9045543552      -3.042998149636045E-004  4.181988095219694E-004
   55793.9249881075       3.288589573804401E-004  4.182393621456702E-004
   55793.9454219595       8.696413281994442E-004  4.182681243184157E-004
   55793.9658556111       8.814650773736332E-006  4.182907260825306E-004
   55793.9862894626      -7.162060265142323E-004  4.182670227883956E-004
   55794.0067231138      -5.148393813968477E-004  4.182653500946615E-004
   55812.1313460674       4.871177737961752E-004  4.343115826810483E-004
   55812.1517794515      -3.246807893050319E-004  4.342865738698525E-004
   55812.1722130355      -2.608524012549518E-004  4.342747426214891E-004
   55812.1926465189       1.588856563561336E-005  4.342655224072473E-004
   55812.2130799022       6.163511662191645E-004  4.343205581108412E-004
   55812.2335134851       4.830256604888561E-004  4.343320629799394E-004
   55812.2539469678      -6.124141103662772E-004  4.342784959830389E-004
   55812.2743805502      -1.430978715043718E-003  4.341385200756774E-004
   55812.2948139321      -2.831332362778438E-003  4.340752840930454E-004
   55812.3152474139      -2.691148287444656E-003  4.340461139462184E-004
   55812.3356809954      -2.058221283956052E-003  4.341658951365458E-004
   55812.3561143764       2.846015419382120E-004  4.343477699820770E-004
   55812.3765478572       7.507693987907071E-004  4.345005154781894E-004
   55812.3969813377      -2.336378540485073E-004  4.344596772726316E-004
   55812.4174148178      -7.773850828896034E-005  4.344929271602736E-004
   55812.4378481979       2.267796757817742E-004  4.344669800086904E-004
   55812.4582817773       2.506888261588625E-004  4.345161000881025E-004
   55812.4787152567       1.520210022081248E-004  4.346062215627052E-004
   55830.6030966416      -4.663298832460194E-004  4.441459203077503E-004
   55830.6235298572       1.711171991423122E-004  4.441890431681645E-004
   55830.6439629726      -2.545809391385490E-005  4.442253936588258E-004
   55830.6643962875      -7.886138003947440E-004  4.440671405126132E-004
   55830.6848295024      -2.282653226104436E-006  4.441876968536955E-004
   55830.7052627168      -2.724664667067556E-004  4.442297589814979E-004
   55830.7256959310       5.926974671877083E-005  4.441634223958465E-004
   55830.7461291450      -1.946855406722570E-004  4.441621576761938E-004
   55830.7665624585      -3.108518295334983E-003  4.438620927392530E-004
   55830.7869955720      -2.925778331806961E-003  4.439607816695671E-004
   55830.8074287850      -3.659312767835932E-003  4.438120343194534E-004
   55830.8278620976      -1.176258125916707E-004  4.441801901305960E-004
   55830.8482952101      -1.665950253558757E-004  4.442023839206294E-004
   55830.8687284225       6.929061626457234E-004  4.441465730662807E-004
   55830.8891617343       1.045436411821976E-003  4.442253120640095E-004
   55830.9095948460       8.824838775389754E-004  4.442429365443302E-004
   55830.9300280571       1.361624444601084E-003  4.443013584328005E-004
   55830.9504612683       4.273391578715202E-004  4.441612193358064E-004
   55830.9708944790       1.088555133390567E-004  4.441962643094069E-004
   55849.0746073066      -1.825655053404596E-004  3.930293059394094E-004
   55849.0950403819      -1.228185733802567E-004  3.930414018681860E-004
   55849.1154732570      -4.325714461529406E-004  3.929287699283721E-004
   55849.1359062319      -6.333464760022167E-005  3.928715725968206E-004
   55849.1563393065       3.450023849509432E-004  3.930272392983119E-004
   55849.1767722809      -6.717290465874104E-005  3.930344421503723E-004
   55849.1972051550       5.064367186098373E-004  3.930294882900945E-004
   55849.2176382289      -1.909973906993878E-004  3.930362352654422E-004
   55849.2380712026      -1.265869661438268E-003  3.928205144050000E-004
   55849.2585040761      -2.417923446227932E-003  3.927130490679299E-004
   55849.2789371493      -2.927327536882185E-003  3.927578161611155E-004
   55849.2993701223      -1.072424469064082E-003  3.928450709639233E-004
   55849.3198030948      -8.243748358496283E-004  3.929708625448433E-004
   55849.3402360673       5.421880581195637E-004  3.928661324680493E-004
   55849.3606690396      -9.034030383030522E-004  3.928776813447706E-004
   55849.3811020117       5.983424192905762E-004  3.929656655503187E-004
   55849.4015349832       3.482466279507435E-004  3.930012239339081E-004
   55849.4219679548      -1.197954834785131E-004  3.928698098735316E-004
   55849.4424009262      -6.504453423757939E-004  3.928585345228379E-004
   55867.5663646693      -5.735891785528802E-004  3.945984639762497E-004
   55867.5867973581      -7.177413571465285E-004  3.944677185350518E-004
   55867.6072302467       3.479783473472331E-004  3.946552662146501E-004
   55867.6276630352       3.743031063268010E-004  3.946047854666656E-004
   55867.6480958234       1.966896553458053E-004  3.946713738584983E-004
   55867.6685286115       1.814770363308682E-004  3.946946539626261E-004
   55867.6889613996       4.059456009082307E-004  3.945729956639010E-004
   55867.7093941873      -9.368705350683015E-004  3.945781622666448E-004
   55867.7298269749      -2.107017456854265E-003  3.943901587103338E-004
   55867.7502597626      -2.312936023168177E-003  3.943387966007047E-004
   55867.7706925497      -6.832023555236599E-004  3.945761868008899E-004
   55867.8115581239       2.198915579103566E-004  3.946225646584603E-004
   55867.8319909106       5.938128106000029E-004  3.946228685762687E-004
   55867.8524237973      -3.711736670477528E-004  3.946486104146449E-004
   55867.8728564838      -3.769626421419314E-004  3.945916562173402E-004
   55867.8932893701      -1.569731254907891E-004  3.945759132748622E-004
   55867.9137221561       2.988458785746495E-004  3.947333426996426E-004
   55886.0375542903      -1.206421369104316E-004  3.961211225883961E-004
   55886.0579868699      -3.353995610180238E-004  3.961241313746998E-004
   55886.0784195495      -5.359064751740972E-004  3.961410899884117E-004
   55886.0988523289      -8.279669225079722E-004  3.960791819308292E-004
   55886.1192849083       2.560991486060260E-004  3.961713905939148E-004
   55886.1397175877      -1.678131094008384E-004  3.961715121610382E-004
   55886.1601503669       3.502147337035577E-004  3.961808424377578E-004
   55886.1805829461      -1.740672182432901E-003  3.960680585390397E-004
   55886.2010157252      -2.156947813726884E-003  3.960114386513243E-004
   55886.2214484043      -2.378525866741588E-003  3.959757890923924E-004
   55886.2418810832      -1.595767775704804E-003  3.961136766020890E-004
   55886.2623137621      -7.692127638082580E-004  3.961628505034972E-004
   55886.2827464409      -5.366184512832772E-004  3.961804169528259E-004
   55886.3031791197       4.700032540119192E-004  3.962026941281858E-004
   55886.3236117984      -2.631347211546897E-004  3.961654338048691E-004
   55886.3440444770      -1.512786419566314E-004  3.961560731363686E-004
   55886.3644771556      -3.632178000759767E-004  3.961728797911762E-004
   55886.3849099340       1.610383717718378E-004  3.961524261226671E-004
   55886.4053425125       4.024412166587776E-004  3.961502986980080E-004
   55923.0002590381      -3.081719695834373E-004  3.991635222017279E-004
   55923.0206917865      -1.692204131220620E-005  3.991388440756813E-004
   55923.0411245351       8.492711774803485E-004  3.992259165278040E-004
   55923.0615572838      -5.548209270543891E-004  3.992147627442336E-004
   55923.0819901327       2.221915472584435E-004  3.992320556675348E-004
   55923.1024227817       2.154332010411153E-004  3.991852827168134E-004
   55923.1432883802      -2.026867250738862E-003  3.990636852016500E-004
   55923.1637210297      -2.736311008952774E-003  3.990360894646422E-004
   55923.1841538793      -2.671177170910144E-003  3.989775852865144E-004
   55923.2045866290      -1.448217081366332E-003  3.990347826180658E-004
   55923.2250192790       9.344411329992308E-004  3.991913306812016E-004
   55923.2454521290       1.095460888698385E-003  3.992218440291706E-004
   55923.2658848792       9.627232523312657E-005  3.992044903223078E-004
   55923.2863175296       6.306757129783680E-004  3.992779168648308E-004
   55923.3067503801      -2.194905406350811E-004  3.991486302291135E-004
   55923.3271831307       2.793339879585410E-004  3.992731453552381E-004
   55923.3476157815       1.298308835360196E-004  3.992146715688910E-004
   55941.4715417085       3.704433117497352E-004  3.470109408735955E-004
   55941.4919746333      -4.852547466149826E-005  3.469981214061627E-004
   55941.5124076584       3.868967680837887E-004  3.470263131354087E-004
   55941.5328404835      -1.880991440315061E-004  3.469515884042479E-004
   55941.5532734090       2.122319800079708E-004  3.470029217695088E-004
   55941.5737064346      -4.789737025340246E-004  3.469677376034813E-004
   55941.5941392606       1.500096095163883E-004  3.470318349406449E-004
   55941.6145721867      -1.183674962925263E-003  3.469537804776833E-004
   55941.6350052132      -2.181125452326849E-003  3.468433998684900E-004
   55941.6554380398      -2.598231217390556E-003  3.468684561002903E-004
   55941.6758709667      -1.669651774470315E-003  3.469521711073130E-004
   55941.6963039938       6.213102713736873E-005  3.470505369342588E-004
   55941.7167369212       4.637140530525663E-004  3.470619690134413E-004
   55941.7371698488       5.172814526348546E-004  3.470673798276174E-004
   55941.7576027767       4.494188734642801E-004  3.470924638071827E-004
   55941.7780357047      -2.803793041905589E-005  3.470416576494570E-004
   55941.7984686331       1.329872081277106E-004  3.471869171992628E-004
   55941.8189015617       9.410084698191490E-005  3.470962375032235E-004
   55941.8393344905       8.582862823436344E-004  3.472770696877668E-004
   55959.9430180587      -7.010823264569366E-004  3.477502800721771E-004
   55959.9634512313       1.369726857769482E-004  3.478234509284976E-004
   55959.9838844039      -1.527203290012435E-003  3.478545839208342E-004
   55960.0043175770      -5.192716076743986E-004  3.479494812771543E-004
   55960.0247507503      -5.546153529927267E-004  3.479095522433108E-004
   55960.0451839239      -8.707038246935639E-005  3.480660773857090E-004
   55960.0656170979      -5.555560085677147E-004  3.480264535772806E-004
   55960.0860502722      -8.431125675639750E-004  3.479353854125313E-004
   55960.1064834467      -3.174467626051780E-003  3.479589432650213E-004
   55960.1269167216      -2.498910624606387E-003  3.479935724757486E-004
   55960.1473498968      -1.824286827951216E-003  3.480868327139333E-004
   55960.1677829722      -6.917542105026042E-004  3.482723542707627E-004
   55960.1882162480      -3.127544898599011E-004  3.482993805938784E-004
   55960.2086494240       2.851513524937399E-004  3.483671406360227E-004
   55960.2290825004       1.178407573618756E-004  3.484264376098403E-004
   55960.2495157771      -2.047518343978316E-004  3.483077326711452E-004
   55960.2699489540      -4.451328711807534E-005  3.484054325517309E-004
   55960.2903822313      -3.951326174690406E-004  3.484261878799552E-004
   55960.3108153089      -1.274885134491255E-004  3.484171143607983E-004
   55978.4147399544       1.325062350592265E-004  3.515488381104217E-004
   55978.4351735159       3.147912892631499E-004  3.515936507509062E-004
   55978.4556069776       1.060592398571814E-006  3.515535829782377E-004
   55978.4760403397       2.709573297736689E-004  3.515508636972671E-004
   55978.4964739019       2.502391282244165E-004  3.515521123466924E-004
   55978.5169073647      -1.667964301649283E-004  3.515277775567822E-004
   55978.5373407277       2.303077676208964E-004  3.515635166781098E-004
   55978.5577742911       1.965487682409339E-004  3.515582446027587E-004
   55978.5782077548      -2.286640073283608E-003  3.513932008965037E-004
   55978.5986413188      -1.842897672914012E-003  3.514377083115731E-004
   55978.6190746831      -2.005188926159640E-003  3.514311598390318E-004
   55978.6395081478      -1.089438422125832E-003  3.514779703185967E-004
   55978.6599417128      -4.214183762614176E-004  3.515254467445217E-004
   55978.6803750782       1.004146047851595E-004  3.515486716238317E-004
   55978.7008085438      -2.113289246570282E-004  3.515047469118274E-004
   55978.7212421098       1.441421590084868E-004  3.515542489245979E-004
   55978.7416754762       4.656627360934973E-004  3.515730896570368E-004
   55978.7621090428       7.492634705630330E-005  3.515698709162961E-004
   55978.7825425098      -3.501076365642897E-004  3.515162899820698E-004
   56015.6654327909      -3.631662169667482E-005  3.335249519754436E-004
   56015.6858669245      -2.468925526064591E-004  3.334963084102069E-004
   56015.7063009585      -6.404942499005362E-005  3.335554273965965E-004
   56015.7267350928      -3.689300054791067E-004  3.335810456240320E-004
   56015.7471690272       4.226321509805953E-004  3.336544586376473E-004
   56033.8518289738      -1.564782856773306E-004  3.343840924001873E-004
   56033.8722632251      -3.344051115620195E-004  3.344509273857395E-004
   56033.8926974767       1.483324733895230E-004  3.344581160324413E-004
   56033.9131317285       4.734042958309814E-006  3.344429060772576E-004
   56033.9335660804      -7.762493987983898E-005  3.344253091583040E-004
   56033.9540002326       2.221119805361216E-004  3.343579745756837E-004
   56033.9744344850      -2.859177291719694E-004  3.343906149174650E-004
   56033.9948688376      -1.937050484365210E-004  3.345240906008207E-004
   56034.0153029905      -2.168613240338790E-003  3.342759573903404E-004
   56034.0357372434      -2.670464148353813E-003  3.342293005752601E-004
   56034.0561715966      -2.523911051537819E-003  3.342348516537943E-004
   56034.0766057501      -1.075150376910305E-003  3.342997992726450E-004
   56034.0970401037       2.177886589862510E-004  3.344332194452153E-004
   56034.1174743577       3.962164333208840E-004  3.344318594309744E-004
   56034.1379085117      -1.190230100036604E-004  3.343978035641669E-004
   56034.1583428659      -3.003617645764844E-004  3.343460952676205E-004
   56034.1787771204      -3.446661367935144E-004  3.344012174774654E-004
   56034.1992113751      -3.846933395882379E-004  3.343821772780930E-004
   56034.2196456301       4.648191057026185E-004  3.343737118833283E-004
   56052.3244721687      -1.966447040507857E-004  3.333828721203598E-004
   56052.3449064738      -2.749461831300648E-004  3.333642760072701E-004
   56052.3653408790      -4.274269156816501E-004  3.333663299063278E-004
   56052.3857753843      -5.826402561870392E-005  3.334100446497849E-004
   56052.4062096897      -1.847032512742874E-004  3.334423519268541E-004
   56052.4266440953      -8.715843900475306E-005  3.333918648675853E-004
   56052.4470786010      -7.036040360581808E-004  3.333442643691542E-004
   56052.4675129068      -1.531382814949911E-004  3.334190096416177E-004
   56052.4879473128      -1.596393505149618E-003  3.333344944709339E-004
   56052.5083818189      -2.642081543896335E-003  3.332461490560616E-004
   56052.5288162251      -2.485276599559105E-003  3.332181161094637E-004
   56052.5492506315      -1.011228563291278E-003  3.332866719293615E-004
   56052.5696850379       1.846201930699731E-004  3.334393265890530E-004
   56052.5901194445      -5.079038924811208E-004  3.333457076495731E-004
   56052.6105538512       1.370366557866820E-004  3.333567265404636E-004
   56052.6309882581      -6.419597406870370E-005  3.333607788277935E-004
   56052.6514226651       2.626653323949402E-004  3.333576979792070E-004
   56052.6718571722       2.874629994042976E-007  3.333632768131339E-004
   56052.6922914794       1.739707977734817E-004  3.334159010376385E-004
   56070.8176541967       2.842660447883727E-004  3.337674785966044E-004
   56070.8380887781      -9.642544832433320E-005  3.336776066351351E-004
   56070.8585232596       5.127596795255762E-004  3.337493265697974E-004
   56070.8789576411       1.869770829809880E-004  3.336733600600564E-004
   56070.8993922227       1.932022333852590E-004  3.337406946426767E-004
   56070.9198267043       1.453863613789519E-004  3.337332561974408E-004
   56070.9402612859      -5.497671062091314E-004  3.337026975101098E-004
   56070.9606956676      -1.698191430795304E-003  3.335456852537690E-004
   56070.9811301493      -2.349307837644088E-003  3.335252850401556E-004
   56071.0015647311      -3.485892822930770E-003  3.334923393890550E-004
   56071.0219991129      -2.546021167165180E-003  3.335658356688482E-004
   56071.0424335947       3.259969420144060E-004  3.337579584969181E-004
   56071.0628681766       6.610905234505360E-005  3.337201278967073E-004
   56071.0833025585      -6.765760424236600E-004  3.336287571440338E-004
   56071.1037370405      -2.212158258652064E-005  3.337523796629912E-004
   56071.1241716225      -3.252005891954957E-004  3.337147433505291E-004
   56071.1446061045      -1.873530945928348E-004  3.336327261651858E-004
   56071.1650405866      -6.749288541869625E-004  3.335998915356558E-004
   56089.2904344437       6.596959879252573E-004  3.330879155624432E-004
   56089.3108689215      -7.468872231308765E-005  3.329210223863114E-004
   56089.3313032993       2.041670245556126E-005  3.329840548830676E-004
   56089.3517378769       1.618278640538318E-004  3.329624056767841E-004
   56089.3721723547      -1.838797980131535E-004  3.329251856952121E-004
   56089.3926067323      -7.683490457621733E-005  3.330034559025448E-004
   56089.4130413098      -1.884290782732112E-004  3.330228846774146E-004
   56089.4334756873      -8.354229721517781E-004  3.329806964805544E-004
   56089.4539101648      -2.036103975038395E-003  3.329067283590857E-004
   56089.4743447423      -2.398405199043330E-003  3.328270981375121E-004
   56089.4947791196      -2.471817656361064E-003  3.328171339515431E-004
   56089.5152136969      -5.731779075449639E-004  3.329412560675686E-004
   56089.5356481742      -9.763209439321852E-004  3.329266567310236E-004
   56089.5560826514      -2.992217401411867E-004  3.329589362527002E-004
   56089.5765171286      -3.843082326725478E-004  3.329733968122819E-004
   56089.5969516058      -1.473962201237189E-004  3.330372897262109E-004
   56089.6173860829      -1.243916671563872E-004  3.329860810267326E-004
   56089.6378205598       9.422963595184797E-006  3.330165842032783E-004
   56089.6582550369      -7.401150131052248E-004  3.329060622296616E-004
   56107.7631384552      -2.006113308975488E-004  3.170513009395040E-004
   56107.7835728528       5.721148617299221E-006  3.170513289028922E-004
   56107.8040072502      -8.279743714489918E-005  3.170908411705032E-004
   56107.8244416474       7.344027689337729E-005  3.170220512353844E-004
   56107.8448760445      -3.468360918742475E-004  3.170635209401735E-004
   56107.8653104416      -5.256372454121028E-004  3.170605568210179E-004
   56107.8857448385       2.268084304166695E-004  3.171400287704519E-004
   56107.9061793352      -8.706031754945887E-005  3.171357503720482E-004
   56107.9266136319      -1.801062017949273E-003  3.169663761293594E-004
   56107.9470480284      -3.321231449330719E-003  3.169015849587617E-004
   56107.9674825246      -2.847857417554667E-003  3.169077928309554E-004
   56107.9879168209      -1.136878824434029E-003  3.170664570959407E-004
   56108.0083513171      -8.282199472697815E-005  3.171701733029958E-004
   56108.0287857130      -5.847873609841070E-004  3.171585684968681E-004
   56108.0492200088      -6.837119566365235E-004  3.171205382888349E-004
   56108.0696545045       1.613145082399736E-004  3.171785623194737E-004
   56108.0900889001       4.825906141414649E-005  3.171481940798237E-004
   56108.1105231956       6.594741147678551E-004  3.171510463454262E-004
   56108.1309576909       5.770938113083268E-004  3.171826729375479E-004
   56144.7286850713      -6.000223874991217E-005  3.183667266866270E-004
   56144.7491191135       7.721522200343500E-005  3.183902438961534E-004
   56144.7695531556       6.227477795461844E-005  3.184108529133008E-004
   56144.7899871975      -4.579355024331155E-004  3.183471523148453E-004
   56144.8104212390      -4.531696579495037E-004  3.183665589062975E-004
   56144.8308553804      -4.239226207713997E-004  3.183616653133520E-004
   56144.8512893214      -1.751372501000992E-004  3.183505638482129E-004
   56144.8717233621      -1.539092541906650E-003  3.182473230187582E-004
   56144.8921575029      -2.401029617383643E-003  3.181769950972852E-004
   56144.9125914432      -2.342396584077422E-003  3.181944442515592E-004
   56144.9330255832      -1.520985917543238E-003  3.182374799060909E-004
   56144.9534596228      -1.369830831676744E-005  3.183644057254015E-004
   56144.9738935624       1.117200297890975E-004  3.183734658631976E-004
   56144.9943277017      -1.291350784641265E-004  3.183369456781305E-004
   56145.0147617406      -2.156951786587147E-004  3.183416714907463E-004
   56145.0351956795      -1.903047303514205E-004  3.183454465481614E-004
   56145.0556298179       2.050679693004209E-004  3.183805685638155E-004
   56145.0760638564       3.660189566685457E-004  3.183975143771009E-004
   56163.2009538719       2.174513903536734E-004  3.171529198924396E-004
   56163.2213876668       3.246966036485333E-005  3.171342403490822E-004
   56163.2418214614       1.549410512422522E-004  3.171413430497001E-004
   56163.2622552556       4.612405460251434E-004  3.171614207624705E-004
   56163.2826890498      -5.106727150987478E-004  3.170992301869811E-004
   56163.3031228435      -3.941361222681294E-004  3.171180775106681E-004
   56163.3235566368      -6.424052838136518E-004  3.171020544891953E-004
   56163.3439904300      -3.872118531892399E-004  3.171100520182375E-004
   56163.3644242228      -2.629056615677028E-003  3.169789037272997E-004
   56163.3848580153      -2.757456908822675E-003  3.169571202478454E-004
   56163.4052918076      -2.510936674614439E-003  3.169520588745704E-004
   56163.4257255997      -2.226344650153589E-004  3.171079268007298E-004
   56163.4461594914      -1.416675908596510E-004  3.171178258401738E-004
   56163.4665931827       4.152152886121030E-004  3.173524107042841E-004
   56163.4870269739      -4.326396841568547E-004  3.170970490426968E-004
   56163.5074608646       3.811746009025896E-004  3.173990815992895E-004
   56163.5278945553       5.330271008596732E-004  3.174218997241094E-004
   56163.5483283455       5.208672859637886E-004  3.173715935886302E-004
   56163.5687622355      -6.509899376871964E-005  3.173562976152522E-004
   56181.6729871460      -1.322190151599179E-004  3.178366247353885E-004
   56181.6934205708       3.413682365611681E-004  3.178764725636585E-004
   56181.7138541954       1.770432414343048E-004  3.178719704581487E-004
   56181.7342877197      -2.965896896273135E-004  3.178172740707128E-004
   56181.7547211436      -5.273499762687983E-004  3.178251597462020E-004
   56181.7751547674      -4.623464963057211E-004  3.178101713700948E-004
   56181.7955882906       2.276815977000357E-004  3.178843023123713E-004
   56181.8160219138      -6.860023816548377E-004  3.178317311424431E-004
   56181.8364553365      -2.665297411318268E-003  3.176687325522775E-004
   56181.8568888589      -2.695218363444218E-003  3.176630559844608E-004
   56181.8773224812      -1.970620878966378E-003  3.177244076583024E-004
   56181.8977559029      -5.668812099893783E-004  3.178350587856459E-004
   56181.9181894245       5.765348925335090E-005  3.178447620813720E-004
   56181.9386230458       8.201299005472507E-006  3.178858123353372E-004
   56181.9590564666      -7.362010389486695E-004  3.178200704095388E-004
   56181.9794899874       1.887591444516001E-004  3.178895873927523E-004
   56181.9999235076       1.748757923825117E-004  3.178837710079943E-004
   56182.0203570277       9.130709901494782E-006  3.178664896340498E-004
   56182.0407905474      -5.401880695675709E-004  3.178160716450176E-004
   56200.1652072560      -1.446926893665657E-004  3.169676624452193E-004
   56200.1856404102       1.930005664754209E-004  3.169957376870320E-004
   56200.2060737642      -9.352366885351238E-005  3.169909559476396E-004
   56200.2265070178      -8.803794717249236E-005  3.169743736584016E-004
   56200.2469402713       5.378437052019347E-004  3.170279794736954E-004
   56200.2673735244      -5.662735973133159E-005  3.169958495405851E-004
   56200.2878067770      -4.611992306798873E-004  3.169494862428505E-004
   56200.3082399296      -1.155619488905524E-003  3.168746002890911E-004
   56200.3286732818      -2.541792399143428E-003  3.167654312213254E-004
   56200.3491065337      -1.935562417067938E-003  3.168419949783804E-004
   56200.3695396854      -1.683047285602868E-003  3.168509991894000E-004
   56200.3899730366      -5.561596776204603E-005  3.169417124209144E-004
   56200.4104062876       2.593489880600153E-004  3.169716332463522E-004
   56200.4308395383      -5.929359792966604E-005  3.169453756247764E-004
   56200.4512727889      -1.290796286739226E-004  3.169389440454766E-004
   56200.4717060392      -3.525897357561369E-004  3.169476126958371E-004
   56200.4921392890       1.993097151822276E-004  3.169793791049001E-004
   56200.5125725386       2.621706027894355E-005  3.169494023526857E-004
   56218.6367505615       1.548758968050734E-003  3.937138683200720E-004
   56218.6571836699      -4.773412729524029E-004  3.937686248759987E-004
   56218.6776166778       3.820575131019410E-004  3.937815429034147E-004
   56218.6980496857      -3.835056353942434E-004  3.936745950736015E-004
   56218.7184826931      -1.113543197394096E-004  3.937472475256648E-004
   56218.7389157004       1.742481430642151E-004  3.937113946552476E-004
   56218.7593488076      -3.897207018144222E-005  3.937755572453212E-004
   56218.8002147208      -2.123861097994784E-003  3.935601040930276E-004
   56218.8206478271      -2.045897549953324E-003  3.936650668831669E-004
   56218.8410807332      -1.432729935407995E-003  3.936574931933344E-004
   56218.8615137390       7.181760479546551E-004  3.938055160748606E-004
   56218.8819468446      -5.046144348269666E-004  3.937001562767864E-004
   56218.9023797499      -7.143939655873677E-004  3.937350013578307E-004
   56218.9228127550       1.643207676118585E-004  3.937831309351538E-004
   56218.9432458599       3.920789468101482E-004  3.936939263061177E-004
   56218.9636787643       8.128119245238707E-004  3.937819704504214E-004
   56218.9841118687      -4.506489329962893E-004  3.937054700752980E-004
   56219.0045448727       1.001886639968586E-004  3.937082185917695E-004
   56255.5792914719       2.508459124444862E-003  3.970281821767652E-004
   56255.5997240623       1.808779937621185E-003  3.968819916395533E-004
   56255.6201567528       7.206585442027791E-004  3.968310830066868E-004
   56255.6405895431       8.159905657982858E-004  3.968625382507495E-004
   56255.6610221333       1.987374909453443E-004  3.967944971985439E-004
   56255.6814548234       4.983159245339763E-004  3.967747078799491E-004
   56255.7018876135       9.273523358388491E-004  3.967917181430005E-004
   56255.7223202035      -8.952530645256473E-006  3.968301057563858E-004
   56255.7427528934      -2.037568811229740E-003  3.966546282492165E-004
   56255.7631856831      -2.686535832785109E-003  3.965654236201804E-004
   56255.7836182729      -2.626480260425224E-003  3.966001770840090E-004
   56255.8040510625       1.049621010165147E-004  3.967162560963219E-004
   56255.8244837520      -9.312483157148943E-004  3.967993529109769E-004
   56255.8449163414       3.488003869656087E-004  3.967800216784607E-004
   56255.8653491308       7.629509308906268E-004  3.967693330032938E-004
   56255.8857818201       8.360482068618946E-004  3.968216769725399E-004
   56255.9062145093      -1.915353735191250E-004  3.967575449215382E-004
   56255.9266471984       9.672891851790766E-004  3.968192033077155E-004
   56255.9470798875      -5.478979210504775E-005  3.969613626874358E-004
   56274.0708598094       8.954291738298981E-004  3.982550283124267E-004
   56274.0912924696       5.385692066983694E-004  3.982393312294672E-004
   56274.1117251299       5.800397116972889E-005  3.981887279873197E-004
   56274.1321578902       5.664110739511674E-004  3.982646175810050E-004
   56274.1525904505       1.064450678782691E-004  3.982196335280881E-004
   56274.1730231109      -3.123547762581280E-004  3.982185035824276E-004
   56274.1934558712       5.404942824083214E-004  3.982490121152613E-004
   56274.2138884317      -1.696845110892964E-003  3.981322917824383E-004
   56274.2343211921      -3.336248679120635E-003  3.980458356698737E-004
   56274.2547538525      -2.749447861692400E-003  3.980291002584694E-004
   56274.2751864130      -2.042198001427020E-003  3.981002562960093E-004
   56274.2956191734      -1.060616583866691E-004  3.981901327846273E-004
   56274.3160518340       2.086789971023073E-004  3.981851854549786E-004
   56274.3364843945      -1.210504884312735E-003  3.982156939878123E-004
   56274.3569171550       3.156576898866170E-005  3.981966986850871E-004
   56274.3773497156      -5.135983592182702E-004  3.981153120584588E-004
   56274.4182151368      -2.715624909740422E-004  3.981917513554384E-004
   56274.4386476974       8.792898967868723E-005  3.980943317160597E-004
   56292.5420130895      -7.280827681743762E-005  4.004344797180378E-004
   56292.5624458191      -5.378126514991033E-004  4.004039101070604E-004
   56292.5828786487       4.456893908129089E-004  4.004761044730450E-004
   56292.6033112786      -4.623641375882670E-004  4.004078191082643E-004
   56292.6237441085      -1.064996074459090E-004  4.004483139176110E-004
   56292.6441768386       2.019878747672177E-004  4.004706379791740E-004
   56292.6646094688       5.488854719855052E-004  4.005118351871746E-004
   56292.6850422991      -9.378034897430387E-004  4.004199736588827E-004
   56292.7054750296      -2.555546035653555E-003  4.002980922229076E-004
   56292.7259076602      -2.488232773693477E-003  4.002866400709430E-004
   56292.7463404909      -2.007720153448300E-003  4.003583458117773E-004
   56292.7667732218      -6.227893299728393E-004  4.004091628274281E-004
   56292.7872060528      -1.642042810749977E-004  4.004603768510137E-004
   56292.8076386839       3.051700641405475E-004  4.004895416646835E-004
   56292.8280714152      -9.725080907574402E-004  4.004231497223608E-004
   56292.8485042466      -3.151989457069737E-004  4.004940003691817E-004
   56292.8689368781       5.266838753166247E-004  4.004857242806953E-004
   56292.8893696098      -4.270204257040833E-004  4.004683780878530E-004
   56292.9098024416      -4.462710811382609E-004  4.004616900311056E-004
   56329.5051316459       3.082040609205805E-004  3.429876794360607E-004
   56329.5255647776       2.411432409481495E-004  3.430092938475725E-004
   56329.5459979095       1.938643393906148E-005  3.429248313779729E-004
   56329.5664310417       3.510227070702143E-005  3.429557566129050E-004
   56329.5868642742      -8.983449919319764E-005  3.429281843828357E-004
   56329.6072973070      -4.392357401882263E-004  3.429275193240199E-004
   56329.6277304401       1.524430801747023E-004  3.430154179308341E-004
   56329.6481636735      -1.928378265080632E-003  3.428908025352340E-004
   56329.6685967073      -2.363683814137318E-003  3.427904617864086E-004
   56329.6890299413      -2.411692444394320E-003  3.428221352125084E-004
   56329.7094630755      -2.578081763644491E-003  3.428168701635504E-004
   56329.7298961100       4.460052914514456E-004  3.430748575624912E-004
   56329.7503293450       1.322276591013694E-004  3.429901179850518E-004
   56329.7707624801       6.267691379318041E-004  3.430680407096299E-004
   56329.7911955156      -1.686266158192895E-004  3.429883999164445E-004
   56329.8116287514      -7.682057651381413E-005  3.430140046808506E-004
   56329.8320618874      -1.567368802983804E-004  3.430093769799245E-004
   56329.8524951238      -2.232690108238122E-004  3.430205998474401E-004
   56347.9768138531      -9.803108629835577E-005  3.454897969655952E-004
   56347.9972472695       1.636157311761810E-004  3.455446920286781E-004
   56348.0176807862       2.724068887709485E-004  3.454695958040669E-004
   56348.0381141032      -4.757662695767939E-004  3.455064234359888E-004
   56348.0585475205      -6.433102404500568E-004  3.454692909854431E-004
   56348.0789810382      -9.772328820489840E-005  3.455107740290751E-004
   56348.0994143561      -1.996392764285204E-004  3.454869427548443E-004
   56348.1198478745      -4.837459065716310E-004  3.454840054117414E-004
   56348.1402812931      -2.816930823011266E-003  3.452658106986093E-004
   56348.1607146121      -2.691822983106329E-003  3.452733480318544E-004
   56348.1811481314      -2.050075337817314E-003  3.453049937471702E-004
   56348.2015815510      -4.449068343693741E-004  3.454587608875271E-004
   56348.2220148710       1.642340848457824E-004  3.455779726802493E-004
   56348.2424483913      -1.668439558144552E-004  3.454206308487578E-004
   56348.2628818119      -6.181181902045196E-004  3.454778259069118E-004
   56348.2833151328       5.157380442910586E-005  3.455187547348641E-004
   56348.3037486541       6.137998088260321E-004  3.455070607840206E-004
   56348.3241820757      -3.019861298722004E-004  3.454843102303653E-004
   56348.3446155977      -4.238254741459890E-004  3.454731704952016E-004
   56366.4487616574       4.631190490327342E-004  3.447434624204100E-004
   56366.4691954709      -1.186954562851783E-004  3.446374132500828E-004
   56366.4896290849       9.191204984260182E-005  3.446785914750910E-004
   56366.5100627990      -1.846470225163044E-004  3.446057675347669E-004
   56366.5304965135       7.438024366646090E-005  3.446404060147536E-004
   56366.5509302284       2.157199899834872E-004  3.445762832606023E-004
   56366.5713639436       9.703847307034330E-004  3.447093781561031E-004
   56366.5917976590      -1.357699963564496E-004  3.445806061429046E-004
   56366.6122313749      -2.123935557652445E-003  3.443953041303678E-004
   56366.6326651911      -2.874681941374080E-003  3.443481403760180E-004
   56366.6530988076      -2.605197013531679E-003  3.443482235083699E-004
   56366.6735325244      -1.089592165792630E-003  3.444759702225608E-004
   56366.6939663415      -2.728197676978850E-004  3.445763663929543E-004
   56366.7143999589      -4.281796740845945E-005  3.446422349264969E-004
   56366.7348336766       1.595683628101696E-004  3.445897229908371E-004
   56366.7552674948      -1.766079589589076E-004  3.445858157702946E-004
   56366.7757012132       3.573242601087046E-004  3.445623447362556E-004
   56366.7961349319       2.374038954959801E-004  3.445490435599407E-004
   56366.8165686509       4.322346275880129E-004  3.446041048877276E-004
   56384.9414054011       5.860624501938805E-004  3.449423981386695E-004
   56384.9618393922       1.857033079288861E-005  3.448782199629502E-004
   56384.9822733836      -5.032809860683329E-005  3.449065403841873E-004
   56385.0027073752      -3.546719868083859E-004  3.448883621098903E-004
   56385.0231413672      -1.270754176417865E-004  3.448574922965262E-004
   56385.0435753595      -1.649852708678345E-004  3.449039909920603E-004
   56385.0640093520       4.282127704755556E-004  3.449131078399928E-004
   56385.0844434449      -1.606526236104466E-003  3.447491154203438E-004
   56385.1048773379      -2.604999498926341E-003  3.447005661267945E-004
   56385.1253113313      -2.608339921055025E-003  3.446649300585842E-004
   56385.1457454250      -8.646280528200601E-004  3.448183923803172E-004
   56385.1661794189      -1.806214218534885E-004  3.449250511878922E-004
   56385.1866133131      -2.872930636910187E-005  3.448848428403237E-004
   56385.2070474076       1.998140084253919E-004  3.449489101729071E-004
   56385.2274813024      -3.842931668345262E-004  3.448863115118751E-004
   56385.2479153975       5.016631039751474E-004  3.449478848738994E-004
   56385.2683493929       2.442820008419222E-004  3.449416776582859E-004
   56385.2887832886      -8.894741982301557E-005  3.448832910364203E-004
   56403.4137987263      -1.747699916201384E-004  3.330781933484690E-004
   56403.4342328479       7.961729926853067E-004  3.332011785356751E-004
   56403.4546671696       6.376169933801634E-004  3.330790657834355E-004
   56403.4751013916      -1.136736712592512E-005  3.331099950101493E-004
   56403.4955355139      -3.548275465071749E-004  3.331447516934902E-004
   56403.5159698362      -4.145342417631870E-004  3.331752869173159E-004
   56403.5364040589       7.955196601039383E-005  3.328414820419265E-004
   56403.5568381818      -8.955449219585354E-004  3.329437820775088E-004
   56403.5772725049      -2.332001513021598E-003  3.328958825835443E-004
   56403.5977067282      -2.697990411797191E-003  3.329223089201087E-004
   56403.6181408517      -2.574433872026161E-003  3.328730022729725E-004
   56403.6385751755       2.126410735470152E-004  3.330047962390334E-004
   56403.6590093995       7.897069659190681E-004  3.330408193602288E-004
   56403.6794436237       7.473674776747874E-004  3.330962330521301E-004
   56403.6998778480      -1.340331687715857E-004  3.327464992028371E-004
   56403.7203120727       2.696626767864085E-004  3.330989347862198E-004
   56403.7407462975       1.662487198912377E-004  3.331278377123664E-004
   56403.7611805227      -2.668880840106524E-004  3.329557428794681E-004
   56403.7816147479       1.815201846857573E-004  3.330770113398048E-004
   56421.8864114675       9.969217465433111E-005  3.316798489556292E-004
   56421.9068457539      -4.176446353760799E-004  3.316327093243774E-004
   56421.9272801403      -2.762636356430370E-004  3.317869333119952E-004
   56421.9477146270      -7.472161512123154E-005  3.316702803140617E-004
   56421.9681490137      -6.837223107336587E-005  3.317933499304581E-004
   56421.9885834006      -3.138510412059592E-005  3.317475893093146E-004
   56422.0090177877       3.023465640954459E-004  3.318231815776980E-004
   56422.0294521749      -1.308707647122098E-003  3.316834231246853E-004
   56422.0498865622      -1.744326817255781E-003  3.315598187900836E-004
   56422.0703209497      -3.070441287599701E-003  3.314575468975649E-004
   56422.0907553373      -2.525027479984399E-003  3.314843953800808E-004
   56422.1111898251      -9.884132065005602E-004  3.315566104808522E-004
   56422.1316241130       1.386721416576364E-004  3.317281143094183E-004
   56422.1520585010       2.031128416146721E-004  3.314398730537284E-004
   56422.1724929892      -2.622440470707588E-004  3.314531847227326E-004
   56422.1929272775       3.329750303475709E-004  3.316048476915779E-004
   56422.2133617659      -2.282567413223191E-004  3.315334487396461E-004
   56422.2337961545      -5.668836230443564E-005  3.315698377206661E-004
   56422.2542304433      -1.704851497705828E-004  3.315077259796675E-004
