   54954.4280611222      -7.434501230285662E-005  4.992802916969386E-005
   54954.4484954192      -6.864319404531471E-005  4.998074253917104E-005
   54954.4689299161       5.726289520746608E-005  5.000985633663447E-005
   54954.4893643132      -3.199657567709568E-005  4.993009372196043E-005
   54954.5097986102      -7.520168370178659E-005  4.990431800026028E-005
   54954.5302331073      -4.727805276638630E-005  4.995067688136213E-005
   54954.5506675044      -1.332077060645087E-005  4.999182350650323E-005
   54954.5711019016       1.427324972491650E-005  4.993940554196085E-005
   54954.5915361988      -8.726764331146164E-005  5.001005983781178E-005
   54954.6119706960      -8.285487776582556E-005  5.001068675272898E-005
   54981.6875398207       3.155917887343040E-005  5.031646992416990E-005
   54981.7079742878      -3.687033459209843E-006  5.030729444193870E-005
   54981.7284086546      -5.250895927966237E-005  5.029626080100789E-005
   54981.7488429215      -8.232136588082195E-005  5.030305757653499E-005
   54981.7692773883      -1.793715745196378E-004  5.029244893998761E-005
   54981.7897117550       2.890901142593716E-005  5.028983302153462E-005
   54981.8305803880       6.698618802991607E-005  5.030756789437145E-005
   54981.8510148545       7.747046840245186E-005  5.027265493738615E-005
   54981.8714491209      -1.609296273629157E-004  5.028370834596270E-005
   55008.9264144296       7.118960250240836E-005  5.008558633654971E-005
   55008.9468485208      -2.997592175935093E-005  5.008499035444326E-005
   55008.9672827117       1.007439750281280E-004  5.008884786500040E-005
   55008.9877170024      -1.584010061459473E-004  5.007948898115294E-005
   55009.0081510931      -1.282411695967545E-004  5.007706575720364E-005
   55009.0285852833      -1.543229771906462E-004  5.007716072138543E-005
   55009.0490194736      -1.434132305422331E-004  5.007726223482115E-005
   55009.0694537638      -9.554214840623576E-005  5.007327373918567E-005
   55009.0898878536      -6.108636377100130E-005  5.007906327964833E-005
   55009.1103220433      -3.819529820359158E-005  5.008235427974165E-005
   55009.1307563328      -1.901143229039448E-004  5.008158474240640E-005
   55036.1854377174      -1.309447336554914E-004  5.005589529391680E-005
   55036.2058715187      -1.674166559428869E-005  5.006160296870550E-005
   55036.2263055197      -6.826002972148970E-005  5.005704468797924E-005
   55036.2467393205       8.879231274339094E-005  5.006706832109927E-005
   55036.2671732213      -6.806197949427162E-005  5.005957269999122E-005
   55036.2876072217      -1.189940981022319E-004  5.005658951483201E-005
   55036.3080411216      -5.609607581380516E-005  5.006316496576472E-005
   55036.3284749215       4.191899924188558E-005  5.005952358058684E-005
   55036.3489088211      -1.656554700799617E-004  5.005533860733385E-005
   55036.3693428205       5.285631631157806E-006  5.005857393876887E-005
   55036.3897766195       8.834893781195508E-005  5.005522072076334E-005
   55090.7021279354      -1.056021258601936E-004  4.998673189792588E-005
   55090.7225611237       4.154459533800559E-005  4.998058542312474E-005
   55090.7429942121       1.479795939640649E-005  4.998526813967542E-005
   55090.7634275000      -9.591360381999703E-005  4.999271136675214E-005
   55090.7838606879      -7.409848741013469E-005  4.998574623521137E-005
   55090.8042937753      -3.227321868767286E-004  4.997912166487428E-005
   55090.8247270625      -1.799618696501915E-004  4.999399174589292E-005
   55090.8451602494      -2.741699992349078E-004  4.999021282638279E-005
   55090.8655933362      -8.600043598216978E-005  4.998730823227059E-005
   55117.9597860377       8.827098906316611E-005  4.928334402918134E-005
   55117.9802189392      -4.848015496328184E-005  4.928738545536106E-005
   55118.0006518408       1.146493113127756E-004  4.927888168704085E-005
   55118.0210846423      -6.047439914613761E-005  4.927686888590514E-005
   55118.0415176433       8.129142414359247E-005  4.927881522662600E-005
   55118.0619504443       9.928692357941138E-006  4.928517960254409E-005
   55118.0823833452      -1.949591803540596E-005  4.927302367618834E-005
   55118.1028163460       1.522212129437817E-004  4.927924880171340E-005
   55118.1232491463       4.256822386883297E-005  4.927965389376588E-005
   55118.1436820467      -4.505322153125491E-007  4.928849312894203E-005
   55145.2375902840       1.185627276018009E-004  4.933754407988915E-005
   55145.2580229410      -7.765415419735966E-005  4.933118919831602E-005
   55145.2784556981      -8.974076174439460E-005  4.933603131425570E-005
   55145.2988885550      -1.047026886196178E-004  4.933510086844768E-005
   55145.3193212119       6.245756115796919E-005  4.933497111239963E-005
   55145.3397539687       2.064547313662679E-006  4.932773958630671E-005
   55145.3601868256      -2.177268956171652E-005  4.934090507801198E-005
   55145.3806194823      -2.934876223115168E-005  4.934156968216056E-005
   55145.4010522391      -4.080680940932169E-005  4.933524644840404E-005
   55172.4540294543      -6.039505738408835E-005  4.936557771583272E-005
   55172.4744621555      -9.033093874777354E-005  4.936351427819046E-005
   55172.4948950567      -5.708820054484143E-005  4.936675184982855E-005
   55172.5153278581       8.089227787266839E-005  4.937233135989500E-005
   55172.5357605595      -1.684904180054847E-005  4.936636574646604E-005
   55172.5561934611       8.107995021033876E-005  4.937088821945807E-005
   55172.5766262628      -2.541290095459114E-005  4.936359339773195E-005
   55172.5970590646       2.311210863026325E-006  4.936365352858349E-005
   55172.6174917664      -6.369425011976126E-005  4.936552391454451E-005
   55172.6379246684       3.812880975673227E-005  4.936765064781997E-005
   55172.6583574705       1.004105351455342E-004  4.936667589506872E-005
   55199.7115402791       6.313335221219685E-005  5.895691527210210E-005
   55199.7319734108       8.719703212289875E-005  5.895641302293262E-005
   55199.7524064430      -5.825723356134294E-005  5.894839686184602E-005
   55199.7728393752      -1.061029580802231E-004  5.895356474145832E-005
   55199.7932725077       1.089519287199581E-004  5.895818411210921E-005
   55199.8137055405       2.010228965165783E-005  5.896078126899877E-005
   55199.8545716067      -2.935957758265495E-005  5.895165487290595E-005
   55199.8750046402       9.945080264872619E-005  5.896134960358528E-005
   55199.8954376738      -7.704310602374420E-006  5.895395464541884E-005
   55199.9158706078       2.886478179953134E-005  5.895869957836210E-005
   55226.9694334884      -1.938419226981125E-004  5.868864813018187E-005
   55226.9898668797       1.107517236210720E-004  5.869678324501914E-005
   55227.0103002713       2.213171506711964E-004  5.869846181461188E-005
   55227.0307336632       7.245188736348940E-005  5.869920197128269E-005
   55227.0511670553      -5.291769783710709E-005  5.870273093255247E-005
   55227.0716003477       1.096627088997826E-004  5.870976902946692E-005
   55227.0920338405       1.941135137861760E-005  5.870370238818292E-005
   55227.1124672335      -7.278724209414111E-005  5.870129687900276E-005
   55227.1329005268      -8.594483434876121E-005  5.870720491528588E-005
   55227.1533340204       1.136466995911301E-004  5.871185072010358E-005
   55254.2278427548       7.755787820185045E-005  5.821230444417878E-005
   55254.2482764412      -5.400153369816696E-005  5.821881385775693E-005
   55254.2687103279      -9.790075237825491E-006  5.822020165151471E-005
   55254.2891441150      -9.606902163872277E-005  5.822006287213893E-005
   55254.3095778022      -3.152646986015473E-005  5.821784901066819E-005
   55254.3300116899      -1.409492019324166E-004  5.821236392105412E-005
   55254.3504454778       5.709701540201895E-005  5.821548976127997E-005
   55254.3708792659      -2.830137639753261E-005  5.822138458047968E-005
   55254.3913130544      -7.293653278839241E-005  5.820877548290900E-005
   55254.4117468431      -1.895008395869091E-006  5.821291243001552E-005
   55281.4867563912      -6.055754768763411E-005  5.033341452615062E-005
   55281.5071905158       9.837006140112070E-005  5.033454889992568E-005
   55281.5276245408       3.675686130921729E-005  5.033200234655308E-005
   55281.5480587658       3.549119204748763E-006  5.032814282994809E-005
   55281.5684928910      -1.363437412073010E-004  5.032652229598370E-005
   55281.5889269165      -1.019636161952997E-004  5.032599644924832E-005
   55281.6093611423       4.115961816897329E-005  5.033221400813210E-005
   55281.6297952682       9.481164983726753E-005  5.033272331880662E-005
   55281.6502292944      -4.202186346413672E-005  5.032585093191275E-005
   55281.6706635208       2.299102833924760E-005  5.032563927033372E-005
   55308.7869040531       3.292965768785239E-004  5.023856037383912E-005
   55308.8073382935      -3.309874111834255E-005  5.031032357076416E-005
   55308.8277726340       8.138317014727559E-005  5.030036224770143E-005
   55308.8482070746       1.028194493890577E-005  5.032246103943622E-005
   55308.8686413153       2.745498024070425E-005  5.029072172421940E-005
   55308.8890757561       1.939196528588649E-005  5.031535384047811E-005
   55308.9095100970      -6.767760723347394E-005  5.031830387373573E-005
   55308.9299443381       1.470726638286290E-005  5.030349087041635E-005
   55335.9850734501       8.068007153549939E-005  5.027154650804486E-005
   55336.0055079523       9.963942238178092E-006  5.027371603922984E-005
   55336.0259423545       1.148969692060797E-004  5.027680166818652E-005
   55336.0463766567       7.105529062700899E-005  5.026793503235279E-005
   55336.0668111589       4.363642848359550E-005  5.027323649346486E-005
   55336.0872455611      -4.743526349548777E-005  5.027497277985528E-005
   55336.1076798633      -1.228555138235166E-004  5.027216495672107E-005
   55336.1281143654      -1.303113405792811E-004  5.027431133742084E-005
   55336.1485487675      -1.433682143512360E-004  5.027154650804486E-005
   55336.1689831697      -4.994804679825382E-005  5.027304798237105E-005
   55336.1894175718      -9.135417707140103E-005  5.026879821472975E-005
   55363.2445255760      -6.699631555384666E-005  5.019392954557499E-005
   55363.2649599860       5.990705692082710E-005  5.019739550393147E-005
   55363.2853941960       2.007962657035733E-006  5.019625782294423E-005
   55363.3058285059      -4.122753846513838E-005  5.019450830770513E-005
   55363.3262628156       1.208572741105973E-004  5.019886721334811E-005
   55363.3466971252       2.102136801206411E-004  5.019913840474623E-005
   55363.3671314347      -1.235731647530880E-005  5.019190222451341E-005
   55363.3875657440       9.331992521921517E-005  5.018922338265391E-005
   55363.4080000533       1.483544996433439E-004  5.019470674043546E-005
   55363.4284344624       2.099196211524657E-006  5.019070832091924E-005
   55390.5037221695       8.564555840007149E-005  5.077505927976541E-005
   55390.5241563545       7.110946764654624E-005  5.077240104561559E-005
   55390.5445903393       7.076633440183944E-005  5.077478850311909E-005
   55390.5650244240      -9.277729582601868E-005  5.077220621851641E-005
   55390.5854586083       5.128203364168638E-005  5.077581217092834E-005
   55390.6058925926      -1.366237259292635E-004  5.077230198098888E-005
   55390.6263267764       5.747890170570980E-005  5.076822382052301E-005
   55390.6467608602      -3.108568492005137E-005  5.076862007902982E-005
   55390.6671948438       6.250452210920798E-006  5.077219961420796E-005
   55390.6876290272      -1.242124602562900E-005  5.077507579053653E-005
   55417.7625910419       1.908374061743157E-005  5.062174025917381E-005
   55417.7830249072      -6.384651706659028E-005  5.061198899775216E-005
   55417.8034585723       6.140728431425213E-005  5.062260542358033E-005
   55417.8238923369       1.004260403821844E-004  5.062616844798736E-005
   55417.8443261015       1.147041004502247E-004  5.061405284414178E-005
   55417.8647598657       6.021309849935097E-005  5.061230270240338E-005
   55417.8851937296       9.959309597673549E-005  5.061879143545233E-005
   55417.9056273933       6.431864265865617E-005  5.061181728573255E-005
   55417.9260611567       1.010673162548104E-004  5.061778758056842E-005
   55417.9464950199       9.334641212233041E-005  5.061939903182943E-005
   55445.0005434900      -1.153093479975276E-004  5.041969134870777E-005
   55445.0209769944       2.472507838369165E-005  5.042494507607717E-005
   55445.0414103984      -3.063208964704245E-005  5.042007439859768E-005
   55445.0618437021       2.683505742062664E-006  5.041929509020097E-005
   55445.0822772056       5.704009592599757E-005  5.042308926540363E-005
   55445.1027106086       1.623554162434315E-004  5.042531491735019E-005
   55445.1231440116       3.237073216688646E-005  5.042254440995677E-005
   55445.1435774142       9.317604392833356E-005  5.041943378067835E-005
   55445.1640108165       5.939281365485716E-005  5.041947670868325E-005
   55445.1844442186       5.053879468364109E-006  5.042040461402002E-005
   55445.2048776205       4.625045745798584E-005  5.042394122119326E-005
   55581.2883252559       9.217350993384610E-005  5.909752918908858E-005
   55581.3087584093       8.571260092604671E-005  5.908949081141888E-005
   55581.3291916631      -5.275691694828222E-005  5.908116061145754E-005
   55581.3496247171       7.435147402701237E-005  5.908433086271671E-005
   55581.3700578713       1.345375496827339E-004  5.909957194513006E-005
   55581.3904911258       8.790964772409371E-005  5.909056524803810E-005
   55581.4109242807      -6.868995828201996E-005  5.907188862137319E-005
   55581.4313574357      -3.870626457502802E-005  5.907308907216380E-005
   55581.4517905910       9.991063014036516E-005  5.908360130698762E-005
   55581.4722237465       6.110202643705431E-005  5.907325488028405E-005
   55608.5463923465      -7.019542060582307E-005  5.880310702612386E-005
   55608.5668258827       5.128816587818275E-005  5.879937965958065E-005
   55608.5872593191      -2.799194771452296E-005  5.880166781164010E-005
   55608.6076929559      -3.861637811297669E-006  5.879447173922126E-005
   55608.6281264929      -1.512182395206896E-004  5.879634868714249E-005
   55608.6485600303      -3.327379488626825E-005  5.879276059942029E-005
   55608.6689935679      -8.781574404981285E-005  5.880030818505405E-005
   55608.6894270059       7.396698866501961E-005  5.879804656229384E-005
   55608.7098606442       7.739315429000637E-005  5.879201114671676E-005
   55608.7302941827       1.070041839235092E-005  5.879837817853434E-005
   55663.0436235664       3.543068308187181E-006  5.065809581560456E-005
   55663.0640577846      -6.645293817497677E-005  5.065883221405787E-005
   55663.0844920031       2.188338753617014E-005  5.066484002587375E-005
   55663.1049262217      -2.147326575319131E-005  5.066062489445551E-005
   55663.1253604405      -4.584454358436130E-005  5.065859896567900E-005
   55663.1457946595      -1.692275299128854E-004  5.066246089240922E-005
   55663.1662287787      -1.254220654961502E-004  5.065706619061782E-005
   55663.1866630981      -3.405118902433113E-005  5.066614621679545E-005
   55663.2070973176       8.767722569003045E-005  5.067030137005912E-005
   55663.2275316372       1.099022619733825E-004  5.066877192711763E-005
   55663.2479657571       7.755927479846658E-005  5.066405697774467E-005
   55690.3030027100       8.870374989855545E-005  5.062854991024052E-005
   55690.3234370904      -1.996824291361499E-005  5.062234217124275E-005
   55690.3438715708      -1.339489018944429E-004  5.062228885732758E-005
   55690.3643059513       4.560761490568499E-005  5.062144916316364E-005
   55690.3847402318       3.457836484288546E-005  5.062933962260900E-005
   55690.4051747124      -1.103356882217188E-004  5.062397824201457E-005
   55690.4256090931       9.992428141247789E-005  5.061552132222052E-005
   55690.4460433738      -1.285135455025843E-004  5.062228552520789E-005
   55690.4664778546      -1.472260492242361E-004  5.061741063408940E-005
   55690.4869121354      -4.240658622645110E-005  5.062849326420566E-005
   55717.5624937826       1.796576276656969E-004  5.052492431974583E-005
   55717.5829281688      -1.264171057768770E-005  5.052068919560941E-005
   55717.6033626549      -1.125604612749465E-004  5.051838336877824E-005
   55717.6237969409       1.825504651142840E-005  5.052213533555843E-005
   55717.6442313270       6.863940336110375E-006  5.051808681012510E-005
   55717.6646658130       5.302025553965972E-005  5.053031902153724E-005
   55717.6851000988      -1.974994381048756E-005  5.049568830151372E-005
   55717.7055344847       1.511314199361680E-004  5.052220531007209E-005
   55717.7259688706       1.865190683536522E-005  5.052268180318893E-005
   55717.7464032562       8.624308890892163E-005  5.052324159929824E-005
   55744.8014027945      -1.080405538976814E-004  5.041198802305428E-005
   55744.8218371383       5.880447067507788E-006  5.041533819440000E-005
   55744.8422713820      -6.576582207007409E-005  5.041127958761161E-005
   55744.8627055253       1.536304658619203E-004  5.041631477596817E-005
   55744.8831398687       6.563737405584913E-005  5.041703645319481E-005
   55744.9035741120      -5.490187821743930E-005  5.041562951364745E-005
   55744.9240084548       4.428156079483436E-006  5.041476879768907E-005
   55744.9444425977      -6.988979732280853E-006  5.041406036224639E-005
   55744.9648768405       5.769549232914617E-005  5.041546399134776E-005
   55744.9853111829       6.713566193583542E-005  5.041729797842832E-005
   55745.0057453253      -3.302196135868130E-005  5.041618566857441E-005
   55772.0605256661      -6.102494764181898E-006  5.035605472754315E-005
   55772.0809596466       3.235108994359415E-006  5.035435646874834E-005
   55772.1013936270       7.931826357721050E-006  5.034749060375722E-005
   55772.1218276070       1.190108514544930E-004  5.035128768531210E-005
   55772.1422615870       3.998115805525781E-005  5.034789447816845E-005
   55772.1626955665       7.474132639684328E-006  5.035664398693005E-005
   55772.1831295458       6.207097405952489E-006  5.035559788599601E-005
   55772.2035635250      -2.772479104784509E-005  5.035209543413458E-005
   55772.2239975039       9.848324600525427E-005  5.035433329562638E-005
   55772.2444313827       2.649515435126926E-005  5.035478682672753E-005
   55772.2648654610      -1.097350113382634E-004  5.035161210901948E-005
   55799.3396733467       1.219965810598245E-004  5.034319033441127E-005
   55799.3601069865      -9.708760655868787E-006  5.034215747526121E-005
   55799.3805405260      -3.258373483239208E-005  5.033893641130925E-005
   55799.4009742652      -3.491166065694440E-005  5.033704283620080E-005
   55799.4214079040      -2.236927551113599E-005  5.033959187961602E-005
   55799.4418415427      -7.719085795965253E-005  5.033630460674419E-005
   55799.4622751811      -8.389518859075462E-005  5.033741360615210E-005
   55799.4827087191       1.012580521789763E-004  5.033602983972670E-005
   55799.5031424570      -4.706944384347267E-005  5.033599011437478E-005
   55826.5774788464      -2.517381667321850E-005  5.033664227223555E-005
   55826.5979121262       1.224758932594217E-005  5.033202420007421E-005
   55826.6183455059      -2.113598621011903E-006  5.033723153162245E-005
   55826.6387786853       4.229266985789071E-005  5.033576169360120E-005
   55826.6592119644      -5.382802582798440E-005  5.033424881978204E-005
   55826.6796453431      -4.138358607341797E-005  5.033696007505095E-005
   55826.7000786218       9.785501228798399E-005  5.034148214427848E-005
   55826.7205119000       4.613947024834086E-005  5.033755595532984E-005
   55826.7409451783      -1.010891055495122E-004  5.033420578398412E-005
   55826.7613784560       2.548752090503204E-005  5.033717194359456E-005
   55935.5869596860      -8.184871185434872E-005  5.469742287396064E-005
   55935.6073925363      -1.662166829706768E-004  5.469440057229724E-005
   55935.6278254868      -5.475354509931751E-005  5.469895395205605E-005
   55935.6482585374       1.198722654792705E-004  5.470335455612638E-005
   55935.6686914883       2.631710772493800E-005  5.470168066597435E-005
   55935.6891244394       5.672820820434854E-005  5.470071087247357E-005
   55935.7095573906      -5.219656700583553E-005  5.470349072576176E-005
   55935.7299903421      -2.576424939404465E-005  5.470553659150314E-005
   55935.7504232938      -7.762213784956451E-006  5.470457011921298E-005
   55935.7708562456       3.629575934582796E-006  5.470299254416890E-005
   55935.7912891977      -4.995026449761131E-005  5.470899397175765E-005
   55962.8447294703      -4.755226771435694E-005  5.545728929393003E-005
   55962.8651627498      -1.645634389768613E-004  5.546123821335616E-005
   55962.8855959295      -1.509457713521067E-004  5.545479506475508E-005
   55962.9060293095       1.088705150361635E-004  5.546335714573116E-005
   55962.9264625897       2.439211912086403E-005  5.546468895118943E-005
   55962.9468959704       2.199808553193794E-005  5.545934844451389E-005
   55962.9673291512       3.829947292388614E-005  5.546463913303014E-005
   55962.9877624323       1.361293462945889E-004  5.546915930068277E-005
   55963.0081958138       1.043754216495385E-004  5.547102914226133E-005
   55963.0286289955       9.971491735372151E-005  5.545832883285382E-005
   55963.0490622775       1.141200484059413E-004  5.545964735346961E-005
   55990.1029925684      -5.641260387223568E-005  5.598178151732249E-005
   55990.1234263413       2.415706827685327E-006  5.598864978088283E-005
   55990.1438600144      -1.249985118523256E-006  5.598868963541025E-005
   55990.1642935877      -7.686525015548895E-005  5.598237269281269E-005
   55990.1847273616       9.799227492413021E-005  5.599034359829857E-005
   55990.2051610356      -4.270292415731181E-005  5.598605259417868E-005
   55990.2255948099       1.366864068098606E-004  5.599030374377115E-005
   55990.2460283845      -3.933923041155030E-005  5.599274815478682E-005
   55990.2664620593       5.860387280154367E-005  5.598384731032758E-005
   55990.2868958345       2.150221996843893E-005  5.598710873915556E-005
   56017.3617441826       4.215877307134352E-005  5.084910823237433E-005
   56017.3821782177      -5.953064196861924E-005  5.084594511187945E-005
   56017.4026122528       9.196066070582543E-005  5.085712864204574E-005
   56017.4230462884       1.379558149542381E-004  5.084702749742605E-005
   56017.4434803240       6.152186456942488E-006  5.084969984683458E-005
   56017.4639143600      -1.275093370521896E-004  5.084394841307609E-005
   56017.4843483961       3.103197866216600E-005  5.084575350946903E-005
   56017.5047824325       6.340089087064626E-008  5.085479243721689E-005
   56017.5252164692       1.278884768052269E-005  5.085240581070109E-005
   56044.6209396286      -4.778232264657234E-005  5.090755032899926E-005
   56044.6413739195      -6.032935628996761E-005  5.091283452179199E-005
   56044.6618082106       4.664382463415162E-005  5.091825989530818E-005
   56044.6822425018      -4.203235967670249E-005  5.091444801577450E-005
   56044.7026767932      -8.838740329097927E-005  5.091242778685056E-005
   56044.7231110847       2.873844568729300E-005  5.091683800373609E-005
   56044.7435454764      -1.330697395732772E-004  5.090652844947700E-005
   56044.7639796681      -3.869323675176339E-005  5.091072689527733E-005
   56044.7844139601      -3.219530989495567E-005  5.090879070249831E-005
   56044.8048483521       4.211177975887992E-006  5.091274712420126E-005
   56071.8599467962      -7.924850300256026E-005  5.085012675045080E-005
   56071.8803810961      -2.166074243636906E-006  5.085709838903357E-005
   56071.9008155961      -3.088200092504767E-005  5.084521567814152E-005
   56071.9212499960      -4.737334869719945E-006  5.086086993121769E-005
   56071.9416843960       1.602212610000153E-004  5.085555548541279E-005
   56071.9621187960       9.805266728324380E-005  5.086328344929986E-005
   56071.9825530960       1.682135894232051E-005  5.084811324441845E-005
   56072.0029875960       9.952710265148657E-005  5.085492353360297E-005
   56072.0234219961      -3.820702326318148E-005  5.085573700348582E-005
   56072.0438562962       5.228146985103432E-005  5.085309826853525E-005
   56072.0642907963       6.415413484006649E-006  5.084675185887070E-005
   56099.1194283303      -3.621125397845759E-005  5.073675526805872E-005
   56099.1398627834       2.779120571394511E-005  5.074114867771526E-005
   56099.1602970362      -4.028029722569215E-005  5.074237896687693E-005
   56099.1807313891       9.381433983579601E-005  5.074082597891876E-005
   56099.2011658418       6.813532443106229E-005  5.073987132831244E-005
   56099.2216000945       1.461938910448657E-004  5.074859428015540E-005
   56099.2420344471       3.661566335236843E-004  5.078025573811641E-005
   56099.2624688996      -1.003483268291472E-005  5.074442272592145E-005
   56099.2829031520       1.712850588153625E-005  5.074398237652205E-005
   56099.3033375042       1.674197072276673E-005  5.074660430424363E-005
   56099.3237719564       2.955446954133745E-005  5.074250334037141E-005
   56153.6376942216      -5.656658874042542E-005  5.072466421531740E-005
   56153.6581280919      -5.945540269647331E-005  5.072349938671738E-005
   56153.6785618620       5.734256993683573E-006  5.072549861975867E-005
   56153.6989958319      -1.209360031773077E-005  5.071960772440330E-005
   56153.7194297015      -4.446460564366816E-005  5.072536177743030E-005
   56153.7398636707      -7.447979128671900E-005  5.072361620333916E-005
   56153.7602974398      -3.213947959290753E-005  5.072221106626006E-005
   56153.7807313085       1.199360693514562E-004  5.072156690603140E-005
   56153.8011652772      -6.731449940688972E-005  5.072387987514260E-005
   56153.8215990454       1.277512515135415E-004  5.072100284862910E-005
   56180.8962501367      -2.949530343188123E-006  5.069283669230957E-005
   56180.9166835529       2.579922071199725E-006  5.069143489284824E-005
   56180.9371170688       4.866387247093318E-005  5.069483592535086E-005
   56180.9575506843       1.135707919571738E-004  5.069337071115199E-005
   56180.9779840998      -4.768469343541248E-005  5.069271320045226E-005
   56180.9984176148       8.275263379398101E-005  5.069167186370956E-005
   56181.0188512296       3.948914825790961E-005  5.069040356895883E-005
   56181.0392846439      -2.556797772579333E-005  5.069024002568834E-005
   56181.0597181582      -3.431856609148465E-005  5.068837763497542E-005
   56181.0801517721      -6.120133865894495E-005  5.068627159816566E-005
   56344.4216258193       4.187538717037587E-005  5.192064677309013E-005
   56344.4420592296       1.114841853547821E-004  5.191531050759923E-005
   56344.4624925402      -5.450073590895776E-005  5.191631525783965E-005
   56344.4829260510       1.743002808007876E-005  5.191786774817768E-005
   56344.5033594621       5.010053825615923E-005  5.192217910121599E-005
   56344.5237927736      -6.637926157226914E-005  5.191455778501109E-005
   56344.5442262852       5.708176626828543E-005  5.192432301644471E-005
   56344.5646596972       7.392013258022967E-005  5.192717932983719E-005
   56344.5850932095      -4.321575273946721E-005  5.192458512520308E-005
   56344.6055265221      -7.463660300410790E-005  5.192439694455604E-005
   56371.6800660401      -3.715947014315546E-006  5.194667282864877E-005
   56371.7004998432       1.196301475492323E-005  5.195238209506505E-005
   56371.7209336466      -3.229418695382957E-005  5.194371906456406E-005
   56371.7413674502       7.922363437617985E-005  5.195655231261808E-005
   56371.7618012540      -1.008187362188107E-004  5.194925695217679E-005
   56371.7822349582      -1.570456409183407E-005  5.195228128400414E-005
   56371.8026688626       3.502661764687165E-005  5.195311129507231E-005
   56371.8231026674       1.184747224932670E-004  5.195074223514088E-005
   56371.8435365724      -7.956428521138648E-006  5.194315452262296E-005
   56371.8639702776       2.204681040651746E-005  5.195008360287627E-005
   56398.9185460591      -1.537923368544192E-005  5.103908175807173E-005
   56398.9389801948       2.826737249128630E-005  5.103559582182282E-005
   56398.9594142307       9.111133571715335E-006  5.104039490687229E-005
   56398.9798484669      -1.161815435326563E-004  5.103556197778157E-005
   56399.0002826032      -8.625333582423789E-005  5.101776678089152E-005
   56399.0207166397       4.697815252219240E-005  5.105107947069539E-005
   56399.0411508765      -1.489513261865305E-005  5.103891592226960E-005
   56399.0615850136       3.658199822831332E-005  5.103999893158964E-005
   56399.0820191507      -6.381444817304960E-005  5.103794798268980E-005
   56399.1024532882      -8.729624575765094E-006  5.103129762858387E-005
   56399.1228873258      -6.840627635229524E-005  5.101962143435210E-005
