   54969.4687648263       8.568220607463317E-006  1.141767139729313E-004
   54969.4891993066       2.531718053551124E-004  1.141958634957476E-004
   54969.5096336867       2.226455325105015E-004  1.141781630528050E-004
   54969.5300681668       2.013689457511791E-004  1.141735043287252E-004
   54969.5505027467      -1.473699476552959E-004  1.141447935873033E-004
   54969.5709371265      -1.194466877045497E-003  1.140674912703051E-004
   54969.5913716062      -7.425887289063127E-004  1.141032307262544E-004
   54969.6118061856      -5.105485852682223E-004  1.141088645321183E-004
   54969.6322405650       1.803011131413790E-004  1.141500888231033E-004
   54969.6526750441       7.939909663434719E-005  1.141805465860551E-004
   54969.6731095231      -9.140818070729750E-005  1.141545714907498E-004
   54969.6935441020       9.357504320095522E-005  1.141791652201942E-004
   54984.0589405221       1.911045755782492E-004  1.139784338006871E-004
   54984.0793748802       1.084875337564739E-005  1.141276213136604E-004
   54984.0998093381       1.546722269023526E-004  1.140873314760519E-004
   54984.1202435955      -4.880908840410036E-005  1.141027973565725E-004
   54984.1406779529       1.020075189517300E-004  1.141377784155785E-004
   54984.1815466670      -7.619170766264283E-004  1.140736261598637E-004
   54984.2019810239      -3.203824926348853E-004  1.141290026795213E-004
   54984.2224153804      -1.564016693624826E-004  1.141294225064006E-004
   54984.2428497368      -2.115464685713553E-004  1.141366137345586E-004
   54984.2632840928       1.995929832749876E-004  1.141133878281725E-004
   54984.2837184489      -1.705226267416649E-004  1.140522285318228E-004
   55013.2389572543       6.394827260391978E-006  1.115719439107146E-004
   55013.2593912534      -2.164960918769054E-004  1.115649271839251E-004
   55013.2798253522      -4.004916287854154E-004  1.115596778281691E-004
   55013.3002592508      -1.618246632735243E-004  1.115719439107146E-004
   55013.3206932490      -4.975973480931817E-004  1.115621178553421E-004
   55013.3411272469      -1.473103199238546E-003  1.115322044411345E-004
   55013.3615612443      -1.488219728418172E-003  1.115127501704307E-004
   55013.3819952418      -1.387606058743662E-004  1.115595063668002E-004
   55013.4024292387      -2.988418847573726E-004  1.115592689587509E-004
   55013.4228633355      -3.756169739899118E-005  1.115646633972037E-004
   55013.4432972318      -1.936036779879302E-004  1.115449057717703E-004
   55013.4637312280       2.099535337660718E-004  1.115803850857996E-004
   55027.8287530646       3.390947293069324E-005  1.118468228637574E-004
   55027.8491868453      -2.331276098733737E-004  1.118369044830324E-004
   55027.8696206255      -1.438869689873723E-004  1.118417449693703E-004
   55027.8900544057       1.889438869222548E-004  1.118505686352014E-004
   55027.9104882852      -1.070629650631316E-004  1.118520194621691E-004
   55027.9309219648      -9.435267093703681E-004  1.118197451568049E-004
   55027.9513557438      -1.157301631859786E-003  1.118128339447040E-004
   55027.9717894226      -2.941873657947847E-004  1.118482341227169E-004
   55027.9922233010      -2.662109990607675E-004  1.118516765394313E-004
   55028.0126570791      -2.771393291672863E-004  1.118498827897257E-004
   55028.0330907570       1.011219639652783E-004  1.118627423923943E-004
   55028.0535246344      -4.711623293440770E-005  1.118622148189515E-004
   55042.4183881620      -7.249310037926726E-006  1.117379317051603E-004
   55042.4388218121       1.566968749771025E-004  1.117376019717586E-004
   55042.4592553621       1.712453594702179E-004  1.117420335886782E-004
   55042.4796888116      -3.263615989901325E-005  1.117324053733468E-004
   55042.5001224606      -7.780821410097172E-005  1.117336715496096E-004
   55042.5205560096      -9.096598377174026E-004  1.116999464172776E-004
   55042.5409894581      -1.264423796422443E-003  1.116821408135826E-004
   55042.5614231062      -6.893822062781219E-005  1.117216428751134E-004
   55042.5818566540       2.569769826643586E-004  1.117527037615591E-004
   55042.6022901017       3.383200482851567E-004  1.117441438824495E-004
   55042.6227236490       2.870735437268124E-004  1.117520838627638E-004
   55042.6431572960       4.143555401361354E-004  1.117612108833245E-004
   55057.0078574098      -4.327685451011032E-005  1.117963736532882E-004
   55057.0282906291       3.210601417835690E-006  1.117919420363685E-004
   55057.0487239478      -3.936075004340456E-005  1.117937885434184E-004
   55057.0691573665       3.425812740065481E-005  1.117844241148084E-004
   55057.0895906848       1.957264868692743E-004  1.117836195653081E-004
   55057.1100239026      -5.009126666958297E-004  1.117609470966031E-004
   55057.1304572202      -1.219724997594929E-003  1.117437350130313E-004
   55057.1508906375      -1.410831790170652E-004  1.117798474151920E-004
   55057.1713238544       1.260160342768657E-004  1.117907813747943E-004
   55057.1917571711      -1.774896355676292E-004  1.117887502170395E-004
   55057.2121905875       2.711045908099230E-005  1.117884864303181E-004
   55057.2326238034       1.126294090867397E-004  1.117995654726172E-004
   55071.5971656178       2.264605975079714E-004  1.118830671592788E-004
   55071.6175986180       2.005033242715726E-004  1.118686116469457E-004
   55071.6380317178       3.502451562977793E-004  1.118788597610723E-004
   55071.6584649173       5.610578573851388E-004  1.118943572309550E-004
   55071.6788980164       2.444369950880265E-004  1.118821307164178E-004
   55071.6993310154      -4.265348268531755E-004  1.118623994696565E-004
   55071.7197642139      -1.344882285272186E-003  1.118224753493715E-004
   55071.7401973123       1.623648676294387E-004  1.118796511212366E-004
   55071.7606303104       1.897174377234467E-004  1.118902685367732E-004
   55071.7810634079       4.264813155681058E-004  1.118984063571286E-004
   55071.8014966055       1.012432518125994E-004  1.118723178503814E-004
   55071.8219296025       1.395135744168829E-004  1.118745072801691E-004
   55086.1863252618      -4.887751511558625E-004  1.118475218985691E-004
   55086.2067580676       9.300784793220274E-005  1.118654330169527E-004
   55086.2271909728      -2.402274164343687E-004  1.118507664752424E-004
   55086.2476237778       3.125956072811409E-004  1.118901762114207E-004
   55086.2680567826      -1.084527845102157E-004  1.118643778700671E-004
   55086.2884896868      -1.992042770005975E-004  1.118617927601973E-004
   55086.3089225912      -1.502948627742473E-003  1.118096948827193E-004
   55086.3293554952      -5.229143539168257E-004  1.118612915654266E-004
   55086.3497883991      -2.111003217721841E-004  1.118718826022911E-004
   55086.3702213024      -2.298654321705174E-004  1.118725288797586E-004
   55086.3906541058      -6.441996056486543E-004  1.118677411507650E-004
   55086.4110871087      -2.730645386044284E-004  1.118709197807580E-004
   55086.4315200116      -1.320014155583582E-004  1.118826187218524E-004
   55100.7957691265      -6.229801592794182E-004  1.149868472912181E-004
   55100.8162018746      -3.851877537602855E-004  1.150231728611754E-004
   55100.8366347222      -4.738393129096741E-004  1.150036075714789E-004
   55100.8570674698      -3.127774429372288E-004  1.150130134240149E-004
   55100.8775001171      -6.308091073412569E-004  1.150138856284414E-004
   55100.8979328643      -1.941862784999637E-003  1.149390714215488E-004
   55100.9183656112      -8.344158113834377E-004  1.149959670607022E-004
   55100.9387983579      -6.410266595345826E-004  1.150016119677509E-004
   55100.9592311045      -1.943625991116527E-004  1.150418589688101E-004
   55100.9796638510      -2.423429196114490E-004  1.150309040812125E-004
   55101.0000965972      -3.541105276653189E-004  1.150343719660125E-004
   55101.0205292432      -4.764519489759422E-004  1.150138646955352E-004
   55115.3847069251      -4.345761459645381E-005  1.152121621163225E-004
   55115.4051395646       2.815283481374387E-004  1.152238984990863E-004
   55115.4255721038       1.419838091638592E-004  1.152103618863861E-004
   55115.4460047430       3.162327774908213E-005  1.152460734244271E-004
   55115.4664374820      -5.536120403744071E-004  1.152030772350154E-004
   55115.4868700210      -1.281337563954321E-003  1.151638419910911E-004
   55115.5073026598      -3.645518712266371E-004  1.152154764931434E-004
   55115.5277353986       4.408699380542558E-005  1.152304225881970E-004
   55115.5481680372      -3.247442654830124E-005  1.152416147153986E-004
   55115.5686005756       2.321469928645570E-005  1.152448523382300E-004
   55115.5890333140      -1.750867455458938E-004  1.152517462420175E-004
   55115.6094659523       9.685084259558607E-005  1.152389422810356E-004
   55129.9735876873      -1.856042049352968E-005  1.159806719030177E-004
   55129.9940202766       1.281832207040701E-004  1.159867912892745E-004
   55130.0144527658       3.556437313423366E-005  1.159824930658604E-004
   55130.0348853551       2.809978341771213E-004  1.160152879522990E-004
   55130.0553180444       5.097844644152971E-005  1.159896800303352E-004
   55130.0757505336      -1.058021069057058E-003  1.159550779363247E-004
   55130.0961831227      -1.023749350670178E-003  1.159326657713799E-004
   55130.1166158119       2.180988385938054E-004  1.159864493851392E-004
   55130.1370483010       1.679205837654685E-004  1.160073822913767E-004
   55130.1574808901       2.090019825806699E-004  1.160009698444326E-004
   55130.1779135792       1.995396852043640E-004  1.160023514162443E-004
   55130.1983461682       1.169964192078154E-004  1.160027700743691E-004
   55144.5624557078       4.512504188514121E-005  1.167231899978015E-004
   55144.5828883117       4.989297307929075E-004  1.168026443322434E-004
   55144.6237535198      -3.932199343914533E-005  1.167421412555818E-004
   55144.6441861239       2.436422822815754E-004  1.167250600040920E-004
   55144.6646187281      -9.038615235585912E-004  1.166561139885813E-004
   55144.6850513324      -6.272232788632204E-004  1.167077694235399E-004
   55144.7054839367       3.476361522560811E-004  1.167902032083029E-004
   55144.7259165411       2.313405253961953E-005  1.167403061374683E-004
   55144.7463492455       1.473842489017052E-004  1.168035304919408E-004
   55144.7667817501       7.173258311943265E-005  1.167634230435898E-004
   55144.7872143547       1.700586067885368E-004  1.168018837699834E-004
   55159.1513612042      -1.607909562125753E-004  1.168454451478635E-004
   55159.1717937892      -1.983552529014609E-004  1.168220351810547E-004
   55159.1922265743      -3.018879337425284E-004  1.168282871423842E-004
   55159.2126592596      -1.830196116905380E-004  1.168263473597396E-004
   55159.2330918451      -2.415360987332305E-004  1.168351182474531E-004
   55159.2535246307      -1.112108749908081E-003  1.167899799239697E-004
   55159.2739573165      -1.459539085952644E-003  1.167890309655536E-004
   55159.2943900024      -2.134220123176656E-004  1.168454660807698E-004
   55159.3148225885      -2.547354799210533E-004  1.168468127644044E-004
   55159.3352553748      -5.145375418391662E-005  1.168639707698837E-004
   55159.3556880612      -1.856584880207679E-004  1.168401840107625E-004
   55159.3761206478      -1.270490264246860E-004  1.168539020419835E-004
   55173.7403439117       2.505691124632392E-004  1.169188010289549E-004
   55173.7607767404       2.293253564547015E-004  1.169134073167811E-004
   55173.7812095694       2.437003946940131E-004  1.169106720836994E-004
   55173.8016423986       2.945420273858801E-005  1.169100929399602E-004
   55173.8220752280       6.572913931290891E-005  1.168963679311038E-004
   55173.8425081577      -7.133770540093121E-004  1.168672153703505E-004
   55173.8629408876      -1.237798897359421E-003  1.168390396785549E-004
   55173.8833737178      -1.466418599932462E-004  1.168776888011046E-004
   55173.9038066482       1.096953723662697E-004  1.168876737973799E-004
   55173.9242393789       2.238457017973428E-004  1.168961446467706E-004
   55173.9446722097       2.258361107787543E-005  1.168813729926024E-004
   55173.9651050409       2.911034337333973E-004  1.168965981930724E-004
   55188.3294424610      -1.325431359699980E-005  1.163262955735661E-004
   55188.3498754867       1.354014108945201E-005  1.163212228267764E-004
   55188.3703085128       8.171037524618008E-005  1.163254828130307E-004
   55188.3907415392       1.034905652321783E-004  1.163141602179862E-004
   55188.4111745659       1.545438832972756E-004  1.163169558339656E-004
   55188.4316074929      -2.532875955773006E-004  1.163062498158789E-004
   55188.4520406201      -1.139518164683273E-003  1.162080319091122E-004
   55188.4724736477      -2.241689920127188E-004  1.162815797310076E-004
   55188.4929066756       8.098169990522486E-005  1.163210897022059E-004
   55188.5133397038       2.825754807176395E-004  1.163377933325192E-004
   55188.5337727323       1.664472828124541E-004  1.163317676940672E-004
   55188.5542057612       2.545025312399307E-004  1.163252165638898E-004
   55202.9187038572      -2.858738047550879E-005  1.162036878441818E-004
   55202.9391371190       3.365090852502917E-005  1.161959806322084E-004
   55202.9595703811       1.334343424728157E-004  1.162125231117258E-004
   55202.9800035435       1.019176379171149E-004  1.162041292572312E-004
   55203.0004369062      -4.798238163727930E-005  1.161995049300471E-004
   55203.0208701693      -2.896338264390952E-004  1.162074783911614E-004
   55203.0413033329      -1.229223453745765E-003  1.161545508645731E-004
   55203.0617366967      -4.101605968021005E-004  1.161894365085873E-004
   55203.0821699608       1.562393135543516E-004  1.162150524785644E-004
   55203.1026032253      -2.921180457959860E-005  1.162091389450139E-004
   55203.1230364901      -1.776568344191709E-005  1.162087255581899E-004
   55203.1434697555      -9.537081167632078E-005  1.162113460102608E-004
   55203.1639030210      -9.611319555014042E-006  1.162034356081536E-004
   55217.5285764033       1.196348042944440E-004  1.159127826315234E-004
   55217.5490099226      -2.690416461660350E-004  1.159058111079656E-004
   55217.5694435420      -1.647565350112457E-004  1.159011307283309E-004
   55217.5898769619       1.725964353660459E-006  1.159196000108417E-004
   55217.6103104823      -2.207407415305562E-004  1.159213796761519E-004
   55217.6307440029      -1.616540543188272E-003  1.158536402894620E-004
   55217.6511776237      -5.571803000173903E-004  1.159015160889295E-004
   55217.6716110453       3.188474929638474E-005  1.159334729923939E-004
   55217.6920444668       1.821704601723262E-005  1.159454401906217E-004
   55217.7124780890       1.652901784723326E-004  1.159465402199670E-004
   55217.7329116115       8.877413814922797E-005  1.159376068606341E-004
   55217.7533451342      -1.825767023044822E-004  1.159314691172808E-004
   55246.7080078402       4.001080238813515E-005  1.153561677828034E-004
   55246.7284418609      -7.301371334056395E-005  1.153408864834270E-004
   55246.7488758820       2.016455394366901E-004  1.153477318889707E-004
   55246.7693099033       5.967271167173216E-005  1.153574569891699E-004
   55246.7897440249       3.483464248463797E-004  1.153715822067502E-004
   55246.8101779469      -9.117840406157596E-004  1.153012363811020E-004
   55246.8306119692      -1.649850210204695E-004  1.153121175630972E-004
   55246.8510460919       4.062140192968577E-004  1.153487618527526E-004
   55246.8714800148      -1.031792595322933E-004  1.153390507656661E-004
   55246.8919140380       2.852528497010454E-004  1.153295638883824E-004
   55246.9123479616       2.430073220123230E-004  1.153406202342861E-004
   55246.9327820855       2.931710859670478E-004  1.153440814731178E-004
   55261.2979752851      -2.140520044602301E-005  1.149544749013054E-004
   55261.3184096159       1.079930468477208E-004  1.149517283312203E-004
   55261.3388437471      -9.351971005389093E-005  1.149597858710107E-004
   55261.3592779786      -4.192644192381190E-004  1.149354100615057E-004
   55261.3797123104      -5.056584006559728E-004  1.149433414832819E-004
   55261.4001464423      -1.608557945275590E-003  1.148913808614684E-004
   55261.4205806745      -1.088936354570413E-003  1.149031168433371E-004
   55261.4410149070      -2.236262545065593E-004  1.149459339091275E-004
   55261.4614491398      -2.431459649993029E-004  1.149367623268792E-004
   55261.4818833728      -4.557133237432787E-004  1.149208714571013E-004
   55261.5023176061      -2.610855838447446E-005  1.149507474133328E-004
   55261.5227518397      -4.673094403515599E-004  1.149281792953633E-004
   55276.0107058890      -8.358647445600997E-004  1.142640554587613E-004
   55276.0311401869      -5.645289871347714E-006  1.142760767688922E-004
   55276.0515745849       1.429367829042238E-004  1.143163102527991E-004
   55276.0720090831       1.056662447818102E-004  1.143133455378006E-004
   55276.0924433816       3.307655548836497E-004  1.143690659347591E-004
   55276.1128777802       1.265159284022932E-004  1.143541475971866E-004
   55290.4783021232       6.786305192545417E-004  1.144416269959100E-004
   55290.4987367332       1.542333780129024E-004  1.143880184507313E-004
   55290.5191712434       3.596195578652317E-004  1.143990921350637E-004
   55290.5396056536       4.604790710827089E-005  1.144002698985563E-004
   55290.5600401640      -9.796519052751584E-006  1.143783797426083E-004
   55290.5804747745      -7.513199129981496E-004  1.143556231859301E-004
   55290.6009091851      -6.571400563692986E-004  1.143572882998334E-004
   55290.6213436959       1.430468247172190E-004  1.143827523587933E-004
   55290.6417783067       1.066982767903291E-004  1.143825628336336E-004
   55290.6622127177       1.705139657988131E-004  1.143980226716624E-004
   55290.6826472288       1.437589500665748E-004  1.143684025967000E-004
   55290.7030818400       1.865656080866085E-004  1.143866917746133E-004
   55305.0685661813       8.926365702333072E-005  1.142111237891530E-004
   55305.0890007482       8.566170818347096E-005  1.142172292067984E-004
   55305.1094353152      -1.695920821660479E-004  1.142020807315319E-004
   55305.1298699823       2.545024996791767E-004  1.141865396684347E-004
   55305.1503044493       4.609947631295519E-005  1.141772123230740E-004
   55305.1707390164      -9.865412627569903E-004  1.141425292188448E-004
   55305.1911736836      -9.765804083577967E-004  1.141530884777436E-004
   55305.2116081508      -2.088271396889496E-004  1.141665312265725E-004
   55305.2320427180      -5.023038343632269E-005  1.141853212924079E-004
   55305.2524773853      -1.139880228206991E-006  1.141838321661529E-004
   55305.2729118526       1.455801272776114E-004  1.141702675797213E-004
   55305.2933464199       2.675904643234528E-004  1.142000365673092E-004
   55319.6588486452      -2.037273479235102E-004  1.140270271715052E-004
   55319.6792832123      -2.340341297402126E-005  1.140140988481098E-004
   55319.6997177792      -1.548782787379466E-004  1.140069104295518E-004
   55319.7201524461      -7.048886423333123E-006  1.140030387012889E-004
   55319.7405869130       4.454390869423897E-005  1.140230742181738E-004
   55319.7610214799      -9.887286572254350E-004  1.139517450705611E-004
   55319.7814561468      -1.141068637882214E-003  1.139404277110233E-004
   55319.8018906135       1.633562230489716E-004  1.140212060415994E-004
   55319.8223252803       1.124055073575825E-005  1.140129481596401E-004
   55319.8427598469      -4.701193568457107E-005  1.139976643092596E-004
   55319.8631943136      -4.571119359852993E-005  1.140259712456153E-004
   55319.8836289802      -7.793604090888806E-005  1.140088598311946E-004
   55334.2491152395       6.707626064090810E-004  1.140576896348461E-004
   55334.2695498522       1.083251792868278E-004  1.140354204285786E-004
   55334.2899842647       2.681062965934622E-004  1.140354204285786E-004
   55334.3104187771       2.609971156148916E-004  1.140390890941704E-004
   55334.3308533895       2.065751856210607E-004  1.140442198109943E-004
   55334.3512878017      -4.757490088814764E-004  1.139990992854689E-004
   55334.3717224138      -1.409786563247861E-003  1.139748671400472E-004
   55334.3921569258      -6.507390969001658E-005  1.140288547355454E-004
   55334.4125914377       1.697488998422259E-004  1.140344728027800E-004
   55334.4330259495       6.599794952610871E-005  1.140217881545900E-004
   55334.4534604611       4.118070376879501E-005  1.140191889523995E-004
   55334.4738949726      -3.403892223197147E-006  1.140197981404129E-004
   55348.8393255723       6.409153558539771E-005  1.138287432419010E-004
   55348.8597598809       1.768324752697836E-004  1.138044840214565E-004
   55348.8801943893      -8.936862575859017E-006  1.138319380945935E-004
   55348.9006287974       5.021492432977226E-007  1.138188743960840E-004
   55348.9210631056      -5.926502639175268E-005  1.137858564057581E-004
   55348.9414976135      -6.450330335389109E-004  1.137729145448513E-004
   55348.9619320212      -9.937244814556268E-004  1.137647649629832E-004
   55348.9823663289      -1.578648182882780E-004  1.138112663146723E-004
   55349.0028008361       7.970622613773237E-005  1.138430253164373E-004
   55349.0232352433      -3.459624556134688E-005  1.138222316989134E-004
   55349.0436695503       5.393098422867837E-005  1.138151786554694E-004
   55349.0641040573       1.945987247586878E-005  1.138152463430265E-004
   55363.4294455886       1.473597653776082E-004  1.138221775488678E-004
   55363.4498798501       2.759755438974665E-005  1.138177913951713E-004
   55363.4703140111      -5.800582205783833E-006  1.138117401275716E-004
   55363.4907483721      -4.741759357451691E-005  1.138252641014690E-004
   55363.5111826326      -4.395958342107154E-005  1.138189556211525E-004
   55363.5316167932      -5.028094637284930E-004  1.137992043920071E-004
   55363.5520511533      -1.309401001323152E-003  1.137667820521831E-004
   55363.5724854133      -2.818706418383776E-004  1.138117536650830E-004
   55363.5929195732       4.942433539367741E-005  1.138219338736624E-004
   55363.6133539325      -4.532479059682348E-005  1.138160992062452E-004
   55363.6337881919       2.222271101248730E-005  1.138211080854665E-004
   55363.6542223508      -2.217143022840151E-004  1.138080579244684E-004
   55378.0194353778      -3.272295469070041E-004  1.125109249837834E-004
   55378.0398694565      -4.440279021544757E-004  1.125018450438039E-004
   55378.0603036350      -4.493623765462473E-004  1.125081075318192E-004
   55378.0807376134      -5.980416874651340E-005  1.125244380709295E-004
   55378.1011716912      -3.067276148213116E-004  1.125149575453626E-004
   55378.1216058690      -8.274297573754863E-004  1.124986270062523E-004
   55378.1420398465      -1.690026346101825E-003  1.124626544205096E-004
   55378.1624740236      -6.859804249055301E-004  1.124968510768151E-004
   55378.1829081004      -3.723279909811916E-004  1.125163195363595E-004
   55378.2033421770      -3.694647191017086E-004  1.125148240168335E-004
   55378.2237762534      -1.686826188023183E-004  1.125249588321931E-004
   55378.2442103295      -4.440976635896599E-004  1.125041417345046E-004
   55392.6092971905      -9.795926224520635E-005  1.122908966735134E-004
   55392.6297310605      -5.503209949264676E-005  1.122812826194173E-004
   55392.6501648302      -3.231167119215339E-004  1.122683303520935E-004
   55392.6705987995      -9.207269246314098E-005  1.122788256944817E-004
   55392.6910326687       5.182228576039449E-006  1.122968386930588E-004
   55392.7114665374      -1.834186499367618E-004  1.122956903477085E-004
   55392.7319004061      -1.234360249981359E-003  1.122399955982160E-004
   55392.7523342741      -2.010989793410634E-004  1.122721759737319E-004
   55392.7727681420       1.601103254675884E-004  1.122890139212529E-004
   55392.7932020096       8.001245572453186E-005  1.122791328100986E-004
   55392.8136358769       2.113700117905015E-004  1.122911503777187E-004
   55392.8340698439       1.123975222951934E-004  1.122854754152314E-004
   55407.1990033207       9.892215972606699E-005  1.125002026428958E-004
   55407.2194369658       1.875222528542331E-004  1.124919505797967E-004
   55407.2398706105       2.724763676973385E-004  1.124958896714055E-004
   55407.2603042548       1.783186012311866E-004  1.125098434026976E-004
   55407.2807378990       4.943243846078360E-005  1.124961567284637E-004
   55407.3011715425      -3.472513850490966E-004  1.124856880917814E-004
   55407.3216051861      -1.219172409815616E-003  1.124442007777864E-004
   55407.3420389292      -2.423470447545650E-004  1.124794656623247E-004
   55407.3624724720       1.263688351396119E-004  1.125022456293912E-004
   55407.3829061144       2.124551498803307E-004  1.125158788922135E-004
   55407.4033397565      -1.423885506846023E-005  1.124870901413370E-004
   55407.4237733984       1.959233834920582E-004  1.125132083216313E-004
   55407.4442070399       2.763534971257364E-004  1.125145569597753E-004
   55421.8089797834      -2.766723685875272E-004  1.126445202771596E-004
   55421.8294131980      -1.396977984136072E-005  1.126450276855702E-004
   55421.8498465122      -2.036567376323406E-004  1.126416360609308E-004
   55421.8702800260      -2.648280630979105E-005  1.126521848147306E-004
   55421.8907134395      -3.098685867519713E-004  1.126289642035181E-004
   55421.9111467527      -1.613438178349247E-003  1.125740572723474E-004
   55421.9315802658      -5.766326413255696E-004  1.126232358296192E-004
   55421.9520135784       7.584414094252701E-005  1.126317683026294E-004
   55421.9724469905      -2.235687432153854E-004  1.126182151569246E-004
   55421.9928805023      -2.068192875778196E-004  1.126176142785436E-004
   55422.0133138140      -2.888896486430426E-005  1.126257862245252E-004
   55422.0337472254       1.028342908151458E-004  1.126349462816223E-004
   55436.3983377590      -2.609530729408283E-004  1.126917760236122E-004
   55436.4187709497      -6.882694649212873E-005  1.127079062699289E-004
   55436.4392040404      -1.542978844503162E-004  1.127006156122394E-004
   55436.4596373306      -4.703484804102764E-005  1.127085338540157E-004
   55436.4800705206      -1.606254034409726E-004  1.127240365162456E-004
   55436.5005036101      -1.509324564176628E-003  1.126410485354027E-004
   55436.5209368997      -8.258780536202215E-004  1.126813073869298E-004
   55436.5413700887       4.640128774302532E-005  1.126887182202955E-004
   55436.5618031773      -5.870063265300818E-005  1.127305927670249E-004
   55436.5822364659      -3.129029131176964E-005  1.127087875582210E-004
   55436.6026696540      -8.982711169014390E-005  1.127036333569973E-004
   55436.6231028419      -1.345098810101586E-004  1.127359873196010E-004
   55450.9875638376       1.993241625934949E-004  1.127442927941118E-004
   55451.0079968237       2.177532870049070E-004  1.127492066439831E-004
   55451.0284299097       1.946624066790914E-004  1.127699035659954E-004
   55451.0488627952       5.820512984278103E-005  1.127602093947819E-004
   55451.0692957803       2.008337494265877E-004  1.127522243887410E-004
   55451.0897288654      -1.090638605444116E-003  1.127066243960494E-004
   55451.1101617503      -6.471694495973068E-004  1.127248910988319E-004
   55451.1305947347       1.455056375918584E-004  1.127422498076164E-004
   55451.1510278189       2.879313869752487E-004  1.127435717400546E-004
   55451.1714607028       1.457034436662674E-004  1.127606633917809E-004
   55451.1918936865       1.450970686762698E-004  1.127444396754938E-004
   55451.2123267699       1.428859921501768E-004  1.127725607837247E-004
   55465.5766327239       2.046563759003917E-004  1.159728143960752E-004
   55465.5970654367       7.500264391313571E-005  1.159759146093741E-004
   55465.6174983490       7.662167331190517E-005  1.159848833357742E-004
   55465.6379311613       1.957425426433179E-004  1.159831037144728E-004
   55465.6583638732      -1.385662438205815E-004  1.159787676530479E-004
   55465.6787967851      -1.222276864615623E-003  1.159289523805863E-004
   55465.6992295967      -1.427152000808896E-003  1.159119329863941E-004
   55465.7196623081      -1.159396574191840E-004  1.159970723292912E-004
   55465.7605279302      -1.091934512733594E-004  1.159701661500909E-004
   55465.7809608409       4.932857946315927E-005  1.159752719683486E-004
   55465.8013936514       3.607293601937123E-005  1.159844031205024E-004
   55480.1656144424      -1.795048581377801E-004  1.164501130663129E-004
   55480.1860471249       3.406450022680474E-005  1.164651833514607E-004
   55480.2064798072      -1.450891161929313E-004  1.164423943120174E-004
   55480.2269124894       3.053254654417081E-005  1.164598021156207E-004
   55480.2473451714       2.108121278565633E-005  1.164606213063785E-004
   55480.2677778533      -8.655199853537798E-004  1.164180022010049E-004
   55480.2882106350      -1.046343886119683E-003  1.164139415571623E-004
   55480.3086432167       1.198936159971797E-004  1.164553177524206E-004
   55480.3290759981       1.127321502214507E-005  1.164487147924332E-004
   55480.3495085794      -1.495352631846192E-004  1.164478179197932E-004
   55480.3699412606      -8.488668752726358E-005  1.164823157374817E-004
   55480.3903740416      -1.448325967104980E-004  1.164653669631823E-004
   55494.7545219158       8.571276038460418E-005  1.169611256734277E-004
   55494.7749545219       1.595386892976336E-004  1.169518179715416E-004
   55494.7953870278       2.214909922768626E-004  1.169537176466610E-004
   55494.8158197337       2.067367053428804E-004  1.169832438238883E-004
   55494.8362523396      -1.299919416234419E-004  1.169387321053847E-004
   55494.8566849454      -7.038643822315782E-004  1.169165503970204E-004
   55494.8771175511      -1.256262850685919E-003  1.169048345567860E-004
   55494.8975501568       1.771603673839106E-004  1.169518038475630E-004
   55494.9179827623       1.765395657338242E-004  1.169646496060841E-004
   55494.9384153679       2.188216089069606E-004  1.169587528450258E-004
   55494.9588479734       2.410156968735144E-005  1.169491556015788E-004
   55494.9792804787      -5.858815147963270E-005  1.169382236421557E-004
   55509.3433966091      -2.595233605627856E-004  1.172666697021093E-004
   55509.3638292004      -2.721558987653916E-004  1.172414725243176E-004
   55509.3842616916      -2.679510185165102E-004  1.172599537502932E-004
   55509.4046943829      -3.034763975576782E-004  1.172726723930070E-004
   55509.4251269741      -1.343305070609091E-004  1.172500387173280E-004
   55509.4455594655      -5.518758646542166E-004  1.172505330565784E-004
   55509.4659921568      -1.466404524631093E-003  1.172056046807066E-004
   55509.4864247481      -3.354250630116518E-005  1.172933498976522E-004
   55509.5068574395      -1.526674731638922E-004  1.172947128615854E-004
   55509.5272899309       1.134714598773900E-004  1.173010404039905E-004
   55509.5477225223      -3.475793359948298E-004  1.172742189686618E-004
   55509.5681552138      -1.569252152568978E-004  1.172840633817340E-004
   55523.9322843723       3.307195474442359E-004  1.175709849446542E-004
   55523.9527169142       2.290566029894414E-004  1.176016834121039E-004
   55523.9731496562       1.936057732372376E-004  1.176078414667660E-004
   55523.9935822983       3.296815172615375E-004  1.175909774363381E-004
   55524.0140148406       6.786229547028899E-004  1.176491258561635E-004
   55524.0344475829      -1.244183371046370E-004  1.175756458575865E-004
   55524.0548802254      -9.838960105096328E-004  1.175461973622414E-004
   55524.0753128680       1.764883013513074E-004  1.176293381621690E-004
   55524.0957455107       4.032354142351480E-004  1.176298889973337E-004
   55524.1161781535       2.932810452676016E-004  1.176252422083800E-004
   55524.1366107965       3.230024880203075E-004  1.176409692585319E-004
   55524.1570434396       1.322604727811427E-004  1.176097270179068E-004
   55524.1774760828       1.336710025492405E-004  1.176500439147714E-004
   55538.5416641884       3.819255016490608E-005  1.178181333838852E-004
   55538.5620970456       9.309848794103459E-006  1.177964248288035E-004
   55538.5825297031      -2.279125492887779E-004  1.177988682770983E-004
   55538.6029625608      -8.092362458456126E-005  1.177930491979222E-004
   55538.6233953186      -4.747334850032647E-004  1.177941720542195E-004
   55538.6438279767      -1.820390923622517E-003  1.177034325538143E-004
   55538.6642608350      -7.835694674420690E-004  1.177511716014242E-004
   55538.6846935935      -1.399987873947905E-004  1.177845818727618E-004
   55538.7051262522       1.210381207366051E-004  1.177841016574900E-004
   55538.7255591111      -1.408438439357562E-004  1.177926749124897E-004
   55538.7459918702      -1.664229514536375E-004  1.177826468876959E-004
   55538.7664245295      -1.401721113822862E-004  1.177897159389766E-004
   55567.8833452797      -2.965835026643715E-004  1.157542085536158E-004
   55567.9037784317      -1.549364236964612E-004  1.158248055028891E-004
   55567.9242115839      -2.468361026796151E-004  1.158744740828704E-004
   55567.9446447365      -1.312130889067342E-004  1.160152217928332E-004
   55582.3092396641       5.541929734336204E-004  1.170537930042438E-004
   55582.3296730620       3.227530287832625E-004  1.170793036594688E-004
   55582.3501064602       2.858593371926066E-004  1.170527731446235E-004
   55582.3705398588       3.355927176440510E-004  1.170517249555693E-004
   55582.3909732578       7.475155642344689E-005  1.170359242138128E-004
   55582.4114066571      -8.591893499469982E-004  1.170122833012251E-004
   55582.4318401569      -7.618714352125577E-004  1.170171630462140E-004
   55582.4522734569       4.634987304488192E-004  1.170696999813775E-004
   55582.4727068571       2.778881495300034E-004  1.170539842279226E-004
   55582.4931403581       4.377100758568009E-004  1.170590481142319E-004
   55582.5135736590       4.121450444540820E-004  1.170384596981466E-004
   55582.5340070606       1.354281521841472E-004  1.170480492115211E-004
   55596.8987655055      -2.425504655350075E-004  1.167318643997876E-004
   55596.9191992630      -2.099023855252069E-004  1.167607250105710E-004
   55596.9396329210      -1.794032705793036E-004  1.167487274953153E-004
   55596.9600664792      -9.134587628401025E-005  1.167963067795467E-004
   55596.9805002377      -1.194538224994490E-004  1.167922627528577E-004
   55597.0009338966      -1.212588859192398E-003  1.167704986652657E-004
   55597.0213675559      -1.259283244545051E-003  1.167341874133672E-004
   55597.0418012155      -1.892952706283868E-004  1.167949894608704E-004
   55597.0622348756       2.356450782281527E-005  1.168057404810346E-004
   55597.0826686359      -2.886028175448363E-004  1.168229152003352E-004
   55597.1031021967      -1.098505242981274E-004  1.168406494259552E-004
   55597.1235358577       3.825529660428373E-005  1.167963563560560E-004
   55611.4884915768      -1.321314026099252E-004  1.164971267105104E-004
   55611.5089254860       6.784574401974552E-005  1.164916378826927E-004
   55611.5293594955      -1.137221391276366E-004  1.165243867082785E-004
   55611.5497933054      -1.648794336268633E-004  1.165172618556532E-004
   55611.5702272155      -2.950663025897970E-004  1.164980120053197E-004
   55611.5906612261      -1.066423991237575E-003  1.164413531375241E-004
   55611.6110951369      -1.330434073861908E-003  1.164319619301869E-004
   55611.6315289481      -3.141255077785399E-004  1.164864535962894E-004
   55611.6519629596      -2.052677266641822E-004  1.164912908471274E-004
   55611.6723968715      -7.559494530640087E-005  1.164858091016682E-004
   55611.6928306837      -1.611239199207359E-004  1.165205268229100E-004
   55611.7132646963      -2.715505249775152E-004  1.164811064156412E-004
   55626.0783892825       2.665522923550601E-004  1.160855071183337E-004
   55626.0988234184       3.691659924471846E-004  1.161029792966902E-004
   55626.1192575546       4.525093073559638E-004  1.160900185806819E-004
   55626.1396917910       2.249846042543524E-004  1.161030076261241E-004
   55626.1601258277       2.653796698814936E-004  1.160773411590126E-004
   55626.1805600647      -2.949507325891165E-004  1.160491533722843E-004
   55626.2009942021      -1.031048257817080E-003  1.160401375299463E-004
   55626.2214282397       3.104790771903954E-004  1.160868244370099E-004
   55626.2418624776       3.999541802786055E-004  1.161193891212755E-004
   55626.2622966159       3.008002236264407E-004  1.161082839831875E-004
   55626.2827306543       4.848102371639573E-004  1.161292335995550E-004
   55626.3031648931       2.102226458740031E-004  1.161007129419783E-004
   55655.2586062500       2.239111328905530E-005  1.152323506140267E-004
   55655.2790408124      -9.097565075222303E-005  1.152245674654856E-004
   55655.2994751749      -9.835696787341419E-005  1.152364614319180E-004
   55655.3199096376      -5.612010811062440E-005  1.152117280109382E-004
   55655.3403442005      -4.080194967615025E-005  1.152159895588190E-004
   55655.3607785636      -6.953536797371651E-004  1.151865972108956E-004
   55655.3812130267      -1.356333782145502E-003  1.151537380732172E-004
   55655.4016474901      -1.155872183709050E-004  1.152012591280415E-004
   55655.4220819536      -9.894689659684097E-005  1.152023416434196E-004
   55655.4425164172       7.074903191117698E-005  1.151835826111086E-004
   55655.4629508811      -1.649846994149495E-004  1.152033008342609E-004
   55655.4833853450      -1.243091382427952E-004  1.152154414497668E-004
   55669.8488495376      -7.301632418532655E-005  1.150169437565184E-004
   55669.8692839841      -4.967499715458068E-006  1.150307149964545E-004
   55669.8897185306      -9.277013437958281E-005  1.150330170544737E-004
   55669.9101531773       2.110161117341303E-004  1.150337295962415E-004
   55669.9305877240       2.273133505408254E-004  1.150800311084247E-004
   55669.9510221708      -5.688095705654872E-004  1.150019529739411E-004
   55669.9714568176      -1.342750189362141E-003  1.149846601333447E-004
   55670.0123259116       4.060404024119890E-005  1.150357438970083E-004
   55670.0327604587       3.475169452205051E-007  1.150492547851446E-004
   55670.0531950059      -3.483274905202727E-005  1.150416223665930E-004
   55670.0736295531       2.258935670518269E-004  1.150488574060818E-004
   55684.4800016585       2.267409262526332E-004  1.148953252092019E-004
   55684.5004362322      -1.164808450659915E-005  1.148917556489996E-004
   55684.5208709059      -1.091662079678590E-004  1.148694476105757E-004
   55684.5413053796      -3.680669535259806E-004  1.148653710495001E-004
   55684.5617400533      -1.426699280765331E-003  1.148035786052295E-004
   55684.5821746270      -2.569929242624003E-004  1.148681252974873E-004
   55684.6026091007      -9.877421133486219E-005  1.148902209436534E-004
   55684.6230437744       1.786938398569138E-004  1.148820267133233E-004
   55684.6434783481       4.665127410308223E-005  1.148784297476683E-004
   55684.6639128218       1.719766640659870E-004  1.148687761769867E-004
   55699.0294150167       4.856959812116202E-006  1.146696276042389E-004
   55699.0498494619       1.812643384091484E-004  1.147009862933870E-004
   55699.0702840071       3.476691214745475E-004  1.146690931979130E-004
   55699.0907186521       5.929402705200371E-004  1.147017536460600E-004
   55699.1111530971       1.949066361706109E-004  1.146806857043667E-004
   55699.1315876420       1.258548783145130E-005  1.146879138924924E-004
   55699.1520222869      -9.554952992057997E-004  1.146508617205647E-004
   55699.1724567317       4.632053857567264E-005  1.146875576216084E-004
   55699.1928912763       2.333088264860894E-004  1.147025072960068E-004
   55699.2133259210       5.823380949767643E-004  1.147110235404051E-004
   55699.2337604655       2.686652849388516E-004  1.147120169880621E-004
   55699.2541950099       3.018891613988384E-004  1.146976428281686E-004
   55699.2746295543       2.918179453981207E-004  1.147081596706074E-004
   55713.6400923062      -1.304265875878841E-004  1.144975076591268E-004
   55713.6605267707      -9.926029928986058E-005  1.144718561554846E-004
   55713.6809612350      -1.567615418501811E-004  1.144551867889351E-004
   55713.7013956992      -2.253996079872866E-004  1.144814686179873E-004
   55713.7218301633      -3.140959241828556E-004  1.144900670787434E-004
   55713.7422646273      -1.780493143797024E-003  1.144050622161128E-004
   55713.7626990911      -4.017208002548012E-004  1.144696020570075E-004
   55713.7831335547      -1.344315838905930E-004  1.144897176592227E-004
   55713.8035680182       2.321392530835187E-004  1.145000769203089E-004
   55713.8240024816       6.012731786753100E-005  1.144997069466987E-004
   55713.8444368449       1.034104829313875E-004  1.145279825224282E-004
   55713.8648714080       7.282865647040282E-005  1.145198156975507E-004
   55728.2302602705      -3.394606227277164E-004  1.145593617656658E-004
   55728.2506946081      -3.923679333429630E-004  1.145550933664219E-004
   55728.2711289455      -2.806307660661034E-004  1.145520513611823E-004
   55728.2915632826      -3.837092110559048E-005  1.145696593644837E-004
   55728.3119976196      -6.304424037275602E-004  1.145454534984666E-004
   55728.3324319562      -1.794545269419690E-003  1.144782210718531E-004
   55728.3528662927      -8.106378785461832E-004  1.145372524167733E-004
   55728.3733006289      -2.717243078833587E-004  1.145663775615337E-004
   55728.3937349651      -4.886955916816316E-004  1.145537779046966E-004
   55728.4141693008      -2.673707447851115E-004  1.145600057938021E-004
   55728.4346037366      -3.190746586734239E-004  1.145498657763367E-004
   55728.4550379721      -3.468640130224188E-004  1.145663707101706E-004
   55742.8202981356       2.816776815504074E-004  1.131678891481594E-004
   55742.8407323070       2.855081847741303E-004  1.131746095776169E-004
   55742.8611664781       1.420303097616760E-004  1.131668702878702E-004
   55742.8816006490       2.561187673495446E-004  1.131661483140229E-004
   55742.9020349197       1.405357055783707E-004  1.131675180401071E-004
   55742.9224689899      -1.100625167556935E-003  1.131143078928164E-004
   55742.9429031601      -4.235905571088328E-004  1.131579839368708E-004
   55742.9633374298       1.158610240941105E-004  1.131647111137473E-004
   55742.9837715996       5.017307160692930E-005  1.131820114964069E-004
   55743.0042056688       1.556068377310815E-004  1.131686785961981E-004
   55743.0246399509       3.712181695119110E-004  1.132006816051506E-004
   55743.0450741197       4.267411058911375E-004  1.131958437056316E-004
   55757.4102310826      -1.994635560651492E-004  1.132275228384656E-004
   55757.4306650572      -2.066380186188654E-004  1.132261328701240E-004
   55757.4510990313       1.080613322395063E-004  1.132395467393624E-004
   55757.4715330053      -2.303176399187645E-005  1.132339193918047E-004
   55757.4919669790      -2.491213871576026E-004  1.132202761103157E-004
   55757.5124010524      -1.430057940974172E-003  1.131584292665336E-004
   55757.5328349254      -1.086606802157442E-003  1.131864243085205E-004
   55757.5532688982      -1.401029629796158E-004  1.132252017262835E-004
   55757.5737029707      -9.863272542964818E-005  1.132250802727391E-004
   55757.5941369428      -2.182074479537555E-004  1.132174017097647E-004
   55757.6145708146      -1.099841571811089E-004  1.132272799313768E-004
   55757.6350048862      -1.891751281402065E-004  1.132250127985478E-004
   55772.0000151280       1.657905700775952E-004  1.132465100759087E-004
   55772.0204487845      -1.405175959623417E-004  1.132390744200230E-004
   55772.0408826407      -5.415365131489214E-005  1.132373200910482E-004
   55772.0613163967      -1.160720944026750E-006  1.132430149127973E-004
   55772.0817501522      -1.583497319491700E-004  1.132223813050855E-004
   55772.1021839075      -1.354967976574084E-003  1.131860599478873E-004
   55772.1226176624      -9.916276549466474E-004  1.132165920194686E-004
   55772.1430514170      -1.895012269740315E-004  1.132618806966959E-004
   55772.1634851713      -1.987026216597743E-004  1.132468339520271E-004
   55772.1839189252       1.385230204298260E-005  1.132666848591193E-004
   55772.2043526789      -1.364394412523007E-004  1.132477785907059E-004
   55772.2247864323       2.413826339964231E-004  1.132691679093606E-004
   55786.5896388670       4.351447174457679E-004  1.134080163002999E-004
   55786.6100723948       9.540227462578876E-005  1.133896228357406E-004
   55786.6305059224      -1.785269737386574E-005  1.133733615556277E-004
   55786.6509394496       1.383697481349699E-004  1.133870858061462E-004
   55786.6713729764       1.772853984409739E-004  1.133684494344981E-004
   55786.6918065031      -9.403297510173214E-004  1.133321348247190E-004
   55786.7122401293      -8.653185456072299E-004  1.133144026072349E-004
   55786.7326735553       7.848952198319381E-005  1.133801224695999E-004
   55786.7531070807       1.062290022610934E-004  1.133670054868035E-004
   55786.7735407060       2.844385094973312E-004  1.133765193477824E-004
   55786.8144077556       5.434220923850042E-005  1.133709594744160E-004
   55801.1790988895      -5.428611952729145E-005  1.133857498171577E-004
   55801.1995321894       9.855768611899407E-006  1.133830103649893E-004
   55801.2199654890      -1.813581624939831E-004  1.133922273395263E-004
   55801.2403988882      -1.618952797713957E-004  1.134010259740770E-004
   55801.2608320872      -2.203141164847100E-005  1.133796771399371E-004
   55801.2812654857      -1.111069161399580E-003  1.133644684572091E-004
   55801.3016987841      -1.131671549040036E-003  1.133522826182531E-004
   55801.3221319822      -7.620678456743413E-005  1.133925512156447E-004
   55801.3425653797      -1.377120173372548E-004  1.133908508660230E-004
   55801.3629986770      -2.820995687510264E-004  1.133863166003649E-004
   55801.3834318741      -1.925475412613009E-004  1.133960598735944E-004
   55801.4038652710      -1.811955386199493E-004  1.134010799534301E-004
   55815.7683998143      -5.226306216428167E-004  1.135006448701712E-004
   55815.8092660831      -4.846157264384310E-004  1.135182691289492E-004
   55815.8296990671      -5.355307602034065E-004  1.134966503980439E-004
   55815.8501321510      -5.047603291608027E-004  1.134928313588141E-004
   55815.8705652343      -1.093561676378529E-003  1.134730749155898E-004
   55815.8909983174      -1.653431676950423E-003  1.134088664751107E-004
   55815.9114315003      -6.127316453474752E-004  1.134848289197212E-004
   55815.9318644830      -5.950611675714645E-004  1.134708482672756E-004
   55815.9522975651      -3.221833593524126E-004  1.135099023292231E-004
   55815.9727307473      -4.309875958958820E-004  1.135015490243352E-004
   55815.9931637290      -5.496405073645017E-004  1.135046393422986E-004
   55830.3575552446      -9.162599126910642E-005  1.136520839452145E-004
   55830.3779880389       6.105817182100459E-005  1.136513687187863E-004
   55830.3984209332       8.562867506767269E-005  1.136558490050913E-004
   55830.4188539270       7.954257248443675E-005  1.136638919286990E-004
   55830.4392867206      -2.519377093712638E-005  1.136314638323410E-004
   55830.4597196142      -4.933026807016905E-004  1.136361465412200E-004
   55830.4801526073      -1.396661382721320E-003  1.135856353615830E-004
   55830.5005854002      -1.951114851317381E-005  1.136603562810728E-004
   55830.5210182929       8.271441587170969E-005  1.136307081213980E-004
   55830.5414512853      -1.013100050391014E-004  1.136315313065324E-004
   55830.5618840775      -6.390449539983578E-005  1.136744179025480E-004
   55830.5823169695       2.548379179478921E-005  1.136722047490720E-004
   55844.9465360561      -4.605406493762843E-005  1.169237263847921E-004
   55844.9669687977      -1.240006756083600E-004  1.169115401172867E-004
   55844.9874015390      -3.118204173253591E-004  1.169183253282924E-004
   55845.0078342801      -2.049597220963317E-004  1.169306400225045E-004
   55845.0282670212      -2.079726004277083E-004  1.169309182803691E-004
   55845.0486997620      -3.497723035416067E-004  1.169028356404971E-004
   55845.0691325026      -1.645155381314711E-003  1.168692163826015E-004
   55845.0895652430      -4.735863445436417E-004  1.168769505242736E-004
   55845.1099980832      -1.566608494744104E-004  1.169459156657886E-004
   55845.1304307234      -1.587606557772459E-004  1.169198878532243E-004
   55845.1508634633       1.734388554464061E-005  1.169383741641766E-004
   55845.1712963030      -1.296361088465314E-005  1.169338150160876E-004
   55859.5354761584      -3.556747079108691E-004  1.173482979424307E-004
   55859.5559087956      -1.559071188161898E-004  1.173538274256372E-004
   55859.5763414329      -1.357174005160999E-004  1.173473918206666E-004
   55859.5967740700      -3.996453946741862E-004  1.173431323348933E-004
   55859.6172067069      -3.995367217408674E-004  1.173529641127753E-004
   55859.6580719806      -1.849847510691172E-003  1.172738247221603E-004
   55859.6785047172      -6.800542850418090E-004  1.173331935347557E-004
   55859.7193698903      -1.125966213293417E-004  1.173565957346490E-004
   55859.7398026266      -2.872731224849989E-004  1.173595424140868E-004
   55859.7806677990      -4.773746347039864E-004  1.173354338673064E-004
   55874.1447948093      -6.944035267031357E-005  1.178677197578079E-004
   55874.1652275002      -6.973003341070871E-006  1.178841298370014E-004
   55874.1856599912       6.752858242276005E-005  1.179025305301492E-004
   55874.2060926821      -6.330208926863534E-005  1.178650513362347E-004
   55874.2265252730       1.038385363600902E-004  1.178667708271415E-004
   55874.2469578639      -1.640918752554787E-003  1.178054256702258E-004
   55874.2673904548      -6.734904186932456E-004  1.178677697015272E-004
   55874.2878230456       2.144798710930207E-004  1.178993127276639E-004
   55874.3082556365       3.005443467987146E-004  1.179022736767358E-004
   55874.3286882273       1.195010660781648E-005  1.178750757541768E-004
   55874.3491208181       2.707505304138103E-004  1.178947107706727E-004
   55874.3695534089       1.727012268164518E-004  1.179008538481447E-004
   55888.7336707822      -3.248455703542819E-004  1.183550420313191E-004
   55888.7541033909      -4.598525872456793E-004  1.183604359530018E-004
   55888.7745360997      -4.312923195812779E-004  1.183418497546109E-004
   55888.7949686085      -4.057551678274818E-004  1.183539718087630E-004
   55888.8154013174      -4.192745159299349E-004  1.183507611410947E-004
   55888.8358339264      -1.709297050849323E-003  1.182789206683123E-004
   55888.8562664355      -1.338652845112143E-003  1.183190183400808E-004
   55888.8766991447      -2.326157820253805E-004  1.183708741903323E-004
   55888.8971317538       2.420076498421686E-005  1.183844731516118E-004
   55888.9175642632      -3.550240466646537E-004  1.183661652110855E-004
   55888.9379969725      -3.391714597702489E-004  1.183661081325491E-004
   55888.9584295819      -2.206645797654394E-004  1.183904521282919E-004
   55917.9115527416       2.028418047661518E-005  1.185758289446423E-004
   55917.9319855786      -9.989275861932434E-006  1.185763711907374E-004
   55917.9524185158       1.539317855023814E-004  1.185898345904931E-004
   55917.9728512533       2.756177840979035E-005  1.185859960589252E-004
   55917.9932840909       1.429460222175383E-004  1.185808090469367E-004
   55918.0137170289      -8.567068412307366E-004  1.185400621068175E-004
   55918.0341497670      -1.151242742485237E-003  1.185382284588380E-004
   55918.0545826056      -1.283772228858338E-004  1.185857320706947E-004
   55918.0750155442      -5.326992883603054E-005  1.185632145881144E-004
   55918.0954482831       1.196025233889397E-004  1.185566291519859E-004
   55918.1158811222       2.059516949068918E-004  1.185624511626911E-004
   55918.1363140617       9.126296107386800E-005  1.185487523139730E-004
   55932.5006552642      -9.962350951719934E-005  1.180044487189247E-004
   55932.5210882985       2.646681583557964E-004  1.180242161676384E-004
   55932.5415214332      -1.395592824897651E-004  1.179875635750289E-004
   55932.5619544683       9.433022282800962E-005  1.180159994479337E-004
   55932.5823875035      -1.876202949270267E-004  1.180127586474917E-004
   55932.6028205392      -9.713003904081585E-004  1.179767370071806E-004
   55932.6232535751      -1.629038130108063E-003  1.179552702892086E-004
   55932.6436866113      -3.765378564326571E-004  1.180210398964088E-004
   55932.6641196479       1.778458743302291E-004  1.180362401108713E-004
   55932.6845526847      -7.694913426647965E-005  1.180398178971999E-004
   55932.7049857218      -9.269635977005031E-005  1.180202870555981E-004
   55932.7254187593      -1.868850660091681E-005  1.180359318046345E-004
   55947.0899279218       1.698248676509362E-004  1.179943893317121E-004
   55947.1103611918      -1.617821776346284E-004  1.179890907663876E-004
   55947.1307944621      -2.498576051855883E-004  1.179655877932707E-004
   55947.1512277328      -7.655139690643242E-005  1.179567831407424E-004
   55947.1716610038      -2.658217728312984E-004  1.179763068124317E-004
   55947.1920942751      -8.544321277685896E-004  1.179570555974167E-004
   55947.2125275468      -1.255924615218729E-003  1.179128459170509E-004
   55947.2329608189      -2.126881856990837E-004  1.179693233176739E-004
   55947.2533940913      -7.457132151467150E-005  1.179625907698531E-004
   55947.2738273641       5.074505689717235E-005  1.179640749417369E-004
   55947.2942607372      -1.045620809841941E-004  1.179470248898540E-004
   55947.3146939106       5.587653398664294E-005  1.179732954491891E-004
   55961.6793772318       1.105543975143952E-004  1.178312021236149E-004
   55961.6998107577       2.659358041972038E-004  1.178567270120519E-004
   55961.7202441844       1.405279039770058E-004  1.178197661132056E-004
   55961.7406778111       2.915553620386202E-004  1.178373323987873E-004
   55961.7611113384       1.580516205252902E-004  1.178340485788704E-004
   55961.7815448660      -2.791469748698594E-004  1.178183751501841E-004
   55961.8019783938      -1.002714905080859E-003  1.177925993148102E-004
   55961.8224119221      -2.003247305034650E-004  1.178221178444998E-004
   55961.8428454509      -1.587346196230133E-005  1.178259035582905E-004
   55961.8632789799      -2.695135686869854E-005  1.178338693310583E-004
   55961.8837125093       1.287626355317428E-005  1.178324927078617E-004
   55961.9041460390       1.654814186087261E-004  1.178346723612563E-004
   55976.2690115230       3.139192355505749E-005  1.175023684274392E-004
   55976.2894454069       7.220661313867005E-005  1.174969981629900E-004
   55976.3098790911       1.145424438171450E-004  1.174975359064261E-004
   55976.3507467604       2.489019762208500E-004  1.175065269766789E-004
   55976.3711805457      -1.985655547170895E-004  1.174832462708489E-004
   55976.3916142313      -1.186506505815088E-003  1.174388430028460E-004
   55976.4120481173      -8.765057011128619E-005  1.174816903998402E-004
   55976.4324819036       2.301240507374125E-004  1.175069858510778E-004
   55976.4529156903       2.758206673425523E-004  1.175042110949472E-004
   55976.4733494773       2.020818708183825E-004  1.175056379075311E-004
   55976.4937832647       4.497119022210949E-004  1.175123776252645E-004
   55976.5142171524       1.538181693769847E-004  1.175061684810548E-004
   55990.8588247256       7.438870397602493E-005  1.172308940311219E-004
   55990.8792587505      -2.471834648278826E-004  1.172152349422605E-004
   55990.8996927758      -1.039598002154918E-004  1.172281981440285E-004
   55990.9201268014      -2.841062147380669E-004  1.172139945474011E-004
   55990.9405609272       1.156139643232468E-004  1.172193934915003E-004
   55990.9609948536      -4.978799147316026E-004  1.171931587817275E-004
   55990.9814288800      -1.427842912487098E-003  1.171380293246511E-004
   55991.0018630069      -6.940263422591242E-004  1.171693188227239E-004
   55991.0222970340      -2.026578796845424E-004  1.171976471469414E-004
   55991.0427309615      -1.971540322145415E-004  1.171894949564491E-004
   55991.0631650893       9.556466375082451E-005  1.172200889730111E-004
   55991.0835991175      -1.131704315715520E-005  1.171970377043805E-004
   55991.1040331459      -2.544298274186341E-004  1.171644432822359E-004
   56005.4692336265      -2.509915567172616E-005  1.167327213419392E-004
   56005.4896677605      -7.864515066546840E-005  1.166921611470268E-004
   56005.5101020947      -9.173194574141341E-005  1.167360696910684E-004
   56005.5305363293       2.336977678241148E-004  1.167473766430530E-004
   56005.5509704641      -3.680729173850539E-004  1.166670377736888E-004
   56005.5714047992      -1.630356544049194E-003  1.166243552846817E-004
   56005.5918390345      -7.474602502945960E-004  1.166621765730258E-004
   56005.6122731701       3.062946208147732E-004  1.167448384940343E-004
   56005.6327075060      -1.355626013553879E-004  1.167268133340538E-004
   56005.6531417420      -1.874190632813466E-004  1.167037979149856E-004
   56005.6735758784      -2.263758106806346E-004  1.167292367644728E-004
   56005.6940102150      -2.075890786958912E-004  1.167183313275872E-004
   56020.0593313583      -1.042393118632079E-004  1.164461366353489E-004
   56020.0797657567      -1.891225432026911E-005  1.164521844332197E-004
   56020.1002001553      -2.228120922886934E-005  1.164582460388482E-004
   56020.1206345542       8.702047953690339E-005  1.164301196364218E-004
   56020.1410690532      -2.179940663206148E-004  1.164341238861536E-004
   56020.1615033524      -1.295553370413538E-003  1.164048100165654E-004
   56020.1819377518      -7.637829829321152E-004  1.164085104956279E-004
   56020.2023722514       3.805890807795365E-005  1.164452391310987E-004
   56020.2228065512      -2.055662870417141E-004  1.164495333437421E-004
   56020.2432409511      -5.272765840735882E-005  1.164546974451203E-004
   56020.2636754513       1.681357205161049E-004  1.164350075826461E-004
   56020.2841097517      -3.862280437605392E-005  1.164410553805169E-004
   56034.6495390095      -1.998804215405103E-004  1.161291105186535E-004
   56034.6699736202      -2.071552911526719E-004  1.161078741873174E-004
   56034.6904081310      -1.892221511098358E-004  1.161180781202545E-004
   56034.7108427419      -9.817407575163362E-005  1.161136182145188E-004
   56034.7312771529      -2.344080677844085E-004  1.161063691417285E-004
   56034.7517116640      -1.510234403062749E-003  1.160514418816146E-004
   56034.7721462752      -8.443274807027334E-004  1.160512485730069E-004
   56034.7925806866       4.558657043296499E-005  1.161127621335417E-004
   56034.8130151981      -4.499954342429557E-005  1.161149989902884E-004
   56034.8334498097      -2.286734437637605E-004  1.161123340930531E-004
   56034.8538843214       1.417923344371186E-004  1.161244434965523E-004
   56034.8743188333      -1.496501528097660E-004  1.161125964404493E-004
   56049.2398070064      -2.929279951107144E-004  1.157832330922527E-004
   56049.2602415731      -3.354258621579564E-004  1.158301587567818E-004
   56049.2806762399      -3.500860813782092E-004  1.158362479779257E-004
   56049.3011107068      -4.262379993978938E-004  1.158577880799311E-004
   56049.3215452736      -2.367796355483565E-004  1.158527068250991E-004
   56049.3419799406      -1.331674446831910E-003  1.157933748902802E-004
   56049.3624144075      -1.132801550239981E-003  1.158186983178943E-004
   56049.3828489745      -1.548826371730039E-004  1.158288470198007E-004
   56049.4032836415      -2.114667649298907E-004  1.158474598771747E-004
   56049.4237181086      -3.684246542593472E-004  1.157980281046237E-004
   56049.4441527757      -1.995651030989309E-004  1.159090838997710E-004
   56049.4645873428      -2.494106429791199E-004  1.158791901043596E-004
   56063.8300948152       2.118109626396691E-004  1.158255952928634E-004
   56063.8505293814      -1.376620461204237E-004  1.158058432954795E-004
   56063.8709639477       3.012779296378554E-004  1.158311805308513E-004
   56063.8913985139       1.101374662544341E-004  1.158141486617336E-004
   56063.9118330800      -2.200344284131184E-005  1.158071619363395E-004
   56063.9322677462      -1.156179275722979E-003  1.157752453044257E-004
   56063.9527022123      -9.609273873323332E-004  1.157841444042606E-004
   56063.9731367783       1.496973938492907E-004  1.157890323504849E-004
   56063.9935714443      -2.775269717747442E-005  1.158163579029649E-004
   56064.0140059104       2.357754291544278E-004  1.157991948601490E-004
   56064.0344405763      -4.601991687869234E-005  1.158330721936556E-004
   56064.0548751422       5.253048432241059E-005  1.157998921519127E-004
   56078.4203626854       2.131399129767786E-005  1.158227785102934E-004
   56078.4407970972       2.466839585673064E-004  1.158002649613704E-004
   56078.4612317087       2.097321400740260E-004  1.157835644784374E-004
   56078.4816662202       5.350132979531352E-004  1.158209696940353E-004
   56078.5021006315       1.211773681963901E-004  1.158101582197595E-004
   56078.5225352428      -9.216519358410391E-004  1.157845655408703E-004
   56078.5429697539      -7.291585320667870E-004  1.158064232213028E-004
   56078.5634043649       7.951727758959137E-005  1.158663212741871E-004
   56078.5838387758       1.807104734858900E-004  1.158796043370905E-004
   56078.6042732866       1.407017568313407E-004  1.158631731054325E-004
   56078.6247077973       3.256982474906245E-004  1.158804466103099E-004
   56078.6451423078       8.601852512080121E-005  1.158875299900079E-004
   56093.0105730122       2.611321313799042E-004  1.157667466295639E-004
   56093.0310075199       2.117233537151098E-004  1.157650275637308E-004
   56093.0514419273       7.163940239074407E-005  1.157429558630541E-004
   56093.0718762348       2.795199081306876E-004  1.157702883194129E-004
   56093.0923107418       2.223936602185894E-004  1.157436048276658E-004
   56093.1127451488      -6.693447122150253E-004  1.157131449141888E-004
   56093.1331794555      -7.134615968501512E-004  1.156965479894385E-004
   56093.1536139623       2.100243918152778E-004  1.157491141229864E-004
   56093.1740483686       2.543807821342448E-004  1.157530148145354E-004
   56093.1944828749       2.996636283265630E-004  1.157592835365293E-004
   56093.2149171809       2.379936959240325E-005  1.157482166187361E-004
   56093.2353515868       3.790573097746108E-004  1.157577646831828E-004
   56107.6006704130      -2.131003806016274E-005  1.132222425237675E-004
   56107.6211047735      -1.661123636542694E-005  1.132008049753202E-004
   56107.6415389339       1.155085325597049E-004  1.132057437523043E-004
   56107.6619731942      -4.735721389992342E-005  1.131990953986719E-004
   56107.6824075540       1.295950157116366E-004  1.132154788415517E-004
   56107.7028417138      -7.988471436107814E-004  1.131755547995857E-004
   56107.7232759732      -1.134515021591009E-003  1.131900183607533E-004
   56107.7437103326       1.293566966600324E-004  1.132374726808132E-004
   56107.7641445915       3.336691775610579E-004  1.132201733933003E-004
   56107.7845788504       3.877672152685641E-005  1.132120189840491E-004
   56107.8050131089       4.885152034961315E-005  1.132154110012085E-004
   56107.8254473673      -4.221903523682347E-005  1.132234975701165E-004
   56136.7805351499       2.700964525956806E-004  1.133447486154960E-004
   56136.8009691200       1.635699692870141E-005  1.133370758726815E-004
   56136.8214028901       1.916473468654978E-005  1.133311127065153E-004
   56136.8418367597      -9.086366622113040E-006  1.133323406167270E-004
   56136.8622707289      -3.850089094659115E-005  1.133313908519224E-004
   56136.8827045980      -9.356432448398566E-004  1.133100007917153E-004
   56136.9031383667      -1.567333158662865E-003  1.132719830633928E-004
   56136.9235723349      -1.211160231097130E-004  1.133305903358728E-004
   56136.9440062031       4.511705863241566E-005  1.133332428932914E-004
   56136.9644399709      -1.548215811691955E-004  1.133329918840216E-004
   56136.9848739384      -1.878971856883460E-004  1.133178363513534E-004
   56137.0053078055      -2.307439279133350E-004  1.133163302957347E-004
   56151.3702422245       1.186939005362042E-004  1.134595819644100E-004
   56151.3906757703      -3.514467726151160E-005  1.134574042893937E-004
   56151.4111095157      -2.322174061436533E-004  1.134520991745564E-004
   56151.4315431609      -1.323958555594640E-004  1.134593852274148E-004
   56151.4519767058       8.612482628578277E-005  1.134665763037927E-004
   56151.4724104503      -5.773652721168254E-004  1.134327307565763E-004
   56151.4928440946      -1.532368547158658E-003  1.134030302543287E-004
   56151.5132777383      -1.033003440916724E-004  1.134566648296529E-004
   56151.5337113819       1.418177636731688E-004  1.134515293156736E-004
   56151.5541449252       1.404472030848147E-004  1.134676753173523E-004
   56151.5745786680       8.835885914137975E-005  1.134504777903542E-004
   56151.5950123106       2.115039466132895E-004  1.134695477108243E-004
   56165.9597864269       9.166748128053293E-005  1.135792184096217E-004
   56165.9802197432       9.180983206014126E-005  1.135712268171941E-004
   56166.0006531590       1.165681799832896E-004  1.135748359234517E-004
   56166.0210866744      -1.361393196857019E-004  1.135678212319661E-004
   56166.0415199897       1.532232724892335E-004  1.135782618607827E-004
   56166.0619535046      -4.739016406480889E-004  1.135560237962858E-004
   56166.0823869191      -1.534907086776616E-003  1.135214930616032E-004
   56166.1028202333      -4.647569116722483E-004  1.135624075725797E-004
   56166.1232537472       8.485337396058057E-006  1.135701006674972E-004
   56166.1436871608       1.050064061023370E-004  1.135764437395853E-004
   56166.1641204740       3.477306398145252E-004  1.135901135687376E-004
   56166.1845539871       2.658737667746713E-004  1.135922030513078E-004
   56180.5491681411      -1.519416244399885E-005  1.136706264880329E-004
   56180.5696012341      -8.231811149250756E-005  1.136514276709107E-004
   56180.5900344267       1.125016798366740E-004  1.136682520760213E-004
   56180.6104677190      -2.653233366256558E-004  1.136413126757414E-004
   56180.6309009111      -3.321397527448200E-004  1.136585712590484E-004
   56180.6513340029      -6.120088831601533E-004  1.136432393414880E-004
   56180.6717672943      -1.601447833929903E-003  1.135788249356312E-004
   56180.6922004854      -3.990205185162576E-004  1.136456680257741E-004
   56180.7126335764      -2.327233110106519E-004  1.136616579946635E-004
   56180.7330668668      -1.416359214108098E-004  1.136563528798262E-004
   56180.7535000570      -1.345175018374611E-004  1.136585576909798E-004
   56180.7943664365      -1.670539485217892E-004  1.136543990779424E-004
   56195.1588291081       8.851190216985216E-005  1.136943909602516E-004
   56195.1792620962       1.978093333727671E-004  1.137008086567171E-004
   56195.1996950841       1.097070104729703E-004  1.136958088234242E-004
   56195.2201280717       1.060319979933055E-004  1.136959309360419E-004
   56195.2405610591       2.078765505242330E-005  1.136932715945890E-004
   56195.2609940461      -1.341468267163526E-003  1.136352816692321E-004
   56195.2814270331      -2.812238921245935E-004  1.136841945566704E-004
   56195.3018600196       1.392853542485639E-004  1.136997571313977E-004
   56195.3222930058       1.079207591685449E-004  1.136888416201788E-004
   56195.3427259918       1.983918772097137E-004  1.136932105382801E-004
   56195.3631589776       1.616377844735339E-004  1.136978983059944E-004
   56195.3835919632       3.751938920504294E-005  1.136948522745852E-004
   56209.7478697951      -6.556562874071581E-006  1.171047853249473E-004
   56209.7683025168      -2.206703856887371E-004  1.171086145217937E-004
   56209.7887353314       7.783922539195132E-006  1.170995480181912E-004
   56209.8091682456       1.223239636694018E-006  1.171063227510732E-004
   56209.8500337738      -1.591664610108512E-003  1.170442868884684E-004
   56209.8704666873      -6.574805122366856E-004  1.170820903290042E-004
   56209.8908994008      -3.819275868732763E-005  1.171182413956663E-004
   56209.9113323140       1.807266802877905E-005  1.171340179740428E-004
   56209.9317651271       4.829641577130950E-005  1.171413458929607E-004
   56209.9521979399       1.248451434652242E-004  1.171294056956650E-004
   56209.9726307524      -5.914593002709356E-005  1.171397222560240E-004
   56224.3368532283      -8.729483811931171E-005  1.173354207965400E-004
   56224.3572859126      -1.629213003220276E-004  1.173239906798748E-004
   56224.3777185966      -1.862087459133521E-004  1.173383735168099E-004
   56224.3981512807       4.640119874022020E-005  1.173427990050976E-004
   56224.4185839645      -1.589058447509784E-004  1.173343359771708E-004
   56224.4390166483      -1.294105036295901E-003  1.172776164478986E-004
   56224.4594493319      -9.264330200000614E-004  1.173014034474452E-004
   56224.4798820152       1.610282372122018E-004  1.173563915762671E-004
   56224.5003146983       6.702923790968818E-005  1.173495665537454E-004
   56224.5207473814      -1.036172944549607E-004  1.173477633109529E-004
   56224.5411800646       8.523351863631845E-005  1.173535753564476E-004
   56224.5616127472       1.171146733744965E-004  1.173522103519433E-004
   56238.9257614869       7.264455293309879E-005  1.180011909671772E-004
   56238.9461941941       1.874657471745422E-005  1.180005156491593E-004
   56238.9666268013      -5.866902238227389E-005  1.179965571360967E-004
   56238.9870593084       2.084979659500164E-005  1.180101568915004E-004
   56239.0074920154      -2.217844310898887E-004  1.179832663027650E-004
   56239.0279246224      -1.166572016042422E-003  1.179420431667342E-004
   56239.0483571292      -1.034013556120095E-003  1.179587249586240E-004
   56239.0687898361      -1.097811926942249E-005  1.180092229410501E-004
   56239.0892224428      -9.427117948257457E-005  1.180011263090691E-004
   56239.1096550496       7.466748763285125E-006  1.180081381216808E-004
   56239.1300876562      -1.525559041993807E-004  1.180083536487078E-004
   56239.1505202627      -8.271767700740451E-005  1.179962122928535E-004
   56253.5146226105      -3.073626571444832E-004  1.187030834675396E-004
   56253.5350552020      -1.170466270262738E-004  1.187032343364585E-004
   56253.5554878934      -1.372939348633917E-004  1.187094271463676E-004
   56253.5759203849       5.415177217527045E-006  1.187209650265463E-004
   56253.5963529764      -1.108294362914819E-004  1.187037084959179E-004
   56253.6167856679      -1.004603911732627E-003  1.186750793224980E-004
   56253.6372181594      -1.246858368789128E-003  1.186486628932221E-004
   56253.6576507510      -6.061796197831537E-005  1.187073077972688E-004
   56253.6780834426       1.010375154262277E-004  1.187112663103313E-004
   56253.6985159342       1.357921859932443E-004  1.187069701382598E-004
   56253.7189486259      -4.358296264383998E-005  1.187198011806005E-004
   56253.7393812175      -1.086053576668800E-004  1.187073509026742E-004
   56282.6924562996       9.210761651745614E-005  1.190840131192936E-004
   56282.7128891543       4.971609774229169E-004  1.191006805427149E-004
   56282.7333219093       1.131422405802329E-004  1.190766205422675E-004
   56282.7537545644       1.957700766741510E-005  1.190792284192942E-004
   56282.7741874197       1.986345164604053E-004  1.190923971206439E-004
   56282.7946200752      -4.435097549563283E-004  1.190557503418197E-004
   56282.8150528309      -1.369494331421639E-003  1.190074579193032E-004
   56282.8354856868      -4.421354816974699E-005  1.190710814976736E-004
   56282.8559184430       3.605503580019764E-004  1.190824685089334E-004
   56282.8763511993       2.973668906682825E-004  1.190867072071311E-004
   56282.8967839558      -1.115139167029433E-005  1.190657651643409E-004
   56282.9172167126      -2.926516736556639E-005  1.190640696850619E-004
   56297.2815049124       2.174461525090710E-004  1.189969473846198E-004
   56297.3019379387       2.638605485580925E-004  1.189964157512866E-004
   56297.3223708653      -1.561293237211103E-004  1.189796764855229E-004
   56297.3428036923       7.754518524061282E-005  1.189825214422793E-004
   56297.3632367194      -6.414340379123917E-005  1.189734549386768E-004
   56297.3836696469      -5.294102091822905E-004  1.189497972553465E-004
   56297.4041024747      -1.378185384243613E-003  1.189093069112074E-004
   56297.4245355028      -3.931626316093784E-004  1.189577717553455E-004
   56297.4449684311      -8.897373859362290E-005  1.189745253895776E-004
   56297.4654014596      -7.792143710472210E-005  1.189616512418315E-004
   56297.4858342884      -4.797837075776190E-005  1.189626211134530E-004
   56297.5062672175       2.879998708229525E-004  1.189903235206567E-004
   56297.5267002470       8.337367626265468E-005  1.189624702445341E-004
   56326.4804511641       1.133075932595595E-004  1.178109404550639E-004
   56326.5008845562       1.069749001849640E-004  1.178451728478999E-004
   56326.5213179487       1.454608616884290E-004  1.178185938608791E-004
   56326.5417514415       2.368228034788089E-005  1.178207023778292E-004
   56326.5621847347      -1.152059391806848E-005  1.178219134982918E-004
   56326.5826182282      -1.261041153488796E-003  1.177584464085048E-004
   56326.6030516222      -3.595406959618908E-004  1.178111666281623E-004
   56326.6234849166      -7.666656997229460E-005  1.178229495170008E-004
   56326.6439184112       1.018087664397260E-004  1.178465517742098E-004
   56326.6643517061       7.169509923321549E-005  1.178250361462317E-004
   56326.6847851014       1.235699498043363E-004  1.178541614045866E-004
   56326.7052185972       2.228292872137327E-004  1.178345208245536E-004
   56341.0699893132      -2.838378887213278E-004  1.180507423066696E-004
   56341.0904228645      -3.114088335138820E-004  1.180440957359378E-004
   56341.1108566162      -1.485540513521677E-004  1.180431034926672E-004
   56341.1312902681      -1.820624154647010E-004  1.180589283136521E-004
   56341.1517239205      -4.231452871611419E-004  1.180400756915105E-004
   56341.1721575731      -1.409842112055859E-003  1.179812779818206E-004
   56341.1925912262      -1.006978604793818E-003  1.180350852915319E-004
   56341.2130248797      -2.811494644802126E-004  1.180459197125382E-004
   56341.2334585335      -1.770256142784588E-004  1.180504942458519E-004
   56341.2538921878      -4.813212500188735E-004  1.180462918037647E-004
   56341.2743259422      -4.665338087116444E-004  1.180472986388481E-004
   56341.2947594972      -2.178608320925202E-004  1.180587678037113E-004
   56355.6597109448      -1.144421133955076E-004  1.183689167848406E-004
   56355.6801447479      -1.441194832596526E-005  1.183782701368474E-004
   56355.7005787512      -1.863380139954796E-005  1.183646122000637E-004
   56355.7210126549      -3.511977505921138E-005  1.183596728714298E-004
   56355.7414464589       5.748315041054219E-005  1.183727033602630E-004
   56355.7618804632      -1.324425823934994E-003  1.182632866519591E-004
   56355.7823143680      -6.680563838429299E-004  1.182811543267365E-004
   56355.8027482730      -1.082737268199851E-004  1.183187136528916E-004
   56355.8231821784       5.570731714299448E-005  1.183350491873246E-004
   56355.8436160841       1.364897921840580E-004  1.183369753066147E-004
   56355.8640500903      -2.509969625708042E-005  1.183321600083896E-004
   56355.8844838965       1.127373900511319E-004  1.183328239358722E-004
   56370.2496043920       2.621118415686574E-004  1.184377171822071E-004
   56370.2700385222       5.766663560535790E-005  1.184339816781295E-004
   56370.2904727527       1.996166919375764E-004  1.184361412664243E-004
   56370.3109067834      -4.534528701971574E-006  1.184282616875107E-004
   56370.3313409145      -1.410835889992246E-005  1.184121742138953E-004
   56370.3517751460      -9.157212998796016E-004  1.183797439099405E-004
   56370.3722091776      -9.058391039948877E-004  1.183637075076699E-004
   56370.3926433095       1.498344280592701E-004  1.184238695518570E-004
   56370.4130774418       3.883283571037843E-005  1.183987935215549E-004
   56370.4335115744       1.067206329237180E-004  1.184193096103560E-004
   56370.4539458071      -7.235514846493096E-005  1.184006029063424E-004
   56370.4743798403       6.436046012070484E-005  1.184026676478541E-004
   56384.8396470342       7.336776459454519E-005  1.180823189895754E-004
   56384.8600814531      -4.100463678569088E-005  1.180717618130124E-004
   56384.8805157721      -3.325328582937104E-005  1.180661950364280E-004
   56384.9009499914      -3.737199212106024E-005  1.180808744001079E-004
   56384.9213844110      -2.201936741691446E-004  1.180625835627593E-004
   56384.9418187307      -1.449422018121815E-003  1.180066969197235E-004
   56384.9622530507      -1.165203271007109E-003  1.180188883793205E-004
   56384.9826873709      -1.615079566755773E-004  1.180648452937438E-004
   56385.0031216913      -2.144373742684058E-004  1.180556305639586E-004
   56385.0235560120      -1.146163473478845E-004  1.180757016024692E-004
   56385.0439903330      -7.513022031280236E-005  1.180472913429417E-004
   56385.0644246541      -1.029664425458154E-004  1.180540619440823E-004
   56399.4298029443       3.115418044694618E-004  1.168089536624960E-004
   56399.4502374032       6.810982954696954E-005  1.167703348202017E-004
   56399.4706718622       1.547659060379125E-004  1.168065920786147E-004
   56399.4911063215       1.306060690335897E-004  1.168019522608715E-004
   56399.5115407808      -7.151872122401759E-005  1.167945480008200E-004
   56399.5319752404      -8.138282944517572E-004  1.166911245184885E-004
   56399.5524097000      -8.971917429109189E-004  1.167447880392738E-004
   56399.5728441599       1.086179888452055E-004  1.168280547085949E-004
   56399.5932787199       1.697451494162561E-004  1.168276518501681E-004
   56399.6137130801      -1.986454736007115E-004  1.167744328628192E-004
   56399.6341476404       3.368662577731829E-004  1.167838236316649E-004
   56399.6545821009       2.578951704768073E-005  1.168265127332371E-004
   56414.0200442389      -2.962707410247845E-005  1.165124151311877E-004
   56414.0404787833       1.306036424804091E-004  1.164999056824517E-004
   56414.0609133278      -1.049429062993656E-004  1.164300166912348E-004
   56414.0813478724      -1.405954260719211E-004  1.159225817734904E-004
