   54990.6792322464       8.400966781807462E-005  2.392066317814422E-004
   54990.6996665531      -4.361503639616071E-004  2.390588759952244E-004
   54990.7201009597       1.565265036140850E-004  2.389936448693002E-004
   54990.7405354662       2.876337695336684E-004  2.387100694785791E-004
   54990.7814041785      -4.530112340627168E-004  2.390219102619066E-004
   54990.8018386844      -6.440671554852617E-005  2.390563044659501E-004
   54990.8222730900       2.317825816611219E-005  2.390819554704610E-004
   54990.8427073956      -2.923317119419844E-004  2.389228420966150E-004
   54990.8631418009      -3.756581187758234E-004  2.387086765668889E-004
   54990.8835763060      -5.707438971269685E-005  2.387986586620780E-004
   54990.9040107112      -1.224289554359048E-004  2.390342536024231E-004
   54990.9244450158       4.524701147945454E-004  2.389960878221107E-004
   54990.9448794205       2.227680990147807E-004  2.390360536729151E-004
   54990.9653139249      -3.525064202825057E-004  2.389864445873322E-004
   54990.9857482291      -2.041545715338877E-004  2.390039952746291E-004
   54991.0061826333       1.623816674594103E-004  2.390041452805035E-004
   54991.0266171371       1.649272738633023E-004  2.389389784428111E-004
   54991.0470514408      -4.760926406305321E-004  2.390729336885904E-004
   54991.0674858443      -3.873605777339195E-004  2.391186640508513E-004
   54991.0879202475      -1.055664584518001E-003  2.389601078416814E-004
   54991.1083546508      -6.922658126130576E-004  2.390887700230378E-004
   54991.1287890539      -8.365747450884697E-004  2.390303320202799E-004
   54991.1492234567      -5.163895581211664E-004  2.390106383919210E-004
   54991.1696579592      -1.240584691848068E-003  2.389605150004832E-004
   54991.1900922616      -9.892264630035896E-004  2.389951020692223E-004
   54991.2105266639      -8.905455383336758E-004  2.389315638667369E-004
   54991.2309609658      -7.072123589261237E-004  2.390483755840210E-004
   54991.2513954676      -4.570131108327935E-004  2.390715407769002E-004
   54991.2718298693      -2.590598861869076E-004  2.390488256016440E-004
   54991.2922642709      -6.295329392735916E-005  2.389917162223445E-004
   54991.3126986721       1.235196901896440E-004  2.391367719028244E-004
   54991.3331330732       4.870675049035711E-004  2.391166282568425E-004
   54991.3535674742      -1.497021302331314E-004  2.391297216267307E-004
   54991.3740017749      -4.665366522953462E-004  2.389000197743058E-004
   54991.3944362756       4.084353379840699E-005  2.390795125176504E-004
   54991.4148706761      -4.160169768423483E-004  2.389619079121734E-004
   54991.4353049761       1.172500399710952E-004  2.390092883390520E-004
   54991.4557394761      -1.862418253646414E-004  2.389130702853728E-004
   54991.4761738761       1.691290154415270E-005  2.390583831187801E-004
   54991.4966081756      -2.476186380915291E-004  2.389422142838146E-004
   54991.5170425752      -1.147363945828150E-004  2.389952735045072E-004
   54991.5374770745      -2.755495524801033E-004  2.389973307279266E-004
   54991.5579113735       1.207614012566083E-006  2.389714654293095E-004
   54991.5783457724       1.607396927543192E-004  2.390843127056291E-004
   54991.5987801712      -7.355616783566443E-005  2.390264532969578E-004
   54991.6192146696       1.530720835591914E-004  2.389253921964787E-004
   55031.3023524398       3.954632086402565E-004  2.569698254313293E-004
   55031.3227863432       1.702612522742619E-004  2.569397182030281E-004
   55031.3432201463      -2.456865770635863E-004  2.568915560905653E-004
   55031.3636541492      -1.530761642548617E-004  2.569302653840953E-004
   55031.3840880519      -6.618437208427697E-005  2.569417741911460E-004
   55031.4045219541      -3.190425861380186E-004  2.569198436512218E-004
   55031.4249558559       5.972199322545890E-005  2.569667768972234E-004
   55031.4453897576      -3.344310498111236E-004  2.569323213722132E-004
   55031.4658236589       1.337011411450817E-004  2.569435229626486E-004
   55031.4862574600      -2.474147796198700E-004  2.569293909983440E-004
   55031.5066914605       2.905749663284496E-005  2.569261297758122E-004
   55031.5271253611       7.649596534986536E-005  2.569371423098689E-004
   55031.5475591610       5.583756484495161E-004  2.569647681732002E-004
   55031.5679931609      -4.595284563170265E-004  2.568974404703510E-004
   55031.5884270603       2.618198539994232E-005  2.569336683989111E-004
   55031.6088608595       1.236963608850505E-004  2.569482257400677E-004
   55031.6292947582      -2.066044275101930E-004  2.568979603753923E-004
   55031.6497287570      -3.208265891683215E-004  2.569097055029163E-004
   55031.6701626552      -8.178398236912132E-004  2.568582112717796E-004
   55031.6905964530       1.476273860538946E-004  2.570506942972998E-004
   55031.7110304506      -4.599224797363632E-005  2.569183548322399E-004
   55031.7314643479      -9.166209332711617E-004  2.568544537762539E-004
   55031.7518981450      -6.434169062888850E-004  2.568643083399913E-004
   55031.7723320416      -8.398692768823990E-004  2.568574077821704E-004
   55031.7927660380      -1.055992448435683E-003  2.568443865240903E-004
   55031.8131998339      -6.203558213212501E-004  2.568610234854122E-004
   55031.8336337298      -6.750202091758695E-004  2.568665770165352E-004
   55031.8540677253      -5.196678451425685E-004  2.568565806605137E-004
   55031.8745015203      -2.296115774735874E-004  2.568965897166470E-004
   55031.8949354151       4.407202737009008E-004  2.569267914731374E-004
   55031.9153693096      -2.136839056898765E-005  2.568592274498150E-004
   55031.9358032039      -1.954198569475984E-004  2.568871605297615E-004
   55031.9562370977      -2.526775808298076E-005  2.568976058946823E-004
   55031.9766709913      -1.648794614939053E-004  2.568621814557315E-004
   55032.0175387776       4.740860947582970E-004  2.569337392950531E-004
   55032.0379726703       3.965958127505331E-004  2.569088311171651E-004
   55032.0584064627      -4.048779312303408E-004  2.568816306306858E-004
   55032.0788404547       4.588696577836338E-004  2.569245227965936E-004
   55032.0992743464      -7.044150686075223E-005  2.568898073190627E-004
   55032.1197081377      -1.837552479618809E-004  2.568726031886049E-004
   55032.1401421289      -1.266109843488517E-004  2.568827177048630E-004
   55032.1605760198       3.705264630926575E-004  2.569140774316728E-004
   55032.1810099101       3.946590371581848E-004  2.568929976454525E-004
   55032.2014437004       2.306561047566991E-004  2.568784639363433E-004
   55032.2218776903      -1.759811678079259E-004  2.568565097643717E-004
   55071.9038733092       1.940079473830014E-004  2.540652813898806E-004
   55071.9243065662      -1.329310597508737E-005  2.540871410336627E-004
   55071.9447398232      -6.775342429510278E-005  2.540304950162077E-004
   55071.9651730798       5.311795665585706E-005  2.540683771880810E-004
   55071.9856063359      -1.444161094560359E-004  2.540623037519167E-004
   55072.0060396920       4.969534465693037E-005  2.540354813781947E-004
   55072.0264728474      -1.393398251184896E-004  2.540420274553057E-004
   55072.0469061028       3.078563972160886E-004  2.540816583986817E-004
   55072.0673392578      -3.326405974930502E-004  2.540330709093669E-004
   55072.0877726125      -9.150375347877215E-006  2.540276119064332E-004
   55072.1082058668      -1.433879397010340E-004  2.540342761437808E-004
   55072.1286391208       1.188875212654317E-004  2.540173319658437E-004
   55072.1490723745       1.299905353147057E-004  2.540251541735106E-004
   55072.1695056279       1.105797019176347E-004  2.540472737698135E-004
   55072.1899388809       1.211526818380992E-004  2.540279427550958E-004
   55072.2103720336       3.370838358964789E-004  2.540657303987799E-004
   55072.2308053859       1.705667976195091E-004  2.540408931170338E-004
   55072.2512386381      -1.642459820289099E-004  2.539969847730907E-004
   55072.2716717900      -9.907253529127802E-004  2.539580155270401E-004
   55072.2921051415       4.791008006888031E-004  2.541088352531136E-004
   55072.3125383924      -6.679281767965062E-004  2.539500751591365E-004
   55072.3329715432      -7.260960936552596E-004  2.539444979959661E-004
   55072.3534047937      -1.017526363259247E-003  2.539189044887054E-004
   55072.3738381440      -5.867071786930245E-004  2.539350924411279E-004
   55072.3942712938      -4.026006509627589E-004  2.539933218057542E-004
   55072.4147045434      -6.158153061699423E-004  2.539631673133585E-004
   55072.4351378925      -3.942178327700496E-004  2.539755268741132E-004
   55072.4555711414      -2.891668575427664E-004  2.540012621736578E-004
   55072.4760042901      -4.767666167027063E-005  2.540091552774667E-004
   55072.4964375383       1.537935460811379E-004  2.540013094377525E-004
   55072.5168708863      -6.508776329694488E-005  2.540006477404272E-004
   55072.5373040340      -8.865618479247939E-005  2.539966066603334E-004
   55072.5577372812      -9.039827701029512E-005  2.539947160965468E-004
   55072.5781706283      -1.939009683769033E-004  2.539932509096123E-004
   55072.5986037748      -1.874289682406438E-004  2.540064375920236E-004
   55072.6190370214      -1.747618891850822E-004  2.539803478117689E-004
   55072.6394702673      -2.229617228177716E-005  2.540042161795744E-004
   55072.6803367585      -2.387556316555406E-004  2.539869411529746E-004
   55072.7007700035      -2.090363233444581E-004  2.539528164766270E-004
   55072.7212032482       2.308706089702017E-004  2.540173319658437E-004
   55072.7416364926      -4.832805736287860E-005  2.539673974498309E-004
   55072.7620696369       4.388011732658903E-005  2.539799224349170E-004
   55072.7825028806       3.389583124913109E-004  2.540232636097240E-004
   55072.8029362242       1.566168527955547E-005  2.539996788264866E-004
   55072.8233694672      -3.074782376035756E-004  2.539176283581495E-004
   55112.5042012056      -1.093257928007629E-004  2.569008794543526E-004
   55112.5246340341      -2.633631536446135E-004  2.568866837260040E-004
   55112.5450666622       4.061077187826889E-004  2.569599438240886E-004
   55112.5654993902       5.071524972244390E-005  2.568972613872248E-004
   55112.5859322183       8.183426766228408E-005  2.568349476705779E-004
   55112.6063649459      -3.302368551818535E-004  2.569074703282287E-004
   55112.6267975732      -4.312320061552466E-004  2.567275348624080E-004
   55112.6472303006      -1.202560045661105E-004  2.568613111660824E-004
   55112.6676630277      -4.805388206430283E-004  2.568483368234521E-004
   55112.6880957546       6.440624324326460E-004  2.569761444686162E-004
   55112.7085284815       1.200979733175789E-004  2.569419687135173E-004
   55112.7289612079       1.536695800075094E-005  2.569582845831128E-004
   55112.7493939343      -3.209662503633748E-004  2.568330349344530E-004
   55112.7698266605       7.082445468209464E-005  2.568943577155171E-004
   55112.7902592864       2.475912268482539E-004  2.569264363743827E-004
   55112.8106921122      -2.215403270233729E-005  2.569301005315376E-004
   55112.8311247379       9.669184024851951E-005  2.569211821112927E-004
   55112.8515574634       1.580948915891334E-005  2.569427061539510E-004
   55112.8719902884      -1.758341273199182E-004  2.568108195413880E-004
   55112.8924230136      -8.050666788343985E-004  2.567115416230023E-004
   55112.9332883630      -5.486319270725515E-004  2.567473996640905E-004
   55112.9537211876      -4.770786304956198E-004  2.567368911379105E-004
   55112.9741538119      -3.465353068577981E-004  2.568149676438275E-004
   55112.9945865360      -1.105285460812233E-003  2.566989820906160E-004
   55113.0150193598      -5.308057141280020E-004  2.568290711921219E-004
   55113.0354519837      -2.178624164909104E-004  2.566794168741097E-004
   55153.1038037292      -5.484421249868365E-005  2.579352318426590E-004
   55153.1242362145       2.257728056758168E-004  2.579376746140957E-004
   55153.1446688999      -3.673664250680719E-005  2.579309915601653E-004
   55153.1651014853      -1.139094424711384E-004  2.579092831573985E-004
   55153.1855339707      -3.221029424682609E-004  2.579020931131700E-004
   55153.2059665563      -8.367070342352179E-006  2.579374672089737E-004
   55153.2263992419       2.906070569905772E-004  2.579175793622776E-004
   55153.2468317275      -3.150741818758185E-005  2.578637462106181E-004
   55153.2672643132      -1.195515074936537E-004  2.578834266521922E-004
   55153.2876969990      -5.096883048368861E-004  2.578545742952240E-004
   55153.3081295848      -1.138491477427062E-004  2.579156435811391E-004
   55153.3285620707       8.613760903863898E-005  2.579173258671285E-004
   55153.3489947566       1.535224245923228E-004  2.579565945702225E-004
   55153.3694273426       4.718642301271281E-005  2.579136847549871E-004
   55153.3898598286      -4.256695971290858E-004  2.578782415241428E-004
   55153.4102924147       1.827589990102130E-004  2.579440580828498E-004
   55153.4307251009       1.317019404578623E-004  2.579546357440706E-004
   55153.4511575871      -2.236640958426239E-004  2.579308532900840E-004
   55153.4715901734      -4.305209791989340E-004  2.578875056195911E-004
   55153.4920228597      -6.173493978759437E-004  2.578999499269096E-004
   55153.5124553461      -7.298678880897080E-004  2.578734020712967E-004
   55153.5328879325      -5.561093941629514E-004  2.578519471636790E-004
   55153.5533206190      -1.127978278108621E-003  2.578210668455182E-004
   55153.5737532056      -1.149383343812427E-003  2.578608655839240E-004
   55153.5941856922      -1.335084033335820E-003  2.578523619739230E-004
   55153.6146182789      -5.053703934208009E-004  2.579466160793541E-004
   55153.6350509657      -7.103832421059275E-004  2.578433052835967E-004
   55153.6554834525      -5.557358576784299E-004  2.578942117185350E-004
   55153.6759160394      -2.927425700147701E-004  2.579044897945796E-004
   55153.6963487263      -7.301517711810757E-005  2.579758371565392E-004
   55153.7167812133       3.976615709426756E-004  2.579510407219563E-004
   55153.7372138003       1.459298845096768E-006  2.579497502011973E-004
   55153.7576464874      -1.474056611260322E-004  2.579306458849620E-004
   55153.7780789746       1.148212009438598E-004  2.579529765030947E-004
   55153.7985115618       3.403163538420184E-004  2.579646833699796E-004
   55153.8189442491       2.596837413300079E-004  2.579361536432011E-004
   55153.8393767364      -6.090380009047269E-004  2.578995120716521E-004
   55153.8598093238      -3.138820852033319E-005  2.579520777475662E-004
   55153.8802419113       1.360308018878431E-004  2.579546818340977E-004
   55153.9006745988      -3.184138128413672E-004  2.579184781178061E-004
   55153.9211070864      -1.768813256589619E-004  2.578602203235445E-004
   55153.9415396741      -4.273559052514475E-005  2.571442578424843E-004
   55193.7240682685       6.716893296299098E-005  2.521595389563546E-004
   55193.7445011135      -1.619047136631746E-004  2.521721507618863E-004
   55193.7649340588      -2.812477289693138E-004  2.521609941646852E-004
   55193.7853671044       1.131220991985593E-004  2.521922464959751E-004
   55193.8057999503       2.439899757176178E-004  2.522073991414490E-004
   55193.8262328964      -3.885775818303072E-004  2.521416144854891E-004
   55193.8466658428       6.006629498385152E-004  2.522200109469807E-004
   55193.8875317367      -2.612910782563427E-004  2.521569288207775E-004
   55193.9079646840       1.929345317592812E-004  2.521889434040502E-004
   55193.9283977316       2.577295526198231E-004  2.522015090124920E-004
   55193.9488305795      -5.034973522544117E-004  2.521424229345617E-004
   55193.9692635278       5.982363010788028E-004  2.522234757287201E-004
   55193.9896965762      -6.052954615853867E-005  2.521882042506124E-004
   55194.0101294250      -4.536014486877793E-005  2.521943022664739E-004
   55194.0305623741      -4.298961140791757E-005  2.521854786223107E-004
   55194.0509954235      -1.752656793764240E-004  2.521755000509011E-004
   55194.0714282732      -4.160534370730717E-004  2.521823603187452E-004
   55194.0918612231      -1.242414886196697E-004  2.521814363769480E-004
   55194.1122941733      -9.978232095770867E-004  2.521257226865775E-004
   55194.1327271238      -1.021645502568891E-003  2.521005452726040E-004
   55194.1531600747      -5.275023731181605E-004  2.521468809537331E-004
   55194.1735930258      -6.464090349387330E-004  2.521475970086259E-004
   55194.1940259772      -4.299587477212263E-004  2.521403209669731E-004
   55194.2144589289      -8.810282442585082E-004  2.521363711157901E-004
   55194.2348918808      -5.849772626047578E-004  2.521656600707610E-004
   55194.2553248332      -8.294499608774153E-004  2.521232973393598E-004
   55194.2757577857      -5.354543678423029E-004  2.521760775145243E-004
   55194.2961907385      -9.952724039707928E-004  2.521129029941415E-004
   55194.3166236917      -8.195545235289980E-004  2.521330449253202E-004
   55194.3370566452      -2.825175086864640E-004  2.521864949582876E-004
   55194.3574895989       5.298114879992433E-005  2.521728899153240E-004
   55194.3779224529       3.515036017907036E-004  2.522317681063499E-004
   55194.3983555073      -1.542140156985949E-004  2.521999845085266E-004
   55194.4187883619      -3.493146915367618E-005  2.522093163206782E-004
   55194.4392213168       7.571463585545057E-004  2.522457196274875E-004
   55194.4596543720       2.876813493484232E-004  2.522129658907771E-004
   55194.4800873276      -2.698111312571250E-005  2.522024791513790E-004
   55194.5005201833       8.388460349340043E-005  2.522230137578215E-004
   55194.5209532394       3.559108509683107E-004  2.522417928748494E-004
   55194.5413861958      -2.450414826969949E-004  2.521805355336957E-004
   55194.5618190524      -2.695936063763504E-004  2.522065213967417E-004
   55194.5822520094      -2.136309293817584E-004  2.521948797300971E-004
   55194.6026850666      -5.007342318268382E-004  2.521643203551551E-004
   55194.6231179243      -3.066277278249707E-004  2.521941405766594E-004
   55194.6435508821      -4.868043930277288E-004  2.521767473723273E-004
   55234.3249830539       1.289360022016517E-005  2.529335942954952E-004
   55234.3454166821      -7.288383496728557E-007  2.528960129628946E-004
   55234.3658503107       1.632271618092762E-004  2.529342641532982E-004
   55234.3862838398      -6.499411017701906E-005  2.529405931546089E-004
   55234.4067175689       7.860981842473524E-004  2.529492089118678E-004
   55234.4271511987       9.609723424341965E-005  2.529379368219420E-004
   55234.4475848287       5.053489401363187E-004  2.529749406909195E-004
   55234.4680183592      -1.531845614486382E-004  2.529188574238300E-004
   55234.4884520900      -2.039042897901133E-004  2.529248630455118E-004
   55234.5088857209      -8.506149268761032E-005  2.529484004627952E-004
   55234.5293192526      -2.379657033182436E-004  2.529134523643165E-004
   55234.5497529845       2.852811989948467E-004  2.529735778767686E-004
   55234.5701866166      -1.231369661425230E-004  2.529344027445678E-004
   55234.5906201492       8.741943856582779E-005  2.529615204363153E-004
   55234.6110538821       5.949548507906410E-004  2.530208836967848E-004
   55234.6314875156       3.230678679955190E-005  2.529757029429021E-004
   55234.6519210491       3.553222069019313E-004  2.529881299600744E-004
   55234.6723547831      -2.669951059290909E-004  2.529750099865543E-004
   55234.7132219525      -9.391084742736977E-004  2.529133830686817E-004
   55234.7336556874      -4.944359763926487E-004  2.529723536538873E-004
   55234.7540893230      -6.342944976788223E-004  2.529721226684380E-004
   55234.7745229589      -3.693964826356755E-004  2.529621671955733E-004
   55234.7949565952      -7.202640496304369E-004  2.530222927080255E-004
   55234.8153902318      -8.358653597305699E-004  2.529781744872096E-004
   55234.8358238686      -5.451665280674645E-004  2.529791677246416E-004
   55234.8562574060      -1.215147972706387E-003  2.529375210481333E-004
   55234.8766911438      -3.094274265257324E-004  2.530102814646620E-004
   55234.8971247817      -5.647031330304753E-004  2.529835564481783E-004
   55234.9175583201       5.364410911234962E-005  2.530407484454243E-004
   55234.9379920588      -8.621903018493082E-004  2.529498325725808E-004
   55234.9584256981      -2.701486192480118E-004  2.530157327212654E-004
   55234.9788592375      -3.692934220458355E-004  2.530268200228317E-004
   55234.9992929773      -1.080411804310621E-005  2.530261501650287E-004
   55235.0197266176       4.354371641623889E-004  2.530696216265865E-004
   55235.0401601583      -6.540074201910606E-005  2.530229163687385E-004
   55235.0605938991      -3.754152838865155E-004  2.530127761075144E-004
   55235.1014610822       1.604636505603274E-005  2.530506577211992E-004
   55235.1218948243       1.326187649555166E-004  2.530495951881324E-004
   55235.1423284667      -2.506638718624554E-004  2.530513737760920E-004
   55235.1627620093      -2.902969330366156E-004  2.530399630948967E-004
   55235.1831957526       5.916247073489700E-005  2.530849590604198E-004
   55235.2036293959      -1.705335130665064E-004  2.530721624665287E-004
   55235.2240629399      -1.730836473562425E-004  2.530803393514339E-004
   55235.2444965842       5.412749190181199E-004  2.531050778930537E-004
   55235.2649303286      -2.773692808553108E-004  2.530854903269533E-004
   55315.5509358683       1.797197364947767E-004  2.433699445012383E-004
   55315.5713704355      -2.710097758586993E-004  2.433428775665806E-004
   55315.5918051027       1.684447748564466E-004  2.433802546808393E-004
   55315.6122395699      -2.467338196495694E-004  2.433333053787827E-004
   55315.6326741372       9.774354558333975E-005  2.433624343493605E-004
   55315.6531088046       4.173725940748163E-004  2.433879167722059E-004
   55315.6735432719      -3.592375652813340E-004  2.433299410043866E-004
   55315.6939778394      -6.405587862223783E-005  2.433311131090149E-004
   55315.7144125068       1.007992700543525E-004  2.433641708006617E-004
   55315.7348469743       3.762044317312530E-004  2.433592219144533E-004
   55315.7552815419       1.804142319021818E-004  2.433754143228371E-004
   55315.7757162095       5.343822555410327E-004  2.433930610091857E-004
   55315.7961506771       3.967960735955511E-004  2.433816221362390E-004
   55315.8165852448       5.386735898527117E-004  2.434168503920124E-004
   55315.8370199125       9.891471123246731E-005  2.433539257379846E-004
   55315.8574543803       1.653287345191323E-004  2.433716809525395E-004
   55315.8778889481       9.612170743533710E-005  2.433592219144533E-004
   55315.8983236159      -8.115889621169714E-004  2.433173734380940E-004
   55315.9187580838      -6.102498964506431E-004  2.433057826256584E-004
   55315.9391927518      -8.714893827665993E-004  2.433034818276843E-004
   55315.9596273197      -4.965899486231162E-004  2.433319596290242E-004
   55315.9800617878      -1.602571151437804E-004  2.433083004800452E-004
   55316.0004964558      -1.087269784607936E-003  2.432821885936031E-004
   55316.0209310239      -6.322500136736187E-004  2.432782381668929E-004
   55316.0413655921      -2.866901707098135E-004  2.433326759151860E-004
   55316.0618001603      -8.453399199869205E-004  2.432832521700251E-004
   55316.0822347285      -3.049811769061384E-004  2.433121640841904E-004
   55316.1026692968      -6.950324183235823E-004  2.432727900509353E-004
   55316.1231038651      -1.312520967187147E-004  2.433499536056331E-004
   55316.1435384335      -1.501646481436580E-004  2.433400992444986E-004
   55316.1639730019       9.886662706337646E-005  2.433489334404936E-004
   55316.1844076703      -2.399309165945773E-004  2.433408806475842E-004
   55316.2048421388      -1.110829380347456E-004  2.433441799050565E-004
   55316.2252767073       2.013178945312610E-004  2.433538172097783E-004
   55316.2457113759       3.014835886243628E-004  2.433872004860441E-004
   55316.2661458445       1.518692937263477E-004  2.433535350364418E-004
   55316.2865804131       9.311018616076083E-005  2.433359751726583E-004
   55316.3274495505       4.562290556742177E-005  2.433308092300372E-004
   55316.3478841193      -1.912635607137503E-004  2.433118819108539E-004
   55316.3683187881       2.855969973241113E-004  2.433597211442024E-004
   55316.3887532569      -3.045417805562778E-004  2.433422915142664E-004
   55316.4091879258      -3.793623498062892E-004  2.433216928607058E-004
   55316.4296223948      -2.233313093374933E-004  2.433295503028438E-004
   55316.4500569637      -1.980230710951769E-004  2.433181548411796E-004
   55316.4704916328      -9.127941247077942E-006  2.433320030403067E-004
   55356.1543747485       3.977803699919402E-004  2.422852267846519E-004
   55356.1748091951      -2.682070944792780E-004  2.422338278261359E-004
   55356.1952437414       3.568787035417298E-004  2.422297037542955E-004
   55356.2156780878      -1.300480486876587E-005  2.422382123656715E-004
   55356.2361125339       3.138424122999250E-004  2.422307890363588E-004
   55356.2565470798      -3.911268822620606E-005  2.422393627646585E-004
   55356.2769814254       2.080562571640243E-004  2.422613939905427E-004
   55356.2974158710       5.224342311760388E-005  2.421876599271649E-004
   55356.3178503165       5.124199373307547E-005  2.422577257371689E-004
   55356.3382847616      -3.672812353551214E-004  2.422296820486542E-004
   55356.3587192068      -2.955440106838791E-004  2.422167671921014E-004
   55356.3791536517      -1.143625783683877E-004  2.422405348692868E-004
   55356.3995880967      -1.399063503176867E-004  2.422206742075292E-004
   55356.4200225412      -2.877908873343271E-004  2.422068911253258E-004
   55356.4404570856       4.668296352199341E-004  2.422458744570381E-004
   55356.4608914299      -1.112525993935964E-004  2.422237347029476E-004
   55356.4813258741       3.077713051649056E-004  2.422391891195284E-004
   55356.5017604181      -9.222275562837945E-004  2.421518890303598E-004
   55356.5221947619      -4.960573155441406E-004  2.421828846860865E-004
   55356.5426292057      -1.012936971704237E-003  2.421180065243449E-004
   55356.5630637492      -5.786029387828684E-004  2.421646085361412E-004
   55356.5834980926      -6.604960424801964E-004  2.421603325248120E-004
   55356.6039326356      -6.199908015760425E-004  2.421652379997379E-004
   55356.6243670787      -8.607931150669268E-004  2.421413834999875E-004
   55356.6448014216      -8.076823510175801E-004  2.421406672138257E-004
   55356.6652359642      -8.064203547598625E-004  2.421709465833907E-004
   55356.6856704068      -3.344331758144969E-004  2.421430548343649E-004
   55356.7061047492       7.184836883058487E-004  2.423091029900436E-004
   55356.7265392913      -5.012002960589346E-004  2.421260376116130E-004
   55356.7469737335       1.212140138797668E-004  2.421876599271649E-004
   55356.7674081754      -1.019980439977974E-004  2.422023980575839E-004
   55356.7878426171      -3.906212171338463E-004  2.421646953587063E-004
   55356.8082770587      -2.890007791683802E-004  2.421724008613554E-004
   55356.8287115000      -3.549560619653391E-005  2.421627852622749E-004
   55356.8491459412      -1.440374823836743E-004  2.421511510385568E-004
   55356.8695803824      -2.018123649538683E-005  2.421734210264949E-004
   55356.8900148234       1.794552183818077E-004  2.421917405877227E-004
   55356.9104493641       1.494831493258353E-004  2.421855110686796E-004
   55356.9308837047      -2.525500412926540E-004  2.421166607745864E-004
   55356.9513181452       1.896426159619935E-005  2.421901777815516E-004
   55356.9717526855      -3.063733310486594E-004  2.421777404491066E-004
   55356.9921870255       5.676588486689393E-004  2.422123392412834E-004
   55357.0126215653      -2.985022847985519E-004  2.421540161832038E-004
   55357.0330559052       2.890502235590731E-004  2.422002274934574E-004
   55357.0534903447       3.484378902225416E-004  2.422111020197312E-004
   55357.0739248843      -1.802168059833464E-004  2.421587914242821E-004
   55477.9593588001       1.117151926264270E-004  2.529894123082721E-004
   55477.9797916868      -2.533315914821088E-006  2.528956075175634E-004
   55478.0002244735      -3.663263630349078E-005  2.529150681310965E-004
   55478.0206571602       1.556423938224860E-004  2.529235937332157E-004
   55478.0410900465      -6.414421791944847E-005  2.529674496158563E-004
   55478.0615228325      -3.930179283486712E-004  2.529230377156862E-004
   55478.0819556183       4.747321238252056E-005  2.528934066148424E-004
   55478.1023884041       3.630821889220037E-004  2.529972428884794E-004
   55478.1228211894      -1.191769687869382E-004  2.529202807954356E-004
   55478.1432539747       1.803004648877060E-004  2.529688628270771E-004
   55478.1636867596       3.629147795813914E-005  2.529559817543100E-004
   55478.1841195445      -2.458862793849326E-004  2.528762627410157E-004
   55478.2045523291       4.888055127643121E-004  2.530326658385890E-004
   55478.2249852135       2.461735643044527E-004  2.529404827656747E-004
   55478.2454178976      -6.658742725518252E-005  2.529660827394295E-004
   55478.2658507816       2.210820838111083E-004  2.529881612688307E-004
   55478.2862834653      -3.871409839151241E-006  2.529847093266683E-004
   55478.3067162490      -6.196389193346974E-005  2.529315864852025E-004
   55478.3271491322       1.307513457471376E-004  2.529587618419575E-004
   55478.3475819152      -6.830936633104301E-004  2.529275785255106E-004
   55478.3680145982      -4.806861449976330E-004  2.529247521030689E-004
   55478.3884474807      -9.466839737118926E-004  2.529163191705379E-004
   55478.4088801632      -4.520066931406053E-004  2.528782551371631E-004
   55478.4293129455      -7.325189053621894E-004  2.528807340486488E-004
   55478.4497458276      -6.063343006424970E-004  2.529649012021793E-004
   55478.4701785094      -8.075728020909834E-004  2.529021638909323E-004
   55478.4906112910      -4.343581013677156E-004  2.529702065361068E-004
   55478.5110441724      -6.137964872604540E-004  2.529124502152283E-004
   55478.5314768535      -8.233914709762091E-004  2.528746873580154E-004
   55478.5519097347      -9.568124655433552E-004  2.529249837770395E-004
   55478.5723425153       1.681982778614088E-004  2.529799831776674E-004
   55478.5927752958      -5.127352039088207E-004  2.528818460837079E-004
   55478.6132080762      -3.678975020171560E-004  2.529216245044653E-004
   55478.6336408564       2.456118625699943E-004  2.529929337526257E-004
   55478.6540736364      -5.006025036768946E-005  2.529775274335787E-004
   55478.6745064159      -4.672802156224787E-005  2.529833192828445E-004
   55478.6949391954      -2.019544426098419E-004  2.529705308796656E-004
   55478.7153719749      -2.238242834079474E-004  2.529722452670483E-004
   55478.7358047540      -1.961543871231708E-005  2.530203176159543E-004
   55478.7562375328       2.521266372113029E-004  2.530285883767059E-004
   55478.7766703113       3.489214646406058E-004  2.530486976773567E-004
   55478.7971031899       1.262964056660820E-004  2.529889721277279E-004
   55478.8175358680      -4.988202814670828E-005  2.529600823835902E-004
   55478.8379687461       2.458992336522581E-004  2.530199701049984E-004
   55478.8584015240       1.639314260089009E-004  2.529662680786060E-004
   55478.8788342016      -2.113052848770058E-004  2.529728244519749E-004
   55478.8992670790       2.119814447938406E-004  2.530247425887934E-004
   55518.5794622824      -5.898340355025011E-004  2.544152960953181E-004
   55518.5998948591      -1.555091482674520E-005  2.544615613872532E-004
   55518.6203275358       3.171196967779455E-004  2.544502093626923E-004
   55518.6407600126      -6.114706264115366E-005  2.544681872628133E-004
   55518.6611926893       1.542781204750820E-004  2.544418459323525E-004
   55518.6816252660       1.414822684719930E-004  2.544142303950532E-004
   55518.7020577428      -5.101614401921140E-004  2.543901826369017E-004
   55518.7224904196       5.324183256161241E-005  2.544399462057933E-004
   55518.7429229964      -3.216832760738475E-004  2.544650828316069E-004
   55518.7633554732       1.961042112275102E-005  2.544522480936339E-004
   55518.7837881500      -1.295840089968747E-004  2.543943527683730E-004
   55518.8042207269      -2.902857030880890E-004  2.544281540006882E-004
   55518.8246534038      -4.936743834170754E-004  2.543269819777134E-004
   55518.8450858807       1.529933471600131E-004  2.544373746247193E-004
   55518.8655184576       1.376843262670402E-004  2.544755313276823E-004
   55518.8859511346       5.968437582826169E-006  2.544880880568905E-004
   55518.9063836115      -2.361655891023329E-004  2.544147400777886E-004
   55518.9268161885      -4.940631481503699E-004  2.544038050663748E-004
   55518.9472488655      -9.649665325114354E-004  2.543716718866482E-004
   55518.9676814425      -7.606589761102178E-004  2.543789232819290E-004
   55518.9881139195      -9.149784304866015E-004  2.543443575255108E-004
   55519.0085465966      -9.879699597851177E-004  2.544162459585977E-004
   55519.0289790736      -8.147864406455874E-004  2.543136375570050E-004
   55519.0494117507      -7.869592363676237E-004  2.543759115203108E-004
   55519.0698443278      -6.448216489668424E-004  2.543844602898271E-004
   55519.0902768050      -2.152339051031404E-005  2.544913778272735E-004
   55519.1107094821      -8.608881794690548E-004  2.543765138726344E-004
   55519.1311420593      -5.970630922480513E-005  2.544594763215176E-004
   55519.1515745365      -1.314251075189565E-004  2.543937735834464E-004
   55519.1720072137       1.289167611409070E-004  2.544851689648606E-004
   55519.1924397909       4.107584795653985E-004  2.544929068754797E-004
   55519.2128722682       3.036207172271155E-004  2.544368881093810E-004
   55519.2333049455       1.878141792912569E-004  2.544579936081055E-004
   55519.2537375227       3.785930829725004E-005  2.544216439621134E-004
   55519.2741702000      -3.126295088526909E-004  2.544317449472330E-004
   55519.2946026774       1.777299802063759E-005  2.544797709613449E-004
   55519.3150352547      -1.172191417555535E-004  2.544034807228159E-004
   55519.3354679321      -3.937828028277579E-005  2.544614455502679E-004
   55519.3559004096       1.610976307921952E-004  2.544521322566485E-004
   55519.3763329870      -6.104353511926508E-005  2.544338531803657E-004
   55519.3967656644       4.978016750167846E-005  2.544529431155457E-004
   55519.4171981419       2.802856487866823E-004  2.544963124828480E-004
   55519.4376307194      -2.713837131769203E-004  2.544077435238755E-004
   55519.4580633969      -5.729956255928759E-005  2.544534064634870E-004
   55519.4784959744       5.977565441872557E-005  2.544063303126547E-004
   55519.4989285519      -7.800187376894030E-006  2.544576692645466E-004
   55599.7799028201      -1.358720496724697E-004  2.546366107461094E-004
   55599.8003364376      -1.367910849968679E-004  2.546249604867409E-004
   55599.8207698557       1.201419878511523E-004  2.546128957912684E-004
   55599.8412033742       3.089087038039562E-004  2.546744395527149E-004
   55599.8616368929      -9.894953918454519E-006  2.546547077893181E-004
   55599.8820705122      -1.170460712351939E-006  2.546632958263625E-004
   55599.9025040316      -2.792808440553740E-004  2.546094191328402E-004
   55599.9229375515      -1.836230954799234E-004  2.546742553588909E-004
   55599.9433709716       3.274118771936507E-004  2.546772715327590E-004
   55599.9638045922       1.465867584811154E-004  2.546456822919417E-004
   55599.9842381131      -1.420420079526474E-004  2.546537407717420E-004
   55600.0046715346      -2.589024424622943E-004  2.546696505132907E-004
   55600.0251051561      -7.251435119892680E-005  2.546821756933232E-004
   55600.0455386782       2.704780471196599E-005  2.546591744895503E-004
   55600.0659722006       4.623501654315021E-004  2.546935266377277E-004
   55600.0864057233      -3.960939085897452E-004  2.546830506139872E-004
   55600.1068392465       3.387686199616269E-004  2.546936417588677E-004
   55600.1272728701       2.249522538175786E-004  2.546669566786146E-004
   55600.1477062940      -3.219337836549707E-004  2.546322591670172E-004
   55600.1681398181      -8.819537376031361E-004  2.546290587993250E-004
   55600.1885734429      -4.471242013771581E-004  2.546443008382617E-004
   55600.2090068677      -3.848831505509631E-004  2.546871028781154E-004
   55600.2294404932      -8.406114440293599E-004  2.546481689085659E-004
   55600.2498740189      -4.555369553138622E-004  2.547130511830725E-004
   55600.2703074449      -7.550511839521379E-004  2.546356207043053E-004
   55600.2907410713      -7.867337906463101E-004  2.546270096430330E-004
   55600.3111745982      -5.368508718105458E-004  2.546739790681549E-004
   55600.3316080253      -6.021247189172962E-004  2.546722292268268E-004
   55600.3520416527      -1.415087517233626E-004  2.546609703793344E-004
   55600.3724751807      -4.448861742647470E-004  2.546760512486750E-004
   55600.3929087090      -2.356719764741166E-004  2.546600263859863E-004
   55600.4133422375       1.129035912472709E-005  2.546836262196873E-004
   55600.4337757665      -2.928709106331251E-004  2.546382224420694E-004
   55600.4542092957      -1.216987167882433E-004  2.546606019916863E-004
   55600.4746428256       3.226198810493131E-004  2.547039566130121E-004
   55600.4950763556       1.912853964050054E-004  2.547141563460166E-004
   55600.5155098859       1.081932673765440E-004  2.546884382833395E-004
   55600.5359434168      -4.648322243342440E-004  2.546823138386913E-004
   55600.5563769481       3.649551133606543E-004  2.547384008581016E-004
   55600.5768104797       6.278143039240014E-005  2.547113473902004E-004
   55600.5972440114      -1.708017497579206E-004  2.547411637654616E-004
   55600.6176776437       2.134725496936163E-004  2.547239186186890E-004
   55600.6381111764      -2.060465653921373E-004  2.546984768467479E-004
   55600.6585446093      -1.879997717488813E-004  2.546663580486866E-004
   55600.6789782428       3.467354817470181E-004  2.547438806243658E-004
   55600.6994117764      -2.963614416425786E-004  2.547038875403281E-004
   55600.7198452105       1.553838283274711E-004  2.547565899982223E-004
   55641.0358617503      -5.027267652835121E-005  2.422001789030429E-004
   55641.0562959429       1.874633804939130E-004  2.422956316608392E-004
   55641.0767301359      -7.287157072848327E-004  2.422462782462968E-004
   55641.0971643292       4.142609085375781E-004  2.423138544600549E-004
   55641.1175986228       1.320354263480983E-004  2.422569299063145E-004
   55641.1380328166      -3.943822537799679E-005  2.423338995391921E-004
   55641.1584669107      -4.132365729548892E-004  2.423061314641968E-004
   55641.1789012051      -2.352323480124818E-004  2.423245061200726E-004
   55641.1993353998      -3.084422372785500E-004  2.423262850123770E-004
   55641.2197694947       6.764526963851658E-004  2.423774824006496E-004
   55641.2402037899      -2.106385510260989E-004  2.422804459948262E-004
   55641.2606379853       1.743804786094039E-004  2.423265887256973E-004
   55641.2810720810       8.378114082341348E-005  2.423648999916674E-004
   55641.3015063771       2.935033712025970E-004  2.424003693687121E-004
   55641.3219405734      -2.207487106740125E-004  2.423292136765367E-004
   55681.0055631672      -9.638448893933838E-005  2.433666549909316E-004
   55681.0259978149      -2.924230727541222E-004  2.433938156392864E-004
   55681.0464323627       1.329798711826591E-004  2.433854635229792E-004
   55681.0668670106       8.174948079742173E-005  2.434196746591258E-004
   55681.0873014585       1.930713354658664E-005  2.433760917976683E-004
   55681.1077360065       3.022213746217695E-005  2.433918198088961E-004
   55681.1281706547      -1.234828989764569E-004  2.433711673031183E-004
   55681.1486051029      -3.020275739981093E-004  2.433779357713985E-004
   55681.1690396511       2.167312031928770E-004  2.433943145968840E-004
   55681.1894742995       2.765273229623499E-004  2.434317364167019E-004
   55681.2099087479       5.332414206964398E-004  2.434054652144993E-004
   55681.2303432964      -1.647355878268142E-004  2.433640300400922E-004
   55681.2507779450       4.580909133644617E-005  2.433705598764778E-004
   55681.2712124936      -2.174479752764524E-004  2.433638998772407E-004
   55681.2916470423      -5.517516549535806E-005  2.433811030674526E-004
   55681.3120815912      -6.718442616682196E-006  2.433736187034890E-004
   55681.3325161400      -2.699472784338797E-004  2.433512089992155E-004
   55681.3529506890      -3.442553420217598E-004  2.433814067807729E-004
   55681.3733852381      -8.267902511749359E-004  2.433127458765852E-004
   55681.3938197872      -3.163816605185055E-004  2.433305998810549E-004
   55681.4142544364      -9.234895455600967E-004  2.433310988386525E-004
   55681.4346888856      -8.314384987434531E-004  2.432708334383892E-004
   55681.4551235350      -7.298334577082732E-004  2.433199699148458E-004
   55681.4755580844      -2.583686506497651E-004  2.433497121264228E-004
   55681.4959925339      -5.408536448384682E-004  2.433542244386095E-004
   55681.5164271835      -6.769088530194090E-004  2.432877112214723E-004
   55681.5368616331      -8.460831693630766E-004  2.433104246390661E-004
   55681.5572961829      -2.792292323350321E-004  2.433746817001099E-004
   55681.5777308327      -1.175626277893915E-004  2.433251547350988E-004
   55681.5981652825       2.736059174452965E-004  2.433732716025516E-004
   55681.6185998325       1.192446173829964E-004  2.433934685383490E-004
   55681.6390344825       4.360222472366004E-005  2.433558080866366E-004
   55681.6594689326       4.372718823475452E-005  2.433421626810334E-004
   55681.6799035828      -7.718175123616611E-005  2.433510354487467E-004
   55681.7003381331      -9.400272597870352E-005  2.433556128423592E-004
   55681.7207725834       1.873051868008790E-004  2.433971347920007E-004
   55681.7412072338      -3.881814614403734E-004  2.432925489407879E-004
   55681.7616417843      -2.852639009952584E-004  2.433694101046226E-004
   55681.7820762348       2.941268451306378E-005  2.433877847604984E-004
   55681.8025108855       1.302848816764346E-004  2.433612749264013E-004
   55681.8229454362      -1.274084273303888E-004  2.432873641205348E-004
   55681.8433800870       7.021490056695612E-004  2.433706900393294E-004
   55681.8638145378      -3.701608392268074E-004  2.432046456283809E-004
   55681.8842490887       9.706116556462696E-005  2.433656136881193E-004
   55681.9046837397       2.557200654420555E-004  2.433744213744069E-004
   55681.9251181908       3.006382403925034E-004  2.433695402674741E-004
   55721.6090326558       5.148954293667796E-004  2.424494841513601E-004
   55721.6294670476       1.774787210531148E-004  2.424100665011519E-004
   55721.6499016392       1.986635527255753E-004  2.424119538624992E-004
   55721.6703361307       1.533116821437197E-004  2.423839905432266E-004
   55721.6907706220       9.345991011522337E-005  2.424248616786103E-004
   55721.7112051132      -4.288528000023772E-004  2.423789575796337E-004
   55721.7316395043      -2.946502711453913E-004  2.423917786205105E-004
   55721.7520740952      -2.184307934388618E-004  2.423910410310184E-004
   55721.7725085860      -6.298889921008133E-005  2.423732738017831E-004
   55721.7929429767      -1.071233678632266E-004  2.424201975097635E-004
   55721.8133775673      -7.384432497037352E-006  2.423908674805497E-004
   55721.8338120576       9.743265984840654E-005  2.423835783608634E-004
   55721.8542464480       1.641684616573436E-004  2.423845762760586E-004
   55721.8746810381      -2.573766556546175E-005  2.423983735383219E-004
   55721.8951155282      -5.175549210245656E-005  2.423981999878531E-004
   55721.9155499181      -5.570489694705083E-004  2.423699112614517E-004
   55721.9359845078      -3.343433794034123E-004  2.423727531503770E-004
   55721.9564189975      -3.247798775102284E-004  2.424175508651155E-004
   55721.9768535870      -1.585981672370673E-004  2.424007164696496E-004
   55721.9972879763      -9.927998598427967E-004  2.423454406453621E-004
   55722.0177224656      -5.427591297492151E-004  2.423792612929540E-004
   55722.0381570548      -7.500400193546364E-004  2.423574807091295E-004
   55722.0585914437      -2.972200194613084E-004  2.423651169297533E-004
   55722.0790259324      -8.778932497697234E-004  2.423319904840362E-004
   55722.0994605212      -6.204504652949083E-004  2.423600839661604E-004
   55722.1198950099      -6.615261942242157E-004  2.423430326326086E-004
   55722.1403293984      -8.943347644654320E-004  2.423460263781940E-004
   55722.1607639866      -3.595692150590857E-004  2.423794131496141E-004
   55722.1811984749      -8.334714286875045E-004  2.423539663121379E-004
   55722.2016328629       5.875294506534345E-004  2.424330185506402E-004
   55722.2220674507       2.130607714789789E-005  2.423945988156272E-004
   55722.2425019384      -7.453124290224267E-005  2.424059446775198E-004
   55722.2629365262      -1.137623442918345E-004  2.423945337342014E-004
   55722.2833709138       2.876480479283572E-004  2.424153597904479E-004
   55722.3038054011       3.792459296048101E-005  2.424001307368176E-004
   55722.3242399884      -4.915486948359193E-004  2.423455057267878E-004
   55722.3446743755      -3.829306366555096E-004  2.423487164104591E-004
   55722.3651087624       2.844313898786588E-005  2.423862250055114E-004
   55722.3855433492      -1.197987972415548E-004  2.423575457905553E-004
   55722.4059778361      -4.945211434304042E-005  2.423760506092826E-004
   55722.4264122227      -2.445716042720480E-005  2.423918003143191E-004
   55722.4468468091       6.157374500381785E-005  2.423743801860212E-004
   55722.4672812954       2.773311904895603E-004  2.424327582249371E-004
   55722.4877158816      -2.614774909834860E-004  2.423632078745973E-004
   55722.5081502677      -2.022520038980069E-005  2.423766797297318E-004
   55722.5285847537      -3.013557379073495E-004  2.423605395361408E-004
   55722.5490193394       1.969822483349759E-006  2.423697810986001E-004
   55843.4349566199       5.368536868424201E-004  2.548914205098363E-004
   55843.4553895805       1.209125397283461E-004  2.548549510462441E-004
   55843.4758224408       1.254726270198958E-004  2.548806130100418E-004
   55843.4962552008      -1.089108878272738E-004  2.548618051532566E-004
   55843.5166881607       1.454096942477001E-005  2.548102940828076E-004
   55843.5371210203      -4.544373129947710E-004  2.548006094401347E-004
   55843.5575537796       4.827954092998521E-004  2.548537112248391E-004
   55843.5779867388      -1.327474414858365E-005  2.548139199755959E-004
   55843.5984195974      -4.449228346264933E-004  2.548169376541099E-004
   55843.6188523561       2.898113254041768E-004  2.548745308673004E-004
   55843.6392853145       1.153683684926854E-004  2.548787181886493E-004
   55843.6597181727      -2.679560271690029E-005  2.548265053324994E-004
   55843.6801511305      -1.469829609928031E-004  2.548305289038514E-004
   55843.7005838882       1.840415837837117E-004  2.548133117613217E-004
   55843.7210167455      -1.712374726161592E-004  2.548739928315963E-004
   55843.7414497027      -1.626331034543238E-004  2.547857315832747E-004
   55843.7618824595       5.102763860964643E-005  2.548363069394558E-004
   55843.7823153164      -2.127743187265718E-004  2.547762340834554E-004
   55843.8027482727      -5.584545542944852E-004  2.547519522982029E-004
   55843.8231810290      -6.551685859211842E-004  2.547913224760256E-004
   55843.8436138849      -4.452083867751977E-004  2.548087267614089E-004
   55843.8640468408      -6.830355813943756E-004  2.547774505120037E-004
   55843.8844795962      -2.991205416323917E-004  2.547986444401721E-004
   55843.9049125514      -6.336355833178597E-004  2.547499171196702E-004
   55843.9253454063      -8.250203033831616E-004  2.547699881907170E-004
   55843.9457782612      -7.974687706824302E-004  2.547190151559721E-004
   55843.9662111157      -8.723859739181439E-004  2.547587128337886E-004
   55843.9866439700      -2.584705079420324E-004  2.548025978329540E-004
   55844.0070768240      -2.779172691235177E-004  2.548191833683529E-004
   55844.0275096780       1.006096130993228E-004  2.548579687247582E-004
   55844.0479425315      -3.707007904834025E-004  2.548331021180882E-004
   55844.0683752848      -1.421672030518240E-004  2.548618285461133E-004
   55844.0888082379      -1.730157408444954E-004  2.548481905106584E-004
   55844.1092410908      -3.559910532631161E-004  2.548287978324558E-004
   55844.1296738434      -3.036525028657922E-004  2.547884919403651E-004
   55844.1501067958      -1.557621533774256E-004  2.548322131895337E-004
   55844.1705396479       3.777910772679860E-004  2.548783672957988E-004
   55844.1909725998       1.723779745534948E-004  2.548807065814686E-004
   55844.2114053515       2.735265912505724E-004  2.548778994386649E-004
   55844.2318382030      -2.346909238670758E-005  2.547869012261096E-004
   55844.2522711542      -1.060556287150183E-004  2.548441435464497E-004
   55844.2727039052       1.464500473684627E-004  2.548315347966894E-004
   55844.2931367557      -2.016158479714036E-004  2.547682805121780E-004
   55844.3135697062       6.265860110854504E-005  2.548188324755025E-004
   55844.3340024565       2.273596000572642E-004  2.548229964039947E-004
   55844.3544353065       3.266315187824276E-004  2.548031592615148E-004
   55884.0347082556      -6.151087577865866E-005  2.556527878167859E-004
   55884.0551408342      -1.080072643722119E-004  2.556177453174523E-004
   55884.0755734128       2.801620707932884E-004  2.556580044238295E-004
   55884.0960060913       5.022016107241178E-004  2.556339097814305E-004
   55884.1164385698       3.536607763414690E-004  2.556641099594277E-004
   55884.1368712484       3.927964150682861E-004  2.556173008531750E-004
   55884.1573038268       2.431479868285624E-004  2.556588465666706E-004
   55884.1777363053       7.396319685826214E-005  2.556236403173401E-004
   55884.1981689837       4.087908233687543E-004  2.556570453167049E-004
   55884.2186015621       1.804506757647761E-004  2.556364829956673E-004
   55884.2390340405       2.377970826550335E-004  2.556717828164246E-004
   55884.2594667189       4.753560619863428E-005  2.556588933523840E-004
   55884.2798992971      -1.304675060022076E-004  2.556469629954680E-004
   55884.3003317755      -1.052975598603290E-005  2.556840406733344E-004
   55884.3207644538       1.291346959488848E-004  2.556910585303438E-004
   55884.3411970320       9.719172777522544E-005  2.556540042453341E-004
   55884.3616297102       1.741738921565705E-004  2.556695371021816E-004
   55884.3820621884       2.147203935130015E-004  2.556901462089325E-004
   55884.4024947666      -5.694108133383891E-004  2.556184003174398E-004
   55884.4229274448      -5.975711659408356E-004  2.556388222813371E-004
   55884.4433599229      -2.576043693458541E-004  2.556408808527265E-004
   55884.4637925010      -2.488814255162675E-004  2.556406469241596E-004
   55884.4842250791      -6.956368488119091E-004  2.555926447822153E-004
   55884.5046576572      -4.329346015472524E-004  2.556334653171533E-004
   55884.5250903352      -6.195932281127803E-004  2.556315938886175E-004
   55884.5455228132      -5.221814845441930E-004  2.556427990669758E-004
   55884.5659553913      -4.464314319205798E-004  2.556462612097671E-004
   55884.5863880692      -6.717912036867668E-004  2.556631742451597E-004
   55884.6068206472      -4.371465652673878E-004  2.556786837091505E-004
   55884.6272531251       1.094503375360656E-004  2.557221242440387E-004
   55884.6476858031       6.086621717682483E-005  2.557356219223535E-004
   55884.6681183809      -1.384911931024968E-004  2.556771631734651E-004
   55884.6885508588      -2.946893090522984E-004  2.556827774590727E-004
   55884.7089835366      -3.197676318380527E-004  2.556476881740257E-004
   55884.7294161144       3.531418354940641E-004  2.557429204936432E-004
   55884.7498487922      -3.353092758620058E-004  2.556904737089263E-004
   55884.7702812700       2.183703896687650E-004  2.557349201366525E-004
   55884.7907138478      -3.615498678357643E-004  2.556914562089076E-004
   55884.8111465255      -1.883022708625282E-004  2.557312006724375E-004
   55884.8315790032      -3.120903257858298E-005  2.557090944228579E-004
   55884.8520115809      -1.265298673993609E-004  2.557343821009485E-004
   55884.8724442586       3.056572818793679E-004  2.557432246007803E-004
   55884.8928767363      -1.850072638822642E-004  2.557347563866556E-004
   55884.9133093139       5.189634872613258E-004  2.557699860288428E-004
   55884.9337419915       1.158805355554460E-004  2.557695415645655E-004
   55884.9541744691      -1.192441472306349E-004  2.557379612080232E-004
   55884.9746071467      -1.864391860708636E-004  2.557150362084592E-004
   55924.6343486598      -1.045839798311521E-004  2.578274111682879E-004
   55924.6547813443      -1.665006650688472E-004  2.577896317047206E-004
   55924.6752141291       1.660441445718863E-004  2.578284404539826E-004
   55924.6956470141      -1.217379375727523E-004  2.577979361688484E-004
   55924.7160796992       2.758741288098054E-004  2.578353413467085E-004
   55924.7365124846      -2.024022529542036E-004  2.577766252763965E-004
   55924.7569452703       1.347450314928000E-004  2.578209313469825E-004
   55924.7773780562      -6.597804524544060E-005  2.577869415262003E-004
   55924.7978109422      -1.452921438904742E-005  2.577774674192376E-004
   55924.8182437286      -2.233816639465314E-004  2.577784967049323E-004
   55924.8386764152       1.917787024936501E-004  2.578163463470697E-004
   55924.8591093019      -4.742692205250698E-005  2.577683208122687E-004
   55924.8795420889       1.751029696601680E-004  2.577883450976022E-004
   55924.8999747762       1.911282892255173E-004  2.577975384902845E-004
   55924.9204076636       2.119729696370420E-005  2.578702434889019E-004
   55924.9408404513      -1.242070877981449E-004  2.578021234901974E-004
   55924.9612731393      -1.076222705367336E-004  2.578044861687238E-004
   55924.9817060274       1.606493862378322E-004  2.578260309897427E-004
   55925.0021388158      -5.444689494916721E-004  2.577655136694650E-004
   55925.0225717044      -4.869004111893727E-004  2.577628936695148E-004
   55925.0430043932      -6.922991369073817E-004  2.577465654555396E-004
   55925.0634371823      -7.032439731460283E-004  2.577463315269726E-004
   55925.0838700716      -2.694066357388225E-004  2.577754088478482E-004
   55925.1043027611      -5.792335575611762E-004  2.578521374178176E-004
   55925.1247355508      -4.499605422808584E-004  2.577750813478545E-004
   55925.1451684408      -9.371926028751698E-004  2.577386352771190E-004
   55925.1656011310      -7.338888021486412E-004  2.578329318824686E-004
   55925.1860340215      -1.840256214002967E-004  2.579291233092107E-004
   55925.2064668121      -1.875285330324994E-004  2.579366558090675E-004
   55925.2268995030      -2.310794442791364E-004  2.579048649168149E-004
   55925.2473323942       1.760739670908507E-004  2.579784120582734E-004
   55925.2677651855       1.791064590523916E-004  2.579984363436069E-004
   55925.2881979771       3.592399000760249E-004  2.579675343799088E-004
   55925.3086307689       6.470795516475558E-004  2.580065536648811E-004
   55925.3290635609      -2.662639712420756E-004  2.579415683089741E-004
   55925.3494963533       6.067176015700504E-005  2.579531477730396E-004
   55925.3699291457       1.819980390405096E-004  2.579567970586845E-004
   55925.3903619385      -4.035434137694693E-005  2.579436502732202E-004
   55925.4107947315       5.088040535028426E-005  2.579662945585038E-004
   55925.4312275246      -8.296772558058496E-005  2.579654992013761E-004
   55925.4516603181       2.238149518190014E-004  2.579936875936972E-004
   55925.4720932117       2.716949376915245E-004  2.579946467008218E-004
   55925.4925259056       3.766806281180202E-005  2.579641658085443E-004
   55925.5129586998      -2.584039645817660E-004  2.579481183088495E-004
   55925.5333915941       2.392951482077521E-005  2.579597445586284E-004
   55925.5538242887       3.416595124616784E-005  2.579636511656970E-004
   55925.5742571835      -3.423492013365781E-005  2.579141284880673E-004
   55965.2553004541       1.256069975019702E-004  2.536940273122019E-004
   55965.2757339529       1.753485526092557E-004  2.537005741054553E-004
   55965.2961672522      -5.589123193912027E-004  2.536279621283537E-004
   55965.3166006518       8.758854776402814E-005  2.536820133723018E-004
   55965.3370341518      -2.940392054783247E-004  2.536262852304327E-004
   55965.3574674520      -2.853318248449144E-004  2.536792568277741E-004
   55965.3779009527       3.380849268985742E-006  2.537113705715222E-004
   55965.3983343539      -2.106417671198235E-004  2.536660024428365E-004
   55965.4187676553       1.247875294496215E-003  2.540192536240666E-004
   55965.4392011569       1.511450222619892E-004  2.536886979927816E-004
   55965.4596345590       2.870797128624591E-004  2.537165620637162E-004
   55965.4800679615      -1.164705030524127E-004  2.536544249558200E-004
   55965.5005013643       5.892064730974589E-004  2.537141500872544E-004
   55965.5209347676       4.999153125255784E-004  2.537050994327217E-004
   55965.5413682711      -6.089406877018977E-005  2.536590881103128E-004
   55965.5618015750      -8.585675516070701E-005  2.536469593143907E-004
   55965.5822349795       2.311203219851343E-005  2.536654281627266E-004
   55965.6026684841       2.759338987732285E-004  2.536790500869345E-004
   55965.6231017890      -1.001708120611733E-003  2.535697990388183E-004
   55965.6435351944      -6.234990320460598E-004  2.536180385680538E-004
   55965.6639687002      -7.177857952582745E-004  2.536404584635461E-004
   55965.6844020062      -8.262880997544908E-004  2.536122038821368E-004
   55965.7048354127      -8.670945552251563E-004  2.536067367354901E-004
   55965.7252689195      -5.706475893894059E-004  2.536365763300029E-004
   55965.7457022267      -1.675312711283405E-004  2.536806810424468E-004
   55965.7661357344      -8.538056034608221E-004  2.535633441303826E-004
   55965.7865691423      -5.007989981780092E-004  2.536466147463248E-004
   55965.8070024505      -4.607994707508389E-004  2.536306267880639E-004
   55965.8274359591      -3.043951690728797E-005  2.536717682151404E-004
   55965.8478693681       7.738592230133179E-005  2.536715614743008E-004
   55965.8683026775      -2.211554345369349E-004  2.536637512648055E-004
   55965.8887361872      -3.441174749869713E-004  2.536198992356100E-004
   55965.9091695972       2.187001726072779E-004  2.536666226653553E-004
   55965.9296031077      -1.108676826933053E-004  2.536399760682538E-004
   55965.9500364184       5.291136375329408E-005  2.536493253484437E-004
   55965.9704698296      -1.284752151380353E-004  2.536478322201578E-004
   55965.9909033412      -2.778047442567599E-004  2.536124335941808E-004
   55966.0113366531      -3.460232853259582E-004  2.536391720760998E-004
   55966.0317700652      -1.944823170417775E-004  2.536698845763797E-004
   55966.0522035780       1.985953267895635E-004  2.536811634377391E-004
   55966.0726368908       4.054045911514592E-004  2.536596853616271E-004
   55966.0930704043       6.533439801192920E-004  2.536882845111025E-004
   55966.1135038178      -2.397252261100435E-004  2.536589962254952E-004
   55966.1339371320       1.439773192415394E-004  2.536960028357801E-004
   55966.1543706465      -3.346177675552786E-004  2.536601677569195E-004
   55966.1748040611      -5.203693118627228E-007  2.536680009376191E-004
   56005.8571798058      -3.752298917237828E-004  2.552533356379320E-004
   56005.8776138941       4.516567393118009E-004  2.553023332169126E-004
   56005.8980480827       4.164717706804932E-004  2.553063531776822E-004
   56005.9184820716       1.002818988411480E-004  2.552687033736741E-004
   56005.9389161607      -9.132573850811898E-005  2.552835657429196E-004
   56005.9593503503      -7.471207934672819E-004  2.552200044203507E-004
   56005.9797844401       7.828300079226747E-004  2.553277163977722E-004
   56006.0002184303      -2.255303489351324E-004  2.552545760829695E-004
   56006.0206526206      -2.290005659295602E-004  2.552671413317751E-004
   56006.0410867113       2.710400064065421E-004  2.552830833476272E-004
   56006.0615208023      -3.738852570160933E-004  2.552505561221998E-004
   56006.0819548937      -4.758952779382319E-005  2.552622484652383E-004
   56006.1023889853       2.774521238493310E-004  2.552987037666177E-004
   56006.1228231772      -8.158228459986816E-005  2.552717355726547E-004
   56006.1432571694      -7.795192821680175E-005  2.552709086092963E-004
   56006.1636912620       6.076249461761662E-005  2.552560692112553E-004
   56006.1841254547      -4.545375268645291E-004  2.552549436222398E-004
   56006.2045594479      -6.695774745197891E-004  2.552222785695861E-004
   56006.2249935414      -3.770317909370657E-004  2.552414595252583E-004
   56006.2454277351      -7.107107566027837E-004  2.552237487266675E-004
   56006.2658617291      -9.727680349429502E-004  2.551848125352132E-004
   56006.2862959234      -8.424629450060062E-004  2.552069797474571E-004
   56006.3067300181      -7.288732355316130E-004  2.552267349832393E-004
   56006.3271640130      -6.647826487962138E-004  2.552287334780219E-004
   56006.3475982082      -6.238637248517920E-004  2.552486954546436E-004
   56006.3680322038      -3.980683559310361E-004  2.552565516065477E-004
   56006.3884662996      -1.019746589798864E-003  2.551905093939039E-004
   56006.4089004958      -4.108155665198954E-004  2.552378760173722E-004
   56006.4293344923      -5.659990716524455E-004  2.552325696691563E-004
   56006.4497686889      -3.260524297746814E-004  2.552456632556631E-004
   56006.4702027860       1.340756065530968E-004  2.552866209131044E-004
   56006.4906368833      -3.599615361349340E-004  2.552387489231393E-004
   56006.5110709810       1.270102167914011E-004  2.552867587403308E-004
   56006.5315050789       3.404842424092891E-004  2.552930987927446E-004
   56006.5519391772      -1.158379367517393E-004  2.552608242505657E-004
   56006.5723732758       3.773377572924286E-004  2.552893544864278E-004
   56006.5928073746       2.768314508065917E-004  2.553058937535942E-004
   56006.6132415737      -3.469085459846255E-004  2.552593770646886E-004
   56006.6336756732      -2.886008275893026E-005  2.552818658737941E-004
   56006.6541096729       1.265392121767572E-004  2.552891018031794E-004
   56006.6745438730       1.173121018549494E-005  2.552823252978821E-004
   56006.6949779733      -9.601706675022026E-005  2.552741934915252E-004
   56006.7154119739       1.141054749522752E-004  2.552822104418601E-004
   56006.7358461749      -7.030082122917447E-004  2.552309157424397E-004
   56006.7562802762      -1.164380480295213E-004  2.552782134522949E-004
   56006.7767142777      -4.142382587525306E-004  2.552647523265177E-004
   56006.7971484795      -1.174654173752288E-005  2.552828766067876E-004
   56046.4601570144       1.701537869081005E-004  2.441467253390913E-004
   56046.4805915299      -5.025206398667770E-005  2.441288382733986E-004
   56046.5010259456       1.096042672765751E-004  2.441310823267072E-004
   56046.5214605613      -1.234315143494591E-005  2.441448080896626E-004
   56046.5418950772       3.800956537602929E-005  2.441056787717771E-004
   56046.5623295932       3.336638550677229E-005  2.441068988395953E-004
   56046.5827641093      -1.793031199071038E-006  2.441214089318624E-004
   56046.6031986255      -5.309202090896248E-004  2.441184894838688E-004
   56046.6236332418      -8.616632332136831E-005  2.441263545639115E-004
   56046.6440676582      -1.782809619692571E-004  2.441239797890509E-004
   56046.6645021748       7.557297905891325E-005  2.441348950386392E-004
   56046.6849367915      -4.675102064692904E-004  2.440561570905110E-004
   56046.7053712082       1.460616796116199E-004  2.441265070723887E-004
   56046.7258058251      -7.873271237368584E-005  2.441109947815566E-004
   56046.7462403421      -2.817353723250093E-005  2.441123891447775E-004
   56046.7666747593      -4.216594042869559E-004  2.440881838707402E-004
   56046.7871093765       1.024933469340183E-005  2.441139795903263E-004
   56046.8075438938      -1.157984558285419E-004  2.441166593821414E-004
   56046.8279783113      -5.147741789375271E-004  2.440712554297619E-004
   56046.8484129289      -8.444861819074667E-004  2.440752424370966E-004
   56046.8688474465      -2.772054713586769E-004  2.440921490911496E-004
   56046.8892818643      -4.926873169703860E-004  2.440720833329243E-004
   56046.9097164823      -2.912775938859191E-004  2.440742620254569E-004
   56046.9301510003      -1.261595519833514E-003  2.440314507171913E-004
   56046.9505855184      -9.822217035578840E-004  2.440573771583293E-004
   56046.9710200367      -8.515366763829357E-004  2.440436949692245E-004
   56046.9914545550      -5.560715072092659E-004  2.440571810760013E-004
   56047.0118890735      -7.261679181853609E-004  2.440623445773036E-004
   56047.0323235921      -6.297116855336071E-005  2.441011906651599E-004
   56047.0527581108       1.364154014142915E-004  2.441155918228004E-004
   56047.0731926296      -2.563397940645862E-004  2.440970293624226E-004
   56047.0936271485      -2.049591378615601E-004  2.441069424134460E-004
   56047.1140617675       5.847731747177232E-004  2.441557887000269E-004
   56047.1344961867       5.731247767948311E-005  2.441006677789521E-004
   56047.1549307059       2.935547335118915E-004  2.441460935182568E-004
   56047.1753653253       4.875826643278014E-004  2.442329579895317E-004
   56047.1957998448      -3.335858525077562E-005  2.441142846072808E-004
   56047.2162342643      -4.177576725381549E-004  2.440666801754435E-004
   56047.2366688840       9.592349890241714E-005  2.441244591014081E-004
   56047.2571034038       3.059271300676070E-004  2.441414093293117E-004
   56047.2775378237       8.360689915543063E-005  2.441256791692263E-004
   56047.2979724438       2.743119311501285E-004  2.441311694744085E-004
   56047.3184069639       4.214601663843354E-004  2.441397317360616E-004
   56047.3388415842      -1.206674073599423E-004  2.441341760701035E-004
   56047.3592760045       1.857048956213081E-004  2.441365726318894E-004
   56047.4001451456      -4.873795178350626E-005  2.440867459336687E-004
   56087.0636339829       6.132721279383802E-005  2.432449644998470E-004
   56087.0840685124      -5.580538609661900E-005  2.432345939233919E-004
   56087.1045031416      -7.218898880436697E-004  2.432060966250654E-004
   56087.1249375707      -3.202299851011725E-004  2.431970768379804E-004
   56087.1453721998       9.407797739058310E-006  2.432314566061449E-004
   56087.1658067288       3.141596927931367E-004  2.432582327373706E-004
   56087.1862411577      -1.475569795654774E-004  2.432498229841948E-004
   56087.2066757864      -7.299282082984249E-006  2.432287114535538E-004
   56087.2271103151      -5.829182404171185E-005  2.432403020978273E-004
   56087.2475447436      -4.104688476843643E-004  2.432008241891365E-004
   56087.2679793721      -1.579764482062540E-004  2.432371429936550E-004
   56087.2884139005       2.334122937264205E-005  2.432512827081916E-004
   56087.3088484287      -1.458622763250705E-004  2.432289946835831E-004
   56087.3292829569      -2.615068595631653E-004  2.432126980634392E-004
   56087.3497174850      -1.069099463658629E-004  2.431868805569279E-004
   56087.3701520130       6.294553594798913E-006  2.432739628974560E-004
   56087.3905865409       2.439761201689095E-005  2.432462717153666E-004
   56087.4110210687       1.273315758139049E-004  2.432449209259964E-004
   56087.4314555964      -2.215372645009150E-005  2.432373172890576E-004
   56087.4518901239      -3.553572914812841E-004  2.432285371581512E-004
   56087.4723246515      -9.139711418288954E-004  2.431796690846449E-004
   56087.4927591789      -3.425282925524353E-004  2.432238965430568E-004
   56087.5131937061      -5.344712505911398E-004  2.431942227507627E-004
   56087.5336282333      -1.919878742819847E-004  2.432452259429510E-004
   56087.5540628604      -4.860187326206633E-004  2.431817170556256E-004
   56087.5744972874      -5.813690424910645E-004  2.431992119566624E-004
   56087.5949318143      -1.580666736833436E-004  2.433025037696331E-004
   56087.6153664411      -7.337545073982099E-006  2.432156175114329E-004
   56087.6358008677      -3.813709116963215E-004  2.432230468529691E-004
   56087.6562354943      -2.607045187771329E-004  2.432267506302745E-004
   56087.6766700208      -3.680924396450846E-004  2.431657254524363E-004
   56087.6971044471       5.376686246820750E-004  2.432616097107961E-004
   56087.7175390735      -2.211122430582080E-004  2.431955299662823E-004
   56087.7379735997       2.319869280262843E-004  2.432247244462192E-004
   56087.7584080257       4.113473990916550E-004  2.432605857253058E-004
   56087.7788426517      -1.043489656341601E-004  2.432160750368647E-004
   56087.7992771776       3.392901752534705E-004  2.432538971392307E-004
   56087.8197116034      -1.282595525747832E-004  2.432248987416218E-004
   56087.8401462290      -4.071488956469693E-005  2.431865101791973E-004
   56087.8605807546      -9.935230296787001E-005  2.432388205869051E-004
   56087.8810153801       2.989949952252324E-004  2.432322409354566E-004
   56087.9014498055       3.034269283830326E-005  2.431885145763273E-004
   56087.9218843308      -4.669738984619531E-005  2.432236133130275E-004
   56087.9423189560      -6.624231084551013E-006  2.432282757150473E-004
   56087.9627533810       1.275737031356527E-004  2.432322627223820E-004
   56087.9831879060       2.693135597944263E-004  2.432257920055601E-004
   56088.0036225308       1.758440206147682E-004  2.432220010805534E-004
   56208.8900980087      -2.430933167962834E-005  2.552990884065199E-004
   56208.9105308542       1.664469706241789E-004  2.553293037577092E-004
   56208.9309637995      -2.504180813689416E-004  2.552898781283969E-004
   56208.9513968443      -1.700823809073215E-004  2.552930500354036E-004
   56208.9718297891      -1.722940198335410E-004  2.553114001048272E-004
   56208.9922626335       3.668508737855181E-004  2.553471839149838E-004
   56209.0126956776      -1.174705072775062E-004  2.552968563238115E-004
   56209.0331286215       1.852741270231828E-004  2.553513896287186E-004
   56209.0535614651       1.378417968567192E-004  2.553376446983564E-004
   56209.0739945085      -2.528761450208972E-004  2.553020253574520E-004
   56209.0944274517       5.718798980134387E-004  2.553592841528240E-004
   56209.1148602944       3.543421315943540E-005  2.553061135931495E-004
   56209.1352933372       2.672546802084952E-006  2.553429077144267E-004
   56209.1557262794       2.166382967618841E-004  2.553383730621876E-004
   56209.1761593214      -1.758227275994173E-005  2.553090035528667E-004
   56209.1965921632       4.267710824108484E-004  2.553688938562738E-004
   56209.2170251048       2.487641516892847E-004  2.553316298228475E-004
   56209.2374581459      -1.413916996647613E-004  2.553412865175122E-004
   56209.2578909870      -7.795637720789950E-004  2.552583000319751E-004
   56209.2783239276      -3.971195358375423E-004  2.553042104489455E-004
   56209.2987569682      -5.684994195223059E-004  2.553072648779149E-004
   56209.3191898084      -5.739507027752166E-004  2.552938958772720E-004
   56209.3396227483      -5.560078911723831E-004  2.552721624403745E-004
   56209.3600557880      -9.283011143149666E-004  2.552522381652512E-004
   56209.3804886272      -1.151573447244592E-003  2.552324548637727E-004
   56209.4009216664      -6.944488183217024E-004  2.552692724806574E-004
   56209.4213546054      -9.033059999024040E-004  2.552566083482382E-004
   56209.4417875440      -8.272532156603507E-004  2.552732197427101E-004
   56209.4622204823      -4.690166314258448E-004  2.553024482783863E-004
   56209.4826534203       1.709209961551217E-004  2.553352481463958E-004
   56209.5030863581      -1.043979598197575E-004  2.553310424326611E-004
   56209.5235192957      -1.395384082222284E-004  2.553042809357678E-004
   56209.5439522331      -1.374892839511865E-005  2.553135382051058E-004
   56209.5643851700       1.343073199857603E-004  2.553268602145338E-004
   56209.5848181069       3.583660726873550E-004  2.553737574470174E-004
   56209.6052510433       3.230574089998495E-004  2.553707500092629E-004
   56209.6256839795       7.556892579541064E-005  2.553536687026419E-004
   56209.6461169155      -3.190762395317570E-004  2.553259438858430E-004
   56209.6665498512      -2.391147206407540E-004  2.553150419239830E-004
   56209.6869828867       4.605995728259593E-004  2.553777282046775E-004
   56209.7074157220       1.211154181768315E-004  2.553370103169551E-004
   56209.7278486568      -7.655504505699184E-005  2.553298206610733E-004
   56209.7482816916      -2.920571271991523E-005  2.553280584905141E-004
   56209.7687145322      -6.789618287217358E-005  2.553364229267686E-004
   56209.7891474663       2.492652627856806E-004  2.553628319895500E-004
   56209.8095805002      -8.808974718388374E-005  2.553247926010776E-004
   56290.1099834323       1.262855302215371E-004  2.584149818849994E-004
   56290.1304162472      -3.437567338531178E-004  2.583912983126831E-004
   56290.1508488623      -2.289372237392895E-004  2.583909223829637E-004
   56290.1712816776      -4.359214170951420E-004  2.583485363071118E-004
   56290.1917143932       6.473920431835367E-004  2.584615501789786E-004
   56290.2121470089      -5.649961929680147E-004  2.583700817791496E-004
   56290.2325798248       1.540125800463255E-004  2.584277634954559E-004
   56290.2530125408       1.574008318443454E-004  2.584339898314319E-004
   56290.2734451571       3.301530235213512E-004  2.584466539638511E-004
   56290.2938779735       2.806233413112924E-004  2.584535146812284E-004
   56290.3143106902       1.676196296385157E-005  2.584321101828354E-004
   56290.3347433070      -5.209973146232949E-004  2.583885963178255E-004
   56290.3551761240       2.657088655291240E-004  2.584567805706649E-004
   56290.3756088413      -3.527756106109781E-004  2.584038919582798E-004
   56290.3960416586       1.407310096797065E-004  2.584577908817855E-004
   56290.4164742762       4.985626438491764E-005  2.584177308710719E-004
   56290.4369069940      -1.183239604886088E-004  2.584340603182543E-004
   56290.4573398120       2.519038346942004E-004  2.584408270532018E-004
   56290.4777724301      -4.461389242362834E-004  2.583965848243608E-004
   56290.4982051484      -2.571558678727826E-004  2.584230878695720E-004
   56290.5186378670      -5.998975040298893E-004  2.583753682908274E-004
   56290.5390705857      -6.260888338313064E-004  2.583924965886633E-004
   56290.5595034046      -3.031614165446284E-004  2.584152873278964E-004
   56290.5799360237       1.706562183576565E-004  2.584658733707507E-004
   56290.6003687430      -4.646194219414257E-004  2.584125853330388E-004
   56290.6208015625      -2.983976686735668E-004  2.584137366178042E-004
   56290.6412342821      -7.655514639648420E-004  2.583915567643651E-004
   56290.6616669021      -4.088337756440463E-004  2.584051372254751E-004
   56290.6820997221      -1.723033450932165E-004  2.584328150510591E-004
   56290.7025324423      -1.606582769962950E-004  2.584330969983486E-004
   56290.7229650628      -1.885678736794905E-004  2.584260248205041E-004
   56290.7433978834      -1.706097820529662E-004  2.584272935833067E-004
   56290.7638306042      -3.641727267809092E-004  2.584266122106905E-004
   56290.7842634252       2.370999749927716E-004  2.584653329717791E-004
   56290.8046960465      -3.459341838762953E-006  2.584699146152332E-004
   56290.8251287679      -1.857412356427446E-004  2.584467714418884E-004
   56290.8455615894       3.054670939706128E-005  2.584772217491523E-004
   56290.8659942112       5.136193689092572E-005  2.584630304022484E-004
   56290.8864269332      -1.530398299853797E-005  2.584654504498164E-004
   56290.9068597554      -2.051541979799509E-004  2.584325096081622E-004
   56290.9272923777      -8.208536764309216E-006  2.584504602522591E-004
   56290.9477251003      -2.907550164621409E-005  2.584762819248540E-004
   56290.9681579230       1.827950276191981E-004  2.584730630266324E-004
   56290.9885905460       4.528419705032150E-004  2.585206416317323E-004
   56291.0090233691       3.597669139849824E-004  2.585014457204401E-004
   56291.0294560924      -3.363431914177317E-004  2.584638527485094E-004
   56330.7102866035      -1.867113640089402E-004  2.602826393380740E-004
   56330.7307198819      -7.640477190906658E-005  2.602636765567474E-004
   56330.7511532606       1.048342759069065E-004  2.602974355157634E-004
   56330.7715864398       2.660520479058626E-005  2.602624691886479E-004
   56330.7920198193       1.053909200039449E-004  2.603021702926239E-004
   56330.8124530990      -2.941278981555273E-004  2.602595809747630E-004
   56330.8533196598      -1.285366509491404E-004  2.602762473893122E-004
   56330.8737529407       2.308314207408735E-004  2.603006788379128E-004
   56330.8941861219      -1.595172741126749E-004  2.602610724294741E-004
   56330.9146195034       3.098560559504637E-004  2.603032829651862E-004
   56330.9350527854      -5.092703227094209E-005  2.602864981812154E-004
   56330.9554859677      -1.299755040010675E-004  2.602840834450165E-004
   56330.9759193503      -2.300969131452391E-006  2.602818107521234E-004
   56330.9963526333       1.793798841775995E-004  2.602947130190685E-004
   56331.0167860167      -5.843618342054047E-004  2.602466313600493E-004
   56331.0372192003      -3.494945054960397E-004  2.602566217392251E-004
   56331.0576524843      -1.157817216326240E-004  2.602516975712901E-004
   56331.0780858687      -3.369189714441667E-004  2.602612854944327E-004
   56331.0985190535      -4.862090672205222E-004  2.602445954059992E-004
   56331.2006854826      -4.733783003255665E-004  2.602732171321215E-004
   56331.2415521566      -7.225150135122815E-004  2.602299649455000E-004
   56331.2619853441      -5.196206591707719E-004  2.602641500344334E-004
   56331.2824186321       2.575782134988103E-004  2.603130602794033E-004
   56331.3028520204       7.173126855763989E-005  2.603229796369262E-004
   56331.3232853090      -1.577172406831417E-004  2.602820711648507E-004
   56331.3437184980       6.887776390129829E-006  2.603168244270075E-004
   56331.3845851769      -8.468508292391874E-006  2.603042772683269E-004
   56331.4050184670      -1.944474308936961E-004  2.603007972073344E-004
   56331.4254517574       1.805531675280747E-005  2.603158301238667E-004
   56331.4458850482       5.889365526530188E-004  2.603653558898285E-004
   56331.4867516307       6.908191785948148E-005  2.603305789537874E-004
   56331.5071849224      -5.651992623777469E-004  2.603027858136158E-004
   56331.5276183146       2.051714594402121E-004  2.603584667894963E-004
   56331.5480515072      -3.296623984072600E-005  2.603371129458551E-004
   56331.5684849000       2.786176980391630E-004  2.603407587240377E-004
   56331.5889181932      -5.583809982759869E-004  2.602820711648507E-004
   56331.6093513868      -2.280285140651150E-004  2.603017204888222E-004
   56331.6297847806       1.206984818029611E-004  2.603477188460228E-004
   56331.6502180749      -4.074368122741756E-005  2.603482870192461E-004
   56371.3119293654      -1.283962169340569E-005  2.601745680562311E-004
   56371.3323632474       2.127833311587057E-004  2.601918026440036E-004
   56371.3527973296       4.345237367147092E-004  2.601844400659854E-004
   56371.3732313123       2.325639362510401E-005  2.601992362436748E-004
   56371.3936651951       1.582967353688236E-004  2.602071196471476E-004
   56371.4140992784      -4.731848949138806E-004  2.601342751051475E-004
   56371.4345332619      -4.513928311093984E-004  2.601356481904371E-004
   56371.4549673458      -7.934508820717223E-005  2.601869494977215E-004
   56371.4754012300       1.105203243205732E-004  2.601922051000368E-004
   56371.4958352145       4.011602096545275E-004  2.602330425504594E-004
   56371.5162692993       7.021205695623145E-005  2.601626837663110E-004
   56371.5367031846       2.161905385600349E-006  2.601901928198711E-004
   56371.5571371701      -1.664785830517435E-004  2.601712300385444E-004
   56371.5775712559       1.674570404470721E-004  2.602322613122774E-004
   56371.5980052421      -3.172472278334393E-005  2.602002305468155E-004
   56371.6184392286       1.416395561510964E-004  2.602108601208675E-004
   56371.6388732153      -3.372981751459392E-004  2.601782138344137E-004
   56371.6593071025      -1.784503922003244E-004  2.601781428127608E-004
   56371.6797411899      -2.159274223141328E-004  2.601757517504463E-004
   56371.7001751777      -4.753266588543026E-004  2.601555579271358E-004
   56371.7206091659      -7.069048947450085E-004  2.601159278448127E-004
   56371.7410431542      -6.234135533591534E-004  2.601655009585431E-004
   56371.7614771429      -7.193137071811462E-004  2.601368792324208E-004
   56371.7819110320      -2.916390482791131E-004  2.601737394702805E-004
   56371.8023451214      -3.642717449577892E-004  2.601887250390443E-004
   56371.8227791111      -4.338453279626453E-004  2.601431528117611E-004
   56371.8432132011      -5.904026534846452E-004  2.601661164795349E-004
   56371.8636470915      -6.144684481975693E-004  2.601749468383800E-004
   56371.8840810822      -3.665902427907319E-004  2.601866180633413E-004
   56371.9045151732      -1.613773770602345E-004  2.601907609930943E-004
   56371.9249490646       2.142246077012633E-004  2.602216080643411E-004
   56371.9453830562       3.414837547894845E-004  2.602223182808701E-004
   56371.9658171482      -1.439903109100582E-004  2.601903822109454E-004
   56371.9862510405       3.321789381807161E-004  2.602174414607037E-004
   56372.0066851331       5.804013717924938E-005  2.601821673730924E-004
   56372.0271191261      -1.789237016760481E-004  2.602063857567342E-004
   56372.0475530193      -2.760549676403823E-004  2.602067408649988E-004
   56372.0679871129      -8.509773687781497E-005  2.601920867306153E-004
   56372.0884211068      -2.034842947424842E-004  2.601822620686296E-004
   56372.1088550011       2.690901910471499E-004  2.602470574899667E-004
   56372.1292890956       3.204782939838502E-004  2.602112625769006E-004
   56372.1497230905      -2.735264885496136E-004  2.601923708172269E-004
   56372.1701570857       1.162935173568691E-004  2.602009644372289E-004
   56372.1905910812      -7.873045247963617E-006  2.601813387871417E-004
   56372.2110250771       3.877386309638631E-004  2.601698332793705E-004
   56372.2314591733      -1.789122816596711E-004  2.601593220747400E-004
   56372.2518930697      -1.809698406113336E-004  2.601760595109422E-004
   56411.9147568557       2.674126856703207E-004  2.447272079839159E-004
   56411.9351912260      -1.547401551923455E-004  2.446754243025707E-004
   56411.9556257964      -7.774412072147907E-005  2.447021358511582E-004
   56411.9760602670      -2.024908815261295E-004  2.447759532812564E-004
   56411.9964946377      -3.027765384875369E-004  2.447917791087337E-004
   56412.0169292085      -1.383428924972563E-005  2.447518429391189E-004
   56412.0373635795      -3.164686781804704E-004  2.447309895697633E-004
   56412.0577981507      -4.784060013093283E-004  2.447340935304012E-004
   56412.0782326220      -2.233735553766047E-004  2.446719924587669E-004
   56412.0986670935       7.861189400326651E-005  2.447679529320068E-004
   56412.1191015651      -2.789735442019214E-004  2.446595328984602E-004
   56412.1395360368       7.529700274295781E-004  2.447136336208448E-004
   56412.1599705088      -7.984271690253397E-005  2.447611329621546E-004
   56412.1804049809      -5.610400907198887E-004  2.446892609721746E-004
   56412.2008394530       3.136983962721551E-004  2.448146872125960E-004
   56412.2212740254      -2.562871566968994E-005  2.446841022770300E-004
   56412.2417084979      -8.810595626740358E-005  2.447245849185881E-004
   56412.2621428706      -6.528656819548839E-005  2.447582257314164E-004
   56412.2825774434       5.703069200180266E-005  2.447634937209496E-004
   56412.3030119164      -1.820702265469265E-004  2.446707246438585E-004
   56412.3234462895      -6.024035386089643E-004  2.447393396610567E-004
   56412.3438808628      -6.745880705316676E-004  2.446590738620278E-004
   56412.3643153361      -8.083661168043488E-004  2.446414774654542E-004
   56412.3847497097      -2.291155512843535E-004  2.446768888473787E-004
   56412.4051842834      -1.174890706527654E-003  2.447052835295515E-004
   56412.4256187573      -3.233598515551828E-004  2.447600618771458E-004
   56412.4460533312      -5.644259338789537E-004  2.446799490902611E-004
   56412.4664877054      -8.486617866911850E-004  2.445684469549544E-004
   56412.4869221797      -5.291723855009867E-004  2.446515325492105E-004
   56412.5073567541       2.810904061378849E-005  2.446513358193110E-004
   56412.5277911288       2.214465926200226E-004  2.446913812833144E-004
   56412.5482256035       1.870539887829370E-004  2.447417222787293E-004
   56412.5686601784      -1.062182718263305E-004  2.446767576941123E-004
   56412.5890945534      -9.789419321171167E-006  2.446998843867519E-004
   56412.6095290286       1.565352725447777E-004  2.447180709730242E-004
   56412.6299636039      -1.217287735665318E-004  2.446087547254907E-004
   56412.6503979794      -2.722214814097068E-004  2.446878182862443E-004
   56412.6708325551      -2.276082204474283E-004  2.446001641865423E-004
   56412.6912669309       4.514332398120047E-005  2.446076399227264E-004
   56412.7117014068      -2.904504884094772E-004  2.446542867678047E-004
   56412.7321359828       4.148808512320912E-004  2.446493685203152E-004
   56412.7525703590      -4.399669939527673E-004  2.446662872916791E-004
   56412.7730048354       3.761595982101351E-004  2.447300496380209E-004
   56412.7934394119       8.235625417474246E-005  2.447082126191674E-004
   56412.8138738886       2.939913957731299E-004  2.447403233105546E-004
   56412.8343083654      -5.266077312559014E-004  2.447365854424625E-004
   56412.8547428423      -1.438615027359313E-004  2.446087110077352E-004
