   54977.0489126752       3.051833646718904E-004  1.552775071226109E-004
   54977.0693470291       2.095463362616901E-004  1.553671609114485E-004
   54977.0897812830      -2.607066460278418E-004  1.553458606305165E-004
   54977.1102157368      -4.693105283948285E-005  1.552469956031695E-004
   54977.1306500905      -1.023373698135766E-004  1.554460625903900E-004
   54977.1510843442       6.638704744221791E-005  1.554455640731767E-004
   54977.1715186978      -1.456388552890653E-004  1.554580156735726E-004
   54977.1919531515      -1.098757787042492E-004  1.554329651836042E-004
   54977.2123874049       4.900109066219294E-005  1.553659712680986E-004
   54977.2328217583      -5.467746947906971E-005  1.551911730052165E-004
   54977.2532562118      -6.759550375234902E-005  1.554107585077390E-004
   54977.2736904651      -2.317984635457071E-004  1.553842804457507E-004
   54977.2941248184      -4.111875233721030E-004  1.552585521385688E-004
   54977.3145591716      -6.701147028940202E-004  1.552131757422217E-004
   54977.3349936247      -5.991869422276030E-004  1.552904685701568E-004
   54977.3554278778      -5.384466191151738E-004  1.553607368373589E-004
   54977.3758622309      -8.729020540610977E-004  1.552866050617537E-004
   54977.3962965839      -2.989343433740244E-004  1.554395252169338E-004
   54977.4167309369      -8.401366877963667E-006  1.553683278949251E-004
   54977.4371652897       1.603433348946748E-004  1.552058792630089E-004
   54977.4575996425      -8.327981190436873E-006  1.552165520633482E-004
   54977.4780340952      -4.305892917966236E-005  1.552473015114595E-004
   54977.4984683479      -1.186089508681265E-004  1.552777110614709E-004
   54977.5189027006       1.040058708801084E-005  1.551809534023438E-004
   54977.5393370531       6.270861809043460E-005  1.552054600553522E-004
   54977.5597714056       1.036875672109083E-004  1.552771445646376E-004
   54977.5802057580       6.231992414607035E-005  1.552623023476052E-004
   54977.6006401104       9.843972887413344E-005  1.552538275549791E-004
   54977.6210745628       1.876778219402908E-004  1.552575097843955E-004
   54977.6415088150      -3.267610030666113E-005  1.553486251350630E-004
   55033.4063405232       1.249555117877055E-004  1.527094436537111E-004
   55033.4267745466      -8.202767713272330E-005  1.527195066390450E-004
   55033.4472083700       8.301117947917547E-006  1.527271090479212E-004
   55033.4676422929       6.433764146107634E-005  1.527042025155164E-004
   55033.4880762158      -1.110069427604499E-004  1.527082078484947E-004
   55033.5085102383       2.105869870883126E-005  1.527313350604024E-004
   55033.5289440608       1.797522704709564E-004  1.527208638179881E-004
   55033.5493779828       9.773253473199794E-005  1.527180722222760E-004
   55033.5698120048       7.611770431537046E-005  1.527191314838900E-004
   55033.5902458263       7.011288212852573E-004  1.527412325361091E-004
   55033.6106797476       2.503207798527640E-004  1.527339942484128E-004
   55033.6311135689      -3.233227805006234E-004  1.527183370376795E-004
   55033.6515475898      -8.577977575695561E-004  1.526687172514442E-004
   55033.6719815106      -1.015976956856846E-003  1.526665325243652E-004
   55033.6924154310      -9.468391030940104E-004  1.526523980022021E-004
   55033.7128493511      -1.110195824773563E-003  1.526556088889698E-004
   55033.7332832713      -7.142012689631549E-004  1.526887770182611E-004
   55033.7537171909      -5.596718631694086E-004  1.526853454519905E-004
   55033.7741510106      -1.384849734620275E-005  1.527368741159261E-004
   55033.7945850298      -4.085457242296586E-004  1.526971518053976E-004
   55033.8150189488      -1.956923600814342E-004  1.526925175358359E-004
   55033.8354527678      -2.465011820662610E-006  1.527173550138914E-004
   55033.8558866863      -9.155728693477361E-005  1.527201466096036E-004
   55033.8763207046       2.789707340487002E-004  1.527123345551996E-004
   55033.8967545229       1.893433704271974E-004  1.527277379845046E-004
   55033.9171884407      -3.823195485896935E-005  1.527117607884920E-004
   55033.9376224583       2.334618997736904E-004  1.527053500489317E-004
   55033.9580563758       2.811620204608012E-004  1.527348328305240E-004
   55033.9784901930       7.518922608529266E-006  1.527093553819100E-004
   55089.7416900633      -7.821098630045320E-005  1.520922030839981E-004
   55089.7621233801      -1.150594396061022E-004  1.521096919346058E-004
   55089.7825565964      -5.127518454051128E-005  1.521914647244189E-004
   55089.8029897124       1.272928948388152E-004  1.521201080071444E-004
   55089.8234230285       3.356388214814654E-004  1.521245767670789E-004
   55089.8438562441       4.559797328074211E-005  1.521381595904846E-004
   55089.8642893595       2.521950023792741E-005  1.521321681419799E-004
   55089.8847225746      -8.692402826759871E-005  1.521044838983365E-004
   55089.9051558895       1.283745030422612E-004  1.521135427919321E-004
   55089.9255891042      -1.267600368380917E-004  1.521305682155836E-004
   55089.9460222186      -1.240308239667254E-004  1.521213658803111E-004
   55089.9664555328       1.529596937253075E-004  1.521433676267539E-004
   55089.9868887468      -5.420213224160975E-004  1.521082464838616E-004
   55090.0073218605      -1.061221857883488E-003  1.520448893985685E-004
   55090.0277550738      -8.629239657071963E-004  1.520785981926421E-004
   55090.0481883870      -1.342717014867989E-003  1.520345726318063E-004
   55090.0686215001      -1.124120120608474E-003  1.520565964461993E-004
   55090.0890547126      -6.925494102649754E-004  1.520701792696050E-004
   55090.1094880252      -3.227951859853251E-004  1.521008647544884E-004
   55090.1299211375       9.681280819839877E-005  1.521355997082505E-004
   55090.1503543494       3.377034887477315E-004  1.521540595486712E-004
   55090.1707875613      -3.942461005379538E-005  1.521054328201991E-004
   55090.1912207727       7.820988094353609E-005  1.521173936492583E-004
   55090.2116539839      -1.333908229340652E-004  1.521225575496270E-004
   55090.2320871950      -2.582395290536832E-004  1.521213989822366E-004
   55090.2525205057      -3.255096164189730E-005  1.521109939436731E-004
   55090.2729536162      -1.083054377157833E-004  1.521174267511837E-004
   55090.2933868265      -7.313725905300217E-005  1.520892901145593E-004
   55090.3138199367       1.165419450397387E-004  1.521198983616166E-004
   55090.3342532465       4.188852814546173E-005  1.521139951849131E-004
   55146.0957599640      -4.921416425596181E-005  1.564802358744616E-004
   55146.1161927513       9.996034514592189E-005  1.565370950127405E-004
   55146.1366254386      -7.785752146804992E-005  1.564959623988785E-004
   55146.1570582258      -1.712757611198601E-004  1.565035266356226E-004
   55146.1774911130      -2.049220714674949E-004  1.565022862336968E-004
   55146.1979238002      -7.805869284482903E-005  1.564805681249775E-004
   55146.2183565873      -5.936100700187907E-005  1.565166948310674E-004
   55146.2592221614       5.064895182105289E-005  1.565187990843344E-004
   55146.2796549485       9.920682009800785E-005  1.565255548448234E-004
   55146.3000878354      -2.070310639612494E-005  1.564999826301202E-004
   55146.3205205224      -2.439657150901109E-004  1.564978562268188E-004
   55146.3409533093      -6.649208239848381E-004  1.564779322708851E-004
   55146.3613860962      -8.826416751216426E-004  1.564489157258343E-004
   55146.3818188830      -1.229216397583333E-003  1.564306973225486E-004
   55146.4022516699      -1.286048305852217E-003  1.564418609398812E-004
   55146.4226844566      -1.019200851995028E-003  1.564552506356698E-004
   55146.4431173434      -9.622978837543483E-004  1.564743882653827E-004
   55146.4635500301      -3.777424707194221E-004  1.564939910458178E-004
   55146.4839828168      -1.810379597501077E-004  1.564924294683933E-004
   55146.5044157035       1.127724239018413E-004  1.565421673706158E-004
   55146.5248483901      -6.585067751685436E-005  1.565127853499976E-004
   55146.5452811766       1.559290898991428E-004  1.565362976115025E-004
   55146.5657138632       4.575896130276647E-005  1.565283678991909E-004
   55146.5861467497      -2.934872806401589E-004  1.565144023025081E-004
   55146.6065795362      -6.922691751143351E-005  1.565077240671395E-004
   55146.6270123226       1.216594045969632E-004  1.565365412618808E-004
   55146.6474451090       1.745245438991017E-004  1.565276369480560E-004
   55146.6678778954       1.379367440057511E-004  1.565588795715630E-004
   55146.6883106818      -8.723783318909106E-005  1.565302728021484E-004
   55202.4496392607      -1.051719168309040E-004  1.613933621346266E-004
   55202.4700724431       1.308536761974732E-004  1.614134824456336E-004
   55202.4905054258       1.847325720549797E-005  1.613947004642200E-004
   55202.5109385087       1.853708904704376E-004  1.614169870544843E-004
   55202.5313716919      -2.193308964258955E-004  1.613937590967941E-004
   55202.5518047753       4.048268536149813E-005  1.614016756565928E-004
   55202.5722377590      -3.160666160391123E-004  1.613823152445923E-004
   55202.5926709428       6.361479629735101E-006  1.614099551532304E-004
   55202.6131040270      -1.559357325164878E-005  1.614046472019614E-004
   55202.6539700959       2.052901059899082E-004  1.614264914629532E-004
   55202.6744032806      -1.485000314057627E-004  1.613950634010589E-004
   55202.6948362657      -9.071019451183382E-004  1.613658016184219E-004
   55202.7152693509      -5.188989091436946E-004  1.613726407094801E-004
   55202.7357025365      -9.541659664731306E-004  1.613582706790145E-004
   55202.7561355222      -1.083889801302917E-003  1.613595636415032E-004
   55202.7765686082      -1.078762220303897E-003  1.613429365975706E-004
   55202.7970017943      -7.353326033189278E-004  1.613607772115583E-004
   55202.8378678674       1.187872690122660E-004  1.614221021955577E-004
   55202.8583009543      -8.191405681656772E-005  1.614064505443797E-004
   55202.8787340415       5.459441276900456E-005  1.614070176331905E-004
   55202.8991671288       5.946243464705070E-005  1.614059174808976E-004
   55202.9196002164      -3.304230700599264E-004  1.613988288707626E-004
   55202.9400333042       4.224995587231994E-005  1.614126998630747E-004
   55202.9604663923      -3.100043848547340E-005  1.613988855796437E-004
   55202.9808993806      -2.537714013572945E-005  1.614153084716043E-004
   55203.0013325692       7.443607413382125E-005  1.614203215366918E-004
   55203.0217656579       6.098424898270949E-005  1.614192440679513E-004
   55203.0421986469       5.912686831850422E-004  1.614927160942779E-004
   55258.8051004502       6.634716316167300E-005  1.623229681386111E-004
   55258.8255342888       1.351230824009342E-004  1.623234785185408E-004
   55258.8459681278      -2.265670441672363E-004  1.623120913752201E-004
   55258.8664019669       1.905652835665350E-005  1.623422151328495E-004
   55258.8868358063      -4.110186571733010E-004  1.623103787670115E-004
   55258.9072696460      -1.935736801708110E-004  1.623028138022755E-004
   55258.9277034861      -2.541155155278974E-004  1.623231269234782E-004
   55258.9481373263       3.681716736647633E-004  1.623325405977373E-004
   55258.9685711668      -7.760023237124436E-005  1.623127151729119E-004
   55258.9890050076       3.340782327676539E-004  1.623421470821922E-004
   55259.0094388486       4.451305023822627E-005  1.623036530937154E-004
   55259.0298726899      -1.224567458270043E-004  1.623159248955810E-004
   55259.0503066315      -6.379977202902731E-004  1.622767957676362E-004
   55259.0707403734      -8.978670435393354E-004  1.622855516188748E-004
   55259.0911742154      -1.015674770440178E-003  1.622771473626988E-004
   55259.1116079578      -1.262514233617673E-003  1.622364303860837E-004
   55259.1320419005      -7.730932179162986E-004  1.622972109648248E-004
   55259.1524757434      -1.040140740235174E-003  1.622771019955940E-004
   55259.1729095866      -6.963055347529723E-004  1.623002278772982E-004
   55259.1933434300       1.134407115976899E-004  1.623124089449541E-004
   55259.2137772738       4.062185183542066E-004  1.623092445893899E-004
   55259.2342111177      -2.095399222343808E-004  1.622943414954422E-004
   55259.2546449619      -5.878526361191572E-005  1.623096755768861E-004
   55259.2750788065       1.472710350811646E-004  1.623227753284154E-004
   55259.2955126512      -2.043485952050172E-004  1.623090064120893E-004
   55259.3159465963      -5.055066654935381E-005  1.623101859568158E-004
   55259.3363803415       4.383201667357284E-005  1.623198037830469E-004
   55259.3568141872      -1.186293316235432E-004  1.623107076785217E-004
   55259.3772481329      -2.087299569697443E-004  1.623036417519392E-004
   55259.3976818790      -1.463905183382019E-004  1.623009877763047E-004
   55315.1624459540       1.409678390655866E-004  1.551286583067327E-004
   55315.1828803937       1.244414202612454E-004  1.552275968270001E-004
   55315.2033147335       1.060663393293027E-005  1.552134885095314E-004
   55315.2237489733      -3.740632717282866E-004  1.551136372307058E-004
   55315.2441834133      -1.436972491952737E-005  1.551711410198771E-004
   55315.2646177533      -4.344500652260219E-004  1.551088931399276E-004
   55315.2850519933      -2.640667206987857E-005  1.551415608814145E-004
   55315.3054864335       1.158782022570026E-004  1.551488742185049E-004
   55315.3259207737      -3.030335417575358E-005  1.551341235894582E-004
   55315.3463550140      -1.430961710638945E-004  1.551314416569042E-004
   55315.3667894544       1.104675119636411E-004  1.551643122336263E-004
   55315.3872237948      -1.692083707607317E-004  1.551174122198048E-004
   55315.4076582354      -6.780931891988695E-004  1.551054674781780E-004
   55315.4280924760      -1.183460343062825E-003  1.550698135512844E-004
   55315.4485268166      -1.309309556527527E-003  1.550797412091837E-004
   55315.4689612574      -9.614324740074842E-004  1.550669738579920E-004
   55315.4893954982      -9.709853640988975E-004  1.550565616492531E-004
   55315.5098298391      -8.296814946513464E-004  1.550840796294915E-004
   55315.5302642801      -4.821032055937202E-004  1.551035292748197E-004
   55315.5506985211       2.090843221436156E-004  1.551491221282367E-004
   55315.5711328622       6.974611833587829E-005  1.551510039884742E-004
   55315.5915673034      -1.008446194520340E-004  1.551229338456512E-004
   55315.6120015447       1.207241403264891E-004  1.552188411060151E-004
   55315.6324358860      -2.364533125409629E-005  1.551258749565612E-004
   55315.6528703274       1.177286311069281E-004  1.551603907524130E-004
   55315.6733045689      -8.408190437525498E-005  1.552105248613731E-004
   55315.6937389105       1.396811695242306E-005  1.551296837515327E-004
   55315.7141733521      -1.891708917252100E-004  1.551082733655979E-004
   55315.7346075938      -1.135849874472905E-004  1.551210857912863E-004
   55315.7550419356       1.993369071811024E-004  1.551457640782322E-004
   55371.9698674504       1.224738949483495E-004  1.512187420144898E-004
   55371.9903016776       2.222116639649663E-004  1.513211524678606E-004
   55372.0107360048       3.034405443096411E-004  1.512826135699188E-004
   55372.0311701319       1.175079731989825E-004  1.512723336509385E-004
   55372.0516043586       6.045139455990167E-005  1.513116716182128E-004
   55372.0720386854       3.483382884628128E-005  1.512717721427589E-004
   55372.0924728120       2.239964321624210E-004  1.513343047171442E-004
   55372.1129070385      -2.201097061527157E-004  1.512660058856838E-004
   55427.8771823992       5.142561378468358E-005  1.514840006381774E-004
   55427.8976160323       1.942889727826191E-004  1.514840330328800E-004
   55427.9180496649       1.106676535227447E-004  1.514933195143118E-004
   55427.9384832975       2.866280923135012E-004  1.515004247524305E-004
   55427.9589169296       1.588390642452975E-004  1.515029407410045E-004
   55427.9793505615       5.852218452484514E-005  1.514981787197121E-004
   55427.9997842932       1.948959108066806E-004  1.515065581494692E-004
   55428.0202179246       1.600944911785973E-004  1.515047764408224E-004
   55428.0406514556      -1.262482473918247E-005  1.514771329612116E-004
   55428.0610851865       7.375882134397216E-005  1.514954683629222E-004
   55428.0815188173       8.963268043804540E-005  1.514925636379162E-004
   55428.1019523475      -2.109631404241252E-004  1.514738826927104E-004
   55428.1223860776      -8.869980966236257E-004  1.514408832889250E-004
   55428.1428197074      -1.052841947566385E-003  1.514249882881488E-004
   55428.1632532369      -1.097330080219949E-003  1.514380001603875E-004
   55428.1836869663      -1.076261039371973E-003  1.514411316483121E-004
   55428.2041204954      -1.363979129425985E-003  1.514162417184282E-004
   55428.2245541243      -8.500044617233415E-004  1.514565623250168E-004
   55428.2449878527      -2.988701405581828E-005  1.514927256114295E-004
   55428.2654213811      -4.739551747179327E-005  1.514866246090936E-004
   55428.2858550090      -1.464445441268225E-004  1.514819489736750E-004
   55428.3062887367      -2.858850510593092E-004  1.514718958176134E-004
   55428.3267222642       6.738735536204743E-005  1.515008458835652E-004
   55428.3471559914       6.421202967676898E-005  1.515043013185166E-004
   55428.3675896184      -1.453793706995832E-004  1.514879311954345E-004
   55428.3880232450      -4.219577467421409E-004  1.514763338918790E-004
   55428.4084568715      -1.401659458160065E-004  1.514825320783230E-004
   55428.4288904976      -3.392981983429966E-005  1.515002735771514E-004
   55428.4493241237      -1.206746653983348E-004  1.514908899116116E-004
   55428.4697577493      -1.445945868572274E-004  1.514795949586144E-004
   55596.9402746025      -8.938418292037120E-005  1.627295875609430E-004
   55596.9607078774       1.545498447121929E-004  1.627423393055511E-004
   55596.9811413524       7.398871290287268E-005  1.627703817071467E-004
   55597.0015747278       1.022646980011199E-004  1.628023468427338E-004
   55597.0220081033      -8.986008288525138E-005  1.628353984498346E-004
   55597.0424414793       1.164758032985436E-004  1.628165739012921E-004
   55597.0628748555      -1.937334290119663E-004  1.628355928710529E-004
   55597.0833083319      -3.299445263327261E-005  1.628292112804777E-004
   55597.1037416087      -2.315881551783194E-004  1.628448335971904E-004
   55597.1241749857      -7.262540271313345E-005  1.628542801810884E-004
   55597.1446084630       9.321994870026273E-005  1.628621942683250E-004
   55597.1650417407      -4.707565940754721E-004  1.628757694439751E-004
   55597.1854752184      -8.464753552195337E-004  1.628149270392082E-004
   55597.2059085967      -1.043243550534423E-003  1.628043482376274E-004
   55597.2263418751      -1.087850672170543E-003  1.628486648388440E-004
   55597.2467753538      -1.082135464601897E-003  1.627886801747457E-004
   55597.2672087329      -9.019103412122309E-004  1.628278846415768E-004
   55597.2876420121      -3.858594402017523E-004  1.628552065410106E-004
   55597.3080754916       2.030563730210933E-004  1.629029426683597E-004
   55597.3285088715       3.540660037515408E-005  1.628732648412225E-004
   55597.3489422516       5.292455196537205E-006  1.628896991524349E-004
   55597.3693756320      -1.349758117259459E-004  1.628587747421925E-004
   55597.3898089127      -4.239453062220289E-004  1.628347808765532E-004
   55597.4102423937      -1.470769695306462E-004  1.628660712561476E-004
   55597.4306757750      -3.140448298943888E-005  1.628900079390756E-004
   55597.4511091565      -2.362594893725589E-004  1.628607532640016E-004
   55597.4715425383       3.411689314170019E-006  1.628913345779766E-004
   55597.4919759205      -2.097932937358271E-004  1.628727845064480E-004
   55597.5124093028       1.788876226285208E-004  1.629079861834917E-004
   55597.5328427855       4.772322073587354E-005  1.628889329041042E-004
   55653.2965853272      -2.626527733786688E-004  1.584882906392612E-004
   55653.3170194314      -8.442548883713652E-005  1.584926004137638E-004
   55653.3374536358      -8.825038291859766E-005  1.584928599028045E-004
   55653.3578876404       3.233957475889948E-004  1.585063307686581E-004
   55653.3987559502      -1.341984347235092E-004  1.584845788177655E-004
   55653.4191899554      -4.679381501559998E-005  1.585345925098334E-004
   55653.4396240608      -2.636960286694912E-004  1.585023143295929E-004
   55653.4600582665       1.378257253319415E-004  1.585059584582953E-004
   55653.4804922724      -3.930014301556373E-005  1.584767264537504E-004
   55653.5009264784       8.083279542803190E-005  1.585051348626443E-004
   55653.5213604847      -1.533730065451655E-004  1.584593745344180E-004
   55653.5417945911      -8.135594969379545E-004  1.584696412747252E-004
   55653.5622287978      -9.703837088276268E-004  1.584202142535320E-004
   55653.5826628046      -1.090827585761511E-003  1.584566442584242E-004
   55653.6030969117      -1.002737561409783E-003  1.584429590320587E-004
   55653.6235311190      -1.155467358352147E-003  1.584396195209258E-004
   55653.6439651264      -6.417075261634375E-004  1.584610555721166E-004
   55653.6643992341       3.713674468430739E-005  1.584700135850880E-004
   55653.6848334420       2.247647082371795E-004  1.585003286743247E-004
   55653.7052674501       2.002269491607755E-005  1.585318622338396E-004
   55653.7257016584       9.291038424152909E-005  1.584871511439084E-004
   55653.7461357669      -4.528603284148502E-005  1.584741654097397E-004
   55653.7665698756      -4.072970697055478E-005  1.584652073967683E-004
   55653.7870039845       6.740675091876369E-006  1.584984332761141E-004
   55653.8074380936       3.122369005685854E-004  1.585204334339152E-004
   55653.8278722029      -1.590943582101545E-004  1.584978353231072E-004
   55653.8483064124       1.523375216105904E-005  1.585109902892590E-004
   55653.8687404222      -2.077117960741504E-005  1.584883583320544E-004
   55653.8891746321      -1.032272171208604E-004  1.584922845140620E-004
   55709.6543702266      -1.277519413870332E-004  1.577116625046177E-004
   55709.6748046971       3.234668456006951E-004  1.577180594735783E-004
   55709.6952390676       1.213611277652848E-004  1.577383560294164E-004
   55709.7156734381       1.308820991168247E-004  1.577301764835672E-004
   55709.7361078086      -2.675306055176518E-004  1.577153404797167E-004
   55709.7565421790      -1.206678160674546E-004  1.576941187890378E-004
   55709.7769766495      -4.999383496473442E-005  1.577120460971127E-004
   55709.7974109199       2.298813861978388E-005  1.577159045863270E-004
   55709.8178452902      -3.904718957297160E-004  1.576929003187596E-004
   55709.8382796606       1.658933698072129E-004  1.577470432712148E-004
   55709.8587140310       1.610732292274264E-004  1.577357160104802E-004
   55709.8791484013      -4.538515365726248E-004  1.576968829114282E-004
   55709.8995827716      -9.676414394522714E-004  1.576432927834512E-004
   55709.9200171419      -1.016361153161505E-003  1.576854879579005E-004
   55709.9404515122      -1.099778223303427E-003  1.576549133796230E-004
   55709.9608859824      -1.135259300597213E-003  1.576749842928170E-004
   55709.9813202527      -7.140064307838978E-004  1.576798468917976E-004
   55710.0017547229      -3.707047867615998E-004  1.576984849742014E-004
   55710.0221890931      -1.102288755264746E-004  1.577386268005893E-004
   55710.0426233632      -6.432214326601571E-005  1.577443129952210E-004
   55710.0630578334       2.612591403927667E-005  1.577502135503646E-004
   55710.0834922035      -1.524660969350888E-004  1.577375211516332E-004
   55710.1039264736       2.435997628562614E-004  1.577355129321005E-004
   55710.1243609437      -2.208774611858200E-004  1.576916705663492E-004
   55710.1447953138       9.617489222146780E-005  1.577264985084682E-004
   55710.1652295838       1.117565368604634E-004  1.577792199122654E-004
   55710.1856640539       1.148688617318427E-004  1.577691336860735E-004
   55710.2060984238       3.954628809976768E-006  1.577368667879652E-004
   55710.2265328938       6.473040722343448E-005  1.577174389563070E-004
   55765.9915434311       1.927533439594065E-005  1.523006498989493E-004
   55766.0119773630      -2.771871857553121E-004  1.522726656127234E-004
   55766.0324114946      -1.807524169394892E-005  1.523039945478269E-004
   55766.0528455261       6.650897308468906E-005  1.523038533775820E-004
   55766.0732794575      -8.070388759273683E-006  1.522863699857219E-004
   55766.0937135885      -1.498169028436580E-004  1.522986409377728E-004
   55766.1141475194      -2.559334788210244E-005  1.523103363495948E-004
   55766.1345816502      -9.438611093171012E-005  1.522788771034961E-004
   55766.1550156807       1.598426006261811E-004  1.523094893281258E-004
   55766.1754496109       2.325791737922689E-004  1.523199467854931E-004
   55766.1958837410      -1.844514373401385E-004  1.522821565968761E-004
   55766.2163177708       9.663714812169211E-005  1.523091744098873E-004
   55766.2367518004      -5.245119107989415E-004  1.522630660360747E-004
   55766.2571858299      -1.100550300299985E-003  1.522425311950762E-004
   55766.2776198590      -7.209632526736787E-004  1.522568654045516E-004
   55766.2980538879      -1.189711315497721E-003  1.522485689378552E-004
   55766.3184879168      -9.268344715276378E-004  1.522565070493147E-004
   55766.3389219454      -9.750616166877002E-004  1.522430198613083E-004
   55766.3593559738      -1.600234946905754E-004  1.522941343491877E-004
   55766.3797901020      -2.810164701282369E-004  1.522857075714961E-004
   55766.4002240300      -2.026862688409015E-005  1.522840569655565E-004
   55766.4206581577       3.263717370827202E-005  1.523069156859700E-004
   55766.4410921851      -6.102067780844322E-006  1.522972292353245E-004
   55766.4615261124      -2.224813469720033E-005  1.522989558560113E-004
   55766.4819602394      -3.039216095316322E-004  1.522896277606026E-004
   55766.5023942664      -1.132842292980163E-004  1.522937651347012E-004
   55766.5228281930      -2.887456598921201E-005  1.523073826337029E-004
   55766.5432623195      -4.935416900497813E-005  1.523105318160877E-004
   55766.5636963458       3.785305715231502E-005  1.523088377731496E-004
   55766.5841302719       9.562914527672106E-005  1.523089572248953E-004
   55822.3476979778       6.080024635402026E-005  1.515023430236639E-004
   55822.3681313234       1.851759703075384E-004  1.515322819748183E-004
   55822.4089980142      -2.498228059708563E-004  1.514916900998037E-004
   55822.4294313590      -7.734237938783473E-005  1.514831438703665E-004
   55822.4498648036       1.421970464043909E-006  1.515152329529422E-004
   55822.4702980482       1.009945989780547E-004  1.515023538829135E-004
   55822.4907313923       4.219128851690179E-005  1.515040805036003E-004
   55822.5111648362      -8.417554710637987E-005  1.515033529338769E-004
   55822.5315980798       1.889264225876097E-004  1.515212055402236E-004
   55822.5520314232      -1.653085182943270E-004  1.515018326389326E-004
   55822.5724648664      -2.789343294702373E-004  1.514846424468116E-004
   55822.5928981091      -7.360204951986082E-004  1.514675717064364E-004
   55822.6133314519      -1.075626144607433E-003  1.514481662273965E-004
   55822.6337648941      -8.184212059164642E-004  1.514615665414061E-004
   55822.6541981364      -1.011626436440705E-003  1.514448975932661E-004
   55822.6746315782      -7.766229742189878E-004  1.514474603761724E-004
   55822.6950649197      -9.134995506179244E-004  1.514454296964967E-004
   55822.7154981611      -3.918871190422557E-005  1.514909842485796E-004
   55822.7359316021       6.595452656865675E-005  1.515087608401790E-004
   55822.7563648430      -1.598362081978166E-004  1.514928411802616E-004
   55822.7767981836       2.934837081713937E-005  1.515072948414827E-004
   55822.7972316240      -1.363997792250826E-004  1.514937424979786E-004
   55822.8176648642       8.409900995665076E-005  1.514922004845351E-004
   55822.8380982039      -1.776784196150238E-005  1.514963161401345E-004
   55822.8585316433      -1.266620395395934E-004  1.514852397055398E-004
   55822.8789649828      -5.829599375806183E-005  1.514866839857369E-004
   55822.8993982218      -3.314813855159748E-005  1.514992589967768E-004
   55822.9198316606      -1.033249643388467E-004  1.514994979002680E-004
   55822.9402649991       7.069942319626321E-005  1.514965876213745E-004
   55935.0557618632       1.176525201278533E-004  1.638438454385784E-004
   55935.0761949319       9.915759182632655E-007  1.638309706411017E-004
   55935.0966278009      -2.493703326279517E-004  1.638199600676941E-004
   55935.1170607700      -4.834659894703552E-005  1.638331960585841E-004
   55935.1374938394      -9.244915670536535E-005  1.638290365086301E-004
   55935.1579268089       1.684093540637033E-004  1.638402917614468E-004
   55935.1783596786       3.179560491717304E-005  1.638399888250356E-004
   55935.1987927485      -6.454253398358034E-005  1.638378799215575E-004
   55935.2192257186      -3.198112111579832E-006  1.638238050298364E-004
   55935.2396585889      -1.266922765829070E-004  1.638341747762203E-004
   55935.2600916594       2.169074694635675E-005  1.638549142689882E-004
   55935.2805246301       8.738089859439135E-005  1.638328348651707E-004
   55935.3009577009      -6.806140435712260E-004  1.638154859299284E-004
   55935.3213905720      -7.600016314440738E-004  1.638028558118608E-004
   55935.3418235432      -9.056533395971345E-004  1.637962960734179E-004
   55935.3622566146      -1.238254302505126E-003  1.637840504515646E-004
   55935.3826894862      -8.323789978084140E-004  1.638156723523353E-004
   55935.4031224580      -1.163240729501136E-003  1.637933366177084E-004
   55935.4235555300      -5.955670628057241E-004  1.638271955873619E-004
   55935.4439884022      -8.596467003629815E-005  1.638515120600622E-004
   55935.4848544471      -2.378970681383707E-004  1.638489137977660E-004
   55935.5052873199      -1.313292450786374E-004  1.638544482129709E-004
   55935.5257203929      -4.829384362414757E-006  1.638565571164490E-004
   55935.5461532660      -5.157668350852518E-005  1.638615206130328E-004
   55935.5665862393       2.845047050117344E-004  1.638885751648344E-004
   55935.5870193129      -8.137975644462170E-005  1.638619167606474E-004
   55935.6074521866      -2.757412981180263E-005  1.638751294487366E-004
   55935.6278851605      -1.385196320874416E-004  1.638580018901025E-004
   55935.6483182346      -2.259754660430824E-004  1.638645849313462E-004
   55991.4108354861       7.881376553275921E-005  1.656525971901437E-004
   55991.4312691728       1.517980817051789E-004  1.656700975935916E-004
   55991.4517029599       7.504623536758182E-005  1.656608463816490E-004
   55991.4721365471       6.845582720260701E-005  1.656768787086426E-004
   55991.4925703348      -1.120071358610142E-004  1.656474006655513E-004
   55991.5130040226       9.950043156559119E-005  1.656783351336965E-004
   55991.5334377107      -2.642496156807228E-004  1.656381844078101E-004
   55991.5538713992       5.619456436845027E-006  1.656462704797094E-004
   55991.5743050879      -2.631707000011474E-005  1.656440217594262E-004
   55991.5947387768      -1.889589130109615E-004  1.656161632609948E-004
   55991.6151724661      -1.356867690575081E-004  1.656379863340027E-004
   55991.6356061556       1.543161932346937E-004  1.656620348244930E-004
   55991.6560399455      -3.447021803444361E-004  1.656307857685361E-004
   55991.6764736356      -9.047373415579374E-004  1.656022980944814E-004
   55991.6969072259      -1.128001923444089E-003  1.655928604601320E-004
   55991.7173410166      -1.242377604572131E-003  1.655773990517596E-004
   55991.7377747076      -9.803833787930261E-004  1.656000843283995E-004
   55991.7582082988      -8.971926911838235E-004  1.656287467734606E-004
   55991.7786420903      -2.481590461631544E-004  1.656483444289862E-004
   55991.7990757822      -5.157142038736406E-005  1.656693519039640E-004
   55991.8195093743       1.127619221117371E-004  1.656630717991314E-004
   55991.8399431666      -4.904287080388370E-004  1.656358657791242E-004
   55991.8603768592       7.758074197750098E-005  1.656345258680746E-004
   55991.8808106521       1.241704987617887E-004  1.656614289516706E-004
   55991.9012442454      -2.799803888273722E-004  1.656455480928827E-004
   55991.9216779389       6.044739612343086E-005  1.656667070360660E-004
   55991.9421116326       1.713250813204503E-004  1.656519097575182E-004
   55991.9625453266      -6.681659404006446E-005  1.656353531175052E-004
   55991.9829790211       1.177114104304877E-004  1.656600773892206E-004
   55992.0034127156      -3.293520643909975E-005  1.656638873971616E-004
   56048.2174151667      -3.256377741911454E-005  1.636320864645112E-004
   56048.2378495534      -2.324931885981929E-004  1.636807582667334E-004
   56048.2582838402       9.790196659120731E-005  1.636983692505321E-004
   56048.2787181272      -1.935584540977420E-004  1.636653529193821E-004
   56048.2991524142       7.424488707941101E-005  1.636997676695167E-004
   56048.3195866014      -4.323924056559569E-005  1.636631472829347E-004
   56048.3400209887       2.502042554393125E-004  1.636237755354235E-004
   56048.3604552761       5.467542314341323E-005  1.636462525625184E-004
   56104.1258004518       1.318549522075774E-004  1.628387508683277E-004
   56104.1462347534      -2.511490419858653E-004  1.627722861741462E-004
   56104.1666690548       1.481771712099622E-004  1.628014028491032E-004
   56104.1871034561       4.640856617221800E-006  1.627799149476317E-004
   56104.2075376574      -3.988748065664183E-005  1.627780731275055E-004
   56104.2279719585       7.393786241483014E-005  1.627912614691494E-004
   56104.2484063595       3.268744622921815E-004  1.628079515428851E-004
   56104.2688406605       1.681319113711055E-005  1.628240731536188E-004
   56104.2892748612      -1.436858512079420E-004  1.627828936937616E-004
   56104.3097092619      -1.269040729215964E-004  1.627979807018318E-004
   56104.3301435625       9.308785987149903E-005  1.628128289554413E-004
   56104.3505777629      -1.902290170134879E-004  1.627948882631015E-004
   56104.3710121633      -8.368506070546289E-004  1.627311976683693E-004
   56104.3914464636      -8.130688656663443E-004  1.627446020259540E-004
   56104.4118806638      -7.989630248872448E-004  1.627491383607091E-004
   56104.4323150638      -1.089125656320911E-003  1.627448066726347E-004
   56104.4527492638      -7.711322640359120E-004  1.627374848691702E-004
   56104.4731836635      -3.616532475785306E-004  1.627728546371481E-004
   56104.4936179633      -2.600860444346154E-005  1.627798922091116E-004
   56104.5140521630       1.565287403959559E-005  1.627940128300786E-004
   56104.5344865625       5.899348489557532E-005  1.627858951784116E-004
   56104.5549208618      -1.535640983848507E-004  1.627621220556723E-004
   56104.5753550611       9.604342557034684E-005  1.628016416035640E-004
   56104.5957894603      -2.207430137113331E-005  1.627658852807449E-004
   56104.6162237595      -3.046054051352165E-004  1.627413504175831E-004
   56104.6366580585       2.439396809832406E-004  1.627320844706522E-004
   56104.6570923573       1.819467876540415E-005  1.627429421139884E-004
   56104.6775266560      -3.822659077035162E-005  1.627167587081212E-004
   56104.6979609547       2.700756907276780E-004  1.627825980930006E-004
   56104.7183953532      -4.653775461849197E-005  1.627501502248525E-004
   56160.4829374337       3.066085942053931E-004  1.553122421379134E-004
   56160.5033711128       1.570565202877461E-004  1.552968909582195E-004
   56160.5238048918       8.565331625853823E-005  1.552853017720863E-004
   56160.5442386704      -1.127220407656226E-004  1.552634372901082E-004
   56160.5646724488       3.894161558146703E-004  1.553244377349489E-004
   56160.5851063269      -2.033875800921958E-005  1.552931851138164E-004
   56160.6055400048      -2.477537265057617E-004  1.552648634787118E-004
   56160.6259737824       2.677066031488984E-004  1.552949369675342E-004
   56160.6464076598      -9.745980473063742E-005  1.552827413704987E-004
   56160.6668413370       2.836624217745776E-004  1.552930840453327E-004
   56160.6872751140       1.573028034265178E-004  1.553069079679393E-004
   56160.7077089905      -7.238314747815000E-005  1.553090528657604E-004
   56160.7281427669      -1.100263232866050E-003  1.552309830770025E-004
   56160.7485764430      -1.044114417762421E-003  1.552312862824537E-004
   56160.7690103190      -1.171994737239834E-003  1.552151490145531E-004
   56160.7894440945      -8.846702271315676E-004  1.552550149164648E-004
   56160.8098777699      -9.559154080169829E-004  1.552516347371760E-004
   56160.8303116449      -7.686961642900947E-004  1.552554416500628E-004
   56160.8507454200      -2.185155948286610E-005  1.552914444899301E-004
   56160.8711792947       1.374736213555217E-005  1.553109507072881E-004
   56160.8916129690      -3.637657812638473E-005  1.552880980001358E-004
   56160.9120467430      -9.945011044676377E-006  1.553045047839930E-004
   56160.9324806169      -5.798975092285996E-005  1.553011470643672E-004
   56160.9529142906       1.335836604428042E-004  1.552909840668376E-004
   56160.9733480640      -6.473620854352546E-005  1.552739371825835E-004
   56160.9937819370      -8.889167083392380E-005  1.552960936401812E-004
   56161.0142156100      -8.418174793867195E-005  1.552880193913152E-004
   56161.0346493826      -1.359703705916537E-005  1.552910065265007E-004
   56161.0550832549      -2.927396100517177E-004  1.552840215712925E-004
   56161.0755169272       1.730519661986563E-004  1.552962059384965E-004
   56329.5462551290      -4.455884694509749E-005  1.630859890902689E-004
   56329.5666883453       1.187639571613719E-004  1.630752563090604E-004
   56329.5871216620      -2.874697410145677E-004  1.630661414205606E-004
   56329.6075547788      -1.638259656044916E-005  1.630832888045508E-004
   56329.6279879961       1.265413373621183E-004  1.630788452964072E-004
   56329.6484213134       1.860353474392173E-004  1.630833115917721E-004
   56329.6688544311       4.193966022247864E-005  1.630820696882140E-004
   56329.6892877490       4.041497405375960E-004  1.630991145297086E-004
   56329.7097209672       2.935650368129927E-005  1.630949102873881E-004
   56329.7301540857      -1.153268959180886E-004  1.630750626176798E-004
   56329.7505874044       2.621310807637833E-005  1.630581089250701E-004
   56329.7710206234      -4.338623234415584E-004  1.630516829286778E-004
   56329.7914537426      -1.003068885915170E-003  1.630364154904406E-004
   56329.8118870622      -8.969974057501107E-004  1.630325188756069E-004
   56329.8323202818      -9.038735747617377E-004  1.630424199232399E-004
   56329.8527536019      -8.268187183658737E-004  1.630297046537826E-004
   56329.8731867222      -8.974313123055744E-004  1.630506916845534E-004
   56329.8936199427      -4.581165313032320E-004  1.630637715495506E-004
   56329.9140531636       2.794173952047618E-004  1.630934974796706E-004
   56329.9344863846      -1.338598136767510E-004  1.630775464247960E-004
   56329.9549196059       2.699813770707937E-004  1.631064634085616E-004
   56329.9753528276       1.247171650899936E-004  1.630948191385031E-004
   56329.9957860493      -2.361623222957299E-005  1.630724648744573E-004
   56330.0162192715      -1.749771491629248E-004  1.630825710070815E-004
   56330.0366524939      -2.969110893447091E-005  1.630794719449916E-004
   56330.0570857165       4.181612262321721E-005  1.631018603898692E-004
   56330.0775190394      -3.668040640758541E-004  1.630647514000644E-004
   56330.0979522626      -8.127171587835047E-005  1.630782072542122E-004
   56330.1183853860       2.542248567465322E-004  1.630932696074581E-004
   56330.1388187097       7.318753744667283E-005  1.630944659365737E-004
   56385.9021378354      -2.631268590163049E-004  1.627263497708987E-004
   56385.9225719085      -4.061628545937168E-005  1.627804352405344E-004
   56385.9430057819      -1.238897854149990E-005  1.627453543134208E-004
   56385.9634397555       6.849984510437501E-005  1.627937999457972E-004
   56385.9838738294      -1.845208720288039E-004  1.627271131428105E-004
   56386.0043077034      -2.407271960902513E-005  1.627432920698977E-004
   56386.0247417778       1.836962926322627E-004  1.628033136106688E-004
   56386.0451757524      -5.762526000030466E-005  1.627984257517108E-004
   56386.0656096272       1.644829327778208E-004  1.628132032646911E-004
   56386.0860437023       6.941632393409058E-005  1.627695087679452E-004
   56386.1064776776      -2.707928039024088E-004  1.627095669824484E-004
   56386.1269115532      -4.405743890787406E-004  1.626989253501249E-004
   56386.1473456289      -9.352084115296089E-004  1.626741214597948E-004
   56386.1677796050      -1.030092875237476E-003  1.626791916165228E-004
   56386.1882136812      -1.006677177619597E-003  1.626786789040447E-004
   56386.2086475577      -1.047942009841929E-003  1.626732783326086E-004
   56386.2290815344      -1.306055328774702E-003  1.626565525122114E-004
   56386.2495156114      -6.304525572592423E-004  1.626912688437851E-004
   56386.2699494887       7.029898139609969E-005  1.627383358492759E-004
   56386.2903834661      -6.053261049587810E-005  1.626995633923199E-004
   56386.3108175439       3.463968607082535E-004  1.628184899000210E-004
   56386.3312515218       2.317745238689106E-004  1.627294146521567E-004
   56386.3516855000       1.472955762942263E-004  1.627532272983624E-004
   56386.3721194783       8.030751962229132E-005  1.627447390584470E-004
   56386.3925534570      -1.320012042953511E-004  1.627004293067273E-004
   56386.4129874360      -1.707948136137061E-004  1.626997684773111E-004
   56386.4334214150      -1.399556281849179E-004  1.627139307353177E-004
   56386.4538553944      -2.727655717045252E-004  1.627017623591705E-004
   56386.4742894740       8.445989775629492E-005  1.627240938359950E-004
   56386.4947233539      -1.529197675719240E-004  1.627049867509773E-004
