   54965.5652376129      -3.588672912724356E-006  4.800638228348287E-005
   54965.5856719088      -8.734068656668370E-005  4.803634119013401E-005
   54965.6061062046      -3.638120495796926E-005  4.804195467782801E-005
   54965.6265405003       4.110760718178952E-005  4.804687980512110E-005
   54965.6469747959      -1.038549739004191E-004  4.803009416720381E-005
   54965.6674090914      -1.584521874403721E-004  4.800270899744981E-005
   54965.6878433869       2.076372260306769E-005  4.805873422406033E-005
   54965.7082777824      -4.000364939504841E-005  4.804435784754615E-005
   54965.7287119777       5.911823957038820E-006  4.803110234106529E-005
   54965.7491462731      -9.528124808366734E-006  4.805501220454755E-005
   54965.7695805683       3.496493323829064E-005  4.804897229890611E-005
   54965.7900148634      -6.258210095200223E-005  4.804181456907384E-005
   54965.8104491585       1.358270781715021E-005  4.805162827355025E-005
   54965.8308833536      -3.482453034198141E-005  4.802641174364329E-005
   54965.8513177486      -9.261901878188095E-005  4.807384160277013E-005
   54965.8717520435      -4.664730211212387E-006  4.805755243717738E-005
   54965.8921863384       4.955806705009280E-007  4.804831439693004E-005
   54965.9126206332      -1.594002010174567E-005  4.805874640743025E-005
   54965.9330549279       7.594936738031244E-005  4.806218820943471E-005
   54965.9534892226       5.968701137559762E-005  4.806357406776393E-005
   54965.9739234172      -6.189219553975889E-005  4.804111097946054E-005
   54965.9943578118       8.853013728571391E-005  4.806249279368289E-005
   54966.0147921062      -5.847375983225600E-005  4.805574929842815E-005
   54966.0352263006      -7.996053523828817E-005  4.806420455715767E-005
   54966.0556606950      -2.392635717851643E-004  4.805807632208425E-005
   54966.0760949893      -4.491250159552873E-004  4.805027287364584E-005
   54966.0965291835      -4.713729631160568E-004  4.804610006944575E-005
   54966.1169634777      -4.580635156031798E-004  4.804586553957466E-005
   54966.1373978718      -5.155886352542494E-004  4.805989469004590E-005
   54966.1578321657      -5.126600734033371E-004  4.804649602896839E-005
   54966.1782663597      -4.297808677854453E-004  4.806535283977332E-005
   54966.1987007536      -4.224810602453388E-004  4.806640670127202E-005
   54966.2191350475      -4.275540266435174E-004  4.805781133378834E-005
   54966.2395692412      -4.873784552823501E-004  4.806114957714841E-005
   54966.2600035349      -4.979635295518925E-004  4.805621835817035E-005
   54966.2804379285      -5.044300199187335E-004  4.807568738331412E-005
   54966.3008721221      -3.252791865440141E-004  4.806757325894256E-005
   54966.3213064156      -4.916190548650556E-004  4.806473148790702E-005
   54966.3417407091      -2.621432948886060E-004  4.807124045329066E-005
   54966.3621750024       3.454668759506063E-005  4.807287911654588E-005
   54966.3826092957       1.084333394476555E-004  4.807502034381060E-005
   54966.4030435890      -3.788300377338683E-005  4.807419187465554E-005
   54966.4234778821      -5.694589314542142E-006  4.806641888464195E-005
   54966.4439121752       2.724453316571562E-005  4.806637015116224E-005
   54966.4643464682       3.912856610077675E-005  4.807784688563372E-005
   54966.4847806613       2.055739130146783E-005  4.808657931602909E-005
   54966.5052150542      -1.536574773242094E-005  4.807883069275535E-005
   54966.5256493470       9.335018296807718E-006  4.807895252645462E-005
   54966.5460835397      -1.145720939255135E-005  4.808115162472650E-005
   54966.5665179325      -8.298782323890030E-006  4.806805754789717E-005
   54966.5869522251       3.376091179307927E-005  4.808741692271159E-005
   54966.6073864176       3.084445173584527E-005  4.807790171079840E-005
   54966.6278207102       1.035449603783434E-004  4.809312787736500E-005
   54966.6482551026       6.138496986696218E-005  4.807746920116598E-005
   54966.6686893951       6.992705243424879E-005  4.807334208460312E-005
   54966.6891235873      -7.132049145486263E-005  4.807850174176731E-005
   54966.7095579796      -2.377886188853484E-005  4.808815401659219E-005
   54966.7299922718      -7.351417230572199E-005  4.808494065277388E-005
   54966.7504264639       2.208999709618631E-005  4.807775551035927E-005
   54966.7708607559      -5.015329795621248E-005  4.809007594319822E-005
   54966.7912951478       1.981332349076936E-006  4.808008253401538E-005
   54966.8117293398       6.520813735155784E-005  4.808652144502193E-005
   54966.8321636317      -1.893887929615978E-005  4.808032315557144E-005
   55255.4134082066       3.194738483869308E-005  4.745054798332452E-005
   55255.4338422399      -3.167440227580531E-005  4.745385904931080E-005
   55255.4542760735      -1.484438689347556E-005  4.745184821928260E-005
   55255.4747100072      -3.508832634291359E-005  4.745272814640772E-005
   55255.4951440412      -8.669953718543066E-005  4.743833181292763E-005
   55255.5155778755       3.775621101032023E-005  4.744543472982424E-005
   55255.5360118099      -9.150909863864243E-005  4.744583387202532E-005
   55255.5564458446      -4.289621064157423E-005  4.745069917355220E-005
   55255.5768796795      -4.372278275266428E-005  4.744778120215790E-005
   55255.5973136147       5.649174996680273E-007  4.744017633370538E-005
   55255.6177476500       3.802618161752314E-005  4.745544352289693E-005
   55255.6381814856       5.320674321795948E-005  4.745190264776457E-005
   55255.6586154215       3.615792429667586E-005  4.744979807979520E-005
   55255.6790493575       1.408903461268540E-004  4.745117995847624E-005
   55255.6994832939       2.544426892625573E-005  4.745099248259391E-005
   55255.7199172303       2.989059661140381E-005  4.744443687432152E-005
   55255.7403511671       4.096694722544036E-005  4.745777790001237E-005
   55255.7607852041       8.655203540741674E-005  4.744538634895138E-005
   55255.7812190414       3.033595633161745E-005  4.744682870372349E-005
   55255.8016529787       6.549001189148917E-005  4.745027281711013E-005
   55255.8220870165       3.615341544827011E-005  4.744556475342005E-005
   55255.8425208544       6.381012094891503E-005  4.744671379915045E-005
   55255.8629547925       9.440238442692817E-005  4.744424939843919E-005
   55255.8833888309      -3.167709779272609E-005  4.744316082879987E-005
   55255.9038226695       2.019200725622561E-005  4.745449102446252E-005
   55255.9242566083      -2.728280724176857E-004  4.744544682504245E-005
   55255.9446906473      -4.191609734452983E-004  4.743837112238683E-005
   55255.9651244867      -5.114722337484778E-004  4.743405010567962E-005
   55255.9855584262      -4.909929322234330E-004  4.743160989540480E-005
   55256.0059924640      -4.648215558630264E-004  4.743221768012009E-005
   55256.0264264039      -4.985879343482047E-004  4.743392008208381E-005
   55256.0468602441      -6.358690285066526E-004  4.743167641910497E-005
   55256.0672941846      -4.412343664592644E-004  4.743083882524360E-005
   55256.0877282252      -4.240216551614218E-004  4.743732790981581E-005
   55256.1081620661      -5.617466105314328E-004  4.744001002445493E-005
   55256.1285960072      -5.727992790288683E-004  4.743406220089783E-005
   55256.1490300486      -4.548698384891914E-004  4.744066921384763E-005
   55256.1694638902      -4.075975726314240E-004  4.742839861496879E-005
   55256.1898978320      -2.837920178824227E-004  4.743859790772836E-005
   55256.2103318740      -4.923815327728676E-005  4.744328480478657E-005
   55256.2307657163      -5.518650343239173E-005  4.744664727545027E-005
   55256.2511996588       5.360327313264079E-005  4.744859762938739E-005
   55256.2716336015      -2.209106213479917E-005  4.745298214599023E-005
   55256.2920675445      -3.183452542809828E-005  4.744308825749058E-005
   55256.3125014877      -4.619426951679717E-005  4.744474530238600E-005
   55256.3329354311      -8.544055034254150E-005  4.745223224246092E-005
   55256.3533693747      -1.252445930987056E-004  4.744145237922704E-005
   55256.3738033185      -7.858860753906516E-005  4.744413449386615E-005
   55256.3942371626      -6.232659975158317E-005  4.745092898269828E-005
   55256.4146712070       7.169804686579795E-005  4.744878812907427E-005
   55256.4351051516      -3.624025809334519E-006  4.744361742328747E-005
   55256.4555389963       6.133590129664412E-005  4.744257723452101E-005
   55256.4759730413       4.365020254115670E-005  4.743304317876324E-005
   55256.4964069865       2.973031388786573E-005  4.744237766342047E-005
   55256.5168408320       6.670048817314367E-005  4.744952291358082E-005
   55256.5372748777      -5.884813239842579E-005  4.744226578265197E-005
   55256.5577088237      -3.328950123260288E-005  4.744810172544059E-005
   55256.5985767162       5.078524986945609E-005  4.744940196139867E-005
   55256.6190106628      -3.042911047579366E-007  4.744773886889414E-005
   55256.6394446096       6.071548038955044E-005  4.745503228547763E-005
   55256.6598785567       1.913753897597736E-005  4.744747579789798E-005
   55256.6803125040      -4.213148615717088E-005  4.744653539468178E-005
   55256.7007464515      -9.908031993388633E-005  4.744373535166506E-005
   55545.2851685616       1.291121710100818E-005  5.160574057156730E-005
   55545.3056014364       7.104784718947599E-005  5.160305609623030E-005
   55545.3260344115      -8.947058624864113E-006  5.160086762882072E-005
   55545.3464674867      -3.761323995976618E-005  5.160189651012966E-005
   55545.3669003620       1.468397037047708E-004  5.161214175495518E-005
   55545.3873333375      -7.592716757176543E-005  5.160249641160947E-005
   55545.4077664132      -7.391864140282589E-005  5.160078719510276E-005
   55545.4281992890       4.932810422353384E-006  5.160400119241635E-005
   55545.4486323649       5.770154587469989E-006  5.160260030516183E-005
   55545.4690653410       9.205033304393595E-005  5.160886072954327E-005
   55545.4894982173      -5.986861381279684E-005  5.160047886585056E-005
   55545.5099312937       2.303611085574531E-005  5.160248970879964E-005
   55545.5303642703       3.243335476454945E-005  5.160225175905066E-005
   55545.5507971470       5.277233042377816E-005  5.160867305086803E-005
   55545.5712302239       7.930088437646532E-005  5.160556629851172E-005
   55545.5916632009       8.990009723719439E-005  5.160523450942512E-005
   55545.6120962781      -8.271742829601969E-005  5.160172893988391E-005
   55545.6325291555      -1.135088399663031E-004  5.160657171998625E-005
   55545.6529621330      -6.277360057560522E-005  5.159385648973830E-005
   55545.6733952106      -9.487132939034471E-005  5.160115584964342E-005
   55545.6938280884      -4.818554850782863E-005  5.160656836858134E-005
   55545.7142610664      -9.836968036880389E-005  5.159947679578095E-005
   55545.7346941445       2.156133105390978E-005  5.160633041883236E-005
   55545.7551271228       4.971195673908468E-005  5.160508369620394E-005
   55545.7755600012      -3.133272384736596E-005  5.160181272500678E-005
   55545.7959930798      -3.896315924348803E-004  5.159712746093545E-005
   55545.8164260585      -3.734960941461640E-004  5.158581311794201E-005
   55545.8368590374      -4.695089123208929E-004  5.159514678063062E-005
   55545.8572920165      -4.840883222502201E-004  5.158634934272843E-005
   55545.8777249957      -5.289738466095484E-004  5.159513337501096E-005
   55545.8981579750      -5.277027314112281E-004  5.158665432057571E-005
   55545.9185909545      -4.719541686807327E-004  5.159286782528833E-005
   55545.9390239342      -5.151183177396490E-004  5.158834678005784E-005
   55545.9594569140      -5.055577595417526E-004  5.159373248775644E-005
   55545.9798898940      -5.015057763710917E-004  5.159031070333810E-005
   55546.0003228742      -5.061636575960371E-004  5.159888024570605E-005
   55546.0207558544      -4.844617429644593E-004  5.159676550920461E-005
   55546.0411888349      -5.816364324346956E-004  5.158342356623754E-005
   55546.0616219155      -1.902167087813877E-004  5.160189315872474E-005
   55546.0820547963       4.587082479767801E-005  5.160471839306819E-005
   55546.1024877772      -5.320753010851220E-006  5.159810942257558E-005
   55546.1229208583      -5.111544223046494E-005  5.159895397661419E-005
   55546.1433537395      -3.852951405336480E-005  5.160588133057374E-005
   55546.1637867209      -5.952323300717488E-005  5.160420897952110E-005
   55546.1842198024      -1.173775110011599E-004  5.160475525852226E-005
   55546.2046526841      -7.412440658272068E-005  5.158335653813923E-005
   55546.2250856660       8.003144703816467E-005  5.160614944296695E-005
   55546.2455187480      -5.711634931204745E-005  5.159281085140477E-005
   55546.2659516302      -5.766162483133996E-005  5.160065649031107E-005
   55546.2863847125      -1.614427469487367E-007  5.159904446454690E-005
   55546.3068176950      -8.123664503267847E-005  5.159406427684303E-005
   55546.3272506777       2.621771142985452E-005  5.160294214846318E-005
   55546.3476836605       3.394480852225712E-005  5.159428546956743E-005
   55546.3681166434       4.614017540616189E-005  5.160120947212206E-005
   55546.3885496265      -2.912273447008840E-005  5.160544899933969E-005
   55546.4089827098      -5.462510505305218E-005  5.158834678005784E-005
   55546.4294155932       4.246967124088563E-005  5.160237240962761E-005
   55546.4498485768       4.307835482642020E-005  5.159026378366929E-005
   55546.4702816606       2.105128028628833E-005  5.160049562287515E-005
   55546.4907145445       3.459107705339193E-005  5.160396432696229E-005
   55546.5111476285      -3.726177685403620E-005  5.159555565203026E-005
   55546.5315806128       2.665170573123987E-007  5.158434185118427E-005
   55546.5520134972      -1.105401982826049E-005  5.159643372011802E-005
   55546.5724465817       6.095084583934707E-005  5.159334372478628E-005
   55835.1589303118       7.758683542480327E-005  5.257885411999929E-005
   55835.1793633054       1.071918645767500E-004  5.259083016928957E-005
   55835.1997963989       1.361647162601010E-005  5.259314645389442E-005
   55835.2202295923       4.549144089494028E-005  5.258928597955300E-005
   55835.2406625854       5.980254924242701E-005  5.258308176834474E-005
   55835.2610956783       1.880507761309325E-005  5.259354108016044E-005
   55835.2815288710      -1.019583886402442E-004  5.258779326280765E-005
   55835.3019618637       2.993887184987720E-005  5.258338031169381E-005
   55835.3223949559       3.716324210611965E-005  5.259996147793182E-005
   55835.3428280481      -1.072807409985277E-005  5.258114981540766E-005
   55835.3632611400       6.247877195786344E-005  5.258796827097779E-005
   55835.3836942320       3.547328044772868E-005  5.259663289116632E-005
   55835.4041273235       6.031914909687686E-005  5.258821190980290E-005
   55835.4245604150       9.727814488647013E-005  5.259098115673048E-005
   55835.4449936062       2.015841530811358E-005  5.259359255315166E-005
   55835.4654265973      -4.985966181958457E-005  5.259117675409711E-005
   55835.4858596881      -7.053281552860113E-005  5.259084389542056E-005
   55835.5062928789      -1.881768671587736E-004  5.258190475261220E-005
   55835.5267259694      -8.659050888093489E-006  5.259362000541364E-005
   55835.5471589595      -4.959681396599080E-005  5.258685645436746E-005
   55835.5675921499       2.391048611882773E-005  5.258432055166674E-005
   55835.5880252397       1.027296541411538E-005  5.259533234025486E-005
   55835.6084582294      -2.522589308484591E-005  5.258176749130228E-005
   55835.6288914190      -6.987533097380094E-005  5.259716134720950E-005
   55835.6493245084      -2.127864300668358E-004  5.259896976496766E-005
   55835.6697576976      -4.695629955718816E-004  5.257320924862894E-005
   55835.6901906865      -5.385506721951039E-004  5.258342835315228E-005
   55835.7106237755      -5.064641978591577E-004  5.258840407563678E-005
   55835.7310569642      -5.914443000667458E-004  5.256600302985828E-005
   55835.7514899526      -4.998058182157372E-004  5.257470196537428E-005
   55835.7719230409      -5.073981789698312E-004  5.258910410831736E-005
   55835.8127892169      -6.402582170241811E-004  5.257856243971571E-005
   55835.8332223044      -4.826930653403227E-004  5.258665742546808E-005
   55835.8536554920      -6.890622649567968E-004  5.258968060581901E-005
   55835.8740884793      -4.863885076480390E-004  5.257616379832491E-005
   55835.8945215666      -4.731178269784531E-004  5.258062822242996E-005
   55835.9149547534      -4.316951910913192E-004  5.259269692310445E-005
   55835.9353877403      -1.877024502940916E-004  5.259403522087614E-005
   55835.9558209269      -1.285994534794277E-005  5.261121347381229E-005
   55835.9762540132       6.685528957328657E-006  5.259264888164597E-005
   55835.9966870994      -9.130511999255742E-005  5.260790547624328E-005
   55836.0171201855      -5.011881186745004E-005  5.258833201344907E-005
   55836.0375532714      -6.873678046115383E-005  5.259596031074773E-005
   55836.0579862571      -4.601582778496205E-005  5.259725056706095E-005
   55836.0784194426       8.311661744708765E-005  5.260346850440020E-005
   55836.0988525278      -5.441689299945374E-005  5.260510191398822E-005
   55836.1192855130      -4.117285878124655E-005  5.259984480581839E-005
   55836.1397186980       2.384517365650041E-005  5.260658090460258E-005
   55836.1601517827      -6.270047223644326E-007  5.259851337111219E-005
   55836.1805849672       7.863244908423717E-005  5.260172871729700E-005
   55836.2010179515       2.839307503710309E-005  5.260629265585175E-005
   55836.2214510358       1.631020442480757E-004  5.259513331135548E-005
   55836.2418842198      -1.111401077491525E-005  5.260621029906580E-005
   55836.2623172036      -3.809528221976333E-005  5.260684513262417E-005
   55836.2827502872       4.801038733082130E-005  5.260765497435268E-005
   55836.3031834706       6.950921371151608E-006  5.260474503458244E-005
   55836.3236164539       7.365330646802448E-005  5.261243853100330E-005
   55836.3440495370       3.159903139282605E-005  5.260833784936952E-005
   55836.3644827199       8.615891812358001E-005  5.261172820372448E-005
   55836.3849157026       2.929323080835822E-005  5.260459747867428E-005
   55836.4053487852      -4.809054137133728E-007  5.261314199521663E-005
   55836.4257819674      -5.151400845149201E-005  5.260275474558863E-005
