   55005.3715092543       1.177616465541931E-005  5.999106155874295E-005
   55005.3919434622      -1.956243526489709E-004  5.998958697277790E-005
   55005.4123777699       3.033639627125773E-005  5.999693216744392E-005
   55005.4328118773      -7.008841083577799E-005  5.998624026356570E-005
   55005.4532460845       9.157415625593579E-005  5.999404308835880E-005
   55005.4736802915       5.368073834333131E-007  5.999999228001088E-005
   55005.4941145983      -1.086363287361447E-005  5.999184276572757E-005
   55005.5145487048       7.693754847659662E-006  5.999406157846494E-005
   55005.5349829111      -7.729954061597155E-005  5.999187974593986E-005
   55005.5554172169      -1.097541134341684E-004  5.999494910355989E-005
   55005.5758513228      -2.406216371533265E-004  5.999493985850682E-005
   55005.5962855283      -1.401160331739870E-004  5.999047449787286E-005
   55005.6167197337      -1.700082295135186E-004  5.998053606582003E-005
   55005.6371539386      -3.840914137565044E-005  5.998583348123051E-005
   55005.6780223482      -4.887532777941850E-005  5.998131265027812E-005
   55005.6984565526       5.293812148132737E-005  5.998323562131717E-005
   55005.7188907565      -1.569837630455151E-005  5.998806153902096E-005
   55005.7393249605      -2.620373451662772E-004  5.997278408881884E-005
   55005.7597590640      -5.703709691866621E-004  5.996800901890694E-005
   55005.7801933675      -7.148630562153757E-004  5.996291961719059E-005
   55005.8006275705      -7.833460465849207E-004  5.995705363101616E-005
   55005.8210616736      -8.910479136430283E-004  5.995360060369362E-005
   55005.8414959761      -8.093758566718456E-004  5.996597510723102E-005
   55005.8619301787      -8.921283535818780E-004  5.996120003731913E-005
   55005.8823642808      -7.226632928690746E-004  5.997455451648220E-005
   55005.9027984827      -7.647548471173549E-004  5.997206297467919E-005
   55005.9232327845      -6.015016385100269E-004  5.997298747998643E-005
   55005.9436668859      -6.725420407611704E-004  5.996814307217649E-005
   55005.9641010871      -7.489000493446918E-004  5.997508610703386E-005
   55005.9845353880      -5.499348430533235E-004  5.997199825930768E-005
   55006.0049695890      -8.968159983779866E-005  5.999613709287970E-005
   55006.0254036894      -1.703706890099355E-004  5.998594442186739E-005
   55006.0458378897      -1.840479960948382E-004  5.998521406267467E-005
   55006.0662721897      -3.681634436669690E-005  5.998693826507266E-005
   55006.0867062895       5.064724145742439E-005  5.999326650390072E-005
   55006.1071404890      -1.152406280224838E-005  5.998903689212010E-005
   55006.1275747883       3.697503222044318E-005  5.999013243090917E-005
   55006.1480088874      -6.256758264144846E-005  5.998769635942460E-005
   55006.1684430862      -6.062887251023774E-006  5.999244369417728E-005
   55006.1888772848       9.487882684178217E-005  5.999286434409207E-005
   55006.2093114830       5.946663107625483E-005  5.999621567583081E-005
   55006.2297456811      -9.829098817992765E-005  5.999098297579183E-005
   55006.2501798790      -1.587697811158417E-004  5.999086279010190E-005
   55006.2706141767      -8.540993749051040E-005  5.999708933334615E-005
   55006.2910482739       2.727109691447183E-005  5.998979498647204E-005
   55006.3114824711       3.271459356612993E-005  5.999551767432384E-005
   55006.3319165681       3.838637683228896E-005  5.999860552205003E-005
   55006.3523508646       2.483406733611027E-005  5.999338206706412E-005
   55006.3727850611      -1.083722635598638E-004  5.998406767609369E-005
   55066.3050391143       2.236584862622681E-004  6.005054423021072E-005
   55066.3254725340      -2.145947553289229E-005  6.003665816049598E-005
   55066.3459057536      -9.728459453939298E-005  6.003369049845975E-005
   55066.3663390728      -1.030373540480412E-004  6.003801256077109E-005
   55066.3867722916       2.393500278419225E-005  6.004712356057393E-005
   55066.4072057103      -5.238795949213948E-005  6.004617594263401E-005
   55066.4276390286       1.303779564392205E-004  6.004704960014936E-005
   55066.4480723464      -1.277126520826677E-005  6.004736393195382E-005
   55066.4685056640       7.281349234000700E-005  6.004916671730293E-005
   55066.4889389813      -6.178469768414185E-005  6.003991704170401E-005
   55066.5093722984       1.115271775282700E-004  6.004813127135883E-005
   55066.5298055151       5.042279401479277E-005  6.005373377352069E-005
   55066.5502389315       6.949859934435310E-005  6.005209277660034E-005
   55066.5706722477       2.360697070131756E-004  6.005732085411278E-005
   55066.5911054634       8.093597229086313E-005  6.004865823938395E-005
   55066.6115388789       1.049568776760879E-004  6.005036857420234E-005
   55066.6319721939       2.637143026951172E-005  6.004802033072195E-005
   55066.6524054089       5.901569646415972E-005  6.005415904596202E-005
   55066.6728387232      -2.934880068520274E-004  6.003825293215098E-005
   55066.6932721375      -4.964849678590344E-004  6.002867967969451E-005
   55066.7137054514      -5.182030797363790E-004  6.003076443916233E-005
   55066.7341386650      -5.771106261982517E-004  6.003170281204919E-005
   55066.7545720781      -6.712960235372156E-004  6.003007568270845E-005
   55066.7750053913      -7.588570384493565E-004  6.002911881971545E-005
   55066.7954386038      -6.318936994873514E-004  6.003173054720840E-005
   55066.8158719162      -6.641589596312336E-004  6.002529136774348E-005
   55066.8363052282      -7.851590159141386E-004  6.003118971160367E-005
   55066.8567385400      -7.200409986790612E-004  6.003296938432010E-005
   55066.8771718512      -8.570022272029743E-004  6.002595238903816E-005
   55066.8976051623      -8.101339713475486E-004  6.003029294145565E-005
   55066.9180384731      -5.195774759586547E-004  6.003997713454897E-005
   55066.9384716835       1.003493345124173E-004  6.005182467006124E-005
   55066.9589050936       5.586519555533798E-005  6.004845022568982E-005
   55066.9793384035       1.178294158961091E-004  6.005327614339361E-005
   55066.9997717132       2.095406164721592E-004  6.005663672018542E-005
   55067.0202049224       4.133541873985180E-005  6.005654426965470E-005
   55067.0406383311       1.716044326502963E-004  6.005757971559881E-005
   55067.0610716398      -7.008999562962970E-007  6.005742254969658E-005
   55067.0815048481      -1.275419392479105E-004  6.005105733065624E-005
   55067.1019381561      -1.738533344851634E-004  6.005027150114508E-005
   55067.1223715637      -1.342267441943878E-004  6.004326375091621E-005
   55067.1428047710      -4.037522098998547E-005  6.005221296229029E-005
   55067.1632380781      -1.735190529033037E-004  6.004232075550283E-005
   55067.1836714847       3.428028844676412E-005  6.004895870360880E-005
   55067.2041046911       2.071832325745149E-005  6.004938859857667E-005
   55067.2245379973      -1.173952878470441E-004  6.004684620898176E-005
   55067.2449714030      -6.397136487445998E-005  6.004372138104329E-005
   55067.2654046085      -1.951014918862848E-004  6.004479842972623E-005
   55067.2858379137      -1.069836157031601E-004  6.005316058023021E-005
   55067.3062712185      -4.965173543625134E-005  6.003633920616499E-005
   55127.2155742419       1.118529369881216E-005  6.054127982714838E-005
   55127.2360068846      -9.958767861406592E-005  6.053334179759216E-005
   55127.2564394272       1.331509548596621E-005  6.054479597014081E-005
   55127.2768721697      -3.112481774369957E-005  6.054415498238261E-005
   55127.2973048122      -6.312866924795824E-005  6.054492602562798E-005
   55127.3177373545       6.002660190262965E-005  6.054460088691005E-005
   55127.3381700968       3.358876274495159E-005  6.054550663048141E-005
   55127.3586027389       3.653675001302759E-005  6.054137736876376E-005
   55127.3790352810       6.305485901969554E-005  6.054648204663519E-005
   55127.3994679230       4.543164167980507E-005  6.054242710233878E-005
   55127.4199005648       1.167268983757186E-004  6.054898096992439E-005
   55127.4403332065       6.849398641484150E-005  6.054012326228033E-005
   55127.4607658483      -9.520451819500231E-005  6.054539050951073E-005
   55127.4811985899       9.671163779279013E-005  6.054203693587727E-005
   55127.5016311314      -2.159853368155495E-006  6.054887878347019E-005
   55127.5220637728       3.471912573305147E-005  6.053931970516317E-005
   55127.5424963141       5.918468440246905E-005  6.054650062599050E-005
   55127.5629290554       6.370004520972472E-005  6.054317027655118E-005
   55127.5833616965       3.959619121962632E-005  6.054251535427650E-005
   55127.6037943376      -4.203189650895389E-004  6.052870160360348E-005
   55127.6242269785      -5.830889110884918E-004  6.052696443388199E-005
   55127.6446596194      -5.981578183547054E-004  6.052504611544623E-005
   55127.6650921601      -7.196447072119749E-004  6.051681081620505E-005
   55127.6855249009      -7.150366080840298E-004  6.053086609849710E-005
   55127.7059575415      -6.377675378436143E-004  6.052847865133976E-005
   55127.7263901820      -6.325606064182532E-004  6.052947729168768E-005
   55127.7468227224      -5.994503280549734E-004  6.053011363460705E-005
   55127.7672554628      -6.149788212468366E-004  6.053139561012344E-005
   55127.7876881030      -6.793572364949263E-004  6.052342971153426E-005
   55127.8081206432      -6.800660406980352E-004  6.052874340715293E-005
   55127.8285533832      -3.941310058346303E-004  6.053646312928425E-005
   55127.8489860232      -3.392118903181585E-004  6.053937079839027E-005
   55127.8694185631       4.010403258725148E-005  6.054656100889526E-005
   55127.8898513029      -1.425599749260709E-005  6.054517220208583E-005
   55127.9102839426      -6.877997384768797E-005  6.054803342280358E-005
   55127.9307164822       2.803280628449478E-005  6.053655138122198E-005
   55127.9511491217      -2.175431131471450E-004  6.054019757970157E-005
   55127.9715818612      -7.871103108625377E-005  6.054720664149228E-005
   55127.9920145005      -1.118302636318180E-004  6.054192545974541E-005
   55128.0124470397       6.584126858388828E-006  6.053901314580055E-005
   55128.0328797790       1.968517134995906E-004  6.054912960476687E-005
   55128.0533124181       1.491706137619619E-004  6.054161425554396E-005
   55128.0737449571       9.222329528046913E-005  6.054113583714473E-005
   55128.0941775959       3.887168448546419E-005  6.054850255152516E-005
   55128.1146103348       2.274446494499038E-005  6.053982134775654E-005
   55128.1350428736      -1.182013240297319E-005  6.054880446604895E-005
   55128.1554755122       1.672420944331954E-005  6.054618477695023E-005
   55128.1759082507      -4.231992045755639E-005  6.054977988220273E-005
   55128.1963407893      -1.224698438329064E-005  6.055122442707808E-005
   55128.2167734277      -1.166640927474649E-005  6.054554843403087E-005
   55128.2372061660      -3.706592745456039E-005  6.054590144178175E-005
   55188.1458725595      -9.880003648365943E-005  6.116016015461570E-005
   55188.1663054794      -1.304898770779772E-004  6.115577718260815E-005
   55188.1867384995      -1.424353811817491E-004  6.116084966506353E-005
   55188.2071714199      -1.713310204161100E-004  6.115685243316665E-005
   55188.2276042406      -1.243028840207661E-004  6.115983709727301E-005
   55188.2480372614      -2.494877122638517E-005  6.117389732430712E-005
   55188.2684701826       8.179394615326352E-005  6.116664058847504E-005
   55188.2889030040      -6.247749710475148E-006  6.116445633509834E-005
   55188.3093359258      -2.341987726861561E-006  6.116810157914422E-005
   55188.3297688478       1.140631154619154E-004  6.116687203254145E-005
   55188.3502017700       8.958534393332940E-005  6.116850660626044E-005
   55188.3706346926       9.931087878700673E-005  6.116424899978886E-005
   55188.3910676153       1.416549655774979E-004  6.116963489608416E-005
   55188.4115005383       9.017674365074946E-005  6.116831373620510E-005
   55188.4319333617      -9.169447064827363E-005  6.116583535599400E-005
   55188.4523663852      -9.423592059576436E-005  6.116551229865131E-005
   55188.4727993091       3.474595969921168E-005  6.116635610514342E-005
   55188.4932322332      -1.467587519465852E-004  6.117173717968734E-005
   55188.5136651576      -1.557228550101986E-004  6.117144787460433E-005
   55188.5340980823      -3.012652769983637E-004  6.116321714499279E-005
   55188.5545310072      -7.617282328279407E-004  6.114969695411364E-005
   55188.5749638323      -8.266330879970196E-004  6.114925335298636E-005
   55188.5953968578      -6.874556263276599E-004  6.115466817978996E-005
   55188.6158297836      -7.890656090717707E-004  6.114962462784288E-005
   55188.6362626095      -6.279707211968022E-004  6.115536733374055E-005
   55188.6566956357      -7.606938721951284E-004  6.114997179394248E-005
   55188.6771285622      -5.579919830712710E-004  6.115799036649314E-005
   55188.6975613891      -7.713515733975829E-004  6.115015984224644E-005
   55188.7179944161      -7.445261887030208E-004  6.115124473630771E-005
   55188.7384273435      -6.581651785595444E-004  6.115661616734887E-005
   55188.7588601711      -8.029804022787745E-004  6.115015984224644E-005
   55188.7792931989      -3.242202580130416E-004  6.116506869752404E-005
   55188.7997261271      -1.316393414625416E-004  6.116311588821375E-005
   55188.8201590555      -1.084979630051608E-004  6.117000134918930E-005
   55188.8405918841       8.296523381923215E-005  6.117296672629011E-005
   55188.8610249131       6.529829834622802E-005  6.117507865339606E-005
   55188.8814578422       2.334786847235648E-005  6.117214702855493E-005
   55188.9018906717       5.991296552365633E-005  6.117346336668261E-005
   55188.9223237014      -8.246109865395201E-005  6.116890681162526E-005
   55188.9427566314      -5.985094055238616E-005  6.117134661782528E-005
   55188.9631894617      -1.886964733355256E-006  6.117362248447826E-005
   55188.9836224922      -1.303485083176126E-004  6.117008814071419E-005
   55189.0040554230       2.683674131787050E-005  6.117707968022019E-005
   55189.0244882541       1.133099684147432E-005  6.117325603137312E-005
   55189.0449211855       1.093287155506939E-004  6.117974610873524E-005
   55189.0653542171       7.158208750612793E-005  6.117692056242453E-005
   55189.0857871490       2.427317131448170E-005  6.117358873221858E-005
   55189.1062199811       1.810058981854823E-005  6.117635641751268E-005
   55189.1266530136      -8.029948890719840E-005  6.117529563220831E-005
   55189.1470858463       1.441893145801565E-004  6.117791866496090E-005
   55189.1675187792       3.086317613942846E-005  6.117467844803124E-005
   55249.0782690656      -2.909217120561358E-005  6.105006992702898E-005
   55249.0987029761       1.286739387562630E-004  6.104850285782937E-005
   55249.1191369868      -9.291312455861345E-005  6.104205135447832E-005
   55249.1395707979      -1.241011612074239E-005  6.105105356431120E-005
   55249.1600047093      -3.317716301587392E-005  6.104652111801077E-005
   55249.1804385211       1.851865525992480E-005  6.105327156994759E-005
   55249.2008725332       4.595816723274027E-005  6.105109213832228E-005
   55249.2213064455      -9.060561448848148E-005  6.104430311237439E-005
   55249.2417403582      -3.177189117253842E-005  6.104527710615384E-005
   55249.2621742712       1.000584117871739E-004  6.105337282672664E-005
   55249.2826081846       2.900976629183205E-005  6.105250973322900E-005
   55249.3030420982      -1.508928783033880E-006  6.104713348043646E-005
   55249.3234760123       1.790277051960665E-005  6.104867644087917E-005
   55249.3439099267       3.608674729416173E-005  6.104406684655660E-005
   55249.3643438413       3.007738615945499E-005  6.104390772876095E-005
   55249.3847778562       4.934171037551671E-005  6.104975169143767E-005
   55249.4052116716      -8.028345122823577E-005  6.104522888864001E-005
   55249.4256455872       1.215509695073891E-005  6.105117410809579E-005
   55249.4460796032      -6.121528846048108E-006  6.105085105075310E-005
   55249.4665134195      -5.336943486843326E-004  6.103884006805695E-005
   55249.4869473361      -6.891266258519657E-004  6.103767320422215E-005
   55249.5073811531      -5.752071823319493E-004  6.103825663613955E-005
   55249.5278151703      -6.965676884853611E-004  6.103241267346282E-005
   55249.5482490879      -7.831865449158260E-004  6.102761503083630E-005
   55249.5686830058      -7.658944398618583E-004  6.103806858783560E-005
   55249.5891169240      -8.206470567565516E-004  6.103600487824348E-005
   55249.6095508426      -9.017467753005270E-004  6.102663139355408E-005
   55249.6299847615      -7.232566415932284E-004  6.103745140365852E-005
   55249.6504186807      -7.262665725277229E-004  6.104233583780994E-005
   55249.6708526003      -7.675864696040646E-004  6.104149685306923E-005
   55249.6912865202      -5.835526713702244E-004  6.105233132842781E-005
   55249.7117204403      -2.433225585036780E-004  6.105847906144170E-005
   55249.7321543609      -1.084378726620150E-004  6.106493056479274E-005
   55249.7525881817       6.429492036552631E-006  6.107035503509912E-005
   55249.7730222028      -7.007764334132638E-005  6.106577437128485E-005
   55249.7934561244       2.166478147236361E-005  6.107124223735367E-005
   55249.8138900462      -3.490448329301898E-005  6.106552364021291E-005
   55249.8343239683       5.226103758415590E-006  6.106607814162200E-005
   55249.8547578907      -1.168527865225144E-005  6.106277524192435E-005
   55249.8751917136      -5.284623071144523E-006  6.106834918652360E-005
   55249.8956256367       4.266999200441823E-005  6.106866260036353E-005
   55249.9160596601      -4.297692484966920E-005  6.105743756314287E-005
   55249.9364935839       1.303642799799221E-005  6.106646870348407E-005
   55249.9569274080       7.357006014463430E-005  6.106650245574375E-005
   55249.9773614324      -5.871183615480113E-005  6.106014256566899E-005
   55249.9977953571      -5.957179303051063E-005  6.105638642134129E-005
   55250.0182291822      -6.428784807233079E-005  6.106273184616190E-005
   55250.0386632075       5.239060839401510E-005  6.106799719867261E-005
   55250.0590971333      -1.797851040563625E-005  6.106214359249311E-005
   55250.0795309593       1.240441007368531E-004  6.106883618341333E-005
   55250.0999649857      -1.316774166493229E-005  6.105962663827096E-005
   55310.0133167925       1.142133771574461E-004  6.253147658772747E-005
   55310.0337513213       2.134844301384664E-004  6.253314725130774E-005
   55310.0541858502       3.511732102690068E-005  6.252903634733763E-005
   55310.0746202791       8.150216073854466E-005  6.253595279714516E-005
   55310.0950549081      -9.822647548374253E-005  6.252366392188853E-005
   55310.1154894372      -1.539916216510839E-004  6.252395129550730E-005
   55310.1359238663      -8.350009187840790E-005  6.252930423799918E-005
   55310.1563584954      -9.750054638613115E-005  6.252918734025596E-005
   55310.1767930246       5.990524461152447E-006  6.252534432694741E-005
   55310.1972274539       1.415267840010337E-004  6.253055601799956E-005
   55310.2176620833       4.176576250602970E-005  6.253463282679457E-005
   55310.2380966127       8.588921599139709E-005  6.252605545488537E-005
   55310.2585311422      -6.464046560039627E-005  6.252825215831015E-005
   55310.2789656717      -4.652887631539926E-005  6.252668378025520E-005
   55310.2994002013      -8.887328095275038E-005  6.252514462663607E-005
   55310.3198347309      -8.716070465508707E-005  6.252569502017709E-005
   55310.3607037904      -4.257984257161063E-005  6.252222705379472E-005
   55310.3811383202      -3.855991503876055E-005  6.252140389885283E-005
   55310.4015729500      -5.645586722865525E-004  6.250957287309051E-005
   55310.4220073800      -6.419878363221887E-004  6.251256837776068E-005
   55310.4424420100      -7.952849936561091E-004  6.250135593588960E-005
   55310.4628765400      -7.681268281780618E-004  6.250151667028653E-005
   55310.4833109701      -8.027056891214412E-004  6.250213038343847E-005
   55310.5037456003      -7.890900354484698E-004  6.250428812094884E-005
   55310.5241801305      -7.107762501588066E-004  6.250230085931400E-005
   55310.5446145608      -6.337268430310905E-004  6.250577369643567E-005
   55310.5650491911      -6.190093735225499E-004  6.250298763355546E-005
   55310.5854837215      -6.402404115254390E-004  6.250284638211573E-005
   55310.6059181520      -5.546870550917626E-004  6.251213975270218E-005
   55310.6263527825      -5.859539322742302E-004  6.250960696826563E-005
   55310.6467873131      -1.863646726473212E-004  6.251782877620584E-005
   55310.6672217437      -1.107258878629835E-004  6.252249007371698E-005
   55310.6876563744       1.842826102160799E-006  6.252303559651869E-005
   55310.7080909051      -6.162573478529776E-005  6.252547583690853E-005
   55310.7285254359      -3.788758669986958E-005  6.252085837605111E-005
   55310.7489599668      -1.949746002649633E-005  6.252312814056542E-005
   55310.7693944977      -5.700643514794379E-006  6.252006931628434E-005
   55310.7898290286       5.876809370564118E-005  6.253013713441968E-005
   55310.8102635596       3.198598700926425E-005  6.252375646593526E-005
   55310.8306980907       1.123514818375249E-004  6.252101911044805E-005
   55310.8511325219       1.934392314884015E-005  6.252424841060467E-005
   55310.8715671530       7.849537825155295E-005  6.252010828219875E-005
   55310.8920016843       1.415685395875776E-004  6.252107268858037E-005
   55310.9124361156       1.655251182413053E-004  6.252912402064504E-005
   55310.9533052784       7.666032468489625E-005  6.251770213698401E-005
   55310.9737397098       9.088229165143957E-005  6.252899738142321E-005
   55310.9941743413       8.749496997872974E-005  6.252319633091563E-005
   55311.0146088729       1.601116684279980E-004  6.252174485060390E-005
   55431.8621782883       1.986996991345524E-004  6.018943435715385E-005
   55431.8826116911       9.015286424851610E-005  6.021606572747219E-005
   55431.9030450937      -8.874505983713643E-005  6.021945210460671E-005
   55431.9234784958       1.845498258856715E-004  6.023790832901718E-005
   55431.9439118976       1.484443929498092E-004  6.025268737936468E-005
   55431.9643452990       1.865457227667733E-005  6.028612433586334E-005
   55431.9847787002       9.893937541116671E-005  6.027563219507395E-005
   55432.0052121011       9.136038617807429E-005  6.029667745020224E-005
   55432.0256455018       1.101794300617520E-004  6.032624962171635E-005
   55432.0460790021       1.174203339175950E-004  6.032645599373008E-005
   55432.0665124018       6.201551137574590E-005  6.033295671216285E-005
   55432.0869457016       2.080558590076276E-004  6.037167491610400E-005
   55432.1073792009       2.444925681219789E-004  6.036529614477026E-005
   55432.1278125997       1.629092146175903E-004  6.037453129238506E-005
   55432.1482458986       1.107534793747256E-004  6.040368602959865E-005
   55432.1686793969       1.295444752749120E-004  6.039947885468221E-005
   55432.1891127948       1.401419797941728E-004  6.041051506714417E-005
   55432.2095460927       2.532259669505432E-004  6.043271412944018E-005
   55432.2299795902       1.394440075259684E-004  6.044106281545051E-005
   55432.2504129871      -2.798761025029073E-004  6.043400395452604E-005
   55432.2708462839      -5.007478536468435E-004  6.043868015674644E-005
   55432.2912797804      -5.573631535787937E-004  6.045284947159879E-005
   55432.3117131767      -7.106776748686539E-004  6.045352018064344E-005
   55432.3321465725      -8.005282873639885E-004  6.047899305352102E-005
   55432.3525799680      -6.135136105572814E-004  6.049774476513298E-005
   55432.3730132631      -7.702717251187874E-004  6.048659129584503E-005
   55432.3934467580      -7.272213847919762E-004  6.049739299465501E-005
   55432.4138801527      -6.462223430045988E-004  6.051859771906664E-005
   55432.4343135471      -8.494354375675472E-004  6.049938167042377E-005
   55432.4547469410      -6.212513986483259E-004  6.050698460302081E-005
   55432.4751803345      -6.700769754285352E-004  6.051750488544843E-005
   55432.4956137280      -3.275427440747603E-004  6.053377075234945E-005
   55432.5160472210      -9.455044665984680E-005  6.053850792811936E-005
   55432.5364805135      -1.380458857114242E-005  6.053695544774328E-005
   55432.5569139061      -8.131667457234037E-005  6.055227387949032E-005
   55432.5773473982      -1.076200504732672E-004  6.055334326174332E-005
   55432.5977806898      -1.406278784255033E-005  6.055612928392880E-005
   55432.6182140814       2.714940982473379E-005  6.056783620543541E-005
   55432.6386475726       6.408084064646324E-005  6.056097902625165E-005
   55432.6590808632      -4.705697912910090E-005  6.055652326686411E-005
   55432.6795142537       2.640343063853301E-005  6.057669613120704E-005
   55432.6999477439      -3.602314949080476E-005  6.057164001687045E-005
   55432.7203810339      -8.513831491252510E-006  6.057293922250240E-005
   55432.7408145234      -4.770853533009323E-005  6.056876956977028E-005
   55432.7612479127      -1.270486278042160E-004  6.057947746311947E-005
   55432.7816812015      -5.765872188812082E-006  6.057635843154820E-005
   55432.8021146901      -8.049668934884124E-005  6.057648506892027E-005
   55432.8225480785      -6.794807033561057E-005  6.058840305271366E-005
   55432.8429813666      -1.351318834488247E-004  6.058413959452074E-005
   55432.8634148543      -5.189311956399489E-005  6.058311711499813E-005
   55432.8838482415      -6.673348128982681E-006  6.059086544605940E-005
   55493.5698037249      -3.810240603360215E-004  6.079688296582488E-005
   55493.5902362954      -2.678975008290063E-004  6.080679208346907E-005
   55493.6106689656      -2.714567875097273E-004  6.082294652206820E-005
   55493.6311017356      -1.326772181221569E-004  6.082522819596547E-005
   55493.6515343057      -1.767697066401563E-004  6.082911219526903E-005
   55493.6719670755      -6.535523427386725E-005  6.082071638495301E-005
   55493.6923996453      -2.631410880499230E-004  6.083050837354703E-005
   55493.7128323149      -1.444345214264287E-004  6.082117084566766E-005
   55493.7332650844      -1.244297512978942E-004  6.082990867281017E-005
   55493.7536976539      -1.187640866666673E-004  6.082329790921870E-005
   55493.7741303231      -6.364171618666870E-005  6.082280128204599E-005
   55493.7945630923       2.033268240753117E-005  6.082039310877455E-005
   55614.6557091248      -7.878878141287515E-005  6.122675893484918E-005
   55614.6761428357      -1.261052452821154E-004  6.123192834240781E-005
   55614.6965767469      -5.316970999924564E-005  6.123382443842604E-005
   55614.7783119951      -8.335646599488822E-005  6.123057052428735E-005
   55614.7987459080      -1.126279211294268E-005  6.123387778128077E-005
   55614.8191796212      -1.481784112861151E-004  6.123105060997995E-005
   55614.8396134348      -6.249822395898441E-005  6.122495012713870E-005
   55614.8600473486       1.326244898194329E-004  6.123269938912623E-005
   55614.8804810630       3.461342377053533E-005  6.122917876071387E-005
   55614.9009148775       7.579329811346902E-005  6.123857680184767E-005
   55614.9213487924      -2.200382200878703E-005  6.123712684606903E-005
   55614.9417825077       4.103972597091499E-006  6.123328131117786E-005
   55614.9622163233       4.088216335196293E-005  6.123157918917684E-005
   55614.9826502392       2.810701644406777E-005  6.123896959923253E-005
   55615.0030839555       5.596735885515791E-005  6.123052203078304E-005
   55615.0235178722      -4.868262164847703E-005  6.124663642226274E-005
   55615.0439516890      -5.341584999098981E-004  6.121806404952776E-005
   55615.0643854064      -6.811698919954035E-004  6.122190958441894E-005
   55615.0848193240      -7.665739500585245E-004  6.122021716111879E-005
   55615.1052530420      -5.986572767926468E-004  6.122097850913633E-005
   55615.1256868603      -9.491308627257444E-004  6.121638617427891E-005
   55615.1461207789      -8.429994585696932E-004  6.120955343952269E-005
   55615.1665545979      -7.352346501292573E-004  6.120938856160806E-005
   55615.1869884172      -7.163278919480875E-004  6.121950430660555E-005
   55615.2074222369      -6.070233044173090E-004  6.122656981018240E-005
   55615.2278560569      -6.647333528675414E-004  6.122153618443582E-005
   55615.2482898772      -6.126968419805090E-004  6.122353896616351E-005
   55615.2687236979      -4.218228617050013E-004  6.122144889612808E-005
   55615.2891575189      -6.905553004543652E-005  6.123282547223741E-005
   55615.3095913402       1.286801107704960E-004  6.124197619649927E-005
   55615.3300251620       6.769314113275193E-005  6.124394988212438E-005
   55615.3504589840       5.303410041523904E-005  6.123670495258160E-005
   55615.3708929063       1.108342083746550E-004  6.123333465403258E-005
   55615.3913266290       5.826893153360047E-005  6.123720443567592E-005
   55615.4117605521       3.764089600011289E-007  6.124295576528618E-005
   55615.4321943753       1.927554045222379E-005  6.123458093709315E-005
   55615.4526280991      -1.447124472053751E-005  6.122659890628498E-005
   55615.4730620231      -6.195357200045049E-005  6.123913932649758E-005
   55615.4934958475       1.102716334822063E-004  6.123227749563880E-005
   55615.5139295722      -1.103699081071996E-004  6.123389232933206E-005
   55615.5343634972      -1.341451820761064E-004  6.123424633191348E-005
   55615.5547973226      -9.657076411229149E-005  6.122917876071387E-005
   55615.5752312484      -7.571393338667853E-005  6.123209322032244E-005
   55615.5956649744      -1.022279165513451E-004  6.123281577353654E-005
   55615.6160988009       6.760751028789258E-006  6.123320372157097E-005
   55615.6365326276       1.150258915629809E-004  6.123650127986353E-005
   55615.6569664546      -2.278449890069645E-005  6.123671950063290E-005
   55675.5701289732       1.376530408916388E-004  6.263859374447667E-005
   55675.5905633784       6.915844635302371E-005  6.262170350998545E-005
   55675.6109978836      -7.269950147681392E-005  6.262945217292534E-005
   55675.6314324889       1.319797888634788E-004  6.263577383508497E-005
   55675.6518668944      -2.413994191352575E-005  6.262159636316918E-005
   55675.6723013999      -6.946509525518341E-005  6.263147335150489E-005
   55675.6927360055      -5.597904118548325E-005  6.263343608636646E-005
   55675.7131704112      -9.141067840856554E-005  6.263289548197531E-005
   55675.7336050170      -3.805192215355913E-005  6.262260938761387E-005
   55675.7540395229       1.048327356885093E-004  6.263039701303241E-005
   55675.7744739289      -4.877680825010611E-005  6.262265809071217E-005
   55675.7949085349       8.504529525232840E-005  6.263793625264960E-005
   55675.8153429411       1.401252862107683E-004  6.263305620219971E-005
   55675.8357775474       1.195411670744662E-004  6.263612449739276E-005
   55675.8562120537       8.038517185227079E-008  6.263531602596093E-005
   55675.8766464601       5.087127983571804E-005  6.263199447465672E-005
   55675.8970810667       1.097532092275699E-004  6.263167303420792E-005
   55675.9175155733       3.527814657955375E-006  6.261912711608525E-005
   55675.9379500800       1.632806464944014E-004  6.262824433608744E-005
   55675.9788190937      -5.319160552460511E-004  6.261573738044342E-005
   55675.9992536007      -6.945040730309548E-004  6.260706822894561E-005
   55676.0196881078      -6.933241961570857E-004  6.262073431832923E-005
   55676.0401226149      -7.235124374891377E-004  6.259500934180597E-005
   55676.0605571222      -6.504068676104202E-004  6.260858289530281E-005
   55676.0809917295      -7.487782246383690E-004  6.260329860913701E-005
   55676.1014261370      -8.283706542464575E-004  6.259943645344164E-005
   55676.1218607445      -6.638171951772742E-004  6.260601624202228E-005
   55676.1422952521      -6.183198080352836E-004  6.260732635536661E-005
   55676.1627296598      -5.953543689160012E-004  6.258788407852434E-005
   55676.1831642676      -5.062509230845391E-004  6.259744449672107E-005
   55676.2035987755      -4.509294840827627E-004  6.259236963387798E-005
   55676.2240331835       1.783818489007327E-004  6.262396333374668E-005
   55676.2444677915      -6.829272860553459E-007  6.260402915561154E-005
   55676.2649022997      -4.568874466437389E-005  6.261399380952420E-005
   55676.2853369079       9.118036360611370E-006  6.260716076483239E-005
   55676.3057713163       8.517218814674266E-007  6.260547076732130E-005
   55676.3262058247      -8.135614803084223E-005  6.262102653691905E-005
   55676.3466404332       2.774625900947569E-005  6.262004760464316E-005
   55676.3670748418       1.193794918246116E-004  6.260342523719260E-005
   55676.3875093505      -2.637519252679521E-005  6.261441265616959E-005
   55676.4079439593       1.661654430273884E-006  6.260581655931924E-005
   55676.4283783681      -1.183560855433363E-005  6.261446622957772E-005
   55676.4488128771      -6.047857463575834E-005  6.260904070442685E-005
   55676.4692473861       5.326410241091040E-005  6.261530879317836E-005
   55676.4896818953       2.367142464532179E-005  6.261892256307238E-005
   55676.5101165045       2.499824271762208E-005  6.261983331101064E-005
   55676.5305509138       4.456416406450892E-005  6.260922090589057E-005
   55676.5509854232       3.664894199406632E-005  6.261237686666056E-005
   55676.5714200327       1.360842599380518E-004  6.260981021338003E-005
   55676.5918545422       9.035477607000075E-006  6.261789979800804E-005
   55736.5057889116      -1.255763048424452E-004  6.224736175581442E-005
   55736.5262233385       4.798657028537434E-005  6.225019627613561E-005
   55736.5466576649      -2.280946754473767E-005  6.224201415562083E-005
   55736.5670919913      -9.102628412249736E-006  6.224803385857098E-005
   55736.5875262178      -1.235663315166668E-004  6.223905787755388E-005
   55736.6079606437       1.101513727699288E-004  6.224852575986383E-005
   55736.6283949695       1.398808724206724E-004  6.224461003076033E-005
   55736.6488292952       1.358656793293278E-005  6.223656427892080E-005
   55736.6692636207      -2.529094377035079E-006  6.225299670428799E-005
   55736.6896979460      -1.358356587832787E-005  6.224682115142325E-005
   55736.7101323710       2.264756769920773E-004  6.224985535444749E-005
   55736.7305665958       2.361480796175819E-005  6.225199342046297E-005
   55736.7510009204       1.013791707449307E-005  6.225347886496118E-005
   55736.7714353449       3.986302875436110E-005  6.224124951697748E-005
   55736.7918695691      -3.134285410655302E-005  6.224438112619832E-005
   55736.8123038932       9.834756813198453E-005  6.224487789780100E-005
   55736.8327383170       6.282097226550931E-005  6.224189726818490E-005
   55736.8531725407      -8.984437542636226E-005  6.222228453049857E-005
   55736.8736068643      -5.667201563142044E-006  6.223549281075815E-005
   55736.8940412875      -5.031531974469816E-004  6.223287258406949E-005
   55736.9144755106      -6.241722775802705E-004  6.220859408956579E-005
   55736.9349099334      -6.015424202693298E-004  6.222648760788206E-005
   55736.9553442561      -6.429922827477785E-004  6.223925756025691E-005
   55736.9757784785      -8.814631029873121E-004  6.220856486770681E-005
   55736.9962129008      -8.585190161539691E-004  6.220907625023899E-005
   55737.0166472230      -7.812943285407936E-004  6.221590929493080E-005
   55737.0370815448      -7.099777941595997E-004  6.223471356118531E-005
   55737.0575158666      -8.044030943592517E-004  6.221680543193956E-005
   55737.0779501879      -6.894964123136393E-004  6.220549657251377E-005
   55737.0983845092      -7.489189853729927E-004  6.220774665565534E-005
   55737.1188189303      -4.914442985455292E-004  6.224288594108043E-005
   55737.1392531511      -2.022492470854509E-004  6.222131533884235E-005
   55737.1596874719      -4.525391319809557E-005  6.223409016152704E-005
   55737.1801218923      -1.043858122318220E-004  6.223809355620748E-005
   55737.2005561127      -1.199903811417435E-004  6.223004293405812E-005
   55737.2209905326      -1.255595769533713E-005  6.224156121680662E-005
   55737.2414247525       5.403725826802486E-006  6.222186081354333E-005
   55737.2618590722       7.061709514033510E-005  6.224392818738410E-005
   55737.2822934917      -3.000207687342549E-005  6.222806558826705E-005
   55737.3027277111      -4.422391642278090E-005  6.224068943134700E-005
   55737.3231620301       2.462812480241716E-005  6.224438112619832E-005
   55737.3435964491      -5.529938835968640E-005  6.221543687487727E-005
   55737.3640306676       5.701427617310628E-005  6.223597984174117E-005
   55737.3844649861      -1.119742260918821E-004  6.223879001051321E-005
   55737.4048994044      -5.669663234220135E-005  6.222378945623610E-005
   55737.4253336227      -5.122394811318820E-005  6.222100363901322E-005
   55737.4457679405      -1.851651393190989E-004  6.221503263916135E-005
   55737.4662023581      -1.437938593515931E-004  6.222504112586248E-005
   55737.4866365756      -2.903214119120978E-005  6.223825914674171E-005
   55737.5070709930       5.297850373287005E-005  6.222089649219695E-005
   55797.4397705520      -1.111191206215612E-005  6.111184448106410E-005
   55797.4602040539      -7.375283290134149E-005  6.111059423281404E-005
   55797.4806374554      -4.922001136220544E-005  6.111149270018766E-005
   55797.5010710567      -6.497325210741423E-005  6.110273620864166E-005
   55797.5215045578      -6.859104862777521E-005  6.111138336288822E-005
   55797.5419380586       1.041750410779585E-005  6.111401696566590E-005
   55797.5623715589      -1.042866898135486E-004  6.110852633171604E-005
   55797.5828050588      -1.328139597717160E-004  6.110893515814002E-005
   55797.6032385587      -9.734705374397912E-005  6.111008082288627E-005
   55797.6236720581      -2.497296877568278E-005  6.111161154507835E-005
   55797.6441055571      -8.246479987594757E-005  6.111331815770864E-005
   55797.6645391560      -1.882708173213121E-004  6.110323535718256E-005
   55797.6849726545      -8.238570117202748E-005  6.110752328083863E-005
   55797.7054060525      -7.341867579180317E-005  6.110937726113338E-005
   55797.7258396503      -2.181845516402436E-005  6.110976707237484E-005
   55797.7462731479       6.279727361468979E-005  6.111163056026086E-005
   55797.7667065452       1.061381087219537E-005  6.111255755040823E-005
   55797.7871401420       1.681315356227842E-005  6.111443054588549E-005
   55797.8075736384      -7.821382166184332E-005  6.110676742733385E-005
   55797.8280070348      -4.157456681749272E-004  6.110351583112457E-005
   55797.8484406308      -6.308411714444073E-004  6.109475933957858E-005
   55797.8688741264      -7.557258389617738E-004  6.109313354147395E-005
   55797.8893075217      -8.150667248656429E-004  6.109345679957662E-005
   55797.9097411167      -7.991989140011535E-004  6.109008635847667E-005
   55797.9301746112      -7.686463025498025E-004  6.109430772899396E-005
   55797.9506082057      -7.891457459596740E-004  6.109221130512219E-005
   55797.9710415998      -6.574646823503949E-004  6.109448837322781E-005
   55797.9914750934      -7.314534685294305E-004  6.109267242329808E-005
   55798.0119086867      -6.235593426034969E-004  6.109844828498558E-005
   55798.0323420799      -6.758804442468236E-004  6.109474507819170E-005
   55798.0527755725      -5.804979677165312E-004  6.109349482994165E-005
   55798.0732090652      -1.029680095256946E-004  6.110879254427119E-005
   55798.0936425572       1.814827907360428E-004  6.111556194924487E-005
   55798.1140760491       8.524744555615804E-005  6.111280474778087E-005
   55798.1345095406       8.523182034503307E-005  6.110942004529403E-005
   55798.1549430317      -4.182448371037317E-005  6.110710970061903E-005
   55798.1753765227      -5.121261474427818E-005  6.110911580237386E-005
   55798.1958100131      -8.837644888881613E-005  6.110404350243924E-005
   55798.2162435034      -1.002505871650072E-006  6.110890663536625E-005
   55798.2366770933       1.093908176375002E-005  6.111176366653843E-005
   55798.2571105829       1.132439133788576E-004  6.111543359676292E-005
   55798.2775439723       1.278406648006492E-004  6.111730183844456E-005
   55798.2979775612      -3.022497643279110E-006  6.111371747654136E-005
   55798.3184110497      -6.035208333088349E-009  6.110713346959716E-005
   55798.3388444382      -1.047872797336202E-004  6.110583092959521E-005
   55798.3592780262      -4.675351852345688E-005  6.110815553565709E-005
   55798.3797115140       1.037146918148046E-005  6.110780375478065E-005
   55798.4001449013      -7.995319964060332E-005  6.110592125171213E-005
   55798.4205784884      -9.408178877723383E-005  6.110389138097916E-005
   55798.4410119750      -2.998877428272984E-005  6.110623500222355E-005
   55858.3507313989       1.790598225026585E-006  6.216619975723014E-005
   55858.3711642191       2.312295596396119E-005  6.216516318389294E-005
   55858.3915969392       3.999291686795914E-005  6.216792737945881E-005
   55858.4120295591      -4.011368002398985E-005  6.216356809158867E-005
   55858.4324623790       5.522913157074427E-005  6.217104183268198E-005
   55858.4528950987       9.796673975470682E-005  6.216889768783381E-005
   55858.4733277181       9.898433292176989E-005  6.216766231961002E-005
   55858.4937605375       6.024097849066656E-005  6.216565543789782E-005
   55858.5141932565       1.337320481102910E-004  6.216591576453502E-005
   55858.5346259757       2.789808017689133E-005  6.216196353286122E-005
   55858.5550586944      -6.154121159418491E-005  6.215993771830269E-005
   55858.5754914132      -3.399807956605549E-005  6.216397988099660E-005
   55858.5959241317      -8.346485173005291E-006  6.216553710760818E-005
   55858.6163569502      -7.651788737861320E-005  6.216097429163988E-005
   55858.6367895682       1.202077291473369E-004  6.216543771016489E-005
   55858.6572223865      -1.318899966407105E-005  6.216332669779781E-005
   55858.6776551043      -6.006798651458922E-005  6.216131981608562E-005
   55858.6980877221       2.016520208347750E-005  6.216397988099660E-005
   55858.7185205397       4.865496198735997E-005  6.216749665720453E-005
   55858.7389532570      -1.201216592815468E-004  6.215184865970327E-005
   55858.7593858743      -5.811522366443445E-004  6.214307801863557E-005
   55858.7798186915      -6.911012758115120E-004  6.213752596144592E-005
   55858.8002513086      -6.693205354124654E-004  6.214716751344533E-005
   55858.8206840254      -7.069167217479411E-004  6.213711417203800E-005
   55858.8411168421      -6.665688542478732E-004  6.214045108620569E-005
   55858.8615494585      -5.383491055211964E-004  6.214517009815631E-005
   55858.8819822749      -7.898954304905725E-004  6.213388612173677E-005
   55858.9024149911      -6.959247982000205E-004  6.214526476238802E-005
   55858.9228476072      -7.342085436062851E-004  6.213652252058983E-005
   55858.9432804230      -6.749627352855558E-004  6.213940504644531E-005
   55858.9637131389      -6.577977051679396E-004  6.213846313733983E-005
   55858.9841457544      -5.399668276243608E-004  6.214235383726301E-005
   55859.0045785698      -5.176714370536128E-005  6.215675226690573E-005
   55859.0250112851      -1.388572378013819E-005  6.215341535273803E-005
   55859.0454440003       6.770281874679540E-005  6.215349581733498E-005
   55859.0658767151       1.605150294585744E-004  6.216518211673929E-005
   55859.0863094299       8.516806425395984E-005  6.215468385344292E-005
   55859.1067421447      -7.632600682205837E-005  6.215929400152707E-005
   55859.1271748592       9.434646410255709E-005  6.215950699604841E-005
   55859.1476075735      -2.053514050137650E-006  6.214966664916242E-005
   55859.1680403878      -3.171076128405392E-005  6.215071268892279E-005
   55859.1884731017       3.641242304830428E-005  6.215666233588561E-005
   55859.2089057158      -2.513037695262010E-005  6.215659133771182E-005
   55859.2293385294      -4.403278386655440E-005  6.215940286539354E-005
   55859.2497712430       5.831085266505553E-005  6.215860768584720E-005
   55859.2702038564       9.157469492460102E-005  6.215496784613803E-005
   55859.2906366697      -7.878935878724569E-006  6.215365674652889E-005
   55859.3110693829       1.274985281545238E-004  6.215276690275084E-005
   55859.3315019958       1.311465590194683E-004  6.216287230948562E-005
   55859.3519348087       8.299873295203319E-005  6.215615114903439E-005
   55859.3723675214       7.730781057757596E-006  6.215929873473866E-005
   55919.2809071909       7.247342725080763E-005  6.222709252427601E-005
   55919.3013400687       1.369725830713264E-005  6.223263511504249E-005
   55919.3217727467       6.625274167593176E-005  6.222763684360834E-005
   55919.3422055250       9.975629813419040E-005  6.222899054212176E-005
   55919.3626384034      -8.334255441699856E-005  6.222147893533575E-005
   55919.3830711819       1.047944334946482E-004  6.223172633841810E-005
   55919.4035039607       7.380748177743257E-005  6.223123881762481E-005
   55919.4239367398      -9.772686830089583E-005  6.222182445978149E-005
   55919.4443695190       2.460268008275257E-005  6.222957272714676E-005
   55919.4648023984       3.807782938292092E-006  6.223773278391995E-005
   55919.4852350781       1.059745800380263E-005  6.223237478840530E-005
   55919.5056678578      -2.154736395976187E-006  6.221906026421564E-005
   55919.5261006379      -5.002339053239435E-005  6.222431412907541E-005
   55919.5465334181      -1.396188856418457E-004  6.223249785190652E-005
   55919.5669662985       7.633936879059000E-005  6.221560028654672E-005
   55919.5873989792      -3.484926457475446E-005  6.220629005935828E-005
   55919.6078317600      -4.725769769209354E-005  6.222565362795406E-005
   55919.6282646410       7.506426167647184E-005  6.222096774848454E-005
   55919.6486973223      -7.208943383762989E-005  6.222806283265102E-005
   55919.6691301037      -1.433375372382750E-004  6.221966138208698E-005
   55919.6895629854      -5.645119629044126E-004  6.222853615380956E-005
   55919.7099956672      -5.885088406950567E-004  6.220129178792413E-005
   55919.7304284493      -6.757276875822837E-004  6.221438858438087E-005
   55919.7508613315      -8.571073637370086E-004  6.220393291998877E-005
   55919.7712940140      -8.646031841759161E-004  6.221004822935707E-005
   55919.7917268967      -8.087249644288530E-004  6.221142086071683E-005
   55919.8121596796      -8.605037238216262E-004  6.220351639736926E-005
   55919.8325924626      -7.474565112538523E-004  6.221013342716561E-005
   55919.8530252459      -6.320588648802694E-004  6.220479436449731E-005
   55919.8734580294      -6.217092985636441E-004  6.222131800614186E-005
   55919.8938908131      -5.645080854815854E-004  6.221924485946747E-005
   55919.9143235970      -4.237736663008640E-004  6.222325862289186E-005
   55919.9347563811      -1.064079084480696E-004  6.223117728587419E-005
   55919.9551892654      -2.843060135315767E-005  6.222348581704796E-005
   55919.9756220499      -3.714633643692178E-005  6.222498624512053E-005
   55919.9960547346      -9.959119542635175E-005  6.222896687606382E-005
   55920.0164876196      -1.136237598837742E-004  6.222778357316748E-005
   55920.0369204047      -1.516945722782603E-004  6.222766050966626E-005
   55920.0573530900      -1.294966337709313E-004  6.222633047721077E-005
   55920.0777859755       2.685699920790263E-005  6.221130726363879E-005
   55920.0982187613       3.230863955439034E-005  6.223429647230896E-005
   55920.1186514472      -7.095100662801723E-005  6.222068848900100E-005
   55920.1595171198      -8.737477671572069E-005  6.222902367460285E-005
   55920.1799499063      -6.141880339050054E-005  6.222979992130285E-005
   55920.2003826931      -1.483474620900260E-005  6.223341609495408E-005
   55920.2208153801      -8.304888120680420E-005  6.223501118725836E-005
   55920.2412482673      -3.438816743261963E-005  6.223151807710835E-005
   55920.2616810547       1.172436811054389E-004  6.223525258104921E-005
   55920.2821137423      -2.646448547893865E-005  6.220870399726683E-005
   55920.3025466301      -9.302401130328875E-005  6.221830295036197E-005
   55980.2127449311       5.064950112920741E-005  6.241004778909186E-005
   55980.2331785307      -4.938279494015596E-005  6.241067582242156E-005
   55980.2536123306      -2.147902829168213E-004  6.240747723406794E-005
   55980.2740460309      -1.588926009297165E-004  6.240375771884393E-005
   55980.2944796315       5.978144501650462E-005  6.241213636504879E-005
   55980.3149134326       1.459337561622309E-004  6.241235057796745E-005
   55980.3353471341       1.276036955966120E-005  6.240699525500096E-005
   55980.3557807356       5.401086365530716E-005  6.241079266583174E-005
   55980.3762145378       4.628202831757910E-005  6.241047134645375E-005
   55980.3966482400       3.941008149466185E-005  6.241011107927237E-005
   55980.4170820429       3.789194005987540E-005  6.240950738831979E-005
   55980.4375156461      -1.013313516002867E-004  6.240663985629499E-005
   55980.4579493495      -2.369678462132985E-005  6.241089003534022E-005
   55980.4783831533      -1.858384560682325E-005  6.240512089196268E-005
   55980.4988167574       1.742521270298170E-005  6.241059792681478E-005
   55980.5192504619      -9.760792489188486E-005  6.240191743513363E-005
   55980.5396842667       6.385147108667333E-005  6.240759894595354E-005
   55980.5601178719      -3.223277352926157E-005  6.241444889087524E-005
   55980.5805516774      -1.874648659067057E-004  6.240026702196485E-005
   55980.6009853833      -2.934929025608657E-004  6.240505273330674E-005
   55980.6214189895      -6.516218871048807E-004  6.239361181606012E-005
   55980.6418527961      -6.169730671292672E-004  6.238851452229109E-005
   55980.6622865030      -5.898828419663715E-004  6.239208311477695E-005
   55980.6827202101      -5.678611419170920E-004  6.238938597939200E-005
   55980.7031539179      -6.639806580248653E-004  6.239236061787613E-005
   55980.7235876257      -6.839477707348829E-004  6.239114349902010E-005
   55980.7440214342      -6.762532690570700E-004  6.239238496025324E-005
   55980.7644550427      -6.455613967608631E-004  6.239469748607969E-005
   55980.7848887517      -6.549820989822930E-004  6.238934216311319E-005
   55980.8053225611      -6.726407536489232E-004  6.239384063440506E-005
   55980.8257561708      -5.939735473589058E-004  6.239846568605795E-005
   55980.8461898809      -2.160670052012703E-004  6.240453667491178E-005
   55980.8666236913      -8.734087440254168E-005  6.241240899967255E-005
   55980.8870573021       2.164466019967115E-004  6.242202423863513E-005
   55980.9074910131       1.265462973281117E-004  6.242140107378084E-005
   55980.9279248244      -2.833225939413708E-006  6.241198057383522E-005
   55980.9483584364       1.236456711071199E-004  6.241366506633196E-005
   55980.9687922484      -2.790968854482490E-005  6.240517931366777E-005
   55980.9892259609       3.088254384775446E-005  6.241606522471604E-005
   55981.0096595738      -2.554527421216868E-005  6.240295928887439E-005
   55981.0300933870      -7.169350895730453E-005  6.240810526739765E-005
   55981.0505271003       1.016443436634429E-004  6.241268163429630E-005
   55981.0709607142       2.717996877321660E-005  6.240013070465298E-005
   55981.0913945285       1.418154001333605E-004  6.241397664875910E-005
   55981.1118282431       1.064239859522864E-004  6.241233597254118E-005
   55981.1322620581       4.647226136822447E-005  6.240930291235197E-005
   55981.1526956733      -1.732635020434969E-005  6.241602140843722E-005
   55981.1731293888       4.241893869671998E-005  6.241765721617972E-005
   55981.1935632048      -1.589781465372031E-005  6.241002344671474E-005
   55981.2139968212       4.061293533941246E-005  6.241351414359382E-005
   55981.2344305377       1.064681133478018E-004  6.240769144698660E-005
   56041.1473441672       8.722595859644855E-005  6.348708834830130E-005
   56041.1677785365       2.363476667328612E-004  6.348960877407546E-005
   56041.1882131059       1.820836699639727E-004  6.348961368718614E-005
   56041.2086475754       2.248055128100113E-004  6.350080084018374E-005
   56041.2290819450       1.705229581223655E-004  6.349051769954959E-005
   56041.2495165148       1.686393646205264E-004  6.349035065378677E-005
   56041.2699509847      -1.962104635722106E-005  6.349428114232348E-005
   56041.2903853547       1.120554667668472E-004  6.349482158449728E-005
   56041.3108199248       4.552923066936110E-005  6.349490019426802E-005
   56041.3312543951       6.907339966089054E-005  6.349259594536336E-005
   56041.3516889655       1.017780723520101E-004  6.347997907716054E-005
   56041.3721233360       7.350340207556982E-005  6.348929924810320E-005
   56041.3925578067       1.101342312783693E-004  6.349533746111773E-005
   56041.4334267483       1.269947988749021E-004  6.348490692716343E-005
   56041.4538612194      -4.117042937723525E-005  6.348292694356307E-005
   56041.4742957905       1.976139583748093E-006  6.348381130348383E-005
   56041.4947301618      -1.778965816268130E-005  6.348026895069011E-005
   56041.5151647332      -9.625850143946124E-005  6.349904194656357E-005
   56041.5355992047      -6.411171112309377E-004  6.345728050586104E-005
   56041.5560336764      -5.869479150607537E-004  6.347612228528388E-005
   56041.5764681481      -6.619110825810681E-004  6.347114530417428E-005
   56041.5969026200      -7.690490073498646E-004  6.346590301508845E-005
   56041.6173370921      -7.283917292471020E-004  6.347335129086550E-005
   56041.6377715642      -8.058022792954977E-004  6.346260140471761E-005
   56041.6582060365      -7.625875629337919E-004  6.347338076952953E-005
   56041.6786405089      -6.373858045217728E-004  6.346864944395347E-005
   56041.6990749814      -7.664103034742409E-004  6.345846947864339E-005
   56041.7195094541      -6.552993013753117E-004  6.347930598099863E-005
   56041.7399440269      -6.088587526086320E-004  6.347579310686894E-005
   56041.7603783997      -6.180024874895551E-004  6.346482704385152E-005
   56041.7808128728      -6.019823618297337E-005  6.347625985238267E-005
   56041.8012474459      -4.133534467154476E-005  6.349049313399623E-005
   56041.8216818192       8.011196345170113E-005  6.348685251898910E-005
   56041.8421162926       1.581941431947342E-004  6.348649877502079E-005
   56041.8625508661       1.941460927386007E-004  6.349757292647298E-005
   56041.8829852397       7.619226472188600E-006  6.349632499636258E-005
   56041.9034198135       1.480024787234857E-004  6.349491984671069E-005
   56041.9238542874       1.168128745685504E-004  6.348783514112327E-005
   56041.9442886614       3.770648025369638E-005  6.349089600907124E-005
   56041.9647232356       2.222756119336644E-004  6.349302829910241E-005
   56041.9851577098       1.482985770160372E-004  6.348475953384331E-005
   56042.0055920842       1.225898822219129E-004  6.347803839844553E-005
   56042.0260266587       1.520806851742496E-004  6.347816613932298E-005
   56042.0464611333       1.361574813532052E-004  6.348344773329418E-005
   56042.0668955081       4.318228217869979E-005  6.348908798434435E-005
   56042.0873300829       8.103320163854733E-005  6.350009335224714E-005
   56042.1077645579       8.958270657899448E-005  6.348051460622366E-005
   56042.1281991330       1.473267365155184E-004  6.348347721195820E-005
   56042.1486335083      -8.928675718189449E-005  6.348302520577649E-005
   56102.0830473909       6.907059865790544E-005  6.314859958863067E-005
   56102.1034818776       6.673943929902393E-005  6.315348322063753E-005
   56102.1239162641       2.439077106441978E-005  6.314327868977410E-005
   56102.1443506506       1.679806207557366E-004  6.315826367732030E-005
   56102.1647850369       7.096817628293728E-005  6.314981312696638E-005
   56102.1852194229       2.246318347576270E-005  6.314856519685598E-005
   56102.2056539090       9.101983904247213E-005  6.315705505209527E-005
   56102.2260881945       4.175537386075234E-006  6.314556819934674E-005
   56102.2465225801       3.082162460121829E-005  6.315140988793442E-005
   56102.2669570657      -1.194848266408144E-004  6.313686708034859E-005
   56102.2873913508       8.150640542403664E-005  6.315122318972892E-005
   56102.3078257359      -9.836865628642943E-005  6.314946429610875E-005
   56102.3282602208      -2.331714806935725E-005  6.313820835956175E-005
   56102.3486945056      -1.228394027171786E-004  6.314579420243759E-005
   56102.3691289900      -9.338263607083785E-005  6.313966264032033E-005
   56102.3895632745      -7.170329712702372E-005  6.314429570368297E-005
   56102.4099976586       1.804273172134607E-005  6.314962642876089E-005
   56102.4304321428      -1.009557139980410E-004  6.313948576833618E-005
   56102.4508664265      -2.997402896846024E-004  6.313674916569249E-005
   56102.4713008102      -6.850685502395315E-004  6.312711455566688E-005
   56102.4917352937      -7.019979139198940E-004  6.312228496787740E-005
   56102.5121695772      -8.277103334375369E-004  6.312849022665473E-005
   56102.5326039602      -8.219297086856647E-004  6.311991684853404E-005
   56102.5530384432      -8.602266895069155E-004  6.311973015032855E-005
   56102.5734728262      -9.923517425908246E-004  6.311893422639987E-005
   56102.5939071087      -7.670633570375784E-004  6.312027059250235E-005
   56102.6143415913      -7.179996583173143E-004  6.312102229843498E-005
   56102.6347759736      -6.555520562094852E-004  6.311385406996616E-005
   56102.6552103557      -6.663781285337622E-004  6.312464817411010E-005
   56102.6756447375      -4.481229925217267E-004  6.312044255137583E-005
   56102.6960791194      -6.105017099335974E-004  6.312437303991253E-005
   56102.7165136010      -7.918138367235539E-005  6.314155418792862E-005
   56102.7369478824      -4.580832109435384E-005  6.313482322630950E-005
   56102.7573822637       4.854779321150637E-005  6.314557802556808E-005
   56102.7778167449      -8.688339838780479E-005  6.312483978542627E-005
   56102.7982510258      -5.213671735193603E-005  6.312973324365447E-005
   56102.8186854065       6.151899166995101E-005  6.313341316354696E-005
   56102.8391198872      -1.686928314892366E-005  6.312850987909742E-005
   56102.8595541674       1.243052352455365E-004  6.313596306798515E-005
   56102.8799885476       1.776548332459438E-004  6.313659194615102E-005
   56102.9004230278       9.801265453890373E-005  6.313455791833327E-005
   56102.9208573076      -2.110190271931156E-005  6.313301520158262E-005
   56102.9412917873      -7.908037894299724E-006  6.313218488587923E-005
   56102.9617261668       4.775455966576914E-005  6.312808243846905E-005
   56102.9821604461       8.972214017410884E-005  6.313209153677650E-005
   56103.0025949254      -1.589723453876424E-005  6.312524757361195E-005
   56103.0434636833       1.173781719094880E-004  6.312447130212595E-005
   56103.0638980618       2.365901745662313E-004  6.313161005193074E-005
   56162.9968613350      -1.083319283397000E-004  6.143496435739881E-005
   56163.0172948408      -1.099745048793732E-005  6.143710880799766E-005
   56163.0377285464       6.870491891386443E-005  6.144712583898292E-005
   56163.0581621517      -3.774677366985557E-005  6.144243875120869E-005
   56163.0785956569       7.163259985554227E-005  6.143904217173668E-005
   56163.0990293615      -9.836981562028058E-005  6.144280335578478E-005
   56163.1194629660       2.814311626186949E-006  6.144658372954741E-005
   56163.1398964701       1.537716435384695E-005  6.144481827581054E-005
   56163.1603301739      -5.017957570419007E-005  6.144521166495843E-005
   56163.1807637774       1.026639574401855E-004  6.145395737735600E-005
   56163.2011973804      -5.138952970606958E-005  6.144452083523531E-005
   56163.2216309832      -2.039597951464245E-004  6.144664129869101E-005
   56163.2420645857      -2.144922304303520E-004  6.144738969755772E-005
   56163.2624981878      -5.727411318945386E-005  6.145530065737317E-005
   56163.2829317897      -2.423064185497203E-005  6.145799681226480E-005
   56163.3033653913      -1.381555314247107E-004  6.144193502120225E-005
   56163.3237989925      -1.712872129977505E-005  6.144766315098979E-005
   56163.3442325934      -8.374523724641314E-005  6.145352081135041E-005
   56163.3646661941      -1.818665119974749E-004  6.144932785872536E-005
   56163.3850997944      -5.626285791852093E-004  6.143061788705752E-005
   56163.4055333944      -8.033600572642241E-004  6.142357046439596E-005
   56163.4259669939      -8.853477870244264E-004  6.143358749538121E-005
   56163.4464006934      -9.575939359696140E-004  6.142145479836889E-005
   56163.4668341923      -8.945554063474193E-004  6.142985989333354E-005
   56163.4872677911      -6.669255106124261E-004  6.142993185476303E-005
   56163.5077014895      -8.498627541942971E-004  6.141901770462344E-005
   56163.5281349876      -6.790278880438594E-004  6.142491854184176E-005
   56163.5485685853      -7.764362031270622E-004  6.143368824138250E-005
   56163.5690022827      -5.709670977500636E-004  6.144608479696960E-005
   56163.5894357799      -6.937685384467152E-004  6.144033747746753E-005
   56163.6098694767      -6.373882398648112E-004  6.144182947777233E-005
   56163.6303030732      -3.816881276320627E-004  6.144543714410418E-005
   56163.6507365694       1.238602609920925E-005  6.145579479252235E-005
   56163.6711702653      -7.353339648297208E-008  6.145496003994024E-005
   56163.6916038608       2.878912419235213E-005  6.145496003994024E-005
   56163.7120374559      -1.323324633661915E-005  6.145237422590717E-005
   56163.7324710511       1.618002698178245E-005  6.145644244538778E-005
   56163.7529046455      -3.794349481844872E-005  6.145612101766939E-005
   56163.7733382399      -3.719884215236391E-005  6.145460503022142E-005
   56163.7937718338      -2.306756605541249E-005  6.145649041967411E-005
   56163.8142054275      -1.372933887078265E-004  6.145170258589859E-005
   56163.8346390208      -5.836725107877250E-005  6.145126122246437E-005
   56163.8550727138       1.923269749926071E-005  6.145276761505506E-005
   56163.8755062066      -3.299801428158222E-005  6.145125642503574E-005
   56163.8959398989       1.178125328760160E-004  6.145401014907095E-005
   56163.9163734910       1.125102175854042E-004  6.145418765393037E-005
   56163.9368069828       1.759630515962840E-004  6.145446590479108E-005
   56163.9572406742       4.887461535485471E-007  6.144645419897432E-005
   56163.9776741654       1.817989583259294E-004  6.145991098628928E-005
   56163.9981077561       2.272473030011657E-004  6.146088006687311E-005
   56164.0185414467       8.727696276644714E-005  6.145256132562386E-005
   56223.9489536289      -2.626960332297035E-005  6.313529786191132E-005
   56223.9693864063      -1.239268200086130E-004  6.313113253290008E-005
   56223.9898190837      -7.670502703738258E-005  6.313439089511049E-005
   56224.0102519607       3.050342247346016E-005  6.314018300584387E-005
   56224.0306847374      -2.092507482720496E-005  6.313527386808062E-005
   56224.0511176141      -9.958227766648786E-005  6.313192432931350E-005
   56224.0715502906       9.492921239551144E-005  6.313941040449501E-005
   56224.0919830668      -2.758693988802463E-007  6.313755808076421E-005
   56224.1124159428      -3.059258554261035E-006  6.313815312776582E-005
   56224.1328486188       2.327110661752840E-004  6.314061489479664E-005
   56224.1532813944       5.293009694384843E-005  6.314531768561579E-005
   56224.1737142699       2.682300171175100E-005  6.314249601112430E-005
   56224.1941469452       1.444005936979131E-005  6.313732294122324E-005
   56224.2145797203      -1.545954985704423E-005  6.314102278991871E-005
   56224.2350125954       4.227496201991698E-007  6.313558098911371E-005
   56224.2554452700       3.621295000666436E-005  6.314159864185576E-005
   56224.2758780446      -9.330737829404967E-005  6.313416055433568E-005
   56224.2963109190       9.244110112938131E-006  6.313769244621617E-005
   56224.3167436932      -4.932349862717400E-004  6.312060403998457E-005
   56224.3371764671      -5.357302704279698E-004  6.312855079671569E-005
   56224.3576092410      -5.875379369352229E-004  6.312373763427529E-005
   56224.3780420147      -7.547001991151658E-004  6.311715372712848E-005
   56224.3984747881      -8.374873673786531E-004  6.311771998153323E-005
   56224.4189075614      -8.429239993661408E-004  6.311904923975456E-005
   56224.4393403343      -7.805098322327675E-004  6.312320017246737E-005
   56224.4597731073      -8.343449650093371E-004  6.311746564692770E-005
   56224.4802058798      -6.566332339368319E-004  6.311628515045678E-005
   56224.5006386524      -8.039776317527725E-004  6.312119908698618E-005
   56224.5210714247      -5.623309974971402E-004  6.312558036047381E-005
   56224.5415041969      -5.346627808742177E-004  6.312663129025890E-005
   56224.5619369688      -2.585764688362024E-004  6.313217866391903E-005
   56224.5823697406       6.160426130374930E-005  6.314070607135334E-005
   56224.6028025122       2.291104558116430E-005  6.314166582458175E-005
   56224.6232353835       1.054129093436273E-004  6.313864260191229E-005
   56224.6436680547      -3.284450698393115E-005  6.313330157519626E-005
   56224.6641008258      -5.166142991619438E-005  6.313655993740668E-005
   56224.6845336964      -1.122063257876782E-004  6.313810993887053E-005
   56224.7049663671       1.020333809864660E-005  6.313531705697590E-005
   56224.7253991377       7.470555930999545E-005  6.313764445855476E-005
   56224.7662646779       2.982816869945282E-006  6.313933842300288E-005
   56224.7866974479       2.170132997569851E-005  6.313653594357596E-005
   56224.8071303176       9.448057813288280E-005  6.314114755783841E-005
   56224.8275629871      -9.095530125180495E-006  6.313753408693349E-005
   56224.8479958563      -1.791328203126774E-005  6.314053331577224E-005
   56224.8684286256      -3.125626153899219E-005  6.313450126673176E-005
   56224.8888613946       1.136815510842659E-004  6.313657433370509E-005
   56224.9092941634      -9.160023983245669E-005  6.313101736251268E-005
   56224.9297269320      -3.461878140009755E-005  6.313436690127978E-005
   56224.9501597003       2.057302704039365E-005  6.313824430432250E-005
   56284.8587062699       1.243832748016871E-004  6.323712288067814E-005
   56284.8791388874      -1.003260343006573E-004  6.323022225496597E-005
   56284.8995717050       6.152958713401269E-005  6.323154191565501E-005
   56284.9200044227       4.668409136820983E-006  6.322984315244074E-005
   56284.9404372407      -4.163516357202912E-005  6.322602333459173E-005
   56284.9608698588      -7.557052563533784E-005  6.322817318182333E-005
   56284.9813025772      -7.410152245979074E-005  6.322289453906715E-005
   56285.0017353956      -7.894696357402253E-005  6.322926250173756E-005
   56285.0221680142      -8.762026505015896E-006  6.323018386483682E-005
   56285.0426007330      -1.248147498696950E-004  6.322781807312883E-005
   56285.0630335519      -1.282496465052629E-004  6.322247704641280E-005
   56285.0834661710      -7.664514466365624E-005  6.322792844475010E-005
   56285.1038989903      -2.745977148457257E-004  6.321781744448893E-005
   56285.1243317097      -7.934161623024405E-005  6.322617689510827E-005
   56285.1447644293      -1.913578318224474E-005  6.322829315097688E-005
   56285.1651971491      -4.470819566781969E-006  6.322888339921235E-005
   56285.1856298690      -1.825125838950115E-005  6.322619609017283E-005
   56285.2060625891      -2.382272982115463E-004  6.322840352259815E-005
   56285.2264953094      -1.755191477654794E-004  6.322800042624222E-005
   56285.2469280297      -4.534248378219585E-004  6.322028401028591E-005
   56285.2877934711      -6.556459780300283E-004  6.321490939220689E-005
   56285.3082261921      -7.501091374887414E-004  6.321508214778800E-005
   56285.3286589131      -8.616487467110190E-004  6.320884375180342E-005
   56285.3490916344      -7.329787363099527E-004  6.321481341688404E-005
   56285.3695243558      -8.983555881774130E-004  6.320734173800097E-005
   56285.3899571774      -8.245357896959904E-004  6.320950118276487E-005
   56285.4103897991      -6.796840905590740E-004  6.321605149854868E-005
   56285.4308225211      -7.282592501669516E-004  6.320966434081370E-005
   56285.4512553431      -6.676880442705313E-004  6.320809994305140E-005
   56285.4716879654      -7.078013717152221E-004  6.320968833464441E-005
   56285.4921206878      -3.444284639709805E-004  6.321793261487633E-005
   56285.5125535104      -6.099308613760623E-005  6.322661838159333E-005
   56285.5329861331      -6.802515754977811E-005  6.322692070386027E-005
   56285.5534189561      -1.227297210271150E-005  6.322716544093352E-005
   56285.5738516792       1.807297726674761E-005  6.322733819651463E-005
   56285.5942843024       8.275722880535241E-006  6.322872024116353E-005
   56285.6147171258      -1.272067290614132E-006  6.323025584632896E-005
   56285.6351498494      -1.040432641212785E-004  6.322287534400259E-005
   56285.6555824732      -1.222962423488294E-004  6.322603773089016E-005
   56285.6760152971      -9.280795543731291E-005  6.322891219180920E-005
   56285.6964480212      -8.888359604997120E-005  6.322736219034534E-005
   56285.7168808455      -7.181734149896979E-005  6.322886900291392E-005
   56285.7373134699      -1.685650407445838E-005  6.322809160279893E-005
   56285.7577461945      -4.539091675437312E-005  6.322600893829330E-005
   56285.7781790193      -9.969101349849296E-005  6.322133014130486E-005
   56285.7986117442       1.463899743026076E-005  6.323261683927082E-005
   56285.8190443693      -3.907192076102461E-006  6.323227612687474E-005
   56285.8394771946      -1.557047853845139E-004  6.322704547177997E-005
   56285.8599099201       4.511205758950254E-006  6.322979996354547E-005
   56345.7902296510      -3.383693524272591E-005  6.170449093230646E-005
   56345.8106633342      -9.461352335138340E-005  6.169395696016456E-005
   56345.8310968177       3.303494281081676E-005  6.169242403138271E-005
   56345.8515304016      -8.862799632414209E-005  6.169233559318375E-005
   56345.8719640858      -1.035607848268727E-004  6.169047839100575E-005
   56345.8923975704      -1.869710793667156E-005  6.170232419643212E-005
   56345.9128312553      -6.275711934100592E-005  6.169456128785740E-005
   56345.9332648406      -2.847967711194777E-005  6.168633653535481E-005
   56345.9536984262      -1.659760372013652E-004  6.168787437736993E-005
   56345.9741320122      -1.347640156048602E-004  6.170232910966541E-005
   56345.9945655985      -1.739488137817435E-004  6.168600243549209E-005
   56346.0149991852      -3.445694729542481E-008  6.169945486819944E-005
   56346.0354327722       3.696604988046026E-005  6.169718004119306E-005
   56346.0558663596      -4.223156873484069E-005  6.169053734980505E-005
   56346.0762999472      -8.927678372772085E-005  6.170623021688587E-005
   56346.0967335354      -5.078305575090258E-005  6.169940082263342E-005
   56346.1171671237      -1.567632557486487E-005  6.170497242916743E-005
   56346.1580343018      -2.322137116165246E-004  6.169439915115932E-005
   56346.1784678914      -6.481386681406187E-004  6.168124151244848E-005
   56346.1989015811      -5.882385944847579E-004  6.168889632989115E-005
   56346.2193350713      -7.265420835254055E-004  6.167949240140252E-005
   56346.2397687618      -7.856810887100218E-004  6.167331646717567E-005
   56346.2602023527      -8.082697097845370E-004  6.167745832282662E-005
   56346.2806358441      -7.414568559358514E-004  6.168272039566429E-005
   56346.3010695357      -7.159858784271389E-004  6.168417471271374E-005
   56346.3215031276      -7.730659677196439E-004  6.169307257817503E-005
   56346.3419366199      -6.727823202309358E-004  6.168142330207966E-005
   56346.3623703127      -5.823564116559377E-004  6.168491169770502E-005
   56346.3828039057      -7.085713679486627E-004  6.168730935554328E-005
   56346.4032373989      -4.447295274159213E-004  6.168485765213898E-005
   56346.4236710929      -2.661970895012633E-004  6.169616300190509E-005
   56346.4441046868      -1.003055613510995E-004  6.170385221198070E-005
   56346.4645383812      -9.656694765203255E-005  6.169075844530244E-005
   56346.4849718761      -1.136533721693977E-004  6.169427632032744E-005
   56346.5054054712      -4.619840329089797E-005  6.170419122507668E-005
   56346.5258391668       8.747414735665870E-006  6.170071756915116E-005
   56346.5462726626      -7.995601219890069E-006  6.169271391214594E-005
   56346.5667062587      -5.690589185058936E-005  6.168580590616109E-005
   56346.5871399554       6.618528382018596E-005  6.170437792794114E-005
   56346.6075734521       7.580107900473365E-006  6.169442371732569E-005
   56346.6280071493       3.451952037591965E-005  6.169639392386903E-005
   56346.6484406470       6.062513340610032E-005  6.170411261334429E-005
   56346.6688742449      -4.173849180555411E-005  6.169471851132220E-005
   56346.6893079433       7.291375949791679E-005  6.169637427093593E-005
   56346.7097415419       2.505369596250695E-005  6.169595173287427E-005
   56346.7301750410      -1.681754489890608E-006  6.169942538879979E-005
   56346.7506087403      -6.277213216554500E-005  6.169228646085100E-005
   56346.7710423400       1.396550747001513E-005  6.169901759043796E-005
   56346.7914758403       6.008782592159534E-005  6.169710142946064E-005
   56406.7041322268       5.347901982966086E-005  6.224722744135778E-005
   56406.7245666477       8.640582789753992E-005  6.221504026762903E-005
   56406.7450010687       1.109122847462451E-004  6.220912044547374E-005
   56406.7654354899       9.369921105228940E-006  6.227708932480947E-005
   56406.7858699113       8.201709710631278E-005  6.225480322716455E-005
   56406.8063044328      -5.536304086506405E-006  6.221907110130763E-005
   56406.8267387545      -3.795145062401861E-005  6.222884822801636E-005
   56406.8471731764      -2.040693859073350E-005  6.225184827406191E-005
   56406.8676075984       3.335764119460904E-005  6.224262148257868E-005
   56406.8880420205      -1.578081047548530E-005  6.224823886825869E-005
   56406.9084765429       4.924196265276848E-005  6.225611213256572E-005
   56406.9289108653       2.580368280380441E-006  6.225725246681675E-005
   56406.9493453880       2.379707734934122E-005  6.224340484262937E-005
   56406.9697798108       4.341297799936861E-005  6.222703360916475E-005
   56406.9902141338       1.601505064359188E-004  6.227240899640528E-005
   56407.0106486569       3.635951400760007E-005  6.222508512498801E-005
   56407.0310830802       4.508137149361602E-005  6.221682018065563E-005
   56407.0515174037       8.338665578255799E-005  6.226227489549623E-005
   56407.0719519273      -3.010211437093346E-005  6.224329080920427E-005
   56407.0923863510      -7.596437198409411E-005  6.221979496565828E-005
   56407.1128208750      -6.496575808178084E-004  6.219860458048935E-005
   56407.1332551991      -4.899348565189365E-004  6.222222437341045E-005
   56407.1536896233      -7.761796099733376E-004  6.218655174325359E-005
   56407.1741241477      -7.169105442367263E-004  6.215295650462358E-005
   56407.1945584723      -7.284344229678830E-004  6.225200197128705E-005
   56407.2149928970      -6.402423226311571E-004  6.224620609850687E-005
   56407.2354274219      -8.993762282840656E-004  6.218835644615519E-005
   56407.2558617469      -7.719350643957679E-004  6.223384090884582E-005
   56407.2762961721      -7.899814015039919E-004  6.221405363060316E-005
   56407.2967306975      -7.215442822033902E-004  6.222127740018461E-005
   56407.3171651230      -6.141784299568132E-004  6.220919481509881E-005
   56407.3375995487      -4.621247961701380E-004  6.222077664470915E-005
   56407.3580339746      -7.414782886017157E-006  6.222584369516368E-005
   56407.3784684006       9.995346481028733E-005  6.225694507236647E-005
   56407.3989028267       5.922885893339114E-005  6.221510472130410E-005
   56407.4193372530      -5.173550479842248E-005  6.225264155006263E-005
   56407.4397716795      -1.508545702643138E-004  6.223519939399704E-005
   56407.4602061061      -6.552773565815517E-005  6.221362228677777E-005
   56407.4806405329      -5.655017055294920E-006  6.221533278815429E-005
   56407.5010749599      -5.995099382483104E-005  6.219624458438725E-005
   56407.5215093869      -7.964621081635315E-005  6.225199205533705E-005
   56407.5419438143      -1.561463575655564E-004  6.222316143068629E-005
   56407.5623783416       6.113890727599269E-005  6.224456996675542E-005
   56407.5828126692      -1.366197204615283E-004  6.224968659695998E-005
   56407.6032470969      -3.150012756725218E-005  6.224488231918070E-005
   56407.6236816248      -1.072975782420160E-004  6.223123301399350E-005
   56407.6441159529       1.532761078948397E-006  6.223820392684973E-005
   56407.6645503811      -3.062294749400785E-005  6.222798058239059E-005
   56407.6849849095      -2.428476277804847E-005  6.222489672193784E-005
   56407.7054192379      -3.604419276503901E-005  6.223346906072049E-005
   56407.7258537666      -4.171397937069443E-006  6.220215449059252E-005
