   54964.0124638810       5.705306195213922E-005  1.227069021151870E-004
   54964.0328984127       1.028189969045634E-004  1.228173225528530E-004
   54964.0533328441       2.127496101472781E-004  1.229388361261875E-004
   54964.0737671756      -1.482926815947749E-004  1.228544957820785E-004
   54964.0942016070       2.441553979402045E-004  1.228495491570316E-004
   54964.1146361382      -1.110024167464418E-004  1.228496343102014E-004
   54964.1350704694      -1.068861982570501E-004  1.229174859041542E-004
   54964.1555049005      -1.285602686226239E-004  1.229220841753246E-004
   54964.1759394316      -5.650973914850255E-005  1.229002307754696E-004
   54964.1963738624      -1.686309019866883E-003  1.228062294171845E-004
   54964.2168081933      -4.464663579320960E-003  1.225657336420184E-004
   54964.2372426242      -5.002735697846483E-003  1.225402341382556E-004
   54964.2576771548      -3.390046797225987E-003  1.226922170639915E-004
   54964.2781114854      -6.099611437144770E-004  1.228333700547656E-004
   54964.2985459160       5.025621234621136E-004  1.227821542937170E-004
   54964.3189804464       7.792546570295489E-005  1.228798636854879E-004
   54964.3394147768      -1.931490985309647E-004  1.228031097146902E-004
   54964.3598492071       3.181492865825808E-004  1.228054785210506E-004
   54964.3802836372      -7.451420666049202E-007  1.229232995432938E-004
   54964.4007180674       1.280239208099054E-004  1.228510122433131E-004
   54964.4211524974       1.811604571198000E-004  1.229549997460590E-004
   54964.4415869274      -1.089192189384081E-004  1.228693511396136E-004
   54964.4620213572       3.292330231320362E-004  1.227447410873765E-004
   54979.6652057016       5.387303162048829E-004  1.233331804556284E-004
   54979.6856400452       2.805557330983754E-004  1.233470449399147E-004
   54979.7060742887       4.574256256398845E-004  1.233116831508473E-004
   54979.7265087319       1.506918633373822E-004  1.233932289227467E-004
   54979.7469430748       2.022772050417343E-004  1.234191232275695E-004
   54979.7673774178       3.557688049488084E-004  1.233458915015235E-004
   54979.7878116608       2.430105558903772E-004  1.233712594049329E-004
   54979.8082461033       1.402431492301126E-004  1.233812223258019E-004
   54979.8286804458       4.847651756422211E-004  1.234188600268628E-004
   54979.8491146883      -4.394869937220935E-004  1.233939333716970E-004
   54979.8695490303      -3.081193367420965E-003  1.232252991306625E-004
   54979.8899834725      -4.764079753609374E-003  1.231526247708189E-004
   54979.9104177143      -4.479140309183727E-003  1.232656152859741E-004
   54979.9308520561      -1.667445270921775E-003  1.232780940959515E-004
   54979.9512864977       1.759012106784530E-004  1.232777999304558E-004
   54979.9717207393       1.957091331433736E-004  1.232424845885718E-004
   54979.9921550806       2.046522609344681E-004  1.232921598513665E-004
   54980.0125894217       2.029947148294298E-004  1.233773207623847E-004
   54980.0330238628       3.666877374719490E-005  1.231356715488273E-004
   54980.0534581037       2.373363009062768E-004  1.233196023956406E-004
   54980.0738924443       3.439096808978137E-004  1.233790238257811E-004
   54980.0943268849       1.595977723642950E-004  1.233216073657300E-004
   54980.1147611253      -4.341577676614250E-005  1.233672184999650E-004
   54995.3382953181       3.675877216365864E-004  1.235979294017990E-004
   54995.3587295270      -8.767372483942104E-005  1.235834378805350E-004
   54995.3791636356      -1.100903508132189E-004  1.235599588292561E-004
   54995.3995979440      -1.417050731319369E-004  1.234434228457575E-004
   54995.4200321521       1.174038557627544E-004  1.234259819283387E-004
   54995.4404662601       1.974851008141876E-004  1.234408218034794E-004
   54995.4609004680      -2.420973610238741E-004  1.234754094728212E-004
   54995.4813347754       6.215502952611196E-005  1.235357598466325E-004
   54995.5017688829      -7.372961021534508E-005  1.235593627570674E-004
   54995.5222030901      -1.730922277070612E-003  1.233940417484586E-004
   54995.5426373971      -4.449855174244344E-003  1.232666526064065E-004
   54995.5630716039      -5.126210548602406E-003  1.232818485766209E-004
   54995.5835057104      -3.492398308818534E-003  1.234048949070122E-004
   54995.6039399167      -8.926523620601534E-004  1.235158185224999E-004
   54995.6243742230       2.069447533828983E-004  1.235568159031700E-004
   54995.6448083288      -3.020465772717307E-004  1.234203850427223E-004
   54995.6652425346      -3.378151382327221E-004  1.234913950451558E-004
   54995.6856768402       1.454194282679566E-005  1.235147270136867E-004
   54995.7061109456      -1.160439894650755E-004  1.235575900228957E-004
   54995.7265451507      -2.808303741050899E-004  1.234116761958088E-004
   54995.7469793556       6.616130451708724E-005  1.234927497546756E-004
   54995.7674135603      -1.075483544645817E-004  1.234181091307289E-004
   54995.7878477649      -1.099197153275888E-005  1.234486249303139E-004
   55104.9844873028      -2.597466252219904E-004  1.340056258658735E-004
   55105.0049200413      -2.624435259744873E-004  1.340115660823612E-004
   55105.0253528797      -7.926927144297213E-005  1.340210955061725E-004
   55105.0457858178       1.939631575049727E-004  1.340441353959795E-004
   55105.0662185558       2.394225256224791E-004  1.340434144198358E-004
   55105.0866513935      -2.103799764361369E-004  1.340138700713419E-004
   55105.1070843312      -3.389430266231841E-006  1.340109861667674E-004
   55105.1275171687       5.942739246600492E-005  1.340256878107395E-004
   55105.1479499059       2.388204712441278E-004  1.340221142768102E-004
   55105.1683827432      -1.128658262438353E-003  1.339609723651524E-004
   55105.1888156802      -4.161504040817943E-003  1.338405066555903E-004
   55105.2092484170      -5.061911358052118E-003  1.337899129383816E-004
   55105.2296812538      -3.738685356482807E-003  1.338457415693288E-004
   55105.2501140901      -1.111951125107979E-003  1.339833382989991E-004
   55105.2705469264       8.906515832018957E-005  1.340176316860042E-004
   55105.2909796627      -2.503762382921604E-004  1.340072558988939E-004
   55105.3114125986      -8.763784129828256E-005  1.340210641593837E-004
   55105.3318454344       4.724832692670766E-005  1.340400603134286E-004
   55105.3522782700      -3.685201923797621E-005  1.340109077997953E-004
   55105.3727110054       7.414231468527710E-005  1.340214873410332E-004
   55105.3931439408      -3.981093041960371E-005  1.340194654731521E-004
   55105.4135767760       2.961204563814990E-004  1.340314085997051E-004
   55105.4340095109       3.063330348174187E-005  1.340241204712968E-004
   55120.6564292081       1.810787459706198E-004  1.336749015700799E-004
   55120.6768620448       1.813789317619552E-004  1.336692121279031E-004
   55120.6972947814       6.550965740725889E-005  1.336411410784852E-004
   55120.7177274178       5.702536563745308E-005  1.336813119884003E-004
   55120.7381601542       1.328405194496174E-004  1.337060289314109E-004
   55120.7585929905      -1.761685590571105E-004  1.336687732728591E-004
   55120.7790256267       2.687626115158714E-004  1.336878007736929E-004
   55120.8198911988      -1.180775924065625E-004  1.336732715370596E-004
   55120.8403238347      -2.306067816383650E-003  1.335943089759388E-004
   55120.8607565705      -4.879311217928395E-003  1.334545493178377E-004
   55120.8811894063      -4.582320168653453E-003  1.334813038021237E-004
   55120.9016220419      -2.182168514639815E-003  1.335820523814973E-004
   55120.9220547774      -8.829347428296330E-006  1.336930513608258E-004
   55120.9424875129      -2.650278992661903E-004  1.336760614012675E-004
   55120.9629203482       2.247740204703863E-004  1.336886941571752E-004
   55120.9833529834       5.209139065853741E-005  1.336859669865450E-004
   55121.0037857186       3.415884362468757E-004  1.336798230159298E-004
   55121.0242185537       2.668887382186735E-004  1.336883179957090E-004
   55121.0446511886       1.557618222909340E-004  1.336643220288420E-004
   55121.0650839236       2.495806562760050E-004  1.336851833168237E-004
   55121.0855165584      -2.214425535678188E-004  1.336382571739107E-004
   55136.3078835276      -6.210323932942519E-004  1.333307765220516E-004
   55136.3283163238      -6.630057001495437E-004  1.333409172082455E-004
   55136.3487490199      -5.998429608990996E-004  1.333495532485746E-004
   55136.3691816160      -5.400816251516227E-004  1.333322184743389E-004
   55136.3896143121      -4.274130261506803E-004  1.333469828118886E-004
   55136.4100471082      -3.395136804154042E-004  1.333643489329132E-004
   55136.4304797043      -5.637247155056979E-004  1.333497256559133E-004
   55136.4509124004      -4.885227832417405E-004  1.333298831385693E-004
   55136.4713451964      -2.857632392465614E-004  1.333500704705906E-004
   55136.4917777925      -1.489675376158184E-003  1.332978780671504E-004
   55136.5122104886      -3.846076848264990E-003  1.331921610217436E-004
   55136.5326431847      -5.483389788264126E-003  1.331099070477933E-004
   55136.5530759807      -4.315766871754501E-003  1.331656729851628E-004
   55136.5735085767      -1.839192653068977E-003  1.332727379424903E-004
   55136.5939412727      -3.808387624356646E-004  1.333504309586624E-004
   55136.6143740687      -3.954279202748046E-004  1.333322184743389E-004
   55136.6348066647      -3.667221689562794E-004  1.333449609440076E-004
   55136.6552393608       6.166837953724968E-005  1.333663551273998E-004
   55136.6756721567      -2.065639713314527E-004  1.333344127495586E-004
   55136.6961047527      -9.546924912806620E-005  1.333524998467267E-004
   55136.7165374487      -2.057734348063223E-004  1.333463088559283E-004
   55136.7369701447      -1.345298000182682E-004  1.333464342430837E-004
   55136.7574028406      -8.517886282499720E-005  1.333467320375778E-004
   55151.9797655898       2.211121342365896E-004  1.328903071184836E-004
   55152.0001983130      -9.692358746693497E-005  1.328825487882425E-004
   55152.0206310362       1.384415979972520E-004  1.328935358377355E-004
   55152.0410637595      -1.493167318910027E-004  1.328669537607881E-004
   55152.0614964828       1.544730999236688E-004  1.328720476139767E-004
   55152.0819292063       6.493310789312812E-005  1.329048520285114E-004
   55152.1023619298       1.818423499837518E-004  1.329070463037311E-004
   55152.1227945534      -9.333003117895089E-006  1.328932850634246E-004
   55152.1432273771      -1.368427552860263E-004  1.328874388873036E-004
   55152.1636601009      -2.059249710742561E-003  1.328104668472750E-004
   55152.1840927248      -4.521784024677400E-003  1.326979475486871E-004
   55152.2045255487      -4.843264794921365E-003  1.326658797836905E-004
   55152.2249582727      -3.211902345408579E-003  1.327544501355947E-004
   55152.2453908969      -5.548994016396636E-004  1.328915609900377E-004
   55152.2658237210      -7.430232220773103E-005  1.328705743149006E-004
   55152.2862564453      -3.785681667800578E-005  1.329040997055789E-004
   55152.3066890697      -2.269058377813993E-004  1.328838183331910E-004
   55152.3271217941       1.872821312237649E-004  1.328999932762392E-004
   55152.3475546186      -1.567005503736452E-004  1.328891472872960E-004
   55152.3679872432       2.856213067093938E-004  1.329163092798372E-004
   55152.3884199679       9.795616556962372E-005  1.329238011623730E-004
   55152.4088527926       5.260736076628802E-005  1.329280329788682E-004
   55152.4292855175       9.353587673455177E-005  1.329191148174395E-004
   55167.6312649148       2.960234691832264E-004  1.328709974965501E-004
   55167.6516976330      -6.253912924014671E-005  1.328573302966102E-004
   55167.6721304512       1.205541246040998E-004  1.328667813534494E-004
   55167.6925633697       3.660032333407948E-005  1.328560607516617E-004
   55167.7129961882       3.435385592588380E-004  1.328825331148480E-004
   55167.7334289070       4.661410159160218E-004  1.328745083369017E-004
   55167.7538617260       1.213729228601856E-004  1.328618912543883E-004
   55167.7742946451       7.008018439169650E-005  1.328610762378782E-004
   55167.7947273643       3.549249225075490E-004  1.328746650708459E-004
   55167.8151601838      -4.548811699685018E-004  1.328506377571901E-004
   55167.8355931034      -2.713765246863620E-003  1.327407045686826E-004
   55167.8560258232      -4.670882602203719E-003  1.326565227672179E-004
   55167.8764586431      -4.442165110142171E-003  1.326764436515340E-004
   55167.8968914633      -1.842639720449402E-003  1.327909691446084E-004
   55167.9173242835       5.651141914447821E-004  1.328804799001782E-004
   55167.9377571040       5.196275039357490E-004  1.328894450817901E-004
   55167.9581898246       8.253481639608484E-005  1.328711072103111E-004
   55167.9786227454       3.273847074213299E-004  1.328804485533893E-004
   55167.9990555664       3.075043926038523E-004  1.328774079148706E-004
   55168.0194882875       2.927275838843224E-004  1.328754330671729E-004
   55168.0399212087       2.233510247240389E-004  1.328744456433240E-004
   55168.0603540302       6.381922542676444E-004  1.328921722524203E-004
   55168.0807867519       3.532836017935415E-004  1.328871254194150E-004
   55277.2776599162       3.404231855830275E-005  1.235692393561840E-004
   55277.2980941999       1.694375212294430E-004  1.236202536814286E-004
   55277.3185284837       1.470810781012410E-005  1.235678084665735E-004
   55277.3389627677       3.663833220967083E-004  1.235999101639226E-004
   55277.3593970518       1.112266368679116E-004  1.235888829820328E-004
   55277.3798313362       1.505247991226977E-004  1.235859589902200E-004
   55277.4002655208       1.230949462562858E-004  1.235509799605020E-004
   55277.4206999055       6.321211513282687E-005  1.235940544037230E-004
   55277.4615683756      -6.680650101043017E-005  1.236055092971811E-004
   55277.4820026608      -2.487197200542912E-003  1.234464472531944E-004
   55277.5024370464      -4.712832560047620E-003  1.233316650213941E-004
   55277.5228712320      -4.345617823122705E-003  1.233790787928905E-004
   55277.5433055178      -1.769331963691445E-003  1.234920957423996E-004
   55277.5637399039       9.138225889770979E-005  1.235920713773606E-004
   55277.5841741901       1.261762427665625E-004  1.235817363105542E-004
   55277.6046083765      -5.171780912083257E-005  1.235530096463082E-004
   55277.6250427632      -3.016762184426813E-005  1.235676451585202E-004
   55277.6454770499      -4.319905139837932E-005  1.235893106936011E-004
   55277.6659112369       1.218401469610386E-004  1.236220111871459E-004
   55277.6863456241       1.291916365968593E-004  1.235339181572114E-004
   55277.7067799114       3.122651122089426E-005  1.235516642990114E-004
   55277.7272140989       3.651304817234857E-004  1.236088298942664E-004
   55292.9508031296       2.978810224977257E-004  1.235638268607008E-004
   55292.9712375290       5.283834649316699E-005  1.235610506237934E-004
   55292.9916720285       2.208038617969033E-004  1.235825528508210E-004
   55293.0121063281      -4.795650805089480E-005  1.235642467956952E-004
   55293.0325407278       3.462615429042915E-004  1.235935255966930E-004
   55293.0529752277      -4.092294214552705E-005  1.235579244410574E-004
   55293.0734096276       3.661737187953262E-004  1.236239397774905E-004
   55293.0938439277       1.616399256615386E-004  1.236056803818084E-004
   55293.1142784279       3.983742467755791E-004  1.236221822717732E-004
   55293.1347128281      -1.355332019866706E-003  1.234821728340136E-004
   55293.1551471285      -3.687979390340490E-003  1.233800353114888E-004
   55293.1755816291      -4.821199161897716E-003  1.233467515748963E-004
   55293.1960160297      -3.372591201119879E-003  1.234254193971790E-004
   55293.2164503304      -6.220609410413358E-004  1.235780191081964E-004
   55293.2368848313      -9.251060618664653E-006  1.235922502385619E-004
   55293.2573191322       1.236981840478935E-004  1.235729643351158E-004
   55293.2777535333       6.757239032650908E-005  1.235711990528245E-004
   55293.2981880345       2.393382450819326E-004  1.235791311582741E-004
   55293.3186224358       2.815655015045992E-004  1.236045838848787E-004
   55293.3390567372       3.372230763899475E-004  1.236025697522204E-004
   55293.3594912388       4.879991426124386E-004  1.235877398256592E-004
   55293.3799255404       1.872952170129949E-004  1.235936111390067E-004
   55293.4003599422       3.181413589591342E-004  1.235935411498409E-004
   55308.7874864108      -3.090112559611669E-005  1.230777054452490E-004
   55308.8079207691      -2.332025125771353E-003  1.234626380802004E-004
   55308.8283552275      -4.401506305923952E-003  1.233464405119375E-004
   55308.8487897860      -4.668137010434115E-003  1.233661230206561E-004
   55308.8692241445      -2.386724827902142E-003  1.234746062275406E-004
   55308.8896587030      -9.363712141507996E-005  1.235503967174542E-004
   55308.9100931615       1.226189398199073E-004  1.235203091527635E-004
   55308.9305275201       1.913293712398900E-004  1.235985414869038E-004
   55308.9509620787       3.291730920625957E-004  1.235855779380955E-004
   55308.9713965374       2.627692844096030E-004  1.236069868462354E-004
   55308.9918308961       2.893658579633529E-004  1.235827628183182E-004
   55309.0122654549       2.438398353604709E-004  1.235875687410318E-004
   55309.0326999136       3.975454867567452E-004  1.235995368883720E-004
   55309.0531343724       1.050576293922800E-004  1.235303875926289E-004
   55324.2768115700      -4.008488866721338E-004  1.236011855220537E-004
   55324.2972461289      -1.941302572155967E-004  1.236128192767131E-004
   55324.3176805877      -3.049595275820272E-004  1.236092498292608E-004
   55324.3381149465      -3.170264271235013E-004  1.236428912882559E-004
   55324.3585495053      -4.555797753318380E-004  1.236135502746663E-004
   55324.3789839641      -2.355505944472425E-004  1.236440655509254E-004
   55324.3994183228      -4.054088562538416E-004  1.236324240196920E-004
   55324.4198528813      -3.382884499025796E-004  1.236303243447200E-004
   55324.4402873400      -3.438785690829116E-004  1.236128348298611E-004
   55324.4607216986      -1.694220856318651E-003  1.235510032902239E-004
   55324.4811562571      -4.223485573348618E-003  1.234229075637866E-004
   55324.5015907157      -5.303996934203914E-003  1.233665973916683E-004
   55324.5220251741      -3.839177072068822E-003  1.234257382367118E-004
   55324.5424596326      -1.368043504395788E-003  1.235418969221048E-004
   55324.5628940909      -8.059912605540287E-005  1.236241964044315E-004
   55324.5833285494      -7.775150063593639E-005  1.235960996426772E-004
   55324.6037630077      -2.935310926199808E-005  1.236067924318862E-004
   55324.6241974659      -2.563633142010913E-004  1.236111939727533E-004
   55324.6446319242       3.747185358027316E-005  1.236117305563573E-004
   55324.6650664825      -2.517390333327540E-004  1.235902205527557E-004
   55324.6855008405       1.567075363750892E-005  1.236165520322188E-004
   55324.7059353988      -1.362468300865061E-004  1.236227966211169E-004
   55324.7263698569       5.469195653984293E-005  1.236228821634306E-004
   55339.9500263353      -1.098936287948771E-004  1.238090300145555E-004
   55339.9704608396      -3.509394982643688E-004  1.237625027724917E-004
   55339.9908952438      -1.046238961612822E-004  1.237629071543382E-004
   55340.0113296479      -3.442822692808489E-004  1.237755596401877E-004
   55340.0317640518      -4.997472683917481E-004  1.237835384050811E-004
   55340.0521984558      -3.201053147658950E-004  1.237816798039022E-004
   55340.0726329595      -2.935338253645670E-004  1.237721923836586E-004
   55340.0930673633      -2.159798747918273E-004  1.237954987758473E-004
   55340.1135016668      -4.316949811999926E-004  1.237686540425021E-004
   55340.1339361703      -2.830235398700309E-003  1.236667031577527E-004
   55340.1543705737      -5.004402008088271E-003  1.235537406442614E-004
   55340.1748048769      -4.942736481522658E-003  1.235482737127603E-004
   55340.1952393801      -3.013173972391758E-003  1.236544161708797E-004
   55340.2156737831      -5.329047623017225E-004  1.237739498893759E-004
   55340.2361080860      -2.415459160920452E-004  1.237895574733341E-004
   55340.2565425889      -2.231882536420926E-004  1.237808865933573E-004
   55340.2769769916      -3.075181863719800E-004  1.237989671278380E-004
   55340.2974112942      -2.187976573851946E-004  1.237991148827435E-004
   55340.3178457968      -6.686438727054878E-005  1.237955920947350E-004
   55340.3382801992      -1.859176217020586E-004  1.237914005213650E-004
   55340.3587145014       3.298961294462277E-005  1.237858247178284E-004
   55340.3791490036      -1.739074682791664E-004  1.238031664777819E-004
   55355.6027457974      -2.334290664550709E-004  1.240665590381530E-004
   55355.6231800971      -1.483530237668118E-004  1.240654703177971E-004
   55355.6436143965      -1.986557351535412E-004  1.240624763368186E-004
   55355.6640485959      -1.550850839664442E-004  1.240486806945954E-004
   55355.6844829949      -9.950664715530078E-005  1.240493417033829E-004
   55355.7049172939      -2.769779353661850E-005  1.240548241880319E-004
   55355.7253514926      -2.819008329609796E-004  1.240621886035817E-004
   55355.7457858913       1.263043477296444E-004  1.240764197339472E-004
   55355.7662201898      -2.756022582206530E-005  1.240551119212688E-004
   55355.7866544881      -1.180901369796539E-003  1.239969120416758E-004
   55355.8070887861      -4.159878478102286E-003  1.238738010991534E-004
   55355.8275230841      -5.509044371786787E-003  1.238079179644777E-004
   55355.8479574819      -4.067145850087051E-003  1.239144181449998E-004
   55355.8683916795      -1.636117049668928E-003  1.240142771313512E-004
   55355.8888259770      -2.159092452714839E-004  1.240671889406445E-004
   55355.9092603741      -5.847400157144023E-005  1.240813189755484E-004
   55355.9296946712      -1.582780825283292E-004  1.240713416311446E-004
   55355.9501288683      -4.164977498772870E-004  1.240504926363305E-004
   55355.9705632649      -5.367202510320190E-005  1.240787682592862E-004
   55355.9909975616      -1.935413376972228E-004  1.240951846069373E-004
   55356.0114317580      -1.107622339848735E-004  1.240589768785320E-004
   55356.0318661544      -1.973924449327757E-005  1.240566205766190E-004
   55356.0523004505       5.672082023833180E-005  1.240609832346163E-004
   55465.2496484623      -3.761438346658874E-004  1.328104243108519E-004
   55465.2700815034      -2.430656235735684E-004  1.328098668294334E-004
   55465.2905144440      -3.329583161065797E-004  1.327862977539079E-004
   55465.3109472846      -4.860519349779713E-004  1.328078227308990E-004
   55465.3313803248      -2.520825849997577E-004  1.327932198148539E-004
   55465.3518132649      -4.912172170185025E-004  1.328315776335640E-004
   55465.3722462048      -2.827623146611780E-004  1.328238348360852E-004
   55465.3926791445       4.917968483142410E-005  1.328291309095607E-004
   55465.4131120840      -1.168385302203756E-004  1.328207996594735E-004
   55465.4335450232      -1.614060600670375E-003  1.327538709180666E-004
   55465.4539779622      -4.151318567064632E-003  1.326497612631663E-004
   55465.4744109010      -5.417273137490630E-003  1.325772577075746E-004
   55465.4948439397      -4.448397682521699E-003  1.326205399454812E-004
   55465.5152768780      -1.607763917769289E-003  1.327460816638029E-004
   55465.5357097163      -2.173675310668255E-004  1.328204280051945E-004
   55465.5561427544      -3.176419576360612E-004  1.328127471500955E-004
   55465.5765756922      -3.118413159093336E-004  1.328000334766353E-004
   55465.5970085298      -2.940873262142762E-004  1.328255072803406E-004
   55465.6174415672      -2.253867844024260E-004  1.328160300962265E-004
   55465.6378745043      -3.966250545204275E-004  1.328280004611288E-004
   55465.6583073412      -1.499560027048430E-004  1.328259873337843E-004
   55465.6787403781      -3.072365719756220E-004  1.327941024937665E-004
   55465.6991733145      -1.224168637272705E-004  1.328138001705526E-004
   55480.9216617051      -3.543049634966433E-004  1.327817449889903E-004
   55480.9625273121      -2.464586726262930E-004  1.327586559669085E-004
   55480.9829601155      -3.106582775458389E-004  1.327657638549940E-004
   55481.0033928186      -2.555203457141886E-004  1.327776722775164E-004
   55481.0238257216      -4.432661344346833E-004  1.327503402024162E-004
   55481.0442584244      -1.033122290586830E-004  1.327744048169804E-004
   55481.0646912272      -3.063177389884819E-004  1.327637507276495E-004
   55481.0851241298      -3.537775365564100E-004  1.327558995310060E-004
   55481.1055568322      -2.630308016249194E-003  1.326492037817478E-004
   55481.1259896344      -5.054455078510767E-003  1.325554694754692E-004
   55481.1464225366      -5.355958014723772E-003  1.325207507715741E-004
   55481.1668553386      -3.356569115496533E-003  1.326353906310456E-004
   55481.1872881405      -1.188201935701461E-003  1.327085755528154E-004
   55481.2077209421      -8.134087395337275E-004  1.327192606133362E-004
   55481.2485865451      -1.918680472703382E-004  1.327520281322666E-004
   55481.2690193464      -8.603140815355292E-005  1.327438207669390E-004
   55481.2894521474      -5.503539598861185E-004  1.327451834992953E-004
   55481.3098850485      -7.372598713407674E-004  1.327506499143153E-004
   55481.3303177493      -5.397609988182506E-004  1.327573706625270E-004
   55481.3507505500      -2.499447433811364E-004  1.327895652144439E-004
   55481.3711834504      -5.779120172585417E-004  1.327590276211874E-004
   55496.5731564608       1.579846829943277E-004  1.323606142341171E-004
   55496.5935892806       1.725913470708162E-004  1.323814578449301E-004
   55496.6140219002      -9.574053200456234E-006  1.323809003635116E-004
   55496.6344547199       4.272336594945969E-006  1.323351868871966E-004
   55496.6548874394      -1.149039575553124E-004  1.323282648262505E-004
   55496.6753200590       1.451293796583819E-004  1.323839355401233E-004
   55496.6957528784       2.741900464874325E-004  1.323785775242679E-004
   55496.7161855979       2.755862378932550E-004  1.323833935442998E-004
   55496.7366182172      -4.649091257413751E-005  1.323790730633066E-004
   55496.7570510364      -3.323663405369048E-004  1.323819688695637E-004
   55496.7774837556      -2.926099023992323E-003  1.322578208547882E-004
   55496.7979163747      -4.942999293869321E-003  1.321540828541669E-004
   55496.8183491937      -4.210211138199416E-003  1.321660996758540E-004
   55496.8387819127      -1.762756418412614E-003  1.322876770818665E-004
   55496.8592145316       5.623951253019843E-005  1.324020691718187E-004
   55496.8796473504       2.442384722216584E-004  1.323775399894058E-004
   55496.9000800692       3.020349829369051E-004  1.323739163601857E-004
   55496.9205127879       2.566771328432749E-004  1.324166411166738E-004
   55496.9409455065       5.882494558895335E-005  1.323919880495013E-004
   55496.9613782251       1.673082822758465E-004  1.323734053355521E-004
   55496.9818109435       3.003498565686824E-004  1.323881940787366E-004
   55497.0022436620       3.910130761636266E-004  1.324108185329698E-004
   55497.0226763804       2.573723562036001E-004  1.323771373639369E-004
   55512.2450436406       2.187206805879249E-004  1.319676208052819E-004
   55512.2654763393       1.428370176281835E-004  1.319484341531293E-004
   55512.2859091381      -2.090651981349056E-004  1.319392202241295E-004
   55512.3063417369       2.134804615736563E-004  1.319534360003006E-004
   55512.3267745356       1.790531000215312E-004  1.319587165881812E-004
   55512.3472072344       1.801115030375389E-005  1.319409391251698E-004
   55512.3676398332       3.416416548304158E-004  1.319687512537138E-004
   55512.3880726320       7.965180242808234E-005  1.319415740345631E-004
   55512.4085053309       2.693574462693249E-004  1.319593669831694E-004
   55512.4289379297      -1.453421499908680E-003  1.318896043778852E-004
   55512.4493707286      -3.940208864542272E-003  1.317526807472697E-004
   55512.4698034275      -4.669813673767176E-003  1.317287090462753E-004
   55512.4902360264      -3.423756636109276E-003  1.317928194093999E-004
   55512.5106688253      -7.309066926225460E-004  1.319067624170983E-004
   55512.5311015242       2.495162472050394E-004  1.319428438533496E-004
   55512.5515342232       1.354064305042479E-004  1.319498743134604E-004
   55512.5719669222       4.994283339335714E-004  1.319619066207425E-004
   55512.5923996212      -4.707798447856071E-006  1.319116713506999E-004
   55512.6128323202       2.782350522512189E-005  1.319208078517249E-004
   55512.6332650192       1.649960509815251E-004  1.319451047502135E-004
   55512.6536977183       1.274879575764443E-004  1.319286590483684E-004
   55512.6741304174       1.532956022991527E-004  1.319172926216695E-004
   55512.6945631164      -5.290442270711182E-005  1.319176023335687E-004
   55527.9169408346       5.373473983077970E-004  1.316688107649791E-004
   55527.9373735799       2.119733120589107E-004  1.316453810598081E-004
   55527.9578064253       1.355871837955824E-004  1.316521172936147E-004
   55527.9782390708       5.804138615794763E-005  1.316440802698317E-004
   55527.9986718164       1.961120144671202E-004  1.316609131115507E-004
   55528.0191045621      -1.717162815713102E-004  1.316225862640305E-004
   55528.0395373079       1.777669472895482E-004  1.316643044568464E-004
   55528.0599701538       1.113319490539944E-004  1.316441886689964E-004
   55528.0804027999       2.468063455018932E-005  1.316479206973812E-004
   55528.1008355460      -2.246879012152592E-003  1.315420766558457E-004
   55528.1212683923      -4.494708483584131E-003  1.314399027003151E-004
   55528.1417010386      -4.424385529453123E-003  1.314506342176208E-004
   55528.1621337851      -2.491540817502247E-003  1.315257703243553E-004
   55528.1825666316      -7.330430393936993E-005  1.316353773654655E-004
   55528.2029993783       1.885865820873134E-004  1.316445758088704E-004
   55528.2234321251       1.851270153563345E-004  1.316612692802347E-004
   55528.2438648720       2.945133038513292E-004  1.316596432927641E-004
   55528.2642976189       5.227193404436781E-004  1.316708858347034E-004
   55528.2847303660       2.394558899431187E-004  1.316559732067592E-004
   55528.3051631132       2.483921150551183E-004  1.316693527608026E-004
   55528.3255958606       4.279886701653579E-004  1.316643818848212E-004
   55528.3460287080       5.428483746072743E-005  1.316466663641897E-004
   55543.9362582062      -8.519852145916218E-005  1.316033841262830E-004
   55543.9566909678       3.326758765723747E-004  1.316357490197445E-004
   55543.9771238295      -2.013612356522865E-004  1.315966943492613E-004
   55543.9975566914       4.512332273842734E-005  1.316084014590493E-004
   55544.0179895536      -1.146308353431325E-004  1.316058927926662E-004
   55653.2151547865      -5.384223497653107E-004  1.237177164394176E-004
   55653.2355892061      -5.983700783368517E-004  1.237283567949813E-004
   55653.2560235259      -5.327011045010988E-004  1.237307524305907E-004
   55653.2764577459      -6.406316973330828E-004  1.237169230795729E-004
   55653.2968921661      -5.640569656342187E-004  1.237216910166786E-004
   55653.3173264864      -4.427675783578167E-004  1.237669825301640E-004
   55653.3377609069      -8.541960864342224E-004  1.237222510353925E-004
   55653.3581951275      -4.563036517589714E-004  1.237337391970648E-004
   55653.3990638693      -1.517620872529823E-003  1.236621345820646E-004
   55653.4194980905      -4.130680469104364E-003  1.235580799938098E-004
   55653.4399324118      -5.591793797229072E-003  1.234877509769912E-004
   55653.4603668333      -4.712078754410931E-003  1.235430606030250E-004
   55653.4808010550      -2.019417323246953E-003  1.236572266402804E-004
   55653.5012354768      -6.578858305406055E-004  1.237413694520415E-004
   55653.5216696988      -5.411090939472230E-004  1.237344703326079E-004
   55653.5421040210      -6.598783972556754E-004  1.237100006260262E-004
   55653.5625384432      -5.250940783139146E-004  1.237468296345018E-004
   55653.5829726657      -4.329157778314441E-004  1.237049526795636E-004
   55653.6034069884      -2.084529865192808E-004  1.237414705665315E-004
   55653.6238414112      -3.936624856037962E-004  1.237152896916574E-004
   55653.6442756342      -2.286435136049647E-004  1.237415327908330E-004
   55653.6647099574      -6.143093716226566E-005  1.237209909932862E-004
   55668.8883241222       3.859219827041516E-004  1.235797184946713E-004
   55668.9087586426       2.809093583086009E-004  1.236014192198343E-004
   55668.9291930630       3.278311077749008E-004  1.235855053547148E-004
   55668.9496273835       1.747125253980242E-004  1.236028426007321E-004
   55668.9700619042       3.433564575517911E-004  1.236031615002775E-004
   55668.9904963249       4.641319869380656E-005  1.235763039361241E-004
   55669.0109308457      -2.059731446379942E-005  1.236092283696779E-004
   55669.0313651666       2.924580482485117E-004  1.236278489919145E-004
   55669.0517995876       2.235156014410711E-004  1.235958345887708E-004
   55669.0722341087      -1.696904506957586E-003  1.235492052528023E-004
   55669.0926684298      -4.629188120273242E-003  1.233748916500682E-004
   55669.1131028511      -4.482386235513669E-003  1.234066804901188E-004
   55669.1335373725      -3.046772071322312E-003  1.234958245801164E-004
   55669.1539716940      -2.606086412910713E-004  1.235833197261231E-004
   55669.1744062155       1.476009366863096E-005  1.236007736427058E-004
   55669.1948406372       3.344529159933218E-004  1.236120517973604E-004
   55669.2152749589       1.865744454937479E-004  1.235832497237838E-004
   55669.2357094807       1.069324630543766E-004  1.236127518207528E-004
   55669.2561439026       3.745037149728292E-004  1.236327335995856E-004
   55669.2765783247       1.124104599629083E-004  1.235974290864979E-004
   55669.2970127468       6.165500948952518E-004  1.236352303496851E-004
   55669.3174471690       2.128481626358925E-004  1.236055493578492E-004
   55669.3378815913       4.566595162337483E-004  1.236421683593071E-004
   55684.5411144310       1.444580301039888E-004  1.234834575001848E-004
   55684.5615489945      -8.210506304562326E-005  1.234608311885363E-004
   55684.5819834581      -2.031312482630998E-005  1.234771650676913E-004
   55684.6024178217      -2.610007518665247E-004  1.234572221790469E-004
   55684.6228523854      -1.694318651412896E-004  1.234782617710060E-004
   55684.6432868490       3.203532019161459E-004  1.235033770547161E-004
   55684.6637212127      -1.565055023241557E-004  1.234792262476799E-004
   55684.6841557763       4.130513015132564E-005  1.234727704763948E-004
   55684.7045902400      -1.951689924294397E-004  1.234540176275174E-004
   55684.7250246037      -5.800501677170056E-004  1.234426694705236E-004
   55684.7454591675      -3.571830623261274E-003  1.233077827408544E-004
   55684.7658935312      -5.159685808891701E-003  1.231918977572689E-004
   55684.7863280950      -4.538866547925124E-003  1.232614178581675E-004
   55684.8067625588      -2.102873622456869E-003  1.233534709342621E-004
   55684.8271969226      -1.130872869566923E-004  1.234924566897954E-004
   55684.8476314864      -2.477200792013745E-004  1.234732293806187E-004
   55684.8680659502      -3.901557266685618E-004  1.234589566814524E-004
   55684.8885004141      -3.411804019010090E-004  1.234688581234353E-004
   55684.9089348779      -2.350961442308952E-004  1.234592133566962E-004
   55684.9293693419      -1.785908932961933E-004  1.234180753153388E-004
   55684.9498038057      -2.910733065090154E-004  1.234486507815093E-004
   55684.9702382696      -2.208939121643994E-004  1.234600844969178E-004
   55684.9906727336      -1.521486512325865E-004  1.234685003337014E-004
   55700.2143502120       2.435167650817194E-004  1.236411416583316E-004
   55700.2347846616       3.178807455995747E-004  1.236676103206003E-004
   55700.2552191110       7.259133654369254E-005  1.236205920827471E-004
   55700.2756535605       3.458481384884804E-004  1.236602056287167E-004
   55700.2960880099       2.756137799034830E-004  1.236466796211689E-004
   55700.3165224591      -1.076916724116472E-004  1.236462596071335E-004
   55700.3369569085       1.020936833830977E-004  1.236625545961000E-004
   55700.3573913576       2.200367696205685E-004  1.236616834558784E-004
   55700.3778259069       3.788060547614824E-004  1.236647324466540E-004
   55700.3982603559      -1.133807260652930E-003  1.236007891987812E-004
   55700.4186947050      -4.297838225344131E-003  1.234760683643766E-004
   55700.4391292541      -4.685500558469502E-003  1.234347825403030E-004
   55700.4595637030      -3.193981018428937E-003  1.235052204496493E-004
   55700.4799980519      -3.059430749661196E-004  1.236539831985625E-004
   55700.5004326006       1.070813152481698E-004  1.236245977721589E-004
   55700.5208670494       1.609849346783099E-004  1.236479241071998E-004
   55700.5413013981       2.123616010422102E-004  1.236430783897171E-004
   55700.5617359468       2.033322723966613E-004  1.236348958940642E-004
   55700.5821703954       6.120280628951758E-005  1.236633557339823E-004
   55700.6026049440       8.533930382048638E-005  1.236340247538427E-004
   55700.6230392925       4.445573940338177E-004  1.236839286436799E-004
   55700.6434737410       2.739676139883462E-004  1.237010014364156E-004
   55700.6639082893       2.854581951022839E-004  1.236671514163764E-004
   55715.8671193384      -4.969940615628943E-005  1.238043637793157E-004
   55715.8875537199       2.198403002307003E-006  1.237916855778764E-004
   55715.9079882013      -1.453905389336985E-004  1.237963368444167E-004
   55715.9284224825       1.327764811742682E-004  1.238059893891935E-004
   55715.9488569637       2.916302233024748E-005  1.237901299703378E-004
   55715.9692913447       1.847366604601497E-005  1.237989969333077E-004
   55715.9897256257       1.253619737514589E-004  1.238062149522866E-004
   55716.0101601064      -1.078686764639514E-004  1.238108973309777E-004
   55716.0305944871      -2.945212107693385E-004  1.238082916883506E-004
   55716.0510287677      -6.844249587691920E-004  1.237816596872903E-004
   55716.0714632481      -3.312174292847803E-003  1.236638924185831E-004
   55716.0918976285      -5.226280709039521E-003  1.235425705866503E-004
   55716.1123319087      -4.727824766498245E-003  1.236043437620068E-004
   55716.1327663886      -2.054798139995984E-003  1.237083750161484E-004
   55716.1532007686      -2.224157668609950E-004  1.238020070338948E-004
   55716.1736352484       1.656222387788064E-004  1.238027070572871E-004
   55716.1940695281       2.544984396635197E-005  1.238294401728374E-004
   55716.2145039076      -2.454601317832816E-004  1.238047837933511E-004
   55716.2349383872      -7.006323657421376E-005  1.237972079846383E-004
   55716.2553726664       3.436600070694240E-005  1.238151052493695E-004
   55716.2758070456      -1.387712092209004E-004  1.237814574583103E-004
   55716.2962415248       3.479899650682405E-005  1.238120329244808E-004
   55716.3166759037      -2.379217670884781E-004  1.237916000194618E-004
   55731.5402517113       1.069592702073185E-004  1.240697659814706E-004
   55731.5606858763       3.791543717701629E-005  1.240705982315037E-004
   55731.5811202413       6.827642130180500E-005  1.240758872971348E-004
   55731.6015545058      -4.022262623759598E-005  1.240638002265602E-004
   55731.6219888703      -2.902152944281866E-004  1.240487108334361E-004
   55731.6424230345       2.635454566437545E-004  1.240781973743296E-004
   55731.6628572986       7.373484549810794E-005  1.240705282291645E-004
   55731.6832916626       1.446791017867266E-005  1.240687159463821E-004
   55731.7037258261       1.155733948816628E-004  1.240727449699069E-004
   55731.7241600897      -1.669415020557508E-003  1.239970802192310E-004
   55731.7445943531      -4.286575882268551E-003  1.238713482399264E-004
   55731.7650286164      -5.060244268543346E-003  1.238363392922710E-004
   55731.7854628793      -3.582385583602576E-003  1.239027481780923E-004
   55731.8058971421      -7.681069587426315E-004  1.240322525056780E-004
   55731.8263314048       1.697891685077391E-004  1.240648347055733E-004
   55731.8467656672       1.890487115528972E-004  1.240792318533428E-004
   55731.8671999296      -6.833504508918509E-005  1.240616768222700E-004
   55731.8876341915       7.493201474295663E-005  1.240780729257265E-004
   55731.9080685534       1.165244297043344E-004  1.240732349862816E-004
   55731.9285028151       5.536180239592570E-004  1.241104528966418E-004
   55731.9489369768      -1.016745154357457E-004  1.240677903598966E-004
   55731.9693713381       1.763366942125755E-004  1.240884410499711E-004
   55731.9898055993       7.642940303642654E-006  1.240780340355381E-004
   55841.1868716652      -3.789471225577046E-004  1.333728749430000E-004
   55841.2073045681      -1.015928766578966E-004  1.333454641262667E-004
   55841.2277374705      -1.271731668928133E-005  1.333667905841349E-004
   55841.2481703727      -1.457291769711988E-004  1.333584284909254E-004
   55841.2686032749      -3.687352603791716E-004  1.333435452130861E-004
   55841.2890362769       1.515878415770944E-004  1.333725317227563E-004
   55841.3094690787      -3.223224948767367E-005  1.333820950868186E-004
   55841.3299019802       3.936128326753607E-005  1.333782260586172E-004
   55841.3503348814      -1.973904589012143E-004  1.333252297328102E-004
   55841.3707677827      -1.449751541499289E-003  1.332815627572629E-004
   55841.3912006837      -4.253713011772575E-003  1.331920758791854E-004
   55841.4116336843      -5.395187988600725E-003  1.331131352231407E-004
   55841.4320664849      -3.990473334071321E-003  1.331938543840844E-004
   55841.4524993855      -1.066005489163802E-003  1.333580228670011E-004
   55841.4729323856      -3.937503983730828E-005  1.333815958573733E-004
   55841.4933651855      -4.644720062896290E-006  1.333429055753593E-004
   55841.5137980853       2.668392453766266E-004  1.333788812972642E-004
   55841.5342310850       4.023834366340129E-005  1.333536078065938E-004
   55841.5546638844       4.635256374863062E-005  1.333503316133588E-004
   55841.5750968836       6.945158376747695E-005  1.333745754432982E-004
   55841.5955297825       1.169508425856725E-004  1.333765099573989E-004
   55841.6159625815       2.414314556375974E-005  1.333494735627496E-004
   55841.6363955802       9.790273556820051E-005  1.333815334536926E-004
   55856.8588601653      -1.525884337394423E-005  1.333551054949298E-004
   55856.8792929430       1.454229161238496E-004  1.333564783759045E-004
   55856.8997258207      -1.099815899739953E-004  1.333356043447212E-004
   55856.9201584982       1.093820407346291E-004  1.333490367369849E-004
   55856.9405912756       2.333680204175126E-004  1.333525001412620E-004
   55856.9610241529       4.187172824066110E-005  1.333628591522528E-004
   55856.9814569301      -2.524250094171343E-006  1.333411270704603E-004
   55857.0018896070       1.389304015393389E-004  1.333414546897838E-004
   55857.0223224840      -3.559814210694068E-004  1.333280691002806E-004
   55857.0427552607      -2.592536298903658E-003  1.332270999449602E-004
   55857.0631880374      -4.410344548932188E-003  1.331651018882168E-004
   55857.0836208138      -4.618075367839092E-003  1.331258655739969E-004
   55857.1040535902      -2.103730908255996E-003  1.332497056782820E-004
   55857.1244864665      -8.883493023947864E-005  1.333345122803095E-004
   55857.1449191426       1.374977341301875E-004  1.333448556903802E-004
   55857.1653519186       1.462825818311364E-004  1.333290363573309E-004
   55857.1857847944       1.143435473131005E-004  1.333379912855067E-004
   55857.2062174702       4.247258762740680E-004  1.333628435513326E-004
   55857.2266502458       1.894626627345630E-004  1.333422503367123E-004
   55857.2470831212       2.150201037803834E-004  1.333340598536246E-004
   55857.2675157966       6.803486803893533E-004  1.333472894339262E-004
   55857.2879485719       3.706775916715310E-004  1.333440756443718E-004
   55872.5103412120       3.341880994377489E-004  1.329728517489996E-004
   55872.5307739210       3.896798130481605E-004  1.329801373787176E-004
   55872.5512066297       3.099975770958219E-004  1.329643960502692E-004
   55872.5716394386       3.474515683553614E-004  1.329588733245301E-004
   55872.5920720473       4.444370612372017E-004  1.329614006735971E-004
   55872.6125047560       7.793407013756415E-005  1.329453629276655E-004
   55872.6329375646       2.924054287983813E-004  1.329448480973000E-004
   55872.6533701732       1.904594323545172E-004  1.329619623067231E-004
   55872.6738028817       2.076411797328204E-004  1.329646924677523E-004
   55872.6942356902      -7.863845995841334E-004  1.329071094714162E-004
   55872.7146682986      -3.290718352610300E-003  1.328078096145537E-004
   55872.7351010071      -4.865420321615743E-003  1.327179015116316E-004
   55872.7555338153      -3.831692029937384E-003  1.327972165897603E-004
   55872.7759664237      -7.467425466513022E-004  1.329112437152604E-004
   55872.7963991318       4.409425328369965E-004  1.329599965907821E-004
   55872.8168319401       5.448380306606326E-004  1.329863933477045E-004
   55872.8372645482       1.889848386407156E-004  1.329604802193073E-004
   55872.8576973564       6.551779891684761E-004  1.329755507081885E-004
   55872.8781300644       1.336994538571057E-004  1.329601682009039E-004
   55872.8985626724       8.129970725356817E-005  1.329562367690219E-004
   55872.9189954804       2.137734583779194E-004  1.329549886954085E-004
   55872.9394281883       2.214774726937430E-004  1.329738034051298E-004
   55872.9598607962      -2.460556517225321E-005  1.329626487472105E-004
   55888.1822266371      -5.252218568893019E-004  1.324583490028143E-004
   55888.2026593413      -2.158029174248455E-004  1.324663366739398E-004
   55888.2230920455      -5.170927069597653E-004  1.324516562080627E-004
   55888.2435247498      -4.319714972841338E-004  1.324547295893356E-004
   55888.2639575541      -4.962947161871734E-004  1.324623896411376E-004
   55888.2843901584      -1.832110974352430E-004  1.324582397963732E-004
   55888.3048228629      -2.570403033836932E-004  1.324777877493423E-004
   55888.3252555673      -5.025468974292346E-004  1.324647765819231E-004
   55888.3456882717      -4.503432044865585E-004  1.324523894513106E-004
   55888.3661209762      -2.177951160718172E-003  1.323808592323452E-004
   55888.3865536808      -5.038234148068366E-003  1.322554278342030E-004
   55888.4069863854      -5.208530053352978E-003  1.322671909280089E-004
   55888.4274191900      -3.787827081824791E-003  1.323068016643128E-004
   55888.4478517946      -9.529998264904416E-004  1.324432629130129E-004
   55888.4682844993      -4.540567136118723E-004  1.324517186117434E-004
   55888.4887173041      -4.486361547932916E-004  1.324592382552639E-004
   55888.5091499089      -4.784663493982988E-004  1.324811575480984E-004
   55888.5295826137      -4.070513863091429E-004  1.324781777723465E-004
   55888.5500154185      -6.207903303465656E-004  1.324761340518046E-004
   55888.5704480234      -3.948649035910856E-004  1.324285668462157E-004
   55888.5908807284      -4.601075379689901E-004  1.324467419182101E-004
   55888.6113135333      -4.545960157434914E-004  1.324892700265852E-004
   55919.5056590807       1.548068242911427E-004  1.325100348513274E-004
   55919.5260919759      -2.218801739606313E-005  1.325138102740078E-004
   55919.5465248713      -4.846791617119095E-005  1.325083967547099E-004
   55919.5669578670       5.358992393067474E-006  1.325058694056428E-004
   55919.5873906628      -1.116667342341282E-004  1.325069302682142E-004
   55919.6078235589      -1.331158004352906E-004  1.324946211422025E-004
   55919.6282565551      -1.070009907070402E-004  1.324981469501602E-004
   55919.6486893516      -1.715867949195760E-004  1.324983341612022E-004
   55919.6691222483      -1.357905719254759E-004  1.325034044602565E-004
   55919.6895552452      -8.741998895847036E-004  1.324691136377295E-004
   55919.7099880423      -3.910215762699787E-003  1.323220749651562E-004
   55919.7304209396      -5.204325342817562E-003  1.322449440158509E-004
   55919.7508539371      -3.910879691385816E-003  1.323270672596096E-004
   55919.7712867348      -7.149247667237457E-004  1.324802370938085E-004
   55919.7917197327      -6.721201841153324E-005  1.325053077725168E-004
   55919.8121526309       3.655065220964371E-005  1.325185997564990E-004
   55919.8325855292       4.544338588030605E-005  1.325137166684868E-004
   55919.8530184277       1.055156794007583E-004  1.325136230629658E-004
   55919.8734513265      -3.272401424764260E-004  1.325021563866431E-004
   55919.8938842254      -2.265989345713315E-004  1.324999722578197E-004
   55919.9143171246       1.847495929740983E-004  1.325200662429947E-004
   55919.9347500240       1.292935838208553E-004  1.325218915506543E-004
   55919.9551830236       1.665322971903249E-004  1.325155731779867E-004
   56029.1526296761      -4.160722347034129E-004  1.234616515373223E-004
   56029.1730640247      -1.053937392138105E-004  1.234939267327692E-004
   56029.1934983734      -2.607418704938524E-004  1.235028310408541E-004
   56029.2139327223      -4.802802095785763E-004  1.234868765150816E-004
   56029.2343670713       1.280589975011237E-004  1.235160745436926E-004
   56029.2548014204      -6.260513404732215E-005  1.234811506476780E-004
   56029.2752357698      -1.081667927159691E-004  1.234926880757390E-004
   56029.2956702193      -3.149343888120271E-005  1.235103019345142E-004
   56029.3161045689      -1.486157490568907E-004  1.234801768607046E-004
   56029.3365388187      -1.533023588980664E-003  1.233800871404289E-004
   56029.3569732686      -4.424973752623518E-003  1.232887537126182E-004
   56029.3774076187      -5.361343593699108E-003  1.232796546471385E-004
   56029.3978418689      -3.969637165709305E-003  1.233291074447965E-004
   56029.4182763193      -9.979092717822269E-004  1.234629213555356E-004
   56029.4387106698      -2.451685662554492E-004  1.235344518514549E-004
   56029.4591449204       2.335576014467211E-005  1.235009068377947E-004
   56029.5000137223       1.634330285942287E-004  1.235193386776275E-004
   56029.5408824246       9.106835639272060E-005  1.234817193392704E-004
   56029.5613167761       3.069648469632424E-004  1.235271289734148E-004
   56029.5817512276       3.005339088982817E-004  1.235033997324466E-004
   56029.6021854793      -5.806948283793023E-005  1.234786421724344E-004
   56044.8258162465      -9.279169246536600E-004  1.233168844707062E-004
   56044.8462507822      -4.713239634924760E-004  1.233561164002912E-004
   56044.8666852180      -5.930458567646735E-004  1.233399203753494E-004
   56044.8871195538      -4.928023359370703E-004  1.233489571184627E-004
   56044.9075540898      -6.408856890817161E-004  1.233377624634163E-004
   56044.9279885258      -8.575550206291194E-004  1.233283985278799E-004
   56044.9484228618      -9.932645388872618E-004  1.233019193124987E-004
   56044.9688573980      -6.316268147449344E-004  1.233245423314652E-004
   56044.9892918342      -9.953160297302421E-004  1.233107535079216E-004
   56045.0097262705      -3.353763541276145E-003  1.231968905446939E-004
   56045.0301607069      -5.397872944921223E-003  1.230629441989265E-004
   56045.0505950434      -5.161026741588137E-003  1.231155286954910E-004
   56045.0710295799      -3.352602928122117E-003  1.231908530654587E-004
   56045.0914640165      -8.996265603596898E-004  1.233331116568312E-004
   56045.1118983532      -8.314809425469250E-004  1.232912466072701E-004
   56045.1323328900      -5.703904768414869E-004  1.233300968123615E-004
   56045.1527673268      -6.450882447149864E-004  1.233273078864697E-004
   56045.1732017637      -4.702664611244689E-004  1.233560384973334E-004
   56045.1936362007      -7.053436799780988E-004  1.233422418834940E-004
   56045.2140706378      -6.918993826188213E-004  1.233266612919193E-004
   56045.2345051749      -7.097963228004378E-004  1.233268794202014E-004
   56045.2549395121      -8.477230229183563E-004  1.233302681988688E-004
   56060.4786131486       5.630307861469452E-004  1.234101187306890E-004
   56060.4990476138       4.188133158257168E-004  1.233919751318003E-004
   56060.5194821790       5.756803149273848E-004  1.234124636097210E-004
   56060.5399165441       5.023479027367328E-004  1.234137957503007E-004
   56060.5603510093       2.854925393050989E-004  1.234050005063568E-004
   56060.5807855745       4.051544150741604E-004  1.233911337798553E-004
   56060.6012200396       5.442352807510931E-004  1.233959170214687E-004
   56060.6216545048       6.117164812237119E-004  1.233760595575068E-004
   56060.6420889700       6.453075666911223E-004  1.233990643009668E-004
   56060.6625234352      -5.130487732629696E-004  1.233496504547877E-004
   56060.6829579004      -3.214372668820187E-003  1.231764565988437E-004
   56060.7033923656      -4.846957279099118E-003  1.230833391932977E-004
   56060.7238268307      -3.683132184059024E-003  1.231582740484761E-004
   56060.7442612959      -8.141052200718590E-004  1.233034929522478E-004
   56060.7646957611       4.008887532386263E-004  1.233935098200705E-004
   56060.7851303263       5.029335587530825E-004  1.233845587702108E-004
   56060.8055646915       5.281364536152688E-004  1.234058262777102E-004
   56060.8259991567       1.413560703805716E-004  1.233817620540231E-004
   56060.8464337218       4.432496531542318E-004  1.233786381454124E-004
   56060.8668680870       3.370169842616955E-004  1.234000692491234E-004
   56060.8873025522       3.948495363882421E-004  1.233845977216897E-004
   56060.9077371174       4.718499657824227E-004  1.234157043727686E-004
   56060.9281714825       4.938828397257344E-004  1.233777344711011E-004
   56076.1518452445      -8.370767222587450E-005  1.234621267453653E-004
   56076.1722797824       1.118516280924631E-004  1.234838305094288E-004
   56076.1927142204       2.508842567146008E-004  1.234661699088789E-004
   56076.2131485582      -4.852139279587497E-006  1.234393790816663E-004
   56076.2335830960      -1.328513786852392E-004  1.234490624193299E-004
   56076.2540175337       2.652420807728317E-004  1.234697222837579E-004
   56076.2744520713      -1.081583561902688E-004  1.234800833771551E-004
   56076.2948864088       1.648145046828642E-005  1.234869855792227E-004
   56076.3153208463      -1.143487816304134E-004  1.234641522222700E-004
   56076.3357553837      -2.385495405478610E-003  1.233475860264041E-004
   56076.3561897210      -4.659463842701328E-003  1.232459070857878E-004
   56076.3766241583      -5.057305295704695E-003  1.232538298166035E-004
   56076.3970586954      -2.706903881951384E-003  1.233319509027589E-004
   56076.4174930326      -2.837840624811960E-004  1.234669800996408E-004
   56076.4379274696      -1.055567674423941E-005  1.234754325705701E-004
   56076.4583620065      -7.846414402901125E-005  1.235012340302177E-004
   56076.4787963434      -3.554812339385816E-004  1.234722307590015E-004
   56076.4992308802      -5.295570871632904E-005  1.234675020494586E-004
   56076.5196653170      -2.534187132745558E-004  1.234761570680783E-004
   56076.5400997537       1.933711754571465E-004  1.234838772512035E-004
   56076.5605341902      -2.273158810877085E-004  1.234608413465604E-004
   56076.5809686268      -4.566608599334554E-004  1.234608647174478E-004
   56091.8046011312       3.146596254147704E-004  1.236640434218772E-004
   56091.8250354891      -9.748160293421293E-007  1.236306542141327E-004
   56091.8454698470      -8.898740437068842E-005  1.236596029532785E-004
   56091.8659042048       7.785820323968906E-005  1.236541341656357E-004
   56091.8863385622      -1.416893453681789E-004  1.236359360346765E-004
   56091.9067730199      -1.634343000531668E-004  1.236074313423907E-004
   56091.9272072770      -2.086910625868077E-004  1.236297115883424E-004
   56091.9476417342       1.001024005039541E-004  1.236415294670518E-004
   56091.9680760914      -1.286379101284041E-004  1.236060212988532E-004
   56091.9885103480      -1.066271259759333E-003  1.235845979854380E-004
   56092.0089448050      -3.716473665811626E-003  1.234379300866498E-004
   56092.0293791615      -5.361751329249764E-003  1.233839744980268E-004
   56092.0702478744      -1.562349251578055E-003  1.235337195636509E-004
   56092.0906822306      -2.083839633942874E-004  1.236472709150471E-004
   56092.1111164866      -6.295706439951587E-005  1.236667232836281E-004
   56092.1315509424       4.411650818570978E-004  1.236382731234127E-004
   56092.1519851984      -7.025201007693216E-005  1.236619010905357E-004
   56092.1724196539      -2.101766243624015E-004  1.235950369817930E-004
   56092.1928540095      -1.332073522897215E-005  1.236208851832154E-004
   56092.2132882648      -1.451474396638730E-004  1.236372292237772E-004
   56092.2337227201      -2.474271456343047E-004  1.236412100649245E-004
   56092.2541570751      -2.715280745239079E-004  1.236582474418114E-004
   56217.1240902151      -2.884366435695895E-006  1.340799293845125E-004
   56217.1445229845       3.164170696955404E-004  1.341345359498491E-004
   56217.1649559536       2.669184539281222E-004  1.341283270859147E-004
   56217.1853888228       7.031544845848003E-005  1.341269910012706E-004
   56217.2058215914       5.279121628235517E-004  1.341095747449687E-004
   56217.2262545601       2.085501353293884E-004  1.341111151719701E-004
   56217.2466874286       2.108329020398259E-004  1.341340643905629E-004
   56217.2671201970       2.016695806987823E-004  1.341440771660722E-004
   56217.2875531650       2.731222797754951E-004  1.341448788168587E-004
   56217.3079860330      -1.412839779539765E-003  1.340448925295513E-004
   56217.3284188007      -4.455320180326017E-003  1.339071657807086E-004
   56217.3488517685      -4.805780217285505E-003  1.339713292809113E-004
   56217.3692846358      -2.728074425582538E-003  1.340341095405412E-004
   56217.3897175030      -3.621978823757921E-004  1.341521408298655E-004
   56217.4101503701       1.422804608092187E-004  1.341465607116460E-004
   56217.4305832369       3.067372504480526E-004  1.341569978905129E-004
   56217.4510162035       1.645958125484626E-004  1.341593242496579E-004
   56217.4714489701       1.306015498990787E-004  1.341725436283130E-004
   56217.4918818364       3.848444175872379E-004  1.341615720155886E-004
   56217.5123148025       2.652900874858810E-004  1.341612576427311E-004
   56217.5327476684      -6.220307832016658E-005  1.341564634566552E-004
   56217.5531804343       6.137132839086901E-004  1.341800571396058E-004
   56217.5736134000       4.501966172020255E-004  1.341705945165969E-004
   56232.7756244581       9.658941462853399E-005  1.340384478859738E-004
   56232.7960572148       7.187208383230281E-005  1.340558169863471E-004
   56232.8164900714       4.957672662075918E-005  1.340569330099910E-004
   56232.8369228278       2.141198628412555E-004  1.340473132005535E-004
   56232.8573554841       1.797510609007347E-004  1.340548895864177E-004
   56232.8777883404       4.679045455702191E-005  1.340590864640645E-004
   56232.8982210965       7.556407842856938E-005  1.340390137571172E-004
   56232.9186537525      -1.811024077872370E-004  1.340409314315476E-004
   56232.9390866083       1.513457017002784E-004  1.340392652554031E-004
   56232.9595193641      -5.098994573586868E-004  1.340103429525191E-004
   56232.9799520197      -3.383353537749545E-003  1.338670675227427E-004
   56233.0003848753      -5.135745407993775E-003  1.337720011706541E-004
   56233.0208176308      -4.409096838354332E-003  1.338262147699189E-004
   56233.0412502861      -2.068626169808185E-003  1.339331172600899E-004
   56233.0616831412      -1.614470427819814E-004  1.340231693651024E-004
   56233.0821158964       1.796626421817216E-004  1.340386365096883E-004
   56233.1025487514      -3.506112393749650E-004  1.339979880992218E-004
   56233.1229814063       1.184369469485747E-004  1.340200099178852E-004
   56233.1434141611       2.222598304919554E-004  1.340518087324148E-004
   56233.1638470157       9.157542797211260E-005  1.340334179202548E-004
   56233.1842796703       1.537195555122439E-004  1.340350055031849E-004
   56233.2047124248      -1.981130417860744E-004  1.340265017173912E-004
   56233.2251452791       2.872398990871883E-005  1.340376147979016E-004
   56264.1193989866      -4.083585170733262E-005  1.329897471894966E-004
   56264.1398315994       2.868898160180988E-004  1.329996656531487E-004
   56264.1602644123      -1.632875841661718E-005  1.329870121456369E-004
   56264.1806971252       2.296820145984979E-004  1.329902501860685E-004
   56264.2011299382       1.663993810399056E-004  1.329969934838605E-004
   56264.2215625513       2.181727654174681E-004  1.330157301061637E-004
   56264.2419952644      -1.185491215575096E-004  1.329890084132816E-004
   56264.2624280775      -1.311882838272993E-004  1.329844185695631E-004
   56264.2828606908      -5.474078299338991E-004  1.329733683636242E-004
   56264.3032934040      -2.584083382885072E-003  1.328867743600435E-004
   56264.3237262174      -4.495376522789529E-003  1.328049273866101E-004
   56264.3441588308      -4.546174520778656E-003  1.328074580881125E-004
   56264.3645915442      -2.655577731560665E-003  1.328888335022597E-004
   56264.3850243577      -5.461847879443260E-004  1.329853302508496E-004
   56264.4054569713       5.421471745836737E-005  1.330062203272262E-004
   56264.4258897849       1.517087897184854E-005  1.330012846733645E-004
   56264.4463224986       1.749565743519588E-004  1.330070848525842E-004
   56264.4667551124      -8.022809231411632E-005  1.329954687755019E-004
   56264.4871879262       1.977788491177579E-004  1.329963490195028E-004
   56264.5076206401      -1.512269537102817E-004  1.329993041243626E-004
   56264.5280533541      -1.094678360359369E-004  1.329994613107914E-004
   56264.5484860680       1.118773470025758E-004  1.330079179406564E-004
   56279.7708866328       1.202073725032893E-004  1.330771585625066E-004
   56279.7913194240      -5.874470812283761E-005  1.330679631564266E-004
   56279.8117523154      -3.983769190207820E-005  1.330549481201288E-004
   56279.8321850068      -7.598097922334457E-005  1.330641278075659E-004
   56279.8526177985      -1.078301592641884E-004  1.330714055392155E-004
   56279.8730506903       5.058005084812578E-005  1.330575888521312E-004
   56279.8934834822      -4.963851123473972E-005  1.330489907544804E-004
   56279.9139161742      -8.283680063769783E-005  1.330641592448516E-004
   56279.9343490665       8.983219981151258E-005  1.330781016810789E-004
   56279.9547818588      -8.228889087574798E-004  1.330214516921690E-004
   56279.9752146513      -3.479421101388214E-003  1.328794651911081E-004
   56279.9956474439      -5.120768213564664E-003  1.327934842145994E-004
   56280.0160802367      -4.242405239590408E-003  1.328340540318515E-004
   56280.0365131297      -1.573689600467998E-003  1.329911618673551E-004
   56280.0569458228       7.449142896220895E-005  1.330960366525956E-004
   56280.0773786160       3.175098312480085E-005  1.330680889055696E-004
   56280.0978115094      -1.140705858800883E-004  1.330781488370075E-004
   56280.1182442029       1.412925656529840E-004  1.330837289552270E-004
   56280.1386769966       1.127620731670165E-004  1.330742663322182E-004
   56280.1591097904       1.142506879164840E-004  1.330674758784976E-004
   56280.1795425844       2.249360538744138E-004  1.330905980021620E-004
   56280.1999754785       2.273325790633773E-004  1.331003435607425E-004
   56280.2204081728       5.578805292638656E-005  1.330713426646441E-004
   56295.4428920149       2.457927408003879E-004  1.331872833744664E-004
   56295.4633250479      -3.095263775654278E-004  1.331679494437341E-004
   56295.4837578811      -6.321474920589765E-005  1.331850041712500E-004
   56295.5041908146       9.398654749614987E-005  1.331894525471827E-004
   56295.5246238483      -1.349710084336264E-004  1.331826149375335E-004
   56295.5450566822      -2.030877566365774E-004  1.331849570153214E-004
   56295.5654896163      -2.670834317991533E-004  1.331742526195257E-004
   56295.5859226506       5.934085917946863E-005  1.331926905876143E-004
   56295.6063554852       1.354077343689308E-004  1.332042123528393E-004
   56295.6267885200      -1.871585426131195E-003  1.331127927258970E-004
   56295.6472214550      -4.266462348331834E-003  1.330023063851511E-004
   56295.6676542902      -5.074159323843030E-003  1.329669708759754E-004
   56295.6880873257      -3.233043726041163E-003  1.330542250625567E-004
   56295.7085201614      -6.876060800768968E-004  1.331573236411527E-004
   56295.7289530973      -1.855627685691807E-004  1.331824263138190E-004
   56295.7493861334      -3.250638558172092E-005  1.331841239272492E-004
   56295.7698189698       2.892416680267962E-004  1.331939480790440E-004
   56295.7902519063       1.030761290186089E-004  1.331801785478883E-004
   56295.8106849431      -2.487361070953042E-004  1.331714389824516E-004
   56295.8311178802       1.571955516234125E-004  1.331778521887433E-004
   56295.8515508174       9.962455275680515E-005  1.331908986623269E-004
   56295.8719837548       2.748564359478234E-005  1.331957557229743E-004
   56295.8924166926      -6.434081325168428E-006  1.331899241064688E-004
   56405.0901037653       1.247514429586483E-004  1.248650352031858E-004
   56405.1105380385       1.615542497592770E-004  1.247875876928343E-004
   56405.1309725118       2.826733062212261E-004  1.248552737698693E-004
   56405.1718411589       3.246451559985042E-004  1.248497294642206E-004
   56405.1922756326       2.348149404672872E-004  1.248951911999156E-004
   56405.2127100064       3.970737585579087E-005  1.248365440687754E-004
   56405.2331444804       5.049430595926996E-005  1.248988114901481E-004
   56405.2535787545      -7.151703436947265E-005  1.248759824582487E-004
   56405.2740131288      -1.752451770944963E-003  1.247506073312195E-004
   56405.2944476032      -4.491601269134393E-003  1.246716206085350E-004
   56405.3148818777      -4.864668338336209E-003  1.246530793824206E-004
   56405.3353162524      -3.244253302785771E-003  1.246898241503110E-004
   56405.3557507272      -4.484422541303212E-004  1.248798304890814E-004
   56405.3761850021      -8.048247986358614E-005  1.249512389469627E-004
   56405.3966194772       1.309260137793977E-005  1.247969407636951E-004
   56405.4170538524      -4.059662823030497E-005  1.248811890795591E-004
   56405.4374881277      -3.296806685870735E-005  1.248254397512296E-004
   56405.4579226031       1.521647666331560E-004  1.248792100922737E-004
   56405.4783569787       8.769414464926406E-005  1.248690874152464E-004
   56405.4987913544      -5.352112052858793E-004  1.248583914601562E-004
   56405.5192257303       9.820855617515001E-005  1.248185604144756E-004
   56405.5396601063      -2.433336952979426E-004  1.249095467108589E-004
   56420.7428614113       1.083134941587405E-004  1.243909813639679E-004
   56420.7632959585       1.830589658974313E-004  1.244022820096175E-004
   56420.7837304058       1.004448447592399E-004  1.244246869728129E-004
   56420.8041648532       1.528618205366428E-004  1.244405738429651E-004
   56420.8245993006       4.812611412718937E-007  1.244341185749151E-004
   56420.8450337481       1.877989719397677E-004  1.244518038104973E-004
   56420.8654681956      -5.421930404170272E-005  1.244098288619241E-004
   56420.8859026432       1.296782468994673E-004  1.244366943996358E-004
   56420.9063370908       4.139148274939775E-005  1.244653268902808E-004
   56420.9267715386      -4.396643269236611E-004  1.244456862267857E-004
   56420.9472060863      -3.233306593901308E-003  1.243041258108867E-004
   56420.9676404341      -5.173825052536274E-003  1.242131866332483E-004
   56420.9880749820      -4.505204237310156E-003  1.242649230151379E-004
   56421.0085093299      -1.990398009697580E-003  1.243309442298535E-004
   56421.0289437779      -8.863656267843467E-006  1.244280088443276E-004
   56421.0493783260      -6.003915288266271E-005  1.244724653801317E-004
   56421.0698126741      -3.302491906563843E-004  1.244488431826933E-004
   56421.0902471223      -1.015991535856520E-004  1.244123418616516E-004
   56421.1106816705      -2.803400051442084E-004  1.244444846987910E-004
   56421.1311160188       1.964398733973471E-004  1.244942813590160E-004
   56421.1515505671      -2.591809145265911E-004  1.244533273165821E-004
   56421.1719850155      -1.714672159968123E-004  1.244567826912074E-004
   56421.1924193640      -4.349637794354155E-005  1.244561858537721E-004
