   55045.1554990429       5.002504542819253E-004  3.870147821518310E-004
   55045.1759328315      -1.040172570716535E-004  3.868747951563124E-004
   55045.1963667199       2.108756692738023E-004  3.869998169496375E-004
   55045.2168004080      -2.416581689170805E-004  3.869638692868684E-004
   55045.2372341959      -4.198505926256146E-006  3.870557182153313E-004
   55045.2576680835      -1.452095579473900E-004  3.870438084085856E-004
   55045.2781017710       3.160702685729433E-004  3.871026091822043E-004
   55045.2985355582      -8.124814104609746E-004  3.868206398308745E-004
   55045.3189693454       4.384994724164759E-004  3.870169333996463E-004
   55045.3394032321      -7.625980772445473E-004  3.870036829602041E-004
   55045.3598369186      -6.068025165633095E-004  3.869693877051773E-004
   55045.3802707051      -2.278128765103027E-004  3.869708842253967E-004
   55045.4007045911      -2.757433237995377E-004  3.869246791636241E-004
   55045.4211382771      -3.568287819439853E-004  3.868829013075005E-004
   55045.4415720627      -6.037047258211636E-005  3.869936749812372E-004
   55045.4620057483      -2.698096991381460E-004  3.868880455957545E-004
   55045.4824396336       4.469364177683843E-005  3.870286249638600E-004
   55045.5028734185      -5.141285048477773E-004  3.869268927664486E-004
   55045.5233072033      -1.845750220463849E-004  3.868389410260570E-004
   55045.5437409880       6.230029685900806E-004  3.869914613784128E-004
   55045.5641747724      -5.912568307738786E-004  3.869350924501505E-004
   55045.5846085565       9.197188299836512E-005  3.870280949462824E-004
   55045.6050422405      -7.096091612712740E-005  3.869465657718322E-004
   55045.6254761244       8.032377731490570E-004  3.869794268616488E-004
   55045.6459099079      -9.514047778291790E-005  3.869639628193822E-004
   55045.6663435911       4.472702096025571E-006  3.870623902013092E-004
   55045.6867774741       7.801160701026433E-005  3.868867049630581E-004
   55045.7072112571      -1.953981360451884E-004  3.868902903760836E-004
   55045.7276449397      -4.741744453021779E-004  3.869259574413115E-004
   55045.7480787222       4.757877816732314E-004  3.869610009564480E-004
   55045.7685126043       3.771093215383381E-004  3.869798321692082E-004
   55045.7889463864      -1.508466920817630E-004  3.869161365273720E-004
   55045.8093800682      -4.044344757561102E-004  3.868615135393656E-004
   55045.8298139498      -1.297875557705219E-003  3.868492919575743E-004
   55045.8502477310      -3.165852238823708E-003  3.866483217631170E-004
   55045.8706814121      -3.473960803486165E-003  3.866071051020756E-004
   55045.8911151930      -4.609219936005826E-003  3.865553192669851E-004
   55045.9115490737      -4.205132917612042E-003  3.865945405677339E-004
   55045.9319827541      -5.152515981586836E-003  3.865065576498378E-004
   55045.9524165346      -5.159513481859612E-003  3.865749299173595E-004
   55045.9728504146      -5.192324666068893E-003  3.865001350838965E-004
   55045.9932840943      -5.563068759644962E-003  3.865207122369125E-004
   55046.0137178738      -5.100068499147237E-003  3.865682267538770E-004
   55046.0341517533      -5.408838771803759E-003  3.864981085460994E-004
   55046.0545854324      -4.240528021608569E-003  3.866099110774869E-004
   55046.0750192114      -4.173026325456797E-003  3.866019919913261E-004
   55046.0954529900      -3.958821771079646E-003  3.866411197595613E-004
   55046.1158867686      -4.605979284921680E-003  3.865650466484109E-004
   55046.1363205467      -3.025346349776470E-003  3.866981434154196E-004
   55046.1567543248      -1.875919324558772E-003  3.867884958236630E-004
   55046.1771882027      -7.886749944873150E-004  3.868877338207089E-004
   55046.1976218803      -3.554443762215920E-004  3.869326917822986E-004
   55046.2180556578       5.985265545584983E-004  3.869705724503509E-004
   55046.2384893349      -9.165285936857392E-004  3.868654419049414E-004
   55046.2589232119       1.381504701458702E-004  3.869116157892094E-004
   55046.2793569886      -7.843476511681935E-005  3.869442898139986E-004
   55046.2997907651      -4.083660945608525E-004  3.869108675290997E-004
   55046.3202245413       7.817788474875353E-004  3.870039323802407E-004
   55046.3406583174       4.023988933419265E-004  3.869956079865206E-004
   55046.3610920934       1.912409894679890E-004  3.869740019758537E-004
   55046.3815257689       2.454679688865813E-004  3.869325047172712E-004
   55046.4019596443      -2.172409478348181E-004  3.869012336801876E-004
   55046.4223934196       4.198200743987801E-004  3.869701359652870E-004
   55046.4428270947       2.536203999792264E-004  3.869317564571615E-004
   55046.4632609693       2.767281744160410E-004  3.869485299546201E-004
   55046.4836947439      -7.421295961339558E-004  3.868735792336341E-004
   55046.5041284181       3.347746672588414E-005  3.869206572655347E-004
   55046.5245621922       3.285223866140718E-004  3.869673923448848E-004
   55046.5449959662       1.221401326954030E-004  3.869455369141814E-004
   55046.5654297399       2.275894135508327E-004  3.869693565276728E-004
   55046.5858635133      -1.920504972839909E-004  3.869229955783774E-004
   55046.6062972865       4.994742854873557E-004  3.870245407107614E-004
   55046.6267310595       8.960724122952790E-005  3.869381790231029E-004
   55046.6471648323      -2.864548773855446E-004  3.869168847874817E-004
   55046.6675985048       5.265839524519755E-004  3.869992245770507E-004
   55046.6880323771      -3.579472503023595E-005  3.869289816592548E-004
   55046.7084661494      -2.209438839964051E-004  3.869210313955894E-004
   55046.7288998212      -1.928306494043408E-004  3.869598162112744E-004
   55046.7493336928      -3.359577146434534E-004  3.869614686190166E-004
   55046.7697674644       1.208850878272827E-003  3.870752976882011E-004
   55046.7902011356      -4.545939310862668E-005  3.869701983202961E-004
   55046.8106349067      -5.541483089933630E-004  3.869045384956720E-004
   55046.8310687774       3.378576016954682E-005  3.869628404292176E-004
   55200.2022655782      -6.611500798092695E-005  3.997216046332846E-004
   55200.2226985813      -3.896249343050551E-004  3.996900946375159E-004
   55200.2431316844       6.935579801550240E-004  3.997797427944916E-004
   55200.2635648877      -3.992706562102599E-004  3.996924843446706E-004
   55200.2839979913      -2.041891122616102E-004  3.996677338062825E-004
   55200.3044309950       3.470560436031889E-004  3.997038866616660E-004
   55200.3248641989       4.843443703350658E-005  3.997365232336648E-004
   55200.3452972030       4.034967022592539E-005  3.997677259813708E-004
   55200.3657303073      -1.660517805890382E-004  3.997433509683926E-004
   55200.3861634117      -1.703309256949614E-004  3.997264864636150E-004
   55200.4065965164       3.418805960668791E-004  3.997458430915682E-004
   55200.4270296213      -3.414078099714946E-004  3.997007459036913E-004
   55200.4474627263       2.318760656792040E-004  3.997193173421508E-004
   55200.4678958315       3.293118085574420E-004  3.997441702965599E-004
   55200.4883289370      -2.920006085734839E-004  3.997104412870047E-004
   55200.5087620426      -7.033888719509829E-005  3.996904018855787E-004
   55200.5291952484      -1.549975254773184E-004  3.997085295212809E-004
   55200.5496282544       1.673551259542272E-004  3.996636030267722E-004
   55200.5700613605       1.217894421030596E-004  3.996829255160518E-004
   55200.5904945669      -3.016772638548826E-004  3.996952154385618E-004
   55200.6109275734      -2.165747801265994E-004  3.997257354127949E-004
   55200.6313606802       4.252347057187578E-005  3.997197611449081E-004
   55200.6517937871       3.719359321545657E-004  3.997591571742874E-004
   55200.6722268942      -4.481067480638368E-004  3.996734349647801E-004
   55200.6926600015      -8.542784415476179E-004  3.997081881345445E-004
   55200.7130931091       3.182409606328207E-004  3.996895825574113E-004
   55200.7335262167       1.415834122571180E-004  3.996651051284123E-004
   55200.7539593246      -5.688963435890315E-007  3.996593015538937E-004
   55200.7743924327       2.871065287657348E-004  3.997070274196408E-004
   55200.7948256409      -1.817236272508849E-004  3.996321613083508E-004
   55200.8152586494       7.355289041388602E-005  3.996845983110601E-004
   55200.8356917580       3.197511383241647E-004  3.998352522778284E-004
   55200.8561249668      -1.434798155195649E-003  3.995918776734569E-004
   55200.8765579759      -1.241103870256555E-003  3.995673319671105E-004
   55200.8969910851      -2.949871641344304E-003  3.995045850849623E-004
   55200.9174240945      -3.885165347671582E-003  3.993787499339294E-004
   55200.9378573041      -5.211164437746385E-003  3.992445849465286E-004
   55200.9582904138      -4.311165757666435E-003  3.993663234567248E-004
   55200.9787234238      -4.470557085940685E-003  3.992989678536353E-004
   55200.9991566340      -5.360428250043792E-003  3.992586500800678E-004
   55201.0195897443      -5.109032287850646E-003  3.992526075348338E-004
   55201.0400228549      -4.903491144531147E-003  3.992721689948288E-004
   55201.0604559656      -4.909477757954361E-003  3.993112236374717E-004
   55201.0808890766      -5.101899975798907E-003  3.993111553601244E-004
   55201.1013220877      -4.334486790769532E-003  3.992998213204763E-004
   55201.1217552990      -4.802262487660247E-003  3.992777677373056E-004
   55201.1421884104      -4.857885022721331E-003  3.992572845331222E-004
   55201.1626215221      -3.773521047897521E-003  3.993976968977990E-004
   55201.1830545341      -3.438629188042497E-003  3.994215598306726E-004
   55201.2034877461      -1.830063584759345E-003  3.994702415792816E-004
   55201.2239207584      -8.552867601691050E-004  3.996280305288404E-004
   55201.2443538708      -1.236233920155483E-004  3.996716938924246E-004
   55201.2647870835      -8.049751035255071E-004  3.996175840947070E-004
   55201.2852200963      -8.851299981849081E-007  3.996538052274378E-004
   55201.3056532093      -4.898095459203722E-004  3.996130095124393E-004
   55201.3260864225      -3.237523691826949E-004  3.996245142454556E-004
   55201.3465194359       7.353713832816133E-004  3.996964785694864E-004
   55201.3669525496       1.208769479055238E-004  3.995955646502099E-004
   55201.3873856634       3.899591756146847E-004  3.996448267562708E-004
   55201.4078188773       9.605150441571730E-005  3.996066597191425E-004
   55201.4282518915      -1.017682624195881E-003  3.995980909120592E-004
   55201.4486850058       3.897225824627260E-004  3.996796140647088E-004
   55201.4691182204       6.793079007987313E-004  3.996501523893584E-004
   55201.4895512352      -6.462727965663717E-004  3.995433666182160E-004
   55201.5099843501       2.142244554179662E-004  3.996370431386811E-004
   55201.5304175652      -1.461817058056036E-004  3.995963498397036E-004
   55201.5508505806      -2.365436413842570E-005  3.996129412350921E-004
   55201.5712836961      -4.119917214125968E-004  3.995775394305285E-004
   55201.5917169118       4.509021676550873E-004  3.996624423118685E-004
   55201.6121499278       9.955183474368301E-004  3.996785899044996E-004
   55201.6325830438       1.853841256604927E-004  3.996280305288404E-004
   55201.6530161601       7.622881154827343E-004  3.996495720319066E-004
   55201.6734493766       1.607113273260907E-004  3.995925604469297E-004
   55201.6938823933       2.702445976670020E-004  3.996386135176685E-004
   55201.7143155102       1.696575536229705E-004  3.996364286425556E-004
   55201.7347487272       7.757645047568040E-005  3.995898976303858E-004
   55201.7551817445       2.077772111108711E-004  3.996509375788522E-004
   55201.7756148619      -9.286809861819290E-005  3.995916387027414E-004
   55201.7960480796      -1.916579678209462E-004  3.996347217088737E-004
   55201.8164810974      -2.947376984188121E-004  3.996002416484984E-004
   55201.8369142154      -3.981921011506628E-004  3.995877468939466E-004
   55201.8573474336      -6.528098222514656E-004  3.995682878499724E-004
   55201.8777804520       2.009512516176759E-004  3.996536686727432E-004
   55355.2340271757      -2.326910122774084E-004  3.482060292846617E-004
   55355.2544614174       1.260979143102858E-004  3.483325970325133E-004
   55355.2748957591      -1.908796455247774E-004  3.482765492932273E-004
   55355.2953299006      -3.044813550449055E-004  3.482290298554811E-004
   55355.3157641422      -3.327868858217231E-004  3.482944458047918E-004
   55355.3361984836       1.983014317274989E-004  3.482745464345324E-004
   55355.3566327250      -2.210917563764125E-004  3.482728666175624E-004
   55355.3770668663       2.851450284493406E-004  3.482321310560410E-004
   55355.3975012075       1.713434855299401E-004  3.482800381438572E-004
   55355.4179354486       1.712743653325965E-004  3.482911507791969E-004
   55355.4383696897       1.855411319049427E-004  3.482484446631530E-004
   55355.4588039308       1.987193089212358E-004  3.482451173333856E-004
   55355.4792381718      -2.791886968867008E-005  3.482795535812697E-004
   55355.4996724127       7.180239331041616E-004  3.482839146445571E-004
   55355.5201066534       5.293441473166460E-004  3.482390118447833E-004
   55355.5405408943       4.229645226005996E-004  3.482889540954669E-004
   55355.5609752349       2.386815916979312E-004  3.482111010397441E-004
   55355.5814093755      -7.527833239413528E-004  3.482382688488158E-004
   55355.6018436161       3.002862220193858E-004  3.482521919471629E-004
   55355.6222778566       4.338536975418972E-004  3.482452788542481E-004
   55355.6427120970      -2.103846668145559E-004  3.481478494699908E-004
   55355.6631462373       3.298818288193228E-004  3.482334878312859E-004
   55355.6835805775      -4.572522145863678E-004  3.481522751416231E-004
   55355.7040148178      -4.498596255261278E-004  3.481727882911601E-004
   55355.7244489579       2.727827326021171E-004  3.482266716508886E-004
   55355.7448832979       3.699229416560534E-004  3.482450850292131E-004
   55355.7653175380       3.930943455927594E-004  3.482387211072308E-004
   55355.7857517779      -1.495238855377945E-004  3.481910724527946E-004
   55355.8061860177       5.498860538621919E-005  3.481766647918600E-004
   55355.8266202576       4.063467877191140E-004  3.481671996693177E-004
   55355.8470545973       4.408926400458757E-004  3.482111656480891E-004
   55355.8674887370       9.545222559981248E-005  3.482092920060841E-004
   55355.8879229766       1.742122811936309E-004  3.482208892040113E-004
   55355.9083573160      -1.161715238827687E-003  3.481017514158345E-004
   55355.9287915555      -2.041839219340313E-003  3.480654415259455E-004
   55355.9492256948      -3.970717393543932E-003  3.478932602865251E-004
   55355.9696600341      -3.385122822229025E-003  3.478865410186453E-004
   55355.9900942733      -4.231197560638833E-003  3.478207051150921E-004
   55356.0105284126      -4.204402460706191E-003  3.478854103726078E-004
   55356.0309627516      -4.454504678529481E-003  3.478275859038344E-004
   55356.0513969906      -4.697508150576124E-003  3.477847505711006E-004
   55356.0718311296      -5.124987449379281E-003  3.477421090634017E-004
   55356.0922654685      -4.727874176145286E-003  3.478113046008949E-004
   55356.1126997072      -4.912358755334911E-003  3.478326253547442E-004
   55356.1331338460      -4.620694625978583E-003  3.478015487408001E-004
   55356.1535681847      -5.042042550787662E-003  3.477513480567365E-004
   55356.1740024232      -4.421755496875623E-003  3.478224818445796E-004
   55356.1944367617      -4.189362037780087E-003  3.478514586873113E-004
   55356.2148709001      -4.074211780161208E-003  3.478877039688553E-004
   55356.2353051386      -2.466521009226730E-003  3.479619712614308E-004
   55356.2557394769      -1.542278634209304E-003  3.480264826939115E-004
   55356.2761736152      -2.217335592572534E-004  3.480956136230597E-004
   55356.2966078532      -2.929402278186721E-004  3.481635169936528E-004
   55356.3170420914       5.181618462251070E-004  3.482203723372513E-004
   55356.3374763294       4.789967022127417E-004  3.482165927490689E-004
   55356.3579105673      -5.246527335686091E-004  3.480775232864601E-004
   55356.3783448053      -4.870212636655102E-004  3.481552471254931E-004
   55356.3987790430      -5.109089897681329E-004  3.481268840620388E-004
   55356.4192132808       1.170207402585444E-004  3.481714961242601E-004
   55356.4396476185       5.185441198873875E-006  3.480998777738296E-004
   55356.4600817561       1.407857054203099E-005  3.481526304875207E-004
   55356.4805159936       1.281216381665562E-004  3.482347799981859E-004
   55356.5009503311      -1.175371970978389E-004  3.481692348321852E-004
   55356.5213844684       7.901468523852095E-005  3.481955304285995E-004
   55356.5418187057      -5.961695462981531E-004  3.481513383206206E-004
   55356.5622530430       2.802336147638140E-004  3.481678134485952E-004
   55356.5826871801      -3.557205608845093E-004  3.480661845219130E-004
   55356.6031215172      -1.457030965557049E-004  3.481758894917200E-004
   55356.6235557543      -3.959397834978340E-004  3.480422148259186E-004
   55356.6439898912      -3.245749008327081E-004  3.481624186517879E-004
   55356.6644242281       1.054773749276094E-004  3.482245072713312E-004
   55356.6848584649      -3.981805700248309E-004  3.481355738844411E-004
   55356.7052926015      -1.267922684459188E-004  3.481386104766560E-004
   55356.7257269382      -3.724014599137959E-006  3.481551502129756E-004
   55356.7461611748       1.368097933713841E-004  3.481785384338649E-004
   55356.7665954113       1.969121547307218E-005  3.481817688511149E-004
   55356.7870296478       5.939900216485050E-004  3.481833194513948E-004
   55356.8074638841       2.838889641345599E-004  3.482027342590668E-004
   55356.8278981204       5.372177590867722E-004  3.482019589589268E-004
   55356.8483323566      -3.161716516018043E-004  3.481205201400565E-004
   55356.8687665927      -9.241070384846672E-005  3.481495938953057E-004
   55356.8892008288       1.337753455861179E-004  3.481190987564665E-004
   55356.9096351648      -6.120071761095414E-005  3.481001039030371E-004
   55356.9300693008       6.553239126798616E-004  3.481647768563803E-004
   55510.2841131675      -4.001431690610069E-004  3.832080130332791E-004
   55510.3045461831      -7.357021843131806E-004  3.831443017159026E-004
   55510.3249790987       4.533171085052690E-004  3.832430593765814E-004
   55510.3454120141      -5.562003041608143E-004  3.832232327695135E-004
   55510.3658449296      -3.496513878603613E-004  3.832488947463036E-004
   55510.3862778450      -2.508816849265960E-004  3.832563339895753E-004
   55510.4067107602      -7.771539791490145E-005  3.832413872530938E-004
   55510.4271436755       4.870135220285121E-004  3.833530441521059E-004
   55510.4475765906      -4.229794712227175E-004  3.832515564938962E-004
   55510.4680096056      -3.277485060680929E-004  3.832750003476925E-004
   55510.4884425206      -3.051394439640420E-004  3.832672539796987E-004
   55510.5088753355       9.746469511573430E-004  3.834875989054081E-004
   55510.5293083504       2.655756135305776E-004  3.833639641422293E-004
   55510.5497412652       7.020754958442232E-005  3.833039041965505E-004
   55510.5701740798      -4.856825202770310E-005  3.832701887270444E-004
   55510.5906070945      -2.199369407286378E-004  3.832394080048839E-004
   55510.6110400091       6.556508745727552E-004  3.833500752797911E-004
   55510.6519058379       7.754626026890143E-005  3.832115620300691E-004
   55510.6723386523       4.943087729811779E-004  3.832531944924148E-004
   55510.6927716665      -1.907579648454671E-004  3.832272253909024E-004
   55510.7132045807       2.212652445794383E-004  3.832600877361802E-004
   55510.7336373949       3.221739139558366E-005  3.832711442261801E-004
   55510.7540704090      -3.465785799157128E-004  3.833062588194208E-004
   55510.7745033230      -6.295037240716672E-004  3.831659028213655E-004
   55510.7949361368       4.348305530135210E-004  3.833365617920134E-004
   55510.8153691508      -3.313842525397570E-004  3.833102173158405E-004
   55510.8358020645       3.299465549977398E-004  3.832677317292665E-004
   55510.8562349783      -3.495547939202925E-005  3.832998433252233E-004
   55510.8766678919       4.284734657824529E-004  3.833235601787726E-004
   55510.8971008055      -1.368226018559904E-004  3.832939055805937E-004
   55510.9175338190       4.032466768331133E-004  3.833328421703776E-004
   55510.9379666324      -5.487512830127939E-004  3.832223796452852E-004
   55510.9583995458      -1.349032602390166E-003  3.831676773197606E-004
   55510.9788325590      -3.029175037058462E-003  3.829798534896375E-004
   55510.9992653723      -4.054374948449957E-003  3.828553314772611E-004
   55511.0196982854      -4.220912025337697E-003  3.828738272105327E-004
   55511.0401312985      -4.292437692437256E-003  3.829091806785574E-004
   55511.0605642115      -3.566300270642531E-003  3.829290414105944E-004
   55511.0809970244      -5.153786912108327E-003  3.828827679524463E-004
   55511.1014300373      -4.594393664758334E-003  3.828147568889588E-004
   55511.1218629501      -5.123622208752954E-003  3.827858530401008E-004
   55511.1422958628      -5.095116127671329E-003  3.827747965501008E-004
   55511.1627287755      -5.142794841694664E-003  3.828800720798846E-004
   55511.1831616881      -4.791607041212176E-003  3.828574813503167E-004
   55511.2035947006      -5.416103141180462E-003  3.827454149516749E-004
   55511.2240275131      -4.438855760815930E-003  3.828484382334957E-004
   55511.2444604255      -3.832491703627317E-003  3.828116173917983E-004
   55511.2648934379      -3.695047489644998E-003  3.828365968692056E-004
   55511.2853262501      -2.454041190602774E-003  3.831020208791434E-004
   55511.3057591623      -1.286276006803089E-003  3.830953665101620E-004
   55511.3261920744       3.493146449116136E-004  3.832516588688036E-004
   55511.3466249864      -6.048541956649167E-005  3.832727822246987E-004
   55511.3670579984      -1.501771393276341E-004  3.831658004464581E-004
   55511.3874908104      -8.523637348699653E-004  3.831547780814273E-004
   55511.4079237221      -2.715210895567477E-004  3.831318461021681E-004
   55511.4283567340       3.750575317695848E-004  3.832503962449456E-004
   55511.4487895456       5.601850777323669E-004  3.832013586642975E-004
   55511.4692224573      -1.290826650148791E-004  3.832302966381247E-004
   55511.4896554689       8.146097357166759E-004  3.832834633400382E-004
   55511.5100882804       3.472735426659490E-004  3.832452433746061E-004
   55511.5305211918      -5.072150701568301E-005  3.832475638725074E-004
   55511.5509542032       3.623515205042338E-005  3.831909505487111E-004
   55511.5713871145      -1.717997942254357E-004  3.831983215420445E-004
   55511.5918199257      -5.486328959949383E-004  3.831264543570446E-004
   55511.6122529369       1.241724948914946E-004  3.831493180863656E-004
   55511.6326858480      -1.806865047448980E-005  3.832431276265197E-004
   55511.6531187591      -2.702501965229365E-004  3.831028740033718E-004
   55511.6735516700       4.009385163072920E-004  3.832369168821370E-004
   55511.6939845808       7.007631220778965E-004  3.832456187492666E-004
   55511.7144175918      -5.868693477628639E-005  3.832211511463963E-004
   55511.7348504025      -1.341016871148071E-005  3.832832927151925E-004
   55511.7552833132       1.293469519976220E-004  3.832599853612728E-004
   55511.7757163238      -6.283643758944191E-004  3.831238267344212E-004
   55511.7961491344      -2.048546507591453E-004  3.831218133612422E-004
   55511.8165820450       3.708502144410541E-004  3.831770958112420E-004
   55511.8370150553      -7.124191357087417E-004  3.830918857633101E-004
   55511.8574478657      -5.175673777584322E-004  3.830239429497608E-004
   55511.8778808760       6.939703405652864E-004  3.831936805462420E-004
   55511.8983137863       1.267197087548855E-004  3.830993932565200E-004
   55511.9187465964       7.173571048753047E-004  3.831501370856248E-004
   55511.9391796065       6.293507198331660E-004  3.832121421545444E-004
   55511.9596124165       5.146352122118447E-004  3.831510243348223E-004
   55665.3324024843      -4.594022030661726E-004  3.649703420689504E-004
   55665.3528366998      -2.264549866990428E-004  3.649155393815443E-004
   55665.3732708155       1.263475479280629E-004  3.648946035234341E-004
   55665.3937050313       5.785066374970338E-004  3.650545716281274E-004
   55665.4141390473      -1.035909420783465E-004  3.649645409565638E-004
   55665.4345731634      -2.063493098881652E-004  3.649374799015762E-004
   55665.4550073797       5.373913649673323E-004  3.649630177594568E-004
   55665.4754413961       2.381078736555242E-004  3.649349844509965E-004
   55665.4958755127       6.454775806319368E-005  3.649698235337650E-004
   55665.5163097294      -6.477711479623283E-004  3.649376095353726E-004
   55665.5367437463      -1.528446064662514E-004  3.649691429563342E-004
   55665.5571778633      -5.588102643485637E-004  3.647485386433991E-004
   55665.5776120804       4.375498267381595E-004  3.649591935624645E-004
   55665.5980460978       4.397570133134465E-004  3.648774918623162E-004
   55665.6184803153       3.917259491481584E-004  3.649332992116440E-004
   55665.6389143328      -2.658875379558667E-004  3.648815429184521E-004
   55665.6593484506      -7.290274574554001E-004  3.648671211586084E-004
   55665.6797826685      -7.560906860245575E-004  3.648871819885932E-004
   55665.7002166866      -4.290552550200166E-004  3.648413240331351E-004
   55665.7206508048       9.052601485775025E-004  3.650411221217564E-004
   55665.7410850232       1.044477958197954E-003  3.649602630412843E-004
   55665.7615191417       3.082363342488126E-004  3.647763775011649E-004
   55665.7819532603       2.047302480856494E-005  3.648770705524781E-004
   55665.8023873791       5.725898072272972E-004  3.649674901254308E-004
   55665.8228214981       2.952862817686697E-004  3.649102892127923E-004
   55665.8432556172      -9.960246986961963E-006  3.648541901874227E-004
   55665.8636897364      -1.678715793791419E-004  3.648965156219303E-004
   55665.8841238559      -7.214281605415485E-004  3.648760658905564E-004
   55665.9045580754       8.524087353438681E-004  3.649668419564490E-004
   55665.9249920951       2.279684181272223E-004  3.648881866505149E-004
   55665.9454262150       5.466273389964638E-004  3.649328779018059E-004
   55665.9658604349       6.339734589095869E-004  3.649225071980980E-004
   55665.9862944551      -6.083767906138737E-004  3.648959970867449E-004
   55666.0067286753      -1.854415325984626E-003  3.646233772130252E-004
   55666.0271627958      -2.773196731276295E-003  3.646329701139550E-004
   55666.0475968164      -4.191206012454707E-003  3.644705065586819E-004
   55666.0680310371      -4.341613555914337E-003  3.646127472417247E-004
   55666.0884651580      -4.444143172607329E-003  3.645852000600007E-004
   55666.1088991790      -5.467933807708159E-003  3.645081327680719E-004
   55666.1293334002      -4.508226488914802E-003  3.645627734132326E-004
   55666.1497675215      -5.058638581197150E-003  3.645145820494402E-004
   55666.1702016430      -5.108881305974755E-003  3.645329900485216E-004
   55666.1906357646      -4.891827484289513E-003  3.645586575401985E-004
   55666.2110698864      -4.372172916086381E-003  3.645829962854628E-004
   55666.2315041083      -4.110890256164068E-003  3.645731117084913E-004
   55666.2519381303      -4.103879956009138E-003  3.645793989476142E-004
   55666.2723722525      -4.300387810135531E-003  3.646202660019128E-004
   55666.2928063749      -4.566774470998181E-003  3.645080355427246E-004
   55666.3132404974      -3.428592531564023E-003  3.646634988729949E-004
   55666.3336746201      -1.942471502964227E-003  3.647780627405174E-004
   55666.3541087428      -6.000362319851238E-004  3.647928734017501E-004
   55666.3745428657       2.686742222344218E-004  3.649497627037802E-004
   55666.3949770889      -1.429950106663913E-004  3.649042936497111E-004
   55666.4154112121      -2.101977087850537E-004  3.649265906626830E-004
   55666.4358452354       1.249542662467018E-004  3.649437347322500E-004
   55666.4562794590       2.120447306879214E-004  3.648995944245935E-004
   55666.4767135827       6.748359834982676E-004  3.649354705777328E-004
   55666.4971476065      -3.591907873800038E-004  3.648497502298978E-004
   55666.5175818304      -2.935445430899408E-004  3.648466066103363E-004
   55666.5380159546      -6.000851195073764E-004  3.648010403309200E-004
   55666.5584499788      -9.035133154013941E-004  3.647565435303236E-004
   55666.5788842032       1.427116343279966E-004  3.648911034109328E-004
   55666.5993183277       2.605116870315616E-004  3.649385817888452E-004
   55666.6197525525      -6.522661916427142E-004  3.647312973484848E-004
   55666.6401865773      -3.680405639685524E-004  3.648273559915786E-004
   55666.6606207022       9.792959240551014E-005  3.648503011735322E-004
   55666.6810549274      -4.998520635218773E-004  3.647931650777919E-004
   55666.7014889527      -5.830383740291767E-004  3.648265133719024E-004
   55666.7219230781       4.984587763368076E-004  3.649302852258789E-004
   55666.7423573037       4.672952099971095E-004  3.649253591416177E-004
   55666.7627913294       4.480806005018323E-004  3.650618635291720E-004
   55666.7832255552      -2.248976516454615E-004  3.648431389062840E-004
   55666.8036596813      -5.285014874318872E-004  3.648974554669538E-004
   55666.8240937074      -2.985929617348448E-004  3.649041964243639E-004
   55666.8445279337      -3.424774583784540E-004  3.647875260076508E-004
   55666.8649620601      -9.007860203683604E-004  3.648226243580120E-004
   55666.8853961867      -2.384592904248750E-004  3.648099202459699E-004
   55666.9058303135      -4.667743903130628E-005  3.649015713399878E-004
   55666.9262644403       3.445648145428137E-004  3.648491992862633E-004
   55666.9466984673      -2.062613324916862E-004  3.648409351317461E-004
   55666.9671326945       6.557954185495429E-004  3.647964383311497E-004
   55666.9875668218      -3.094147203708264E-005  3.648681906374283E-004
   55820.3654051545       1.190518124991602E-004  4.159245979804267E-004
   55820.3858385832      -1.217535360907851E-004  4.158462989280785E-004
   55820.4062719113      -7.380227830413588E-004  4.159044648500144E-004
   55820.4267054395       3.607154595812734E-004  4.159324789363884E-004
   55820.4471388675      -3.621716604147451E-004  4.158807900754250E-004
   55820.4675721949      -5.941290086738382E-004  4.158797690608875E-004
   55820.4880057224      -6.467806174984547E-004  4.158657620177005E-004
   55820.5084391496      -3.454673067219138E-004  4.158610398254643E-004
   55820.5288724764      -2.039873008563564E-004  4.159315217352595E-004
   55820.5493060032      -8.501709300900995E-005  4.158687293412002E-004
   55820.5697394297       2.374632069730431E-004  4.159445396706132E-004
   55820.5901728560      -7.484055698510073E-004  4.157967159095988E-004
   55820.6106062821      -2.053641898980274E-004  4.158030653437542E-004
   55820.6310397077      -4.894578354411872E-004  4.158700694227808E-004
   55820.6514731333      -7.717268860807369E-005  4.158663044316736E-004
   55820.6719065587      -6.874498116370420E-004  4.158760359764846E-004
   55820.6923398839       2.814812310636405E-004  4.158988811767622E-004
   55820.7127734088      -2.329743419856589E-004  4.159320641492325E-004
   55820.7332068334      -8.291186508725401E-004  4.158865332821988E-004
   55820.7536401579       1.674758561369671E-004  4.159483365684247E-004
   55820.7740736821      -3.917220812524880E-004  4.158777589385167E-004
   55820.7945071061      -7.936617796125978E-004  4.158448950330894E-004
   55820.8149405298       4.471527754357218E-005  4.159292244525500E-004
   55820.8353739533      -7.425261447048248E-004  4.158112015533503E-004
   55820.8558073766      -1.482913018292509E-004  4.158742492010439E-004
   55820.8762407999       1.952905628446189E-004  4.158922445822681E-004
   55820.8966742227      -2.685931562286248E-004  4.159555793903004E-004
   55820.9171076453       3.311165244053171E-004  4.159170679982123E-004
   55820.9375411677      -2.180626991671319E-004  4.159160469836748E-004
   55820.9579745898      -1.413095859688074E-004  4.158999340980041E-004
   55820.9784079119       6.068520228916796E-004  4.159719794363098E-004
   55820.9988414335      -6.639731349764588E-004  4.158818749033712E-004
   55821.0192748550      -6.874398507065171E-004  4.158573386477658E-004
   55821.0397081764      -1.268789201354314E-003  4.158730367462805E-004
   55821.0601416973      -3.155486672646757E-003  4.157501002146189E-004
   55821.0805751181      -3.259803190796551E-003  4.157322005535075E-004
   55821.1010084388      -2.276815285001121E-003  4.159564089646122E-004
   55821.1214419590      -4.503794241209946E-003  4.156566135710246E-004
   55821.1418753793      -4.402659021492505E-003  4.155924810953849E-004
   55821.1623086991      -5.176536745481464E-003  4.155789526527624E-004
   55821.1827422189      -4.287853889170412E-003  4.156401178049024E-004
   55821.2031756382      -5.504869407638835E-003  4.156255045343337E-004
   55821.2236090575      -4.550760181685765E-003  4.156521147257186E-004
   55821.2440424766      -5.056296358004531E-003  4.155718374577039E-004
   55821.2644758952      -3.605662573981316E-003  4.157124503035468E-004
   55821.2849094139      -4.170799666671998E-003  4.156799054651624E-004
   55821.3053427322      -4.740499379513152E-003  4.156530719268475E-004
   55821.3257761502      -3.598445265373784E-003  4.157015701173811E-004
   55821.3462095681      -4.190033679879579E-003  4.157003576626177E-004
   55821.3666429858      -1.880857580666029E-003  4.158062560141840E-004
   55821.3870764032      -1.776955546378023E-003  4.158547861114218E-004
   55821.4075098202       1.848432880859896E-004  4.159218859105614E-004
   55821.4279432372       4.123375018507680E-004  4.159480494080860E-004
   55821.4483766540       7.272865334728706E-004  4.159942184092057E-004
   55821.4688101705       6.428381354406376E-004  4.159498999969353E-004
   55821.4892434868       2.592836484076599E-004  4.159764463749116E-004
   55821.5096769029       4.004203039031928E-004  4.159744362525408E-004
   55821.5301104187       3.370475470068079E-004  4.159421785744951E-004
   55821.5505437343      -6.080296783916861E-005  4.159242470066794E-004
   55821.5709771497      -1.026375228185827E-004  4.159221730709001E-004
   55821.5914106648      -3.227295914288719E-004  4.159547179092844E-004
   55821.6118439797      -4.290923247551870E-004  4.159242789133837E-004
   55821.6322774944       6.715147846938496E-004  4.159525163466878E-004
   55821.6527109088      -3.317407180101206E-004  4.159294477994801E-004
   55821.6731442233       1.607383651587302E-004  4.159387326504309E-004
   55821.6935777372       1.313558852003016E-004  4.159244065402009E-004
   55821.7140111510       9.875551519833436E-005  4.159665872032834E-004
   55821.7344444645       1.894197857525981E-004  4.159647366144341E-004
   55821.7548779777      -6.625672698592489E-004  4.158662725249693E-004
   55821.7753113910      -7.435493940346483E-004  4.159090594154334E-004
   55821.7957448038      -3.684732579721794E-004  4.159037948092242E-004
   55821.8161782164      -5.272835123745212E-004  4.158980835091548E-004
   55821.8366116289       1.072713856415941E-004  4.159555155768919E-004
   55821.8570450411       4.828732177175610E-005  4.159144516484598E-004
   55821.8774784532       3.835038483503972E-004  4.160165531022146E-004
   55821.8979118648       4.286031677191993E-005  4.159788393777339E-004
   55821.9183452764       4.771532471921081E-004  4.159414128135920E-004
   55821.9387787876      -3.555136793294000E-004  4.159225878580559E-004
   55821.9592120988      -5.079254388040688E-004  4.159451139912906E-004
   55821.9796456095      -2.916739420898429E-004  4.159461669125324E-004
   55822.0000789202       5.218143467111691E-004  4.160110013356667E-004
   55822.0205123307       1.564428087563741E-004  4.159090913221377E-004
   55822.0409458407       4.902418676999698E-004  4.160664551877373E-004
   55822.0613791507       4.356549738926407E-004  4.159595996350420E-004
   55975.4116305361      -9.685289597949343E-005  4.000224266653056E-004
   55975.4320638854      -1.309224383987395E-004  3.999869738828584E-004
   55975.4524973350       1.317341139119854E-004  4.000246661510772E-004
   55975.4729308850      -5.546985214152089E-004  4.000450282447859E-004
   55975.4933642351       4.898528140120373E-004  4.000396190253066E-004
   55975.5137976855      -3.253892962117311E-004  3.999616504668247E-004
   55975.5342312361      -3.146677675597287E-004  3.999668529645405E-004
   55975.5546645871      -1.885477522234336E-004  4.000044074182503E-004
   55975.5750981382       1.128953695128665E-004  4.000243560684319E-004
   55975.5955315895      -3.066118808366936E-004  3.999719521013745E-004
   55975.6159650412      -3.578924742146938E-004  3.999916251225380E-004
   55975.6363984930      -8.855262617399884E-004  3.999353278956006E-004
   55975.6568319451      -1.745544622642203E-004  3.999732613392102E-004
   55975.6772653975       3.818031119251497E-004  4.000055099343225E-004
   55975.6976988501      -2.871792809081564E-004  3.999386354438172E-004
   55975.7181323030       5.281240930929965E-004  4.000322804027010E-004
   55975.7385657561      -3.911160652777523E-004  3.999406337541981E-004
   55975.7589992095       2.867358760276773E-004  3.999871116973674E-004
   55975.7794326631      -7.656045895342301E-004  3.999095910360398E-004
   55975.7998661170      -2.378192538169399E-004  3.999602723217344E-004
   55975.8202995711       9.269509915976748E-005  3.999847343970867E-004
   55975.8407330255      -5.214358675027508E-004  3.999258186944777E-004
   55975.8611665801       8.092216854094225E-005  3.999616849204520E-004
   55975.8815999349       6.604466025890154E-004  3.999986192088712E-004
   55975.9020334901      -7.510811443517396E-004  3.998973944519910E-004
   55975.9429003010      -4.650464607580673E-005  3.999657159948410E-004
   55975.9633338568      -7.507630555263489E-004  3.998775491626911E-004
   55975.9837673129      -7.781898705394585E-005  3.999357068855004E-004
   55976.0042006692       5.522209636106279E-004  4.000107468856655E-004
   55976.0246342259      -6.821013729652048E-005  3.999442169314328E-004
   55976.0450676827      -1.803042559798684E-003  3.998300376107041E-004
   55976.0655012398      -1.730910548859099E-003  3.998031637814439E-004
   55976.0859345972      -1.869310903025889E-003  3.997880730927054E-004
   55976.1063680548      -3.279689868940450E-003  3.997052810264075E-004
   55976.1268016125      -4.009423084105901E-003  3.996193192264020E-004
   55976.1472349706      -4.527100378772797E-003  3.995835219076823E-004
   55976.1676684289      -5.181856051950762E-003  3.995615060398653E-004
   55976.1881019876      -5.219961302144416E-003  3.995344254888415E-004
   55976.2085353464      -4.487326559899252E-003  3.995985781427935E-004
   55976.2289688054      -5.567651418015629E-003  3.995156138083594E-004
   55976.2494023648      -4.723319909841983E-003  3.995963042033946E-004
   55976.2698357244      -4.880138945166812E-003  3.995220221830291E-004
   55976.2902692842      -4.448130538487804E-003  3.996167352043578E-004
   55976.3107026443      -4.840783140184879E-003  3.995509976835520E-004
   55976.3515696651      -4.763479611091359E-003  3.995804210812292E-004
   55976.3720031260      -3.744306727304192E-003  3.996502241300513E-004
   55976.3924364870      -3.321960392388634E-003  3.996982180328199E-004
   55976.4128700484      -2.000162446766818E-003  3.997655404204795E-004
   55976.4333035099      -7.970255595926012E-004  3.998726222939934E-004
   55976.4537369718       5.009952686896302E-004  3.999418396311521E-004
   55976.4741704338      -8.053440984157056E-005  3.998753785841739E-004
   55976.4946038961      -3.795280753428054E-004  3.998722777577208E-004
   55976.5150374587       2.185816014406150E-004  3.999106590984848E-004
   55976.5354708215       5.484838290297223E-004  3.999463530563227E-004
   55976.5559042846       2.116435586647647E-004  3.999059734051778E-004
   55976.5763378479      -2.624820952517037E-004  3.998551887586015E-004
   55976.5967712115       8.267337047018763E-005  3.998964297504277E-004
   55976.6172047752       2.553997060912305E-004  3.998877474363591E-004
   55976.6376382393      -3.443351167455866E-004  3.998758953885828E-004
   55976.6580716036       3.247883199464230E-004  3.998916406962391E-004
   55976.6785051681      -3.984326722366038E-004  3.998552232122287E-004
   55976.6989386330       2.149448768815621E-004  3.998826827531523E-004
   55976.7193719979       3.289723480888185E-004  3.998805121746351E-004
   55976.7398055633       1.776270176407913E-004  3.998754130378012E-004
   55976.7602390288      -3.561551605801849E-005  3.998999095667807E-004
   55976.7806725947       2.127787631167610E-004  3.998818903197254E-004
   55976.8011059607       3.801796537017399E-004  3.998956028633736E-004
   55976.8215394269       8.370176761611781E-004  3.999008053610894E-004
   55976.8419729935      -5.851467793862586E-004  3.998174275831281E-004
   55976.8624063603      -1.581707514741737E-006  3.998673853426504E-004
   55976.8828398274       9.839668994970907E-004  3.999165162151184E-004
   55976.9032733947       3.929196616858643E-004  3.998725533867388E-004
   55976.9237067622       2.208278190258817E-004  3.998679366006865E-004
   55976.9441402299       8.105226238575014E-005  3.998542585106656E-004
   55976.9645736980      -1.325663499751606E-004  3.998511576842124E-004
   55976.9850072663      -3.728962795549462E-004  3.998196670688998E-004
   55977.0054407348      -3.871389582429385E-004  3.998056099889791E-004
   55977.0258742036       1.395833978994343E-004  3.998079528356325E-004
   55977.0463075727       5.014432382302036E-004  3.998862659303870E-004
   55977.0667411419       3.234228791315630E-005  3.998238359577979E-004
   55977.0871746114       1.389950030743936E-003  3.999513832859022E-004
   56130.4447421070       3.321682103196721E-005  3.862682905980210E-004
   56130.4651761724      -2.338879522101323E-005  3.862938772623714E-004
   56130.4856102376       4.703597623318956E-004  3.863225834830895E-004
   56130.5060443028       3.050918060503172E-004  3.863136344527010E-004
   56130.5264783677      -3.307338248372815E-004  3.862840144225418E-004
   56130.5469124325       4.690854194757677E-004  3.863200311187885E-004
   56130.5673464972       8.445327335815378E-005  3.862992970976771E-004
   56130.5877806617       6.913100980554532E-006  3.862701182169032E-004
   56130.6082147260       5.709555289035162E-004  3.862950746678459E-004
   56130.6286486902      -5.109499825691755E-004  3.862686687260656E-004
   56130.6490828543      -3.277860118964249E-004  3.862393638026102E-004
   56130.6695169181       8.861300796381144E-005  3.863111766204112E-004
   56130.6899508819      -2.851168229768275E-004  3.862750023708124E-004
   56130.7103850454      -3.950300444076627E-004  3.863355343686166E-004
   56130.7308191088       2.397685556254636E-004  3.862891821724844E-004
   56130.7512530719       4.532665332039887E-004  3.862751599241643E-004
   56130.7921212978      -2.102996108267474E-004  3.862964296266723E-004
   56130.8125554607       4.725287274454093E-004  3.863202516934812E-004
   56130.8329894231       7.008078539383344E-004  3.863825482888268E-004
   56130.8534234855      -4.616568461734971E-004  3.862587428648952E-004
   56130.8738575479       3.162036599162477E-004  3.863328874723045E-004
   56130.8942916098       2.379368195370990E-004  3.863564574537504E-004
   56130.9147255718      -8.314669907886207E-004  3.862278308972503E-004
   56130.9351597337      -3.561938239121654E-004  3.862790357366214E-004
   56130.9555937952      -6.175119139942842E-004  3.862686057047248E-004
   56130.9760278566      -9.254265332802047E-004  3.862230727860226E-004
   56130.9964619179       6.414488968724541E-004  3.863827373528491E-004
   56131.0168959791      -1.300804685021695E-003  3.862469263635019E-004
   56131.0373300401      -5.129304037253535E-004  3.862676603846134E-004
   56131.0577641009       3.859475534992995E-004  3.863421831200673E-004
   56131.0781981614      -3.691299608440390E-004  3.862789096939398E-004
   56131.0986323220      -8.531990547268054E-004  3.862846761466197E-004
   56131.1190662823      -1.373337888217918E-003  3.862038512770895E-004
   56131.1395003426      -2.645975832245351E-003  3.861560811007901E-004
   56131.1599345024      -3.480412886792239E-003  3.860551524235559E-004
   56131.1803685623      -4.348545733061315E-003  3.859536565542549E-004
   56131.2008025219      -4.255894714095487E-003  3.860165203416674E-004
   56131.2212366815      -3.278726132181942E-003  3.861104851607470E-004
   56131.2416707409      -5.009084231282324E-003  3.859464721214078E-004
   56131.2621047000      -4.746624987011505E-003  3.859449280985591E-004
   56131.2825388591      -4.147402057565586E-003  3.859834971591069E-004
   56131.3029729180      -4.079922729423369E-003  3.860339772530591E-004
   56131.3234068767      -4.691972153731072E-003  3.860036639881515E-004
   56131.3438410352      -4.498319836469755E-003  3.859864276514524E-004
   56131.3642750936      -5.024379039314963E-003  3.859872469288824E-004
   56131.3847092518      -4.924086057476851E-003  3.859597696243091E-004
   56131.4051432098      -4.898877159612458E-003  3.860033803921180E-004
   56131.4255772678      -2.490966415036766E-003  3.861705444984955E-004
   56131.4460114255      -2.593026027578271E-003  3.861742627576006E-004
   56131.4664453830      -1.884927794386315E-003  3.861980848244095E-004
   56131.4868794405      -4.108880039057627E-004  3.863292322345402E-004
   56131.5073134978       1.177721837219980E-004  3.863915918512265E-004
   56131.5277475549      -7.690797157278162E-005  3.863639569933013E-004
   56131.5481816119      -5.417047798522701E-004  3.863286650424733E-004
   56131.5686156685       9.592409679481939E-005  3.863469727419654E-004
   56131.5890497253       3.198939157262881E-004  3.864246150337870E-004
   56131.6094838817       8.539346791471836E-004  3.864592767712074E-004
   56131.6299179380      -1.829281140046657E-004  3.863549449415720E-004
   56131.6503518941      -1.782225599854526E-004  3.863492730209032E-004
   56131.6707860500       9.732490528915339E-004  3.864902202495227E-004
   56131.6912201059       4.487737443326090E-005  3.863518253852042E-004
   56131.7116540615      -8.026000578287285E-004  3.863281608717471E-004
   56131.7320882170       6.782143096606408E-004  3.864121683189861E-004
   56131.7525222721      -4.208111978861728E-004  3.863624129704526E-004
   56131.7729562273      -4.053662904875965E-004  3.863542832174940E-004
   56131.7933903823       7.479426242396059E-004  3.864580163443922E-004
   56131.8138244372      -5.223030734152756E-004  3.864190376451294E-004
   56131.8342583919       8.700229820888250E-004  3.864299088264112E-004
   56131.8546925464       5.343245904116944E-004  3.864166743448507E-004
   56131.8751266007      -3.645833984619040E-004  3.863580014765991E-004
   56131.8955607549       7.045962784935078E-005  3.864234491389829E-004
   56131.9159947090       3.337398892671040E-004  3.864112545095450E-004
   56131.9364287627       3.056364704767667E-004  3.864121368083157E-004
   56131.9568629165      -5.074423334949785E-005  3.864805464737154E-004
   56131.9772968699      -8.187863778674753E-005  3.864405909436708E-004
   56131.9977309232       5.604667446386102E-004  3.864390154101517E-004
   56132.0181650765      -1.035491710460468E-004  3.864386687927775E-004
   56132.0385990296       3.447335599611190E-004  3.864408745397042E-004
   56132.0590330824       2.838502712971813E-004  3.864312322745673E-004
   56132.0794672351       6.167845111662018E-004  3.864863129263953E-004
   56132.0999012877      -2.828485372602385E-004  3.863989023267552E-004
   56132.1203353401      -3.128596208009649E-004  3.863681794231325E-004
   56132.1407693922      -2.007381428152932E-004  3.863731896197233E-004
   56285.4929081402       2.824854967460322E-004  3.871165103688020E-004
   56285.5133411492      -1.043792013924461E-003  3.870134968123795E-004
   56285.5337739583       1.684665512584615E-004  3.871040657780932E-004
   56285.5542069674      -7.513409869023269E-004  3.870106622111625E-004
   56285.5746398766      -1.758426261971868E-004  3.870858137117204E-004
   56285.5950726859       2.202059833620318E-004  3.870900656135459E-004
   56285.6155056952       2.883600307845846E-004  3.869969731613828E-004
   56285.6359386046       7.089024530599897E-004  3.870913792092318E-004
   56285.6563714141      -3.391845082798550E-004  3.870112498723904E-004
   56285.6768044236       3.234678882080289E-005  3.870871273074063E-004
   56285.6972373332       5.281287415559444E-004  3.870790383234456E-004
   56285.7176703429       5.267131968378358E-004  3.871361105991683E-004
   56285.7381031526      -2.159115439198667E-004  3.870032300250448E-004
   56285.7585360624       2.861187279834532E-005  3.870841198646517E-004
   56285.7789690723      -2.037193754962363E-004  3.870843618428044E-004
   56285.7994019822       3.572976644583559E-004  3.870750283997728E-004
   56285.8198347922      -7.112089887858497E-004  3.869979756423010E-004
   56285.8402678022      -7.038416044277129E-004  3.869720839799653E-004
   56285.8607007123       4.776103799835063E-004  3.870505540380456E-004
   56285.8811335225      -2.728987110037773E-004  3.870002225822901E-004
   56285.9015665328      -2.761328809501862E-004  3.870429835786977E-004
   56285.9219994431      -3.820719186942156E-004  3.870007411069030E-004
   56285.9424323535      -1.049140876957511E-004  3.870410131851689E-004
   56285.9628652640      -1.944578739596636E-004  3.870314723322921E-004
   56285.9832980745      -2.293358210573304E-004  3.870002917189052E-004
   56286.0037310851      -2.538761862042049E-004  3.869688691273656E-004
   56286.0241639958       4.768083165851422E-006  3.870404255239410E-004
   56286.0445968065       9.060044549358270E-004  3.871340710690244E-004
   56286.0650298173       1.564710817296699E-004  3.870559812623269E-004
   56286.0854627282       1.355587239546541E-004  3.870245241024798E-004
   56286.1058955391      -5.676243038094109E-004  3.869882619478867E-004
   56286.1263285501      -3.134217754954260E-004  3.870133239708419E-004
   56286.1467614612      -2.402316817983197E-004  3.869887113358845E-004
   56286.1671944723      -1.047499570812183E-003  3.868840385007008E-004
   56286.1876272835      -2.332451867503416E-003  3.868395836572245E-004
   56286.2080601948      -3.579634532128395E-003  3.866898683173367E-004
   56286.2284932061      -5.033657129035696E-003  3.865994376248530E-004
   56286.2489260175      -3.757358738617045E-003  3.866828163826017E-004
   56286.2693589290      -3.498342444561375E-003  3.867405800244748E-004
   56286.2897919406      -5.027438691822539E-003  3.865780052741879E-004
   56286.3102247522      -5.193736647905234E-003  3.865884794713678E-004
   56286.3306577638      -4.498416600566491E-003  3.866195563798322E-004
   56286.3510906756      -5.052945311306067E-003  3.866150279315464E-004
   56286.3715235874      -4.450745542746048E-003  3.866390874735834E-004
   56286.3919564993      -5.352908348211782E-003  3.865217280695383E-004
   56286.4123894112      -5.362195262979652E-003  3.866215613416685E-004
   56286.4328223233      -3.737958038935951E-003  3.866853053007435E-004
   56286.4532552354      -3.921273482130450E-003  3.867101599138534E-004
   56286.4736881475      -3.594069712609782E-003  3.867372614669525E-004
   56286.4941210598      -2.432662177513700E-003  3.868539640731547E-004
   56286.5145540721      -1.156412777291838E-003  3.869139746550169E-004
   56286.5349868844      -1.531649392743084E-004  3.869902323414156E-004
   56286.5554198969       3.821522961171553E-004  3.870411514583990E-004
   56286.5758528094       4.194283066434323E-004  3.870332007476683E-004
   56286.5962856220      -3.761556318708781E-004  3.869547998262032E-004
   56286.6167186346      -2.223503686415995E-005  3.870038176862727E-004
   56286.6371514474       8.095404841879095E-005  3.870087609542487E-004
   56286.6575843601      -2.752965072631008E-004  3.869466417056274E-004
   56286.6780173730      -2.490641187654630E-004  3.869208537482143E-004
   56286.6984501859       3.019026131525493E-004  3.870201684957317E-004
   56286.7188830989       2.662450146151407E-004  3.869947953580088E-004
   56286.7393161120      -3.953041916378019E-004  3.869211994312895E-004
   56286.7597489251       5.665883399541549E-005  3.869704938378192E-004
   56286.7801819384      -9.168542111082090E-006  3.869813482863818E-004
   56286.8006148517      -3.757940479611754E-004  3.869145277479373E-004
   56286.8210476650       6.044688441249058E-004  3.869664147775313E-004
   56286.8414806784      -1.384380115233563E-004  3.869759556304080E-004
   56286.8619135919       3.061435007560842E-004  3.869925138497122E-004
   56286.8823465055      -3.600054494987681E-004  3.868614999641950E-004
   56286.9027794191       8.764973911739027E-004  3.870481688248264E-004
   56286.9232123328       1.993022980981696E-004  3.869736395538039E-004
   56286.9436453466       8.583547806553238E-004  3.869851853685170E-004
   56286.9640781605       9.693531288346158E-005  3.870356550975026E-004
   56286.9845110744      -2.031541265792303E-004  3.869070609935120E-004
   56287.0049440884      -4.307272237774606E-004  3.869338168635359E-004
   56287.0253770025       3.925292992017493E-004  3.870655221152036E-004
   56287.0458098166      -2.850201591184653E-004  3.869695950618236E-004
   56287.0662428308       2.286667154849376E-005  3.869381033336689E-004
   56287.0866757451       2.482412405346857E-004  3.869850470952869E-004
   56287.1071085595       2.568344351321361E-004  3.869870174888158E-004
   56287.1275415739      -1.785079705166615E-004  3.869573578809599E-004
   56287.1479744884      -3.224490494565524E-004  3.869309131257039E-004
   56287.1684075030      -2.081217602220020E-004  3.869401428638129E-004
