   54966.0761424543      -1.960814615353801E-004  4.029577303216085E-004
   54966.0965767421       6.100542156886046E-004  4.030909278108230E-004
   54966.1170111299      -6.161337988558335E-004  4.029294622081769E-004
   54966.1374456175       6.160105744990041E-005  4.029426850156943E-004
   54966.1578800052       3.173367455366893E-004  4.030511818351476E-004
   54966.1783142927      -2.837973612380695E-004  4.028739729484779E-004
   54966.1987487802      -1.083482439156014E-003  4.029555976107185E-004
   54966.2191831676       5.389912870048530E-004  4.030314445652756E-004
   54966.2396174549      -4.539262316087811E-004  4.027434898185778E-004
   54966.2600518422      -7.722011138761031E-004  4.030162053765533E-004
   54966.2804863294      -4.274830752193370E-004  4.029579242044166E-004
   54966.3009206165      -8.837103234131671E-004  4.027905645644021E-004
   54966.3213550036      -1.238253632335873E-003  4.027607066119435E-004
   54966.3417893907      -1.822322912918839E-003  4.028789751249288E-004
   54966.3622237775      -8.865388470652436E-004  4.026589181376529E-004
   54966.3826581644      -1.962790511786938E-004  4.028121243326709E-004
   54966.4030925513       7.776528209539890E-004  4.030903849389601E-004
   54966.4235269380      -1.036960817453192E-004  4.026990131023830E-004
   54966.4439613246      -2.097575307171695E-004  4.030163604827998E-004
   54966.4643957112       4.549695885929239E-004  4.030398203025887E-004
   54966.4848299977      -7.048053109748320E-005  4.027358508359358E-004
   54966.5052644841       1.571734193712704E-004  4.027669496383667E-004
   54966.5256988705       1.596064315267931E-005  4.027945585502505E-004
   54966.5461331568       2.706250630077900E-004  4.028189877840802E-004
   54966.5665676430      -3.087925076794562E-004  4.028161183185192E-004
   54966.5870020292      -1.087449721116629E-004  4.026972681571095E-004
   54966.6074363152       3.730553392129465E-004  4.029854167866155E-004
   55005.5551414356       1.785081776803921E-004  3.673160963267340E-004
   55005.5755754464      -5.917747076233937E-005  3.673334999418610E-004
   55005.5960095572       1.138182717734804E-004  3.673673316331505E-004
   55005.6164436676       1.010063334914379E-003  3.674704265909208E-004
   55005.6368777779      -2.996359893298051E-004  3.672774649837391E-004
   55005.6777459980      -8.781223518000703E-004  3.672967026121193E-004
   55005.6981801076       1.181131397771651E-004  3.673727166082346E-004
   55005.7186142171      -6.297726824829875E-004  3.672753968411343E-004
   55005.7390483265      -2.701181915681916E-004  3.673599565585788E-004
   55005.7594823355      -3.863595679671761E-004  3.673688534739352E-004
   55005.7799165442      -4.958543710691377E-004  3.673105162438569E-004
   55005.8003506529      -1.313071436313873E-003  3.673150427446523E-004
   55005.8207846614      -1.563475253839930E-003  3.672150695115685E-004
   55005.8412188695      -6.852461025250722E-004  3.673346315670599E-004
   55005.8616529775      -6.197885110011958E-004  3.673507474707537E-004
   55005.8820869853       7.986435719886664E-005  3.674210643193162E-004
   55005.9025210929       6.923582741538148E-004  3.674428773705628E-004
   55005.9229553002       2.817037177704762E-005  3.673802477690407E-004
   55005.9433893076       5.208593304206754E-004  3.674916152972302E-004
   55005.9638234144      -3.866398011980188E-004  3.673663951157446E-004
   55005.9842576213       3.648016152166811E-004  3.674366339211899E-004
   55006.0046917277       5.264567933316311E-004  3.675019560102540E-004
   55006.0251257341       2.978479199964301E-004  3.674535692776139E-004
   55006.0455598403       5.835811147680836E-005  3.674258249494630E-004
   55006.0659940462      -2.731323564770793E-004  3.674196205216487E-004
   55006.0864280517      -1.863393823779980E-004  3.674058849330283E-004
   55045.0129601385       5.276056652325778E-004  3.684780022550340E-004
   55045.0333937702      -3.537504441055717E-004  3.684148653732504E-004
   55045.0538274016       2.415097029129232E-004  3.684810459366033E-004
   55045.0742610326      -1.416570332083422E-004  3.684447168655646E-004
   55045.0946945633       2.730088009792464E-004  3.684351565837124E-004
   55045.1151282938      -3.785941489187206E-004  3.683593767169486E-004
   55045.1355619241      -4.228399244188275E-004  3.684177139470268E-004
   55045.1559954541      -9.363724743716162E-005  3.683960569820145E-004
   55045.1764290837       1.618367142097732E-004  3.684327372470804E-004
   55045.1968628133       2.046908434127914E-005  3.684461606632322E-004
   55045.2172963424       1.087149731153758E-004  3.684296155223939E-004
   55045.2377299712      -8.664280398475999E-004  3.683207843955122E-004
   55045.2581636999      -1.381077041348489E-003  3.682812555566699E-004
   55045.2785972283      -6.668615050413607E-004  3.683521967501697E-004
   55045.2990308562      -5.680471711785318E-004  3.683556696688834E-004
   55045.3194644839      -7.199867292211337E-004  3.683541088065402E-004
   55045.3398982116      -5.423237986099672E-004  3.683759608793454E-004
   55045.3603317389       9.577490077661288E-005  3.683653860369700E-004
   55045.3807653657       1.925323528415568E-004  3.684531455222181E-004
   55045.4011990924       7.671784544858173E-004  3.685061367987707E-004
   55045.4216326187       1.687641494727554E-004  3.684459265338807E-004
   55045.4420662451       3.133368458401176E-004  3.684318787727916E-004
   55045.4624997709      -2.943504385344298E-005  3.684116656054468E-004
   55045.4829334965      -8.358273376440906E-005  3.684244256551026E-004
   55045.5033671219       2.427874942891872E-004  3.685015322548582E-004
   55045.5238007468       2.698912281928756E-005  3.684254402156257E-004
   55045.5442343717       5.723834937165773E-004  3.685061367987707E-004
   55045.5646679962      -5.089718957254075E-004  3.683780680435088E-004
   55084.4902251540       6.431157430955015E-004  3.685587768812962E-004
   55084.5106581746       9.174302623433661E-004  3.685360663342022E-004
   55084.5310912952       6.196785274594774E-004  3.685638887054702E-004
   55084.5515244156       1.232193488094335E-004  3.684632130843319E-004
   55084.5719576355       1.605990858692952E-004  3.685059807125364E-004
   55084.5923906554       2.345090553532714E-004  3.685194041286882E-004
   55084.6128238748       1.866811880844033E-004  3.685284181087204E-004
   55084.6332568943      -3.314101220499577E-004  3.684756999830777E-004
   55084.6536900132      -5.838381679437177E-004  3.684918158867716E-004
   55084.6741230322      -2.655632507704286E-004  3.684353907130639E-004
   55084.6945562507       1.118974206746781E-003  3.687259842598146E-004
   55084.7149893692      -2.179570592101276E-004  3.684781973628269E-004
   55084.7354224873      -1.296554658850702E-003  3.683737756720648E-004
   55084.7558556053      -1.065789904707626E-003  3.683758438146697E-004
   55084.7762887229      -1.085122052128740E-003  3.684347663681266E-004
   55084.7967218405      -1.091977716545234E-003  3.684278205306992E-004
   55084.8171548576      -9.687608944674020E-004  3.684010517415128E-004
   55084.8375880744      -3.795268763847615E-004  3.684611839632857E-004
   55084.8580211913       7.412576942913418E-004  3.685585427519447E-004
   55084.8784542077      -5.335066697975677E-004  3.684014029355400E-004
   55084.8988874239       6.216417611992764E-004  3.685657227187235E-004
   55084.9193205401      -1.423789703532963E-004  3.684687931672089E-004
   55084.9397535558       2.262771939134378E-004  3.685026248584985E-004
   55084.9601866713       2.051445554072107E-004  3.685549917901138E-004
   55084.9806198868      -1.858246972725741E-004  3.684728904308600E-004
   55085.0010529018       1.917588082787081E-004  3.684920890376817E-004
   55085.0214860166      -1.291708629801436E-004  3.684547844276785E-004
   55085.0419192311      -6.781216193848527E-004  3.684316836649987E-004
   55123.9666402225      -5.682992009341525E-004  3.654129626237956E-004
   55123.9870729102      -2.641476509516183E-004  3.653686689646995E-004
   55124.0075057977      -1.954069557741356E-005  3.654278452932519E-004
   55124.0279385851       6.389243148945400E-004  3.654381214221621E-004
   55124.0483712724      -4.972518173859131E-004  3.654329636716363E-004
   55124.0688040597       7.653366686044549E-005  3.654408774720615E-004
   55124.0892369468       2.423152888271218E-004  3.654156793015535E-004
   55124.1096696339       1.792748135844846E-004  3.655454105075282E-004
   55124.1301024208      -6.126288746283182E-004  3.653190206943704E-004
   55124.1505353078       2.056493148561156E-004  3.653594165114661E-004
   55124.1709679946      -2.507718128309522E-004  3.654502086695777E-004
   55124.1914007812       1.005749887542873E-003  3.656293125408916E-004
   55124.2118336680      -9.468499228734162E-004  3.654243018005242E-004
   55124.2322664544      -1.196557040475721E-003  3.653590621621933E-004
   55124.2526991408      -1.168504807042448E-003  3.653858352183581E-004
   55124.2731319272      -4.003934814110766E-004  3.655024161290990E-004
   55124.2935648135      -5.520652692468930E-004  3.654699734845699E-004
   55124.3139974996       1.735019855235720E-004  3.656412029276001E-004
   55124.3344302857       5.988152594316176E-004  3.655901766323213E-004
   55124.3548630718       2.020695045352738E-004  3.654809583120258E-004
   55124.3752958577      -5.081539658168266E-004  3.654524135094971E-004
   55124.3957285435      -4.493785437914566E-004  3.655165507278683E-004
   55124.4161613291      -2.792434359359941E-004  3.655320633515873E-004
   55124.4365942148       1.016228823027099E-003  3.656096658423236E-004
   55124.4570270004      -7.032205130541591E-005  3.655204485698688E-004
   55124.4774596858      -7.419752577642047E-004  3.654494999710322E-004
   55124.4978925711      -8.967534675428102E-004  3.654192227942811E-004
   55163.4427407232       6.084339898548841E-005  3.644423605935407E-004
   55163.4631735341      -3.371002496146414E-004  3.644453922484299E-004
   55163.4836062451      -2.344616920235687E-005  3.644767718451407E-004
   55163.5040391562       2.354878510271163E-004  3.644371240987320E-004
   55163.5244719675       1.019253529436659E-003  3.644746851216455E-004
   55163.5449046788      -5.004480166050929E-004  3.643672385477137E-004
   55163.5653374903      -3.487593332363037E-004  3.644596843357650E-004
   55163.5857704019       2.188578346820069E-004  3.644861030426569E-004
   55163.6266359255      -1.839403779237969E-004  3.644059807348698E-004
   55163.6470688374      -1.311388507900801E-004  3.644914182817484E-004
   55163.6675016495       2.075038832236586E-004  3.645015762942345E-004
   55163.6879343617      -8.523061345028227E-004  3.643656242899156E-004
   55163.7083672740      -9.785703249522992E-004  3.644377934251361E-004
   55163.7288000864      -1.748756987949407E-003  3.642821159779664E-004
   55163.7492327990      -7.678796746497518E-004  3.644271629469530E-004
   55163.7696656117       4.546522020230093E-004  3.644934262609608E-004
   55163.7900985244       6.744180766593555E-004  3.644536210259864E-004
   55163.8105312373       8.492993501940660E-005  3.644050751756171E-004
   55163.8309640504      -7.456239637364526E-004  3.644289740654583E-004
   55163.8513969635      -8.132074617472895E-006  3.644723621653018E-004
   55163.8718296768      -6.343364971903576E-004  3.643863340363018E-004
   55163.8922624902      -4.866045922291562E-005  3.644550384230775E-004
   55163.9126954037      -8.421565426786071E-005  3.645369718493699E-004
   55163.9331281173      -5.485566838067113E-004  3.644360610509137E-004
   55163.9535609310       1.143638126945845E-004  3.644721259324533E-004
   55163.9739937449       1.081818928394540E-004  3.645163014751251E-004
   55202.9192627209      -3.751689549920112E-004  3.639502137539341E-004
   55202.9396959314      -1.413846705222710E-005  3.639715984645036E-004
   55202.9601291424       5.727129065991043E-004  3.641423060290682E-004
   55202.9805622536       1.560544826111343E-004  3.639810159620428E-004
   55203.0009955650       7.539657939288347E-004  3.640690633953680E-004
   55203.0214287766      -1.728886293745902E-004  3.640000565793382E-004
   55203.0418618886      -5.577667186262847E-005  3.639708582245223E-004
   55203.0622952009       5.264970654903500E-004  3.639885828596289E-004
   55203.0827284134       5.794627516424455E-004  3.640741217019065E-004
   55203.1031616263      -6.564117755587517E-004  3.639930654239598E-004
   55203.1235948393       1.834402772993293E-005  3.640551222090545E-004
   55203.1440280527      -3.373600503642216E-004  3.640008790682063E-004
   55203.1644612663      -1.166089647762658E-003  3.639658821668706E-004
   55203.1848943803      -7.749191504812236E-004  3.639255390878925E-004
   55203.2053276945      -1.041587785387987E-003  3.639755875355136E-004
   55203.2257609089      -8.303424445049723E-004  3.640234563876344E-004
   55203.2461940237      -6.131517372942596E-006  3.641117916920634E-004
   55203.2666273389       8.664316723447918E-004  3.641708463927897E-004
   55203.2870605541       6.279690632664536E-004  3.641741774727052E-004
   55203.3074936697       8.602821258896221E-005  3.641423060290682E-004
   55203.3279269856       5.703509083998526E-004  3.641092831010158E-004
   55203.3483602017       1.810197426308502E-004  3.640420035116090E-004
   55203.3687933181      -4.721385080985741E-005  3.641327651581988E-004
   55203.3892266349      -2.789709707330390E-004  3.640801669950867E-004
   55203.4096598519       4.853618801052839E-004  3.641427172735022E-004
   55203.4300930691       1.925846571833034E-004  3.640963289013439E-004
   55203.4505261867       3.389149777344169E-004  3.641290639582925E-004
   55242.3967765148       8.311981582356243E-004  3.644701500918745E-004
   55242.4172103007       2.749680385869535E-004  3.644247075819145E-004
   55242.4376439870       2.065371322794718E-004  3.644743447851016E-004
   55242.4580778735       3.677932321726196E-004  3.643126845980856E-004
   55242.4785115603      -5.850458541190040E-005  3.643701354455191E-004
   55242.4989453474      -4.297914644529888E-004  3.644337960839065E-004
   55242.5193792347       1.584243681520547E-004  3.644852016381599E-004
   55242.5398130224       1.569283044109415E-004  3.644515207190131E-004
   55242.5602467104      -4.316491683827861E-004  3.644025826313639E-004
   55242.5806805986       1.015037108846872E-004  3.644437070747666E-004
   55242.6011143872      -7.533479993241388E-004  3.643977710714858E-004
   55242.6215480760      -7.651478413200907E-004  3.643774555964448E-004
   55242.6419819651      -1.370683228783753E-003  3.643274071488237E-004
   55242.6624157545      -4.089846385398888E-004  3.643978944448160E-004
   55242.6828494443      -8.332955033593104E-004  3.643746591342934E-004
   55242.7032832342      -5.038659622210728E-004  3.644181276709701E-004
   55242.7237171246       3.192668373386276E-005  3.644763187583849E-004
   55242.7441508152      -3.034437208553342E-004  3.644570313944290E-004
   55242.7645846060       5.211083527505433E-004  3.644980324645016E-004
   55242.7850184971      -1.801907072573883E-005  3.644982380867186E-004
   55242.8054521886       1.040720677359053E-003  3.646107545638683E-004
   55242.8258859804      -2.881215618565358E-004  3.644666545141853E-004
   55242.8463198724       1.369746708259623E-004  3.645943870353941E-004
   55242.8667536648       1.061450129102859E-004  3.645197050461748E-004
   55242.8871873573       5.181662902302708E-004  3.645531392186612E-004
   55242.9076212502       2.032954131152565E-004  3.645388690368004E-004
   55242.9280550435      -2.561410330237379E-005  3.644869699892262E-004
   55281.8753344401      -4.601439720319789E-005  4.127894830892036E-004
   55281.8957686890      -1.993132655303542E-004  4.127937813329873E-004
   55281.9162029380       7.545601273193370E-004  4.130396567968360E-004
   55281.9366371872      -3.300613775935046E-004  4.126879569790907E-004
   55281.9570714365       1.406354302198043E-004  4.128335002894329E-004
   55281.9775057860      -2.812356940905536E-004  4.127698624023021E-004
   55281.9979399357       1.958677481315174E-004  4.128292816427563E-004
   55282.0183741856      -4.003116524264883E-005  4.128017410436978E-004
   55282.0388083356      -5.890380358991587E-004  4.127248900367875E-004
   55282.0592426858      -8.484567440535384E-004  4.127250890295553E-004
   55282.0796769362      -4.330838587640606E-004  4.127978009868961E-004
   55282.1001111867       1.501550678220109E-004  4.128175808680118E-004
   55282.1205454375      -1.627056351494405E-003  4.127071000833495E-004
   55282.1409796883      -9.045767937796434E-004  4.126981056102466E-004
   55282.1614139394      -4.727642984159175E-004  4.127588780015216E-004
   55282.1818481906      -5.409157156593958E-004  4.127023242569232E-004
   55282.2022824420       7.640769330528041E-004  4.127994725261454E-004
   55282.2227165935      -3.098627657727171E-005  4.127730064880328E-004
   55282.2431509453      -1.577232991030186E-004  4.127628976554304E-004
   55282.2635851972       1.923351974844056E-004  4.127271187557865E-004
   55282.2840193493      -2.561395822460177E-004  4.127514356720072E-004
   55282.3044537015       5.745221787718524E-004  4.128506534660141E-004
   55282.3248879539      -9.345176526698307E-005  4.127110401401512E-004
   55282.3453221065       5.166236235225607E-004  4.128121284661751E-004
   55282.3657564592       6.208586026201779E-005  4.128034523815006E-004
   55282.3861907121       1.870253327962423E-005  4.127377449695851E-004
   55282.4066248652      -2.372272760112759E-004  4.127601913537888E-004
   55321.3545150728       4.505177545353067E-004  4.122344126628040E-004
   55321.3749494858       3.516899342275170E-004  4.122864691708509E-004
   55321.3953837987      -1.182805277955001E-004  4.122333381018581E-004
   55321.4158183117       2.735525860018129E-004  4.122319451524837E-004
   55321.4362526246      -5.848300109693172E-004  4.122091007827445E-004
   55321.4566870376       2.569576428999021E-004  4.123055724765562E-004
   55321.4771215505      -2.865303961099297E-004  4.122111703075292E-004
   55321.4975559635      -4.622820284930773E-004  4.122669280810566E-004
   55321.5179902764       2.440424159939614E-004  4.122754847700704E-004
   55321.5384247894      -1.093101514092476E-004  4.122619930604160E-004
   55321.5588592023       5.027565939437206E-004  4.123064480447344E-004
   55321.5792935152      -8.527215478617567E-004  4.122229904779343E-004
   55321.6201624411      -9.228581677274139E-004  4.122300348219132E-004
   55321.6405967540      -8.333464610201791E-004  4.121971214181251E-004
   55321.6610312669      -9.857072485391916E-004  4.122327411235548E-004
   55321.6814656798      -2.993396577382068E-004  4.122851956171372E-004
   55321.7018999927      -8.349077856162346E-005  4.122730968568572E-004
   55321.7223345056       9.144827252649534E-005  4.122778328847300E-004
   55321.7427689185       2.298368287376729E-004  4.123210939124418E-004
   55321.7632034314      -4.260331227156078E-004  4.122366413818029E-004
   55321.7836377443       5.595775892641708E-004  4.125075899343897E-004
   55321.8040721572      -9.511782413940129E-005  4.123085573680727E-004
   55321.8245066701       9.341642606326417E-004  4.124058250329555E-004
   55321.8449409829       1.675701961594278E-004  4.123039009373070E-004
   55321.8653753957       6.853185484190227E-004  4.123540471147834E-004
   55321.8858099086      -2.168048655890598E-004  4.123036223474321E-004
   55360.8336965398      -6.650487694570550E-005  4.153544998656758E-004
   55360.8541307873      -4.747141107165342E-004  4.153105224640000E-004
   55360.8745651348      -5.180962259728750E-004  4.153858213273217E-004
   55360.8949992820      -5.245433146550127E-004  4.154112526030419E-004
   55360.9154335291      -1.107332346085843E-003  4.152775692616583E-004
   55360.9358678761      -6.296194441381964E-004  4.153626983677076E-004
   55360.9563021229      -8.169626081245829E-004  4.153691457333832E-004
   55360.9767363695      -5.805848203140895E-004  4.153795729544140E-004
   55360.9971706161       5.874373923948628E-004  4.154723831812989E-004
   55361.0176048624      -1.090086710336724E-003  4.153446298243947E-004
   55361.0380391085      -1.447335675817119E-004  4.154419770863846E-004
   55361.0584733544      -9.155102965485717E-004  4.153520323553555E-004
   55361.0789076002      -8.692886440475611E-004  4.153697825102400E-004
   55361.0993418459      -1.344195348640054E-003  4.152310447525552E-004
   55361.1197760915      -1.170135876939149E-003  4.153416847314318E-004
   55361.1402103367      -9.128766764268104E-004  4.152187867980610E-004
   55361.1606445819       5.062022875583772E-004  4.154775171947072E-004
   55361.1810788271      -5.263053805755202E-004  4.154598466369297E-004
   55361.2015130718      -3.130187634297066E-004  4.154222370038225E-004
   55361.2219473165       2.027937457904638E-004  4.155213752007222E-004
   55361.2423815612      -5.091651973976319E-005  4.154048450359199E-004
   55361.2628157054      -1.189156376564249E-004  4.155248376748814E-004
   55361.2832500497       4.559216131141408E-004  4.154508919623804E-004
   55361.3036842937      -1.065457631294953E-003  4.153627779648147E-004
   55361.3241184377      -2.597986309008649E-004  4.154029745039030E-004
   55361.3445527815       1.191026688078356E-003  4.154772386048323E-004
   55361.3649870250       3.031957754260350E-004  4.155030678660880E-004
   55400.3122796824      -2.897494801595846E-004  3.661347312391829E-004
   55400.3327136148      -6.013315224687732E-004  3.660512972680782E-004
   55400.3531474472       4.640598459682010E-005  3.660131504803591E-004
   55400.3735812791      -2.775438212949677E-004  3.661826572644453E-004
   55400.3940151107      -1.024619813549177E-003  3.660972829684312E-004
   55400.4144489422      -1.995056116449456E-004  3.661742750608367E-004
   55400.4348827734       9.030766299877868E-006  3.662740077611804E-004
   55400.4553166043       4.708072946519870E-004  3.661184325099438E-004
   55400.4757504348      -5.105791274541138E-004  3.662560015460211E-004
   55400.4961843654       3.614275462187067E-004  3.663075753821132E-004
   55400.5166180956      -2.081587702876808E-004  3.663562775373395E-004
   55400.5370519254      -1.036140006071995E-003  3.663157635532310E-004
   55400.5574858550      -1.176684529917482E-003  3.663464594932978E-004
   55400.5779195846      -1.378214107400244E-003  3.661292983294365E-004
   55400.5983534137      -1.431954813282066E-003  3.661214594168025E-004
   55400.6187873425      -5.524775909266921E-004  3.663636895784934E-004
   55400.6392210712      -2.632780122512335E-004  3.662475417294160E-004
   55400.6596548994      -1.656058548360484E-005  3.664490250680093E-004
   55400.6800888275      -5.246772545774991E-005  3.666489949531733E-004
   55400.7005225555       6.365929534390968E-004  3.665879135250250E-004
   55400.7209563829      -6.613770711155764E-004  3.663616716405877E-004
   55400.7413903104      -2.757324666727845E-004  3.665582653604092E-004
   55400.7618240374       2.386450077931368E-004  3.667565277596529E-004
   55400.7822578642       3.373161160937777E-004  3.665300918427246E-004
   55400.8026917908      -1.606752726399652E-004  3.665317217156485E-004
   55400.8231255171       1.324091639547387E-004  3.665016466795526E-004
   55400.8435594431       4.252098604298205E-004  3.666505084066027E-004
   55439.7694978225       5.736723057192528E-005  3.672397074685946E-004
   55439.7899310375       1.677292133990260E-004  3.671420315126548E-004
   55439.8103643523       2.592304692008440E-004  3.672849170389839E-004
   55439.8307977668       1.438759681913204E-004  3.672650481119115E-004
   55439.8512310809       2.419360573413520E-005  3.672416089870058E-004
   55439.8716642950      -6.766234852406683E-005  3.671933337032597E-004
   55439.8920977086       5.198267182144889E-004  3.672324894599316E-004
   55439.9125309220      -5.820814968459098E-004  3.671601541473087E-004
   55439.9329642351       4.643377985180663E-004  3.672880215588389E-004
   55439.9533976481      -3.960971203701424E-004  3.671151386094104E-004
   55439.9738308607      -4.850684080188739E-004  3.671767245220351E-004
   55439.9942641732      -3.912604159717059E-005  3.672328387184152E-004
   55440.0146975852      -5.742871060729904E-004  3.671892978274481E-004
   55440.0351308972      -5.377725277284640E-004  3.671223954245716E-004
   55440.0555641087      -1.088791301562475E-003  3.671494823603070E-004
   55440.0759975200      -5.518224508536118E-004  3.671733871631909E-004
   55440.0964308311      -3.044736949092686E-004  3.672473135422395E-004
   55440.1168641419      -7.988583364793023E-005  3.671748230036239E-004
   55440.1372974525      -3.786496437842013E-004  3.672434716989188E-004
   55440.1577307628       1.556514990459501E-004  3.671935665422487E-004
   55440.1781641727       1.226004835366057E-003  3.673096367783298E-004
   55440.1985973826       6.522886815365503E-004  3.672706362476506E-004
   55440.2190306920       8.795875717155788E-004  3.672741288324875E-004
   55440.2394641012       4.617006221387943E-004  3.673547299292245E-004
   55440.2598973102      -6.094981014403977E-005  3.671506465552526E-004
   55440.2803306189       1.673534937118859E-005  3.672809587761687E-004
   55440.3007640274      -1.640020810197429E-004  3.672396298555982E-004
   55440.3211972357      -1.865773323350695E-005  3.672730034440401E-004
   55479.2462257772      -1.825735873492995E-004  3.689568481582448E-004
   55479.2666586659      -1.606732886301199E-004  3.690701479024253E-004
   55479.2870915544      -2.154141156880396E-004  3.692307249344943E-004
   55479.3075245426      -1.768929429641908E-004  3.690634391053125E-004
   55479.3279573306      -4.783121857802053E-004  3.690835654966508E-004
   55479.3483902186      -3.754772767642356E-004  3.692478520988880E-004
   55479.3688232064      -1.748186262284790E-004  3.692394463707409E-004
   55479.3892559941      -3.585129877359261E-005  3.692209379834123E-004
   55479.4096888817      -6.447528112782930E-004  3.690807241237559E-004
   55479.4301218690      -1.719746945598732E-004  3.691065727243962E-004
   55479.4505546561       5.220743225677893E-004  3.691774097292043E-004
   55479.4709876431      -4.954059232682440E-004  3.692168337781197E-004
   55479.4914205300      -1.403184156424819E-003  3.689503366786942E-004
   55479.5118533166      -9.856335410173278E-004  3.692091383931963E-004
   55479.5322863032      -1.160152728733044E-003  3.688901548222417E-004
   55479.5527191896      -8.220931482041394E-004  3.690515211245593E-004
   55479.5731519757      -2.557168090097095E-004  3.691511270299273E-004
   55479.5935849618       1.720139145353627E-004  3.693178603699352E-004
   55479.6140178478       9.569708161705215E-005  3.692707409360962E-004
   55479.6344507334       1.464974505953620E-004  3.692819880371382E-004
   55479.6753165045       2.002366661055799E-004  3.692054288230281E-004
   55479.6957492898       1.598778724885008E-004  3.693300940587878E-004
   55479.7161822747      -9.369720051144448E-005  3.692611513025763E-004
   55479.7366151597       5.087681287627710E-004  3.693642299970379E-004
   55479.7570480445       2.934807549590523E-004  3.693398415463574E-004
   55479.7774809292       1.305699956628548E-004  3.693616254052176E-004
   55479.7979138135      -1.188295860024002E-004  3.692364471437964E-004
   55518.7223845989      -2.126886498040603E-004  3.675663512978482E-004
   55518.7428173525      -7.605957760421500E-004  3.676300848704193E-004
   55518.7632500062      -3.129296584319929E-004  3.675705738936780E-004
   55518.7836828598      -8.019063864453946E-004  3.676549468832488E-004
   55518.8041156136       1.261285359115405E-004  3.676748759570249E-004
   55518.8245484672      -5.138849758853370E-004  3.676322948271152E-004
   55518.8449811210      -3.056168199863096E-004  3.675399107445215E-004
   55518.8654138748      -1.992574890975485E-004  3.675656804181370E-004
   55518.8858467286       3.408106383613330E-004  3.675888849634446E-004
   55518.9062793824       5.886392334442103E-004  3.678116564911000E-004
   55518.9267121363      -3.261797222307017E-004  3.676318212649661E-004
   55518.9471449902      -8.671709627339208E-005  3.676141416113984E-004
   55518.9675777442      -6.435890901309582E-004  3.675407789417949E-004
   55518.9880103982      -1.608788714873688E-003  3.674722702842201E-004
   55519.0084432521      -6.058075059346413E-004  3.676157990789203E-004
   55519.0288759062      -7.941264584053753E-004  3.676240469530178E-004
   55519.0493087603      -2.931886405795892E-004  3.676553809818855E-004
   55519.0697415144       1.788266592051002E-004  3.676711663868567E-004
   55519.0901741685      -3.409860510128482E-005  3.676802035312027E-004
   55519.1106070227       1.117817423991863E-003  3.676830449040975E-004
   55519.1310397769      -5.343738009946364E-004  3.675835573892668E-004
   55519.1514724311      -1.707872156768708E-004  3.675347804879059E-004
   55519.1719052854      -7.350461707428257E-004  3.675665486154104E-004
   55519.1923380397      -4.089525669948024E-005  3.674703760356236E-004
   55519.2127706940      -3.440833544017252E-004  3.676135891222244E-004
   55519.2332035484      -6.708645692298232E-004  3.675549463427566E-004
   55519.2536363028       4.680218416941440E-004  3.677306773635979E-004
   55519.2740691572      -4.591427661190250E-004  3.676088140372206E-004
   55597.6757018550      -2.079057354876790E-004  3.614888048953260E-004
   55597.6961355004      -4.051498953814292E-004  3.614317307280979E-004
   55597.7165690462       2.768198363289898E-004  3.614128827900998E-004
   55597.7370024921       2.169411743220273E-004  3.613802864644278E-004
   55597.7574361385       1.754613016899942E-004  3.613708624954287E-004
   55597.7778696852       1.103863265319083E-003  3.615074488513112E-004
   55597.7983033321       7.645337337345293E-004  3.615056946059996E-004
   55597.8187367793      -1.713428954632779E-004  3.613048539160327E-004
   55597.8391703270       1.012931531820804E-004  3.613023653354745E-004
   55597.8596039748      -1.120072615986567E-004  3.614124748260739E-004
   55597.8800374230      -2.859166897158927E-004  3.613556454372614E-004
   55597.9004709714      -3.985114727852457E-004  3.614100270419183E-004
   55597.9209046202      -1.033201944405149E-003  3.612235058892616E-004
   55597.9413380693      -8.293712293481192E-004  3.612174680216778E-004
   55597.9617717187      -1.104709107720647E-003  3.611311428337904E-004
   55597.9822051684      -7.919603728780977E-004  3.612638127350238E-004
   55598.0026387183      -2.258352617690029E-004  3.613041603771886E-004
   55598.0230723686      -1.422968140726288E-004  3.613413258999512E-004
   55598.0435058193       4.926651645178470E-004  3.614273655130205E-004
   55598.0639393701      -1.852009312417469E-004  3.613096270951362E-004
   55598.0843730214      -3.930418499431543E-004  3.613004071081500E-004
   55598.1048065728       5.490375474805909E-004  3.613665380767538E-004
   55598.1252400246      -6.874995938879191E-004  3.613155017771096E-004
   55598.1456736768      -7.787236171019618E-004  3.611823423190449E-004
   55598.1661072292       3.796142387151313E-004  3.613270471590435E-004
   55598.1865407819       1.396866699232557E-004  3.612813551881390E-004
   55598.2069743350       8.570836035863838E-004  3.612938796837351E-004
   55598.2274078883       7.352915788862990E-004  3.612745829853085E-004
   55676.6328547251      -6.855710216979727E-005  4.205166516079803E-004
   55676.6532891107       5.565212630336269E-004  4.205619036394116E-004
   55676.6737233963       8.595968373021901E-004  4.205782756331776E-004
   55676.6941578820       1.332379067719991E-005  4.205164524353068E-004
   55676.7145922678      -3.628127841285300E-004  4.204801631741854E-004
   55676.7350267536      -7.191270858312171E-004  4.204659024107590E-004
   55676.7554610395       7.334248552073319E-004  4.205699103808884E-004
   55676.7758954255       1.793803196310506E-004  4.205052589310531E-004
   55676.7963299116      -1.038598408475977E-005  4.205337804579059E-004
   55676.8167641976      -1.771753627298756E-004  4.205683169995000E-004
   55676.8371985838      -1.336898680720511E-004  4.205109154349820E-004
   55676.8576330701      -1.731051719155996E-004  4.205037053841994E-004
   55676.8780673564      -9.233080232095014E-004  4.204293343078947E-004
   55676.8985018428      -3.845662302521813E-004  4.205137835214812E-004
   55676.9189362293      -9.908288302460377E-004  4.203349662951653E-004
   55676.9393705158      -7.732771872297484E-004  4.204472598485145E-004
   55676.9598050024      -2.026348990255000E-004  4.204840271240523E-004
   55676.9802393891       5.656335917603172E-005  4.204882097501970E-004
   55677.0006737758       6.237047431869591E-004  4.205520246748034E-004
   55677.0211081627       1.128872402220260E-003  4.205655684166049E-004
   55677.0415425495      -3.196361010485704E-004  4.204134801630798E-004
   55677.0619769365      -8.233123954286548E-004  4.203169212509414E-004
   55677.0824113235      -3.464261884298381E-004  4.204684119864458E-004
   55677.1028457106       5.048632573845246E-004  4.204589313671847E-004
   55677.1232800978       5.562881669589625E-004  4.204652650582037E-004
   55677.1437144850      -1.674716743709226E-004  4.203936425647940E-004
   55677.1641488723       8.351226684530921E-004  4.205061751253515E-004
   55716.1121197339       3.972896105453039E-004  4.220357017546346E-004
   55716.1325541877      -1.535145894170364E-004  4.220716723394783E-004
   55716.1529885414      -3.982188085412952E-004  4.220406014024041E-004
   55716.1734229948      -5.374704691085697E-004  4.220884825131262E-004
   55716.1938572483       1.792435222769395E-004  4.221266041628443E-004
   55716.2142916016       2.508707395219023E-004  4.221793849213358E-004
   55716.2347260549      -1.676949191565802E-004  4.220644622886957E-004
   55716.2551603080       3.023034857734253E-004  4.221683109206863E-004
   55716.2755946611      -4.149518994660539E-004  4.221128214138344E-004
   55716.2960291140       1.725722386152206E-004  4.221468002719426E-004
   55716.3164634668      -1.008866120373320E-004  4.220492853309710E-004
   55716.3368977196      -7.876602197196547E-004  4.221158090039377E-004
   55716.3573321722      -1.417255100330861E-003  4.220136732569397E-004
   55716.3777665247      -1.605920541425054E-003  4.220003685223463E-004
   55716.3982007772      -1.763998297160785E-003  4.220207638041182E-004
   55716.4186352295      -2.505591040283806E-004  4.221619772296672E-004
   55716.4390694818      -2.651245260709700E-005  4.221413429406872E-004
   55716.4595039339      -1.045231207545183E-003  4.219869841186836E-004
   55716.4799382858       3.192144093902005E-004  4.221703424819565E-004
   55716.5003725378       2.962164146083079E-004  4.221224215366996E-004
   55716.5208069896       1.044311028302047E-004  4.221584717906127E-004
   55716.5412413414      -5.107385980005485E-004  4.222029669658845E-004
   55716.5616755930      -1.075691426662861E-003  4.219583829227614E-004
   55716.5821100445       2.769397409063679E-005  4.220447043594792E-004
   55716.6025443959       2.941078136400321E-004  4.221922514760473E-004
   55716.6229786472      -5.867059459682133E-004  4.220454213811040E-004
   55716.6434130985       1.153850262921585E-003  4.223074927849651E-004
   55755.5909936477       1.980845141367205E-004  3.703495402399391E-004
   55755.6114275773       2.953862916488248E-005  3.703795212285140E-004
   55755.6318617066      -6.018906412113001E-004  3.703265051086650E-004
   55755.6522957360      -1.525902741540408E-004  3.703325483969380E-004
   55755.6727296648      -6.045876027274133E-004  3.703552303490273E-004
   55755.6931637935      -1.553529642115414E-004  3.703136729316179E-004
   55755.7135978219      -4.804932986479660E-005  3.703352168618896E-004
   55755.7340317503      -1.023358877587643E-004  3.703521694627592E-004
   55755.7544658782      -1.012541811729717E-003  3.702065811543657E-004
   55755.7748999062      -4.397547117088729E-004  3.703832884731516E-004
   55755.7953338337       3.160553176468905E-004  3.703280747939307E-004
   55755.8157679611      -7.551631029889538E-004  3.702595580320830E-004
   55755.8362019882      -1.071487332518717E-003  3.702225134598126E-004
   55755.8566361152      -1.719900909948113E-003  3.702690546279405E-004
   55755.8770700417      -5.718414659905413E-004  3.702946404977714E-004
   55755.8975040683      -6.584173117938352E-004  3.703502858404403E-004
   55755.9179380943       1.924061775933072E-004  3.704324981062312E-004
   55755.9383721204       2.369863953393114E-004  3.703551126226324E-004
   55755.9588061463      -1.057382294050724E-004  3.703677485890212E-004
   55755.9792401716       2.696310729803919E-004  3.704421124284836E-004
   55755.9996741970      -3.685781361377760E-004  3.703396512227652E-004
   55756.0201082222      -2.529824409780446E-005  3.703891747928980E-004
   55756.0405422471      -2.119198966120672E-004  3.703283887309838E-004
   55756.0609762718      -1.040497219472192E-004  3.702854185968354E-004
   55756.0814102960      -5.024119481902289E-004  3.703595077413763E-004
   55756.1018444202       3.238648414201073E-004  3.703861923908931E-004
   55756.1222783442      -6.347826082557795E-004  3.704063628465574E-004
   55795.0690834350      -2.364909482673871E-004  3.702988394058571E-004
   55795.0895170696       5.384949025408758E-004  3.703902735725840E-004
   55795.1099505042      -1.937851817790381E-004  3.702697609863100E-004
   55795.1303840383      -1.984695862695673E-004  3.703229340746856E-004
   55795.1508176722      -1.396468196461775E-004  3.702674457005432E-004
   55795.1712512058       5.250868027939504E-005  3.702978975946977E-004
   55795.1916846390      -1.794070845307916E-004  3.703031167982061E-004
   55795.2121182722      -5.627155868548339E-005  3.703840733157845E-004
   55795.2325518049      -7.058632164520517E-004  3.702581060732123E-004
   55795.2529853373       1.905776366295520E-004  3.703120640042206E-004
   55795.2734188696      -6.252923023583046E-004  3.702449992012437E-004
   55795.2938524016      -1.105847106017910E-003  3.702485309930915E-004
   55795.3142859334      -7.362679504412384E-004  3.702329518668295E-004
   55795.3347194647      -9.891281231251270E-004  3.702387597023125E-004
   55795.3551529960      -1.553967963159320E-004  3.703280747939307E-004
   55795.3755865269      -2.601136104050106E-004  3.703434184674029E-004
   55795.3960200575      -3.795746334922523E-004  3.703153603432786E-004
   55795.4164534879      -3.074423015626548E-004  3.703602533418775E-004
   55795.4368871178      -2.676102962271276E-004  3.702601466640577E-004
   55795.4573206477       2.119893253353933E-004  3.702797677298789E-004
   55795.4777540772       1.610013437631785E-004  3.702634037609840E-004
   55795.4981877064      -2.133317594978923E-004  3.702840451222279E-004
   55795.5186212354      -5.533039841112419E-004  3.703033130088643E-004
   55795.5390548641       1.394543160988526E-004  3.703490693343594E-004
   55795.5594882926      -3.228476507843858E-004  3.702710952187859E-004
   55795.5799218207       3.862468855833079E-004  3.703012724180189E-004
   55795.6003554488       1.143164449284528E-003  3.703735956666359E-004
   55834.5461596579       6.902859296407104E-004  3.667416441006418E-004
   55834.5665927026      -3.529085333798809E-004  3.666434944582699E-004
   55834.5870256473      -2.806447477057272E-004  3.666045424289088E-004
   55834.6074587916       3.528618006127804E-004  3.666361539542566E-004
   55834.6278918358       6.070492630887436E-004  3.666760531454259E-004
   55834.6483248798      -4.212628617230596E-004  3.665790479902388E-004
   55834.6687579236      -5.376504465465226E-004  3.666706464301042E-004
   55834.6891908671       3.183059862865711E-005  3.665998855500186E-004
   55834.7096240104      -5.851576656913382E-004  3.665657482598491E-004
   55834.7300570535      -6.015839121472633E-004  3.665625121236711E-004
   55834.7504899963      -2.070119305939144E-004  3.666499667306258E-004
   55834.7709231389      -6.645420251220058E-004  3.666829989986858E-004
   55834.7913561815      -1.213561270904662E-003  3.665625515887465E-004
   55834.8117892236      -1.006291348930599E-003  3.664602186483885E-004
   55834.8322222655      -2.582438744261895E-004  3.666819729067270E-004
   55834.8526553075      -6.709275930343317E-004  3.666663447368921E-004
   55834.8730884489       7.287755830611697E-004  3.667424334021486E-004
   55834.8935213903      -6.891187693299772E-004  3.666029638258952E-004
   55834.9139544315       5.727459025455239E-004  3.666897475265690E-004
   55834.9343875725      -1.264266880012244E-004  3.666492958243450E-004
   55834.9548206133       5.623613105201208E-004  3.666164214165863E-004
   55834.9752535538      -1.055986355290583E-004  3.666144086977440E-004
   55834.9956866940       2.945670857501526E-005  3.666387981143044E-004
   55835.0161197341      -3.046195524594175E-004  3.665842968452591E-004
   55835.0365526739      -9.917784871438240E-005  3.666430208773659E-004
   55835.0569858135      -5.039887280043898E-004  3.665837443342044E-004
   55835.0774188528      -3.418337883502875E-004  3.666234461999969E-004
   55874.0224909954       6.655416253975588E-005  3.660311938143615E-004
   55874.0429238608       1.062568908989370E-004  3.661808059149775E-004
   55874.0633565261      -2.724548386406900E-004  3.661558245222869E-004
   55874.0837892913       6.501401754646086E-004  3.662807709508151E-004
   55874.1042221565      -8.624584259794288E-004  3.660742502115580E-004
   55874.1246548217      -1.088926886348984E-004  3.660702247738733E-004
   55874.1450875866      -2.631473674935547E-004  3.660192358965334E-004
   55874.1655204517       7.369054897485849E-004  3.661934347390865E-004
   55874.1859531167       1.269044830365385E-004  3.661825423782925E-004
   55874.2063859815       3.086798772915511E-004  3.661470632755613E-004
   55874.2268187463      -1.167676319076216E-003  3.660169074570882E-004
   55874.2472515112      -1.664250333985873E-003  3.659568810774953E-004
   55874.2676842759      -7.944414194835936E-004  3.660223536374853E-004
   55874.2881170406      -7.543326298001807E-004  3.660064097470477E-004
   55874.3085498052      -6.229256162437746E-004  3.659877033013363E-004
   55874.3289825697       7.705028292548377E-005  3.661566532888691E-004
   55874.3494153342      -3.007529153209454E-004  3.659626824435704E-004
   55874.3698480987       8.548041577534082E-004  3.662739434927812E-004
   55874.3902809630       5.288329199371056E-005  3.661890146506483E-004
   55874.4107136274       3.345733853146182E-004  3.661194377228230E-004
   55874.4311464917      -5.330532778974328E-004  3.661176617944326E-004
   55874.4515792559      -5.425071577835894E-005  3.661600472853484E-004
   55874.4720119201       5.847458069896394E-004  3.662162850177086E-004
   55874.4924447842       2.261532477858541E-004  3.661928427629564E-004
   55874.5128775482       4.049896532298813E-004  3.661811611006556E-004
   55874.5333102122       2.549890566676538E-004  3.661120972188096E-004
   55874.5537430761       2.517378889248523E-004  3.662175873651949E-004
   55913.4986008357       8.296772518134876E-004  3.657044624556173E-004
   55913.5190336907      -6.015435314432604E-005  3.656428574730107E-004
   55913.5394665459      -1.950202613424379E-004  3.656835854307621E-004
   55913.5598995011      -2.754352638137947E-004  3.656680361910779E-004
   55913.5803322566       8.595115062368652E-004  3.657169334194248E-004
   55913.6007651122      -1.954184075222409E-004  3.656168499883613E-004
   55913.6211980679       8.018300411039014E-005  3.656376875481411E-004
   55913.6416308238       4.442962150752461E-004  3.656707987463518E-004
   55913.6620637798      -2.472265485530256E-004  3.656694963988655E-004
   55913.6824966360       5.467714502873644E-004  3.657204852762055E-004
   55913.7029293924       9.587615267525607E-005  3.656810202008650E-004
   55913.7233623489      -8.078889793324828E-004  3.655737541260894E-004
   55913.7437951055      -1.236291030725645E-003  3.655348810268790E-004
   55913.7642279623       1.270305694651697E-004  3.656541444845581E-004
   55913.7846609193      -1.444982128750438E-003  3.655715835469457E-004
   55913.8050936764      -7.159166301851094E-005  3.656416340556751E-004
   55913.8255265336      -4.086647815548794E-005  3.657181173716851E-004
   55913.8459594910       2.902446910300061E-004  3.656824409435773E-004
   55913.8663922486       5.656020082644986E-005  3.656608535473659E-004
   55913.8868252063      -1.640289336778400E-004  3.656880844493509E-004
   55913.9072580641      -7.131924800285461E-006  3.657160651877674E-004
   55913.9276909221      -2.624874219554485E-004  3.657230899711780E-004
   55913.9481237803       9.208594984069229E-004  3.657565563550667E-004
   55913.9685566386      -6.412366714860784E-004  3.656450675172298E-004
   55913.9889894970       5.230085196454848E-004  3.657248264344930E-004
   55914.0094223556       3.004121552210304E-004  3.656762449267488E-004
   55914.0298552144       1.669589319759357E-004  3.658128730175777E-004
   55952.9752644175       1.961530466987327E-004  3.615835190888208E-004
   55952.9956978163      -1.007527455194612E-004  3.616562342931893E-004
   55953.0161310155      -1.265695923262644E-004  3.616391680633038E-004
   55953.0365643149       1.283170328989502E-004  3.616523147762778E-004
   55953.0569977147       2.103768135857109E-004  3.616136503750779E-004
   55953.0774309147      -1.289440639461459E-004  3.616686460967423E-004
   55953.0978642151      -5.321733242186211E-004  3.615810285624500E-004
   55953.1182976156       1.975505028151137E-004  3.615880102019486E-004
   55953.1387308166      -2.838117264781781E-004  3.616995122924203E-004
   55953.1591642177      -9.782550584802596E-005  3.615325245406703E-004
   55953.1795975192      -3.907936503367848E-004  3.615636357061552E-004
   55953.2000308210      -2.007913118722282E-004  3.615917255773542E-004
   55953.2204641231      -4.341843993108663E-004  3.615312588633343E-004
   55953.2408974254      -5.933640327869805E-004  3.615135802089313E-004
   55953.2613307280      -1.279568170384771E-003  3.614309845556819E-004
   55953.2817640310      -1.028145457350638E-003  3.614556448495833E-004
   55953.3021973341      -8.741832575565045E-005  3.616100983128769E-004
   55953.3226307376      -2.393616523814757E-004  3.616190397108312E-004
   55953.3430640415       1.137702977238586E-004  3.615478759819069E-004
   55953.3634972455       1.253953301647570E-004  3.615383221594351E-004
   55953.3839306498      -2.635684180644082E-004  3.616884069945044E-004
   55953.4043639545       1.187081269256041E-004  3.615574298043787E-004
   55953.4247971595      -3.089008185448439E-004  3.614930027451460E-004
   55953.4452305647       2.354927007266472E-004  3.616403929123386E-004
   55953.4656638702       7.579732022020558E-004  3.616139770014872E-004
   55953.4860970760       2.654329219213825E-004  3.615277476294344E-004
   55953.5065304822       5.515439918921672E-004  3.616194071655417E-004
   55992.4325323106      -2.934324714013448E-004  3.613606782210820E-004
   55992.4529661826      -4.257699246783542E-004  3.612425211175209E-004
   55992.4733999551      -5.310960810703813E-004  3.612711417566351E-004
   55992.5142678007      -2.236908916183333E-004  3.613049067616955E-004
   55992.5347015739      -2.506168563918276E-004  3.613056008428153E-004
   55992.5551355475       1.091466070162195E-004  3.613134807049394E-004
   55992.5755694213       2.418435839266486E-004  3.613053558730083E-004
   55992.5960032953       1.137024224961980E-004  3.613743148736699E-004
   55992.6164371697       9.013136719238091E-005  3.613142156143604E-004
   55992.6368710444       6.356736171404531E-004  3.613528391872590E-004
   55992.6573049192      -7.686902365886539E-004  3.612423578043163E-004
   55992.6777387944      -9.560448160628177E-004  3.612538305569427E-004
   55992.6981726699      -1.159195026760651E-003  3.612063472426920E-004
   55992.7186065456      -1.010304084586022E-003  3.612446441891814E-004
   55992.7390404217      -1.176692360293607E-003  3.612279862423075E-004
   55992.7594743979      -9.095265879214276E-004  3.611996922296027E-004
   55992.7799081745       4.790654552175866E-004  3.613559013098461E-004
   55992.8003420514      -2.750907755343368E-004  3.614006491279190E-004
   55992.8207760285      -6.108129482040869E-005  3.613837870395393E-004
   55992.8412099060       3.091495154361468E-004  3.613856651413927E-004
   55992.8616436836       4.297842614606751E-004  3.614385377913968E-004
   55992.8820776616      -8.104861008551012E-006  3.613836645546358E-004
   55992.9025115398      -7.566500249565067E-004  3.612891470374473E-004
   55992.9229453183      -1.332720555500266E-004  3.613266682462146E-004
   55992.9433792971       5.308597243030011E-004  3.613342623102306E-004
   55992.9638131763      -4.074171082546485E-004  3.613250351141681E-004
   55992.9842470556      -2.454676469287875E-004  3.613090712484140E-004
   56031.9112024789       4.688435601529761E-005  4.206371107675266E-004
   56031.9316366744      -3.487729169441289E-004  4.207113367248274E-004
   56031.9520710701      -7.078607212538390E-004  4.205707837222594E-004
   56031.9725053660       4.959525038608081E-004  4.207307466141964E-004
   56031.9929395619       3.812506232361290E-004  4.206424296329160E-004
   56032.0133739581       6.878510475267774E-004  4.207475367638959E-004
   56032.0338082544      -3.398719497929026E-004  4.207486084755789E-004
   56032.0542426508       2.714247226351940E-004  4.206792250673641E-004
   56032.0746768474      -1.014003682864306E-005  4.207463459731371E-004
   56032.0951111441      -3.652833486404994E-004  4.206789869092123E-004
   56032.1155455409      -5.484301546356818E-004  4.207831414075852E-004
   56032.1359797379      -4.229193304047252E-004  4.207095505386891E-004
   56032.1564140351      -2.078799314897406E-003  4.205712600385630E-004
   56032.1768484324      -3.898207548911348E-004  4.207321755631070E-004
   56032.1972826298      -1.417274704929805E-003  4.206413182282078E-004
   56032.2177169274      -1.080438198291289E-003  4.206236945249770E-004
   56032.2381513251      -2.492554708376504E-004  4.207162983529892E-004
   56032.2585855230      -5.008542581094177E-004  4.207090742223856E-004
   56032.2790199210       1.395054980579680E-004  4.207418606612788E-004
   56032.2994542191      -2.205511725806852E-004  4.207290001210834E-004
   56032.3403228159      -3.549913760771961E-004  4.207454330335553E-004
   56032.3607571145      -1.165079175325712E-003  4.206607281175768E-004
   56032.3811914132      -3.131738317687649E-004  4.207646841508232E-004
   56032.4016257121       4.480289988935127E-004  4.206853774862848E-004
   56032.4424944102      -4.465502265357246E-004  4.207760760490827E-004
   56071.3904352728      -2.070068806527825E-004  4.211572878640113E-004
   56071.4108695806      -8.039358856128942E-004  4.210725035619822E-004
   56071.4313039883      -3.899257452804061E-004  4.211563352314043E-004
   56071.4517384960      -1.075591175661028E-004  4.211476821518901E-004
   56071.4721728036       6.165500191790407E-005  4.211535170266083E-004
   56071.4926072112       3.071652189476914E-004  4.212341732540068E-004
   56071.5130417188       2.371469550974670E-004  4.211624876503249E-004
   56071.5334760264      -2.710374831473850E-004  4.211540727289625E-004
   56071.5539105338      -4.475944053354830E-004  4.211528819382037E-004
   56071.5743449414       1.764190405242338E-004  4.211741573997615E-004
   56071.5947792489      -1.443709439631347E-004  4.211325988022782E-004
   56071.6152137563      -7.943777629795257E-004  4.210970338516143E-004
   56071.6356481637      -4.555201098787043E-004  4.211937260612317E-004
   56071.6560824711      -1.143973977300483E-003  4.211266448484840E-004
   56071.6765169785      -1.161708933678951E-003  4.211499843473572E-004
   56071.6969513858      -8.257427575437681E-004  4.211980129079635E-004
   56071.7173858930      -5.414924779066910E-004  4.211710613437885E-004
   56071.7378202003       2.607026667809098E-004  4.212567585853994E-004
   56071.7582546075      -9.109605016323075E-004  4.211729666090027E-004
   56071.7786891147       2.847280546927067E-004  4.212619980647383E-004
   56071.7991234219      -1.169768950859407E-004  4.212133741087525E-004
   56071.8195578290       4.196342100168948E-004  4.212827178239420E-004
   56071.8399923361      -5.203652452459018E-004  4.211808258280110E-004
   56071.8604267431       1.190319047210675E-003  4.213375735848991E-004
   56071.8808610502      -5.171377458077497E-004  4.212558059527923E-004
   56071.9012955572       1.072913716901880E-004  4.212448903708363E-004
   56071.9217299642       6.974909887209613E-004  4.213010560016281E-004
   56110.8695346349       2.778108868837226E-004  3.693171616436413E-004
   56110.8899688333       5.493767608997224E-004  3.693263078145779E-004
   56110.9104031312       1.445758194902336E-004  3.693014208086818E-004
   56110.9308372291       2.644569687835219E-004  3.693097426466155E-004
   56110.9512714270      -6.308937167254225E-005  3.692463867672522E-004
   56110.9921398219      -2.366650689828997E-004  3.692858762434848E-004
   56111.0125740191      -7.489416822048511E-005  3.692605966980635E-004
   56111.0330083161       4.819023134419176E-004  3.693529612483373E-004
   56111.0534424128       1.357165213795586E-004  3.692699783927152E-004
   56111.0738766096      -7.730392151428234E-005  3.692294290597646E-004
   56111.0943109061      -1.336534322773364E-004  3.690635026024730E-004
   56111.1147450024      -1.411589672046909E-003  3.690824622615390E-004
   56111.1351792984      -2.794576427522788E-004  3.692468185607299E-004
   56111.1556134945      -4.544792789807905E-004  3.691491154729137E-004
   56111.1760475903      -7.283558535606804E-004  3.692662100132735E-004
   56111.1964818859      -1.715465779955627E-004  3.692626771575470E-004
   56111.2169159812      -1.600586180015018E-004  3.692734327405367E-004
   56111.2373501763       5.251899229208323E-004  3.693253657197175E-004
   56111.2986527610      -5.046887876701822E-004  3.692558862237615E-004
   56111.3190870554      -2.648484510477944E-004  3.692561217474765E-004
   56111.3599554440       3.264828053006763E-004  3.693498994400409E-004
   56111.3803896379      -3.692743746220861E-004  3.692933737484157E-004
   56111.4008238317      -4.168865849805137E-004  3.693082117424673E-004
   56150.3480157946      -2.520579939369050E-005  3.701523679913569E-004
   56150.3684496529      -1.123833333100954E-004  3.702235354072712E-004
   56150.3888834110       1.328233613007157E-005  3.701509155951137E-004
   56150.4093170689       5.854399783216113E-004  3.702925046018445E-004
   56150.4297509265       9.067073617368138E-004  3.702923868399869E-004
   56150.4501846839       6.160187897230607E-005  3.702460671760162E-004
   56150.4706183408       4.647884312258821E-004  3.701901302936787E-004
   56150.4910521975       4.453827664951948E-004  3.701750960298645E-004
   56150.5114859542      -3.321429889758809E-004  3.702404538608062E-004
   56150.5319196104       3.462247848475819E-004  3.702419455110019E-004
   56150.5523534664      -6.087772907144018E-004  3.701226920032537E-004
   56150.5727872222      -5.881262941226373E-004  3.701815336780774E-004
   56150.5932208775      -7.080114659158143E-004  3.701535456099324E-004
   56150.6136547328      -1.141226822460428E-003  3.701269706840781E-004
   56150.6340884876      -9.089135519456670E-004  3.701285015882262E-004
   56150.6545223424      -1.948179826488650E-004  3.702266364695201E-004
   56150.6749559968      -2.272906820721676E-004  3.701754885693897E-004
   56150.6953897509       2.788879510517983E-004  3.702976861235768E-004
   56150.7158236048       3.861898982466805E-004  3.701317989202377E-004
   56150.7362572585      -2.356984418609986E-004  3.702264794537100E-004
   56150.7566910117      -1.360019874555585E-004  3.702099142857476E-004
   56150.7771248649      -2.178650104295299E-004  3.701577850368043E-004
   56150.7975585177      -6.787631097457947E-004  3.700929375072453E-004
   56150.8179922702       6.803386497726827E-004  3.702754291324994E-004
   56150.8384260227      -2.282537326572243E-004  3.701894629764860E-004
   56150.8588597747      -6.526353439404442E-004  3.701552335298907E-004
   56150.8792935263      -1.944051121733903E-004  3.701896199922960E-004
   56189.8255437500       1.125742677721142E-005  3.702548208074277E-004
   56189.8459770922       1.647800731272575E-004  3.702942317757552E-004
   56189.8664102343       5.733387033677317E-004  3.702930149032272E-004
   56189.8868434760       5.912709407742689E-004  3.704049671758072E-004
   56189.9072768174      -2.065204637425877E-004  3.701914649280643E-004
   56189.9277100586       6.380656253104355E-004  3.703093838014270E-004
   56189.9481431996       8.640136536042231E-004  3.704270278971221E-004
   56189.9685765403       3.696463960629615E-004  3.703191580356039E-004
   56189.9890097809       1.544831363484711E-004  3.702661259457527E-004
   56190.0094429211      -1.072946051572377E-004  3.703231619387607E-004
   56190.0298762612       2.059818119133361E-004  3.703001591225854E-004
   56190.0503095010      -7.490109787758881E-004  3.702079515881217E-004
   56190.0707426403      -9.190138058683406E-004  3.702597668054449E-004
   56190.0911759797      -7.079357629068417E-004  3.702391192264206E-004
   56190.1116092186      -7.611654941845902E-004  3.702901101107409E-004
   56190.1320425572      -1.323830185033792E-003  3.701561363707986E-004
   56190.1524756956       8.683654953189901E-005  3.703290892855908E-004
   56190.1729089338      -6.249566579374921E-004  3.701989624329952E-004
   56190.1933422717      -3.112828200210194E-004  3.702487756987399E-004
   56190.2137754095      -2.004738603256229E-005  3.702843397797208E-004
   56190.2342086469      -5.670486946696141E-005  3.703671656195328E-004
   56190.2546419842       5.816475256459341E-004  3.703820428675370E-004
   56190.2750751212      -3.977367765650719E-004  3.702103853331778E-004
   56190.2955083578       3.612951029219325E-004  3.705200597645886E-004
   56190.3159416943       8.844519217525715E-004  3.702506991424133E-004
   56190.3363748304      -1.412998053521575E-004  3.702843005257683E-004
   56190.3568080663      -2.345499037436083E-004  3.702920728083668E-004
   56229.3021276703      -2.576480944149750E-006  3.674941132331177E-004
   56229.3225605178       4.928511730264429E-004  3.674968044698410E-004
   56229.3429932652      -3.577970503961803E-004  3.675013558260643E-004
   56229.3634262125      -5.054130638089127E-004  3.674181649497057E-004
   56229.3838590595      -8.281352575819634E-004  3.674248930415140E-004
   56229.4042920064       1.942496169275998E-004  3.675431887263073E-004
   56229.4247247532      -1.311502583800639E-004  3.674904325711285E-004
   56229.4451575999       1.844300441689040E-004  3.675575947581791E-004
   56229.4655905463      -6.087523038865728E-004  3.674371223378008E-004
   56229.4860232928      -8.692989210509205E-004  3.674051441132062E-004
   56229.5064561390      -2.259907197572630E-004  3.674716730680866E-004
   56229.5268890851      -6.806151566971508E-004  3.674400906135985E-004
   56229.5473218310      -8.858076212134858E-004  3.674275842782373E-004
   56229.5677546769      -1.183649810561516E-003  3.674375181079071E-004
   56229.5881876226      -5.687500443591897E-004  3.674305921310457E-004
   56229.6086204682      -7.166982916828601E-004  3.674826359000331E-004
   56229.6494861589      -4.162629146198249E-005  3.675167117061913E-004
   56229.6699190041       8.054383015010380E-005  3.675048781800109E-004
   56229.6903518490      -1.681636929525832E-004  3.675143766625637E-004
   56229.7107846940      -4.062431101627961E-004  3.675700615165297E-004
   56229.7312175387       7.480321695434444E-004  3.675749294888380E-004
   56229.7516504834       1.250031896478099E-004  3.674355392573753E-004
   56229.7720832278      -6.489649450824864E-004  3.674398531515347E-004
   56229.7925160722      -9.344221261198271E-006  3.675033346765961E-004
   56229.8129490164      -1.558378098736046E-004  3.674748392289376E-004
   56229.8333817604       3.876343236530744E-005  3.675057092972343E-004
   56268.7782436789      -7.115649046557371E-004  3.658866533690950E-004
   56268.7986764456      -1.967074428409488E-004  3.659304255428593E-004
   56268.8191091123      -2.442122482518849E-004  3.659122992719876E-004
   56268.8395419792      -1.727545078655801E-004  3.659874560151869E-004
   56268.8599747460      -5.066252033081309E-004  3.659250430694127E-004
   56268.8804075130      -2.109759414035128E-004  3.659789865349106E-004
   56268.9008402800      -6.486159574807804E-004  3.659576545261774E-004
   56268.9212730470       2.722258428069502E-004  3.659865061669316E-004
   56268.9417059142      -8.505702247693092E-004  3.658368654897140E-004
   56268.9621385814       9.030903971334325E-004  3.660885357003531E-004
   56268.9825713486      -4.149399602532133E-004  3.659481164666139E-004
   56269.0030042159      -9.480495421624324E-004  3.659396865633483E-004
   56269.0234368833      -7.493911478284598E-004  3.659568629859647E-004
   56269.0438696507      -1.156720877473760E-003  3.658352824092885E-004
   56269.0643024182      -1.188869143671223E-003  3.658798857002761E-004
   56269.0847351858      -6.187748165301654E-004  3.658947270792649E-004
   56269.1051680534      -5.622677365557660E-004  3.659055316031688E-004
   56269.1256007211      -3.163754957362652E-004  3.658617198523939E-004
   56269.1460334888       6.501296769600984E-006  3.659243306832213E-004
   56269.1664663566       2.199118442223202E-004  3.659276551521147E-004
   56269.1868990245      -2.926245899759206E-004  3.659326814324656E-004
   56269.2073317925      -5.229566277437092E-004  3.658304935910015E-004
   56269.2277646604      -2.115585680732002E-004  3.659564672158583E-004
   56269.2481973285      -8.879292848673614E-005  3.659512034734436E-004
   56269.2686300966       6.499890815692133E-005  3.659436442644120E-004
   56269.2890629648      -9.925118531149968E-004  3.657490836801217E-004
   56269.3094957331       3.267560617792320E-005  3.659266657268488E-004
   56308.2545789875       3.531514791168533E-004  3.935554743398113E-004
   56308.2750120616       2.380135272928019E-004  3.935618466927189E-004
   56308.2954452361      -1.855180548004931E-005  3.935412719062068E-004
   56308.3158782108       1.229309304646709E-004  3.935527254816943E-004
   56308.3363112858       3.474897561468460E-004  3.935910012485054E-004
   56308.3567443610      -1.013847141134727E-004  3.935833377652700E-004
   56308.3771774364       4.069969723943245E-004  3.935944164964689E-004
   56308.3976105122      -4.410954205947837E-004  3.935822548817695E-004
   56308.4180435881      -4.296075387565379E-004  3.936121174767678E-004
   56308.4384766644       2.567361642251687E-004  3.936866698408503E-004
   56308.4589098407      -2.952889368080802E-004  3.935301515256425E-004
   56308.4793428174      -9.357479333328422E-004  3.935819633362116E-004
   56308.4997758944      -8.741401146402650E-004  3.935905014561205E-004
   56308.5202090716      -1.070333803721235E-003  3.935321506951822E-004
   56308.5406420490      -5.637284842593404E-004  3.936086605794388E-004
   56308.5610751266      -4.684172294669997E-004  3.935386896455514E-004
   56308.5815083045       3.657465431869955E-004  3.936366073036284E-004
   56308.6019413826       1.637275298369545E-004  3.936835044890792E-004
   56308.6223744611       4.814931309016224E-004  3.937361076375911E-004
   56308.6428075397      -1.670906044652920E-004  3.936118259312100E-004
   56308.6632406186       8.019915492019081E-005  3.936338167961460E-004
   56308.6836737977       1.036692717813148E-003  3.937007889757240E-004
   56308.7041067771       2.741797338163821E-004  3.937132004866160E-004
   56308.7245398567       9.632119250195803E-004  3.936079525402269E-004
   56308.7449730366      -2.867917419937527E-004  3.935497683767502E-004
   56308.7654060167      -4.058059515023027E-004  3.935764656199776E-004
   56308.7858390970      -4.451959173389364E-004  3.935573902106201E-004
   56347.7317999189       3.092409515381700E-004  3.949116193269006E-004
   56347.7522336465       1.741807191273370E-004  3.948494368243447E-004
   56347.7726672745       2.743505303315352E-005  3.948449386928805E-004
   56347.7931009027       5.914534565831797E-004  3.948464797194006E-004
   56347.8135345313       4.386626572161489E-005  3.949194910569630E-004
   56347.8339681600      -4.974147900849157E-005  3.949062882081283E-004
   56347.8544017891      -6.058175782008846E-005  3.948166171244022E-004
   56347.8748354186      -3.336968624156889E-004  3.948883789810023E-004
   56347.8952689484      -6.926345109466991E-004  3.948536850596164E-004
   56347.9157026784       1.669924889804442E-004  3.948285288429093E-004
   56347.9361363087       4.874686666709316E-004  3.949085789232257E-004
   56347.9565699393      -2.419211276437627E-004  3.947885871014818E-004
   56347.9770035703      -1.351226911766368E-003  3.947532684396148E-004
   56347.9974372015      -8.930472413045676E-004  3.947987495466417E-004
   56348.0178709330      -1.840085571111816E-003  3.946717606315090E-004
   56348.0383044649      -5.825834242959571E-004  3.947816733068239E-004
   56348.0587380970      -9.875013650129105E-006  3.947533933877110E-004
   56348.0791718295       1.435446543938124E-004  3.948394409766464E-004
   56348.0996053622      -2.121643298136355E-004  3.948213235026934E-004
   56348.1200390953       3.286489924396729E-004  3.947689286010087E-004
   56348.1404727287       9.272749743616249E-004  3.949272378389290E-004
   56348.1609062624       3.430626307454610E-005  3.948639724528725E-004
   56348.1813399962       3.010154517419927E-004  3.948750928334367E-004
   56348.2017736306       3.962086102053952E-004  3.949059550132050E-004
   56348.2222071651      -1.317496243473215E-003  3.947577249217136E-004
   56348.2426409000      -6.305776961235132E-005  3.947885038027510E-004
   56348.2630745351      -3.812679173497147E-004  3.948339849097778E-004
   56387.2101064819       2.429931839391664E-004  3.936180316866559E-004
   56387.2305405268       1.404021701070235E-004  3.935453118946515E-004
   56387.2509747719       3.171514513973239E-004  3.936131170615377E-004
   56387.2918431627      -5.500452374140874E-004  3.935361490342614E-004
   56387.3122772085      -4.077097452345191E-004  3.935273193687947E-004
   56387.3327113545      -4.292874531173219E-004  3.935413968543030E-004
   56387.3531456006      -4.002734272068320E-005  3.935588062890441E-004
   56387.3735796469       4.012773133237335E-004  3.935526421829635E-004
   56387.3940137936       5.207819445294248E-004  3.935353993456840E-004
   56387.4144480403       5.370335426890804E-005  3.934681772699136E-004
   56387.4348820873      -6.419824766011883E-004  3.935633460698736E-004
   56387.4553162346      -1.039964211161148E-003  3.934837541325767E-004
   56387.4757504820      -9.648712090926104E-004  3.934889603032528E-004
   56387.4961846296      -5.253009208119330E-004  3.935331086305866E-004
   56387.5166187774      -3.909300228364110E-004  3.935476859084798E-004
   56387.5370529255      -4.780129832553381E-004  3.934981231636429E-004
   56387.5574870738      -1.170794257054908E-005  3.934872526792710E-004
   56387.5779212224      -7.631553947462510E-004  3.934658865548161E-004
   56387.5983553710      -7.449620096999787E-004  3.935294434864306E-004
   56387.6187895199       2.180338347652633E-004  3.935741749048801E-004
   56387.6392237691       4.411230402474597E-004  3.936029129670124E-004
   56387.6596578184      -1.677862371773919E-005  3.935675110064146E-004
   56387.6800920679      -1.072077510685276E-003  3.934487686656329E-004
   56387.7005262177      -5.437267291990011E-004  3.935346913064721E-004
   56387.7209602677      -8.734347841432566E-006  3.934331085042391E-004
   56387.7413945179      -6.730133847061559E-004  3.933452283432256E-004
