   54964.9312227681       1.248777035200987E-005  1.291693523239713E-004
   54964.9516572618       5.257301244077084E-005  1.291455857103342E-004
   54964.9720918557      -7.582305873699013E-005  1.291339952299874E-004
   54964.9925262495      -1.523231726165974E-004  1.291563726203632E-004
   54965.0129607433      -2.221765551930766E-004  1.291101060378273E-004
   54965.0333951371      -1.401674039019918E-004  1.291045355249461E-004
   54965.0538297309       3.714095021178920E-005  1.291809564241540E-004
   54965.0742642247      -1.537742322484936E-004  1.291421398918527E-004
   54965.0946986186       3.030090751405812E-004  1.291159080879186E-004
   54965.1151332124      -1.653318665074677E-004  1.291580614800142E-004
   54965.1355677062      -3.567044449204193E-005  1.291895233009321E-004
   54965.1560022000       3.769231731642897E-005  1.291556780087325E-004
   54965.1764365939      -2.043365858179769E-004  1.291276620062961E-004
   54965.1968711877      -3.560910024552610E-004  1.291266541384399E-004
   54965.2173056816      -1.674294042075530E-006  1.291840208872304E-004
   54965.2377400753       6.570533488425845E-005  1.291685896131612E-004
   54965.2581746692      -2.204020208115276E-004  1.291553647525069E-004
   54965.2786091630       8.167557720817342E-006  1.290692329103059E-004
   54965.2990435568       2.509403393444742E-004  1.290767510597200E-004
   54965.3194780506      -7.303924933532713E-006  1.290921414742815E-004
   54965.3399126445       1.672761020521385E-005  1.291060473267305E-004
   54965.3603470383       1.006772041725057E-004  1.291260412458246E-004
   54965.3807815321       5.711056325696795E-005  1.290670537365626E-004
   54965.4012161259       7.379031363408117E-005  1.290806871922937E-004
   54991.7003703964       1.875740781187574E-005  1.290252953197080E-004
   54991.7208048094       6.162762542172295E-005  1.290170008396478E-004
   54991.7412391222       4.695747807081929E-005  1.289936428210876E-004
   54991.7616736349      -7.747054214135574E-006  1.289977832511998E-004
   54991.7821080475      -1.030673592133935E-004  1.290135277814946E-004
   54991.8025424600       2.596293001111416E-004  1.290377574695521E-004
   54991.8229768723       2.662002361659699E-004  1.290347202461475E-004
   54991.8434112846      -1.848504475441271E-004  1.290036670203065E-004
   54991.8638456967      -1.535846702793719E-005  1.289896658290062E-004
   54991.8842800087      -4.382026145455242E-005  1.289684052651739E-004
   54991.9047145205       2.571640259452224E-005  1.289998262265840E-004
   54991.9251489322      -2.697443584476211E-005  1.290171506578427E-004
   54991.9455832438      -1.782856603933514E-004  1.290083522438544E-004
   54991.9660177553       1.726874940288781E-005  1.290158022940891E-004
   54991.9864521667       9.977142928141447E-005  1.290080253677929E-004
   54992.0068864779       2.693013884380591E-005  1.289916407052110E-004
   54992.0273208890      -1.056093596281116E-004  1.289918722424212E-004
   54992.0477554000      -4.822731841480632E-005  1.290133234839562E-004
   54992.0681897109      -2.204169806312439E-004  1.289999215654353E-004
   54992.0886241217       4.957804264948962E-005  1.290076167727161E-004
   54992.1090585323      -6.886103970660251E-005  1.289933295648620E-004
   54992.1294930427      -1.571334532517454E-004  1.289904013001446E-004
   54992.1499273531       1.432300388328756E-004  1.289962305899077E-004
   54992.1703617634       3.179920693585636E-005  1.290055737973318E-004
   55018.4897295330      -2.242288192313424E-004  1.296862165089865E-004
   55018.5101636160      -3.931674469148660E-005  1.296815288931697E-004
   55018.5305978985       1.903448199895852E-004  1.296935340953052E-004
   55018.5510320811       2.822314972950046E-004  1.297048443311423E-004
   55018.5714661634      -1.669819627014846E-007  1.297035089057061E-004
   55018.5919004452       4.008707012403967E-005  1.297082919090541E-004
   55018.6123346271       3.029989516423193E-005  1.297078967321393E-004
   55018.6327687087      -4.223168912897979E-004  1.297012877389092E-004
   55018.6532028901      -3.681605169419955E-004  1.296875246808424E-004
   55018.6736371712      -1.257068346269818E-004  1.296951556833348E-004
   55018.6940713519      -3.041799217964325E-004  1.296891462688720E-004
   55018.7145054326      -4.445563112287498E-005  1.297145329789497E-004
   55018.7349397130      -7.859820390221373E-005  1.297016420354534E-004
   55018.7553738932      -1.025102830098934E-005  1.297020780927387E-004
   55018.7758079732       2.842927473674095E-004  1.297360088002500E-004
   55018.7962421530       3.893517306037264E-004  1.297536963738844E-004
   55018.8166764325       3.221080626971684E-004  1.297561491961141E-004
   55018.8371105120       4.014878170366387E-006  1.297452205104016E-004
   55018.8575446910      -2.524238166699000E-004  1.297316346006070E-004
   55018.8779789699      -3.506681950637969E-005  1.297494175617725E-004
   55018.8984130484      -2.451760433609396E-004  1.297390066940863E-004
   55018.9188472268       1.042751497111194E-004  1.297489269973266E-004
   55018.9392814051      -1.079922188805815E-004  1.297315528398660E-004
   55018.9597155830       5.005368976274127E-005  1.297465014286772E-004
   55045.2582906536       4.470323242096175E-004  1.308169403033111E-004
   55045.2787243960       8.464280084230502E-005  1.307680746337789E-004
   55045.2991582381      -7.708500355485537E-005  1.307696280878577E-004
   55045.3195920800      -4.065119243001902E-005  1.307843313944459E-004
   55045.3400260215      -1.615531202237008E-005  1.307669436101951E-004
   55045.3604597627      -4.536997323245640E-005  1.307649813524114E-004
   55045.3808936037      -9.521070406670606E-005  1.307682790356313E-004
   55045.4013275442       3.146868301007189E-005  1.307785400086257E-004
   55045.4217612845       2.760414249560750E-004  1.307713586902087E-004
   55045.4421951245      -2.550556010761929E-004  1.307645998022867E-004
   55045.4626288643      -2.049287939589473E-004  1.307018893139467E-004
   55045.4830628039      -2.221536328712581E-004  1.307817831846850E-004
   55045.5034966430      -3.106939641626116E-004  1.307076943265570E-004
   55045.5239304819      -3.755498138542368E-004  1.307134993391674E-004
   55045.5443643206      -1.023483521409574E-004  1.307862663986493E-004
   55045.5647981590       8.872867353737490E-006  1.307233106280863E-004
   55045.5852319969       1.786822923457443E-004  1.307315957165067E-004
   55045.6056657346       2.629599011694239E-005  1.307330946634249E-004
   55045.6260996721      -1.840488372746307E-004  1.307337623761430E-004
   55045.6465335091       1.145022088790970E-004  1.307644635343851E-004
   55045.6669672462      -1.355994100107338E-004  1.307238556996929E-004
   55045.6874011827       2.044355662065289E-004  1.307349342800972E-004
   55045.7078350190      -1.205386040225020E-004  1.307213347435124E-004
   55045.7282687549       4.002398786198125E-004  1.307904225696497E-004
   55072.0467962422       3.226425235500763E-004  1.317313796841343E-004
   55072.0672295880       2.870383668656107E-004  1.317203283573104E-004
   55072.0876631337       1.567580943517832E-005  1.317318157414196E-004
   55072.1080965791       1.920122273997293E-004  1.317477999662834E-004
   55072.1285300240       3.380876562197876E-004  1.317369939216824E-004
   55072.1489634687       2.378650109116087E-004  1.317502391617229E-004
   55072.1693969129       1.578565969089230E-004  1.317390379402071E-004
   55072.1898303572       9.666176633560397E-005  1.317106260827128E-004
   55072.2102637007      -8.262091818289630E-005  1.317286406993111E-004
   55072.2306972443       2.184831905660545E-005  1.317421175947845E-004
   55072.2511306873      -2.142182077170540E-004  1.317051344862762E-004
   55072.2715640302      -2.432784809085486E-004  1.317092361501160E-004
   55072.2919975728      -4.358793571090924E-004  1.317080914997421E-004
   55072.3124310149      -2.463687053562147E-004  1.317039625823220E-004
   55072.3328643571       1.516367262326401E-004  1.317325652148787E-004
   55072.3532977985      -1.235333386362392E-005  1.317401962173712E-004
   55072.3737313399       1.123931739490658E-004  1.317338052527837E-004
   55072.3941646809       1.606480172624547E-004  1.317291312637571E-004
   55072.4145981214      -6.651947625169186E-006  1.317370211752627E-004
   55072.4350316619      -2.796410611071165E-004  1.317096722074012E-004
   55072.4554651020      -1.011096079163165E-004  1.317308073589474E-004
   55072.4758984418       2.372367898373362E-005  1.317413272409549E-004
   55072.4963318811       9.958879854155001E-005  1.317280138669635E-004
   55072.5167654205       1.372907758172559E-004  1.317482496503588E-004
   55098.8143711469       3.022662935203702E-004  1.396260287269160E-004
   55098.8348041111       8.793068977608343E-006  1.396184505530990E-004
   55098.8552371752       3.978662217907214E-006  1.396132476277918E-004
   55098.8756702387      -2.572488383701943E-004  1.396013713852428E-004
   55098.8961033023      -5.841598551981075E-005  1.396091333580516E-004
   55098.9165363654      -3.815711513496245E-004  1.396146190510385E-004
   55098.9369694282       5.744753969549876E-005  1.396314720047510E-004
   55098.9574024909       2.972950886825920E-005  1.396176305268278E-004
   55098.9778355533       1.078722874867655E-004  1.396241200450778E-004
   55098.9982686152       1.657817805600370E-004  1.396073377832853E-004
   55099.0187017771       3.147019867364431E-004  1.396263821865157E-004
   55099.0391347386       7.559569511994546E-005  1.396204582036252E-004
   55099.0595677998      -3.112252531124460E-004  1.396164429025729E-004
   55099.0800007608       1.820102508798271E-004  1.396359255957069E-004
   55099.1004339216      -9.989111870245537E-005  1.396164287641889E-004
   55099.1208669821      -2.053170140614569E-005  1.396333099946693E-004
   55099.1412999424      -7.672425815652417E-005  1.396255480218605E-004
   55099.1617331022      -3.003478469263410E-004  1.396231162198147E-004
   55099.1821661621      -2.340070696975616E-004  1.396164429025729E-004
   55099.2025992214      -1.829629504135344E-005  1.396422313149651E-004
   55099.2230321806       1.057395615753354E-004  1.396266932309634E-004
   55099.2434653395       3.279966731166706E-004  1.396556203646007E-004
   55099.2638983981      -6.517278811568605E-005  1.396276405026905E-004
   55099.2843313566      -1.620868220184590E-004  1.396313306209111E-004
   55125.6019106565       9.587506759101139E-005  1.402735525751350E-004
   55125.6223434325      -2.078499488267216E-004  1.402207881260956E-004
   55125.6427762083      -2.826086442498932E-004  1.402451344233212E-004
   55125.6632088841      -1.815805267157966E-005  1.402617046093539E-004
   55125.6836417596      -1.816612092365721E-004  1.402231492362214E-004
   55125.7040745350      -1.613833510351048E-004  1.402379521242558E-004
   55125.7245072100      -2.849377738162184E-004  1.401988312157639E-004
   55125.7449400851       2.039023009443586E-004  1.402519067092509E-004
   55125.7653728600       1.648521531214531E-004  1.402272776443456E-004
   55125.7858056346      -6.121440056416905E-005  1.402342195908832E-004
   55125.8062383092       6.874711300741687E-005  1.402068759562524E-004
   55125.8266711836      -1.426327004147021E-004  1.402370614060646E-004
   55125.8471039577      -2.576808424519239E-004  1.402472693193032E-004
   55125.8675366316      -2.826280773944312E-004  1.402539426365450E-004
   55125.8879695056      -2.167181675446495E-004  1.402696786579225E-004
   55125.9084022792       4.779794732745479E-005  1.402566147911186E-004
   55125.9288349527       6.589579079063768E-006  1.402266979706022E-004
   55125.9697005994       2.757423386119395E-004  1.402844815459569E-004
   55125.9901332724      -3.322826642981891E-005  1.402592728073081E-004
   55126.0105660453      -1.340689203626066E-004  1.402465058465679E-004
   55126.0309989181      -8.733363678414818E-005  1.402646029780712E-004
   55126.0514315906      -4.892844301163102E-005  1.402657057720222E-004
   55126.0718643631       2.383895099389299E-005  1.402459403112084E-004
   55152.3687428255      -1.127932346980387E-004  1.410171608809293E-004
   55152.3891754799       1.412498887864988E-004  1.410348621376809E-004
   55152.4096082344      -1.365024331090314E-005  1.410121558929979E-004
   55152.4300408887      -2.974917863163284E-006  1.410222648375486E-004
   55152.4504734431      -3.145804011623898E-004  1.410172032960812E-004
   55152.4709061974       2.484137674518827E-005  1.410220527617888E-004
   55152.4913388518      -5.140232287614843E-005  1.410273122406319E-004
   55152.5117714061      -2.005468130508170E-004  1.410208368607659E-004
   55152.5322040605      -1.951064203253861E-004  1.410252621749538E-004
   55152.5526368148      -4.662440849079186E-005  1.410408426741074E-004
   55152.5730693690      -7.244081990798179E-005  1.410254601123296E-004
   55152.5935020233      -3.533326002091997E-005  1.410221941456286E-004
   55152.6139347775       1.041430754171735E-004  1.410374636003346E-004
   55152.6343673318       2.094946741466597E-004  1.410431189539293E-004
   55152.6547999860      -1.562869367580655E-004  1.410391884831810E-004
   55152.6752327402       2.588708014483743E-005  1.410302106093492E-004
   55152.6956653944      -2.517024461325956E-004  1.410120427859260E-004
   55152.7160979486      -3.554874126893148E-004  1.410087061273051E-004
   55152.7365306028      -1.705629314459056E-004  1.410269587810322E-004
   55152.7569633569      -2.965700949886241E-005  1.410229152032120E-004
   55152.7773959111       1.177639673999309E-006  1.410182778132643E-004
   55152.8182613193      -5.165175608157213E-005  1.410189140405437E-004
   55152.8386938734       2.935579263170229E-004  1.410253328668737E-004
   55179.1559854713      -1.228847422587442E-004  1.411899036564820E-004
   55179.1764182117       9.012315580991803E-005  1.411941734484460E-004
   55179.1968508522      -2.285763078162528E-004  1.411752280139035E-004
   55179.2172835929       2.645554870903677E-004  1.411774336018055E-004
   55179.2377164336      -5.320623725824092E-005  1.411718489401306E-004
   55179.2581490746      -6.532140554804666E-005  1.411601847733414E-004
   55179.2785818157      -1.302178474557047E-004  1.411696150754607E-004
   55179.2990146569       2.251024361892284E-004  1.411609765228447E-004
   55179.3194473982       2.231744996770146E-004  1.411807985371944E-004
   55179.3398800397      -1.056829196843800E-005  1.411539214692352E-004
   55179.3807456232      -5.796048918349506E-005  1.411345660215570E-004
   55179.4011782652       2.936739415604350E-005  1.411338449639737E-004
   55179.4216111073      -3.117358005200188E-005  1.411497365075750E-004
   55179.4420438495       1.244213216500256E-005  1.411355557084361E-004
   55179.4624764919      -1.030027837621850E-004  1.411450001489394E-004
   55179.4829092345      -6.050775533839037E-005  1.411713823734591E-004
   55179.5033420771      -3.659107139853957E-004  1.411378319882580E-004
   55179.5237747200      -8.696974127653245E-005  1.411489164813038E-004
   55179.5442074630      -2.865785141339394E-004  1.411413807226387E-004
   55179.5646403061       3.612076866676972E-005  1.411486619903920E-004
   55179.5850729494       1.284989124430425E-004  1.411585023056470E-004
   55179.6055056928      -1.356595987913600E-004  1.411499203065668E-004
   55179.6259385364      -2.813071796570199E-005  1.411399810226240E-004
   55205.9230449430      -2.111784343248324E-004  1.354349069998531E-004
   55205.9434779631      -2.962325557964718E-005  1.354757663928263E-004
   55205.9639108835      -1.501957416781829E-004  1.354541795323453E-004
   55205.9843439042       1.165211538625144E-004  1.354663196037256E-004
   55206.0047770251      -2.047727525353871E-004  1.354667526943433E-004
   55206.0252099464      -1.218318531236440E-004  1.354686880680416E-004
   55206.0456429680      -2.883430322940805E-004  1.354617450840750E-004
   55206.0660760897      -1.845102668602827E-004  1.354686203976326E-004
   55206.0865090117      -5.281426077248241E-004  1.354772010054978E-004
   55206.1069420341      -6.087398826931656E-004  1.354723287360476E-004
   55206.1273751566      -4.945401803200244E-004  1.354736821442282E-004
   55206.1478081796      -5.060102247126386E-004  1.354530291353918E-004
   55206.1682411027      -7.191405149985508E-004  1.354313475363380E-004
   55206.1886742261      -1.314372100337247E-004  1.354761994834442E-004
   55206.2091071499       1.416578302926297E-005  1.354552487248080E-004
   55206.2295401739      -1.500510430594293E-004  1.354604593463034E-004
   55206.2499732981      -2.435299288756632E-004  1.354488335700318E-004
   55206.2704062226       3.855956714624575E-004  1.355088572228428E-004
   55206.2908392474      -3.840147003287830E-004  1.354413221546293E-004
   55206.3112721724      -2.663882749979196E-004  1.354219819517281E-004
   55206.3317052978      -1.612190984741080E-004  1.354596608354769E-004
   55206.3521383234      -2.081872444645860E-004  1.354561555082890E-004
   55206.3725713494      -4.647024774292463E-004  1.354275444593505E-004
   55259.4790595300      -3.039714855049835E-004  1.347979931100480E-004
   55259.4994933827      -2.498482440852490E-004  1.348008217331455E-004
   55259.5199272358      -2.735577645693876E-004  1.347905628991363E-004
   55259.5403610891      -2.096507967699335E-004  1.348187408574571E-004
   55259.5812287967       2.403210209136475E-004  1.347939328855061E-004
   55259.6016626509       3.897271331432250E-005  1.347973840763667E-004
   55259.6220964055       2.559343230492672E-004  1.348173468470310E-004
   55259.6425303605      -2.135836779328937E-004  1.347973570082031E-004
   55259.6629642157      -7.971282554064540E-005  1.347969509857489E-004
   55259.6833979712       8.384828939944633E-005  1.348165483362044E-004
   55259.7038319271      -3.353391991802734E-004  1.347852169368228E-004
   55259.7242657832      -1.186540155067028E-004  1.347921193185440E-004
   55259.7446995396       5.565509819227543E-005  1.347963284179858E-004
   55259.7651334964       9.376236476565936E-006  1.347940546922423E-004
   55259.7855673534      -7.403191872956683E-005  1.347954351685866E-004
   55259.8060011108      -1.372437145827909E-004  1.347954893049138E-004
   55259.8264350684       6.807383971274561E-005  1.348073045583307E-004
   55259.8468689265       7.505670051388691E-005  1.348206220948281E-004
   55259.8673027848       2.936557224586522E-005  1.348006728582456E-004
   55259.8877365434      -2.421138545818380E-004  1.347934050563156E-004
   55259.9081705023      -7.413161774427746E-005  1.348156686208870E-004
   55259.9286043616      -1.972802920834349E-004  1.348144370194427E-004
   55259.9490381211      -2.788763975178910E-004  1.347979525078026E-004
   55286.2680645422      -4.305929936609942E-005  1.288553526756511E-004
   55286.2884987528      -1.668789701938511E-004  1.288418109384706E-004
   55286.3089329637      -3.710969162969979E-004  1.288402226255152E-004
   55286.3293672747      -4.595907573634594E-005  1.288390861602108E-004
   55286.3498013860      -3.426831865411817E-004  1.288427830955381E-004
   55286.3702355976      -1.926352505187134E-004  1.288429474037749E-004
   55286.4111040213      -6.461805263535680E-006  1.288501358891336E-004
   55286.4315382336      -1.310011116474330E-004  1.288325822925054E-004
   55286.4519725460      -3.903745006006432E-005  1.288355672254733E-004
   55286.4724066587       6.693176510186305E-005  1.288401815484560E-004
   55286.4928408715       5.456180731222560E-005  1.288347593766425E-004
   55286.5132751847      -1.809484691978058E-004  1.288293645895353E-004
   55286.5337092981       4.180857404212368E-005  1.288531208221016E-004
   55286.5541435116      -3.557408705017195E-004  1.288105512964251E-004
   55286.5745778254       4.892235088194141E-005  1.288397570855110E-004
   55286.5950120394      -7.083771266991334E-005  1.288457543361531E-004
   55286.6154461536       1.026445718546043E-004  1.288440290996670E-004
   55286.6358804682      -5.277171520712276E-005  1.288423038631809E-004
   55286.6563146828       2.876695009137453E-004  1.288705374951992E-004
   55286.6767487978      -2.422998712670044E-005  1.288338419889873E-004
   55286.6971831129      -3.783814294355814E-005  1.288607474627583E-004
   55286.7176173283      -1.000336145129399E-004  1.288374293854901E-004
   55286.7380514439      -1.600363634703950E-004  1.288399487784539E-004
   55313.0370404282      -1.029808405733634E-004  1.285579273823913E-004
   55313.0574749610      -7.615329953980510E-005  1.285637466324435E-004
   55313.0779093939       1.445015482952616E-004  1.285719346595759E-004
   55313.0983437269       3.625423698498942E-004  1.285547781411865E-004
   55313.1187782600       3.450111116531929E-004  1.285570099947360E-004
   55313.1392126932       7.264010169594215E-006  1.285460698046377E-004
   55313.1596470266       9.203000898483360E-005  1.285547233717743E-004
   55313.1800815600      -3.395995467373458E-004  1.285244769638555E-004
   55313.2005159935       2.092443516317211E-004  1.285345134586515E-004
   55313.2209503272       3.503196623140248E-004  1.285693057277876E-004
   55313.2413848610       1.076947288105590E-004  1.285100452237259E-004
   55313.2618192948       1.518540121807632E-004  1.285550246035417E-004
   55313.2822538288      -2.808604785912161E-004  1.285238608079676E-004
   55313.3026881629      -1.504252507472659E-004  1.285632810924394E-004
   55313.3435571313      -9.328918929751850E-005  1.285415102510673E-004
   55313.3639914657       2.518556128117133E-005  1.285599401582917E-004
   55313.3844259002       1.017075776357235E-004  1.285415239434204E-004
   55313.4048604348       1.192502616709223E-004  1.285313505250937E-004
   55313.4252948696      -8.662524988733988E-005  1.285296389809607E-004
   55313.4457292044       2.184318011577702E-005  1.285255723521007E-004
   55313.4661637393       5.520105271905607E-005  1.285254765056292E-004
   55313.4865981744      -5.756085709796022E-005  1.285429479481391E-004
   55313.5070325095      -9.663502401402457E-005  1.285290775944851E-004
   55339.8266417751      -1.220667809099796E-004  1.282351575436097E-004
   55339.8470763652       1.194943622153666E-004  1.282083479163101E-004
   55339.8675108552       1.454490176011625E-005  1.282253675111688E-004
   55339.8879452453       4.133665443761814E-005  1.282513966743438E-004
   55339.9083798354       3.147249970818500E-004  1.282305842976863E-004
   55339.9288143253       1.533963006266070E-004  1.282158787104954E-004
   55339.9492487153       1.300273952651310E-004  1.282324053806438E-004
   55339.9696833053       2.094932875968958E-004  1.282382520154022E-004
   55339.9901177953       8.073494644245116E-005  1.282199316470024E-004
   55340.0105522852       6.632046665155933E-005  1.281761845789623E-004
   55340.0309867751      -4.976835003478453E-005  1.282313921465171E-004
   55340.0514212650       1.260920593080250E-004  1.282305021435679E-004
   55340.0718558549       8.294285019960768E-005  1.282096897669103E-004
   55340.0922903447       1.924799061334692E-004  1.282239298140971E-004
   55340.1127247345      -5.314230682174070E-006  1.282085122245468E-004
   55340.1331593244       1.244758489951092E-004  1.282333638453583E-004
   55340.1535938142       1.249476919795711E-004  1.281930672502905E-004
   55340.1740282039      -1.909373537997139E-004  1.282014743550719E-004
   55340.1944627937       1.707722974533255E-004  1.282384163236390E-004
   55340.2148972834       8.171023319203385E-005  1.282607074744274E-004
   55340.2353316731       6.400057339317478E-005  1.282656914909428E-004
   55340.2557662628      -1.488846479003048E-005  1.282440849578075E-004
   55340.2762007524       1.968361189061962E-004  1.282383204771675E-004
   55340.2966351420       8.174785537984341E-005  1.282397718665923E-004
   55366.5957753646      -1.039921480671113E-004  1.284551799649978E-004
   55366.6162097476       9.231342439264267E-005  1.284873980717578E-004
   55366.6366440304      -2.775745209632197E-004  1.284619302950584E-004
   55366.6570785131       9.938434483602876E-006  1.284760197263614E-004
   55366.6775128957       4.312710938059183E-005  1.284741438739916E-004
   55366.6979472780      -1.015168097759922E-004  1.284758417257716E-004
   55366.7183816603      -1.550933288374523E-004  1.284574939726656E-004
   55366.7388160424      -8.466515008653808E-005  1.284568230473655E-004
   55366.7592504242      -8.569313228856679E-005  1.284698992445417E-004
   55366.7796848061      -4.313179879322782E-005  1.284634227615424E-004
   55366.8001191877      -7.655166029962857E-007  1.284659147698001E-004
   55366.8205535693      -1.910352634796331E-004  1.284620124491768E-004
   55366.8409879507      -1.647796941239843E-004  1.284666130798063E-004
   55366.8614222318       9.690608465895423E-006  1.284623958350626E-004
   55366.8818567130      -1.245392635779163E-004  1.284604378285744E-004
   55366.9022910939       7.304836451105245E-005  1.284603556744560E-004
   55366.9227253748       3.713311973463362E-005  1.284658189233286E-004
   55366.9431598555      -1.593326909765658E-004  1.284660516933307E-004
   55366.9635942359       3.982124730406156E-006  1.284611361385807E-004
   55366.9840286164       1.047257910253840E-004  1.284601092121009E-004
   55367.0044629966      -1.325113840114911E-004  1.284507162578989E-004
   55367.0248973768       9.866321919638210E-005  1.284567682779532E-004
   55367.0453317568      -5.072447749898679E-005  1.284669964656921E-004
   55367.0657661365      -1.765525637188459E-004  1.284695980127743E-004
   55393.3850801848      -1.993873033212523E-005  1.310426239976723E-004
   55393.4055143187      -1.528573469905536E-004  1.310456462349954E-004
   55393.4259485524       9.327402195991041E-005  1.310721352562392E-004
   55393.4463825858      -2.616694898719407E-004  1.310073417700992E-004
   55393.4668167189      -5.134588501209958E-005  1.310459334159175E-004
   55393.4872509519      -3.076201015088653E-004  1.310553420099370E-004
   55393.5076849846      -1.428233627274178E-004  1.309947741859366E-004
   55393.5281192171       1.570654865656884E-004  1.310837045448155E-004
   55393.5485532493      -9.083458745462458E-005  1.310485727453445E-004
   55393.5689873816      -2.563409654943172E-004  1.310100494759362E-004
   55393.5894216134      -4.217539865325470E-005  1.310438410977707E-004
   55393.6098556449       7.271621741034018E-005  1.310616599902233E-004
   55393.6302897763      -3.333582622904174E-004  1.309859536290433E-004
   55393.6507240073      -1.608942903059685E-004  1.309940083701443E-004
   55393.6711580382      -3.254687876497186E-005  1.309943502521944E-004
   55393.6915921688       1.299749889569490E-004  1.309990408739222E-004
   55393.7120263992       2.713826326350421E-005  1.309963331680852E-004
   55393.7324604294       1.381584551634063E-004  1.310236016804032E-004
   55393.7528945591       2.415628812979520E-005  1.309938716173243E-004
   55393.7733287887      -3.038842544537124E-004  1.309995742099204E-004
   55393.7937629182       1.192283583975051E-004  1.310175298551930E-004
   55393.8141969474       2.983035702299741E-004  1.309991366008962E-004
   55393.8346311764      -2.596435952559872E-004  1.310036631192399E-004
   55393.8550653052       1.752876025671313E-004  1.310194990958017E-004
   55420.1535793060       3.498097719667470E-005  1.326358627276715E-004
   55420.1740130897      -7.474399051976555E-005  1.326466525251735E-004
   55420.1944469730       1.611418919913454E-004  1.326521910143856E-004
   55420.2148807562      -8.679770926445229E-005  1.326385157323805E-004
   55420.2353144390      -2.216358424278475E-005  1.326275344809305E-004
   55420.2557483215       8.968568196587867E-005  1.326369704255139E-004
   55420.2761821038       3.463570547608263E-004  1.326434114833383E-004
   55420.2966157857       1.242952913234063E-004  1.326455174767671E-004
   55420.3170496675       1.033275027009228E-004  1.326500986962388E-004
   55420.3374834489       1.437669798662888E-004  1.326515346008493E-004
   55420.3579171298       1.613170524494834E-004  1.326446969598468E-004
   55420.3783510107       5.300058290846899E-005  1.326385020570985E-004
   55420.3987847912       5.098180545468622E-004  1.326703381136063E-004
   55420.4192184714       1.743144208172787E-004  1.326452986722550E-004
   55420.4396523513       5.538534361804182E-006  1.326334011769106E-004
   55420.4600861309       2.380228546281504E-004  1.326432747305183E-004
   55420.4805200101       2.957967756362923E-004  1.326555961596048E-004
   55420.5009536892       1.505270286321636E-004  1.326527790515118E-004
   55420.5213874680       4.582937384571828E-004  1.326708714496045E-004
   55420.5418212463       8.341729552063804E-005  1.326457089307152E-004
   55420.5622550245       1.451008835195999E-004  1.326405123235532E-004
   55420.5826888023      -2.085418220265645E-005  1.326471311600437E-004
   55420.6031225800       7.964268576432509E-005  1.326398969358630E-004
   55420.6235563572      -7.019839377087056E-005  1.326433157563643E-004
   55446.9419945250       3.917132947366397E-004  1.328864896209782E-004
   55446.9624279129       2.062765593986438E-004  1.329097923015148E-004
   55446.9828613008       1.180915332408272E-004  1.328993443860630E-004
   55447.0032946882       6.611592247240949E-006  1.329069751934218E-004
   55447.0237280752       1.339102767026201E-004  1.328830160993489E-004
   55447.0441614621       6.935689877085593E-006  1.329033649189725E-004
   55447.0645948486       1.054321330078434E-004  1.329137307827323E-004
   55447.0850282349       2.028576453154685E-004  1.328463389930114E-004
   55447.1054616207      -2.272480350808959E-004  1.328988520759108E-004
   55447.1258950062       5.901306144062701E-005  1.329032691919984E-004
   55447.1463283916       1.440817065490041E-004  1.328793374484896E-004
   55447.1667617767       1.138704627889897E-004  1.328452039446049E-004
   55447.1871952613      -1.431921237218248E-004  1.328954879565375E-004
   55447.2076285457       3.166761655282180E-005  1.329035563729205E-004
   55447.2280620299       2.366167809060293E-004  1.328313782344978E-004
   55447.2484954136       5.532085416826149E-005  1.328903460505036E-004
   55447.2689286970      -1.890919871028185E-004  1.328724451063590E-004
   55447.2893621803      -1.822791169224791E-004  1.328304072894755E-004
   55447.3097955633      -3.809958319852536E-004  1.328301474591174E-004
   55447.3302288458      -6.553820925903064E-005  1.328536005677561E-004
   55447.3506623281      -1.324825416706421E-004  1.328506330315610E-004
   55447.3710956102       1.081347417384304E-004  1.328429338477921E-004
   55447.3915289918      -2.310471060666952E-004  1.328520415856075E-004
   55447.4119624732       5.870417184339338E-005  1.328439731692245E-004
   55473.7095098740       3.728438690009384E-005  1.869656568447771E-004
   55473.7299427919      -7.899267720090641E-005  1.869919436126749E-004
   55473.7503759094      -9.878103396854243E-005  1.870077117115796E-004
   55473.7708088266      -1.878921972653380E-005  1.869827917763759E-004
   55473.7912419436       2.566418953975358E-004  1.870525002437700E-004
   55473.8116749604      -1.850561695537767E-004  1.869486407681952E-004
   55473.8321078769      -1.304837262317005E-005  1.870001446088389E-004
   55473.8525409932      -7.806358959927540E-005  1.870549565807854E-004
   55473.8729740092       3.646089035320710E-004  1.871072131698691E-004
   55473.8934069248      -3.935203335124760E-004  1.870301951189375E-004
   55473.9138400404      -3.030977465082740E-004  1.870543226873620E-004
   55473.9342730558      -7.993631147873437E-005  1.870903753758126E-004
   55473.9547059707      -2.277427182817426E-005  1.870365934806790E-004
   55473.9751390854      -2.026352879155313E-004  1.871160480594565E-004
   55473.9955721000      -1.283607078972349E-005  1.870332655402066E-004
   55474.0160050142      -2.406372213494823E-004  1.870803915543955E-004
   55474.0364381282      -1.549392067956568E-005  1.870775984614991E-004
   55474.0568711419      -1.121068456667595E-004  1.870817385779200E-004
   55474.0773042554       5.379316286990843E-005  1.870723688407568E-004
   55474.0977371687      -3.921627321590293E-005  1.870244306506193E-004
   55474.1181701817      -5.945196612344716E-005  1.870209046184521E-004
   55474.1386032943      -7.327950723179377E-005  1.869931123536741E-004
   55474.1590363069       4.767895796153887E-005  1.869853669684081E-004
   55474.1794692190      -4.011494306981334E-004  1.869403605353533E-004
   55500.4970107738      -2.942922568837103E-004  1.883676904329437E-004
   55500.5174436241       1.787637172838696E-004  1.883733954737535E-004
   55500.5378762744      -8.050341121856874E-005  1.883549729461386E-004
   55500.5583090245       7.448039630952863E-005  1.883637285990481E-004
   55500.5787418744       3.378558385849217E-004  1.883781892927672E-004
   55500.5991745242      -3.395740292860827E-004  1.883453060714332E-004
   55500.6196073738       8.718406766416997E-005  1.883754952457182E-004
   55500.6400401233      -1.401235671076861E-004  1.883632531789806E-004
   55500.6604728726       3.222676090495202E-004  1.883870439915240E-004
   55500.6809056219      -1.965457544322868E-004  1.883636097440312E-004
   55500.7013383709      -4.725549371292770E-004  1.883557256945788E-004
   55500.7217711199      -1.638319456180870E-004  1.883851026929152E-004
   55500.7422038686      -1.982407051251966E-004  1.883625796672183E-004
   55500.7626366172      -2.633998299638174E-004  1.883653727601148E-004
   55500.7830693657      -1.610011889426888E-004  1.883750396348202E-004
   55500.8035021140       2.786843186315391E-004  1.883932838799097E-004
   55500.8239348622      -6.022386465520668E-006  1.884492447836860E-004
   55500.8443676103      -5.727816285583387E-005  1.883982955997877E-004
   55500.8648003582      -3.136597720581058E-004  1.883809229581553E-004
   55500.8852331060      -2.193640066068259E-004  1.883542400068680E-004
   55500.9056659536       1.228863334923336E-004  1.883873609382357E-004
   55500.9260986011       2.206205974839559E-004  1.884523746324635E-004
   55500.9465313483       8.788300067652521E-005  1.883950865143322E-004
   55500.9669641956      -1.705614840966652E-004  1.883987512106857E-004
   55527.2638360403       1.021262977318749E-005  1.895647783536877E-004
   55527.2842687955       2.848463761326858E-004  1.896462336585825E-004
   55527.3047014507      -4.220891183559505E-005  1.896224428460391E-004
   55527.3251340059      -2.372147351386023E-004  1.895333015833867E-004
   55527.3455667612       1.507151098520954E-004  1.896113100927922E-004
   55527.3659993164      -7.948348054198640E-005  1.896145389874172E-004
   55527.3864320716       1.472583540960137E-004  1.896037826083905E-004
   55527.4068647269      -7.721669731475256E-005  1.896020394014764E-004
   55527.4272972821       3.879801302353325E-004  1.896191149055667E-004
   55527.4477300374      -1.629075832249027E-004  1.895186626071422E-004
   55527.4681626926      -3.112676045041729E-004  1.895763469086630E-004
   55527.4885953479      -3.011341125296330E-004  1.895834980188447E-004
   55527.5090280032       1.451258570850378E-005  1.895385312041289E-004
   55527.5294606585      -3.968426369095335E-004  1.895760101527819E-004
   55527.5498933137      -3.219924125869023E-004  1.895459992610223E-004
   55527.5703259690      -2.268909342267866E-004  1.895939968786682E-004
   55527.5907586243      -6.162825672073602E-005  1.895811209185073E-004
   55527.6111913796      -1.219388164888091E-004  1.895940364970072E-004
   55527.6316240349      -2.264015890908189E-004  1.896039807000853E-004
   55527.6520565903       2.219790758257734E-004  1.896255925039861E-004
   55527.6724893456       1.502722116941690E-004  1.896279101768151E-004
   55527.6929220009       1.269379006885174E-004  1.895321526515569E-004
   55527.7133545563       5.403386815450162E-005  1.896012074163583E-004
   55527.7337873116      -1.358797933385114E-004  1.896238492970720E-004
   55580.8182017144       5.504970217162786E-005  1.315472314766407E-004
   55580.8386346802       1.246959719647389E-004  1.315424098508414E-004
   55580.8590677462      -1.943427357338212E-004  1.315189886014982E-004
   55580.8795009125       1.318373420722274E-005  1.315394199041168E-004
   55580.8999339789       3.148822836176457E-004  1.315409014092506E-004
   55580.9203669457       1.273449828325113E-004  1.315301537629160E-004
   55580.9408001129       2.572486990042311E-004  1.315401067837697E-004
   55580.9612331803       3.138497833532483E-005  1.315449418777974E-004
   55580.9816661479       2.935394415295445E-004  1.315133723502181E-004
   55581.0020993159       2.443335718615991E-005  1.315149077282659E-004
   55581.0225323841      -1.783720873431704E-004  1.315083217645345E-004
   55581.0429654527      -1.158071572803232E-004  1.315107999185766E-004
   55581.0633985215      -1.747536798688554E-004  1.315188000462993E-004
   55581.0838314907       1.365544558626919E-004  1.315321605289609E-004
   55581.1042646599       3.040808303311771E-004  1.315273523713902E-004
   55581.1246977296       2.303753307586476E-004  1.315150828152362E-004
   55581.1451306996      -2.258195537819807E-004  1.314957828438108E-004
   55581.1655638698      -1.784241198307113E-004  1.314978434827697E-004
   55581.1859969403      -9.193693870523933E-005  1.315200391233204E-004
   55581.2064299111       1.049488350846062E-004  1.315187192369284E-004
   55581.2268630821      -2.049063229210280E-004  1.315134666278175E-004
   55581.2472961536      -1.280879756537789E-005  1.315141669756989E-004
   55581.2677293252       3.832441237165973E-004  1.315262075719686E-004
   55581.2881622971       6.793007518612892E-004  1.315744911711034E-004
   55607.6062038725       3.548357853129236E-004  1.312194147952061E-004
   55607.6266373496       2.938629874504883E-004  1.312278189697836E-004
   55607.6470707271       2.040584327289707E-005  1.312276034781277E-004
   55607.6675043049       1.561561169318715E-004  1.312129096408457E-004
   55607.6879377831       1.715695152615382E-006  1.312293274113744E-004
   55607.7083713615      -4.336665513438032E-005  1.312351187496249E-004
   55607.7288047403      -7.036087700140747E-005  1.312287752140063E-004
   55607.7492382195      -6.949984748827465E-005  1.312291657926325E-004
   55607.7696717990       2.612950955604987E-006  1.312192397082358E-004
   55607.7901051789      -2.358676222147249E-005  1.312041687605560E-004
   55607.8105386590       2.981754532505043E-005  1.312173945609327E-004
   55607.8309722394       1.125805645700861E-004  1.312337988632329E-004
   55607.8514057203      -1.702167238848418E-005  1.312063506135713E-004
   55607.8718392013      -7.872321833590767E-005  1.312148490657482E-004
   55607.8922726828       1.461920954572982E-004  1.312305934248524E-004
   55607.9127061647       9.587802362776010E-005  1.312170309187635E-004
   55607.9331396467      -1.530002047720469E-004  1.311760336312414E-004
   55607.9535731293      -5.196901073278859E-005  1.311700672060206E-004
   55607.9740066120      -2.156265249579903E-004  1.311412721335100E-004
   55607.9944400951      -1.958496949305832E-005  1.311793602836783E-004
   55608.0148735786       2.956026878484508E-004  1.311814882637797E-004
   55608.0353070624      -1.567787594478620E-004  1.311603835497366E-004
   55608.0557405466       1.350661061993996E-005  1.311879799499116E-004
   55608.0761740310       1.231821574765313E-005  1.311608414695053E-004
   55634.3743469946      -6.218276533165312E-005  1.298691575479907E-004
   55634.3947809949      -2.255398395212271E-005  1.299121750697862E-004
   55634.4152148955      -1.640063978203266E-005  1.298828143316791E-004
   55634.4356486964       2.684580234462164E-004  1.298927808207613E-004
   55634.4560826977       8.376035417057004E-005  1.298869086731399E-004
   55634.4765165992      -3.190089221003500E-004  1.298694807854745E-004
   55634.4969506011      -1.302810038360525E-004  1.298837032347594E-004
   55634.5173844033      -4.835759367496362E-004  1.298696019995309E-004
   55634.5378183058      -6.502037527778004E-005  1.298659386413817E-004
   55634.5582523086       1.763378544183958E-005  1.298698040229582E-004
   55634.5786862116      -1.415023717595831E-004  1.298662214741800E-004
   55634.5991200150      -3.483452219942285E-004  1.298758512575500E-004
   55634.6195540187      -1.547724975056175E-004  1.298816291275720E-004
   55634.6399878227      -3.466406036791714E-004  1.298582886875997E-004
   55634.6604217268      -2.435495791194286E-004  1.298594738917068E-004
   55634.6808557315      -2.157300404559415E-005  1.298853463586351E-004
   55634.7012896364      -3.257072704355712E-004  1.298795280839276E-004
   55634.7217235415      -7.653273191454701E-005  1.298957977039430E-004
   55634.7421574470       2.772247630566937E-005  1.298700599192995E-004
   55634.7625912528      -7.231468152857357E-005  1.298640665576217E-004
   55634.7830252589       1.818843488903266E-004  1.298475814459505E-004
   55634.8034591653       9.390070098458381E-005  1.298428136930652E-004
   55634.8238929719       2.493438314559171E-004  1.298572785704630E-004
   55634.8443269790      -3.168437234579713E-005  1.298620732598052E-004
   55661.1633992078       1.875933060591084E-004  1.279413751678039E-004
   55661.1838334521       6.158240557363470E-005  1.279313111756138E-004
   55661.2042676965       1.648083019392121E-004  1.279383983017287E-004
   55661.2247020411       1.212954462870286E-005  1.279258217253283E-004
   55661.2451361861       3.866732490809266E-004  1.279429182222374E-004
   55661.2655704311       3.393714523358682E-005  1.279321441519009E-004
   55661.2860047764      -1.296843645313128E-004  1.279247566081087E-004
   55661.3064389220       5.930193392122973E-005  1.279189803954949E-004
   55661.3268731677      -1.266683862948259E-004  1.279295223248989E-004
   55661.3473075136       6.110788008317769E-005  1.279375653254416E-004
   55661.3677416598       8.463898795674218E-005  1.279262860071932E-004
   55661.3881759061       1.475805145687570E-004  1.279365411742689E-004
   55661.4086102527       1.113278009363672E-004  1.279282660327937E-004
   55661.4290443995       2.209248251130447E-004  1.279319393216664E-004
   55661.4494787465      -2.696525183281118E-004  1.279081243930645E-004
   55661.4699129937       4.794236162330989E-005  1.279213154601685E-004
   55661.4903472412      -2.529692587678323E-004  1.279151978638304E-004
   55661.5107814888      -1.611445899878383E-004  1.279134772898604E-004
   55661.5312157367      -2.040997662832167E-004  1.279132451489279E-004
   55661.5516499848       5.712916395794743E-005  1.279312428988690E-004
   55661.5720842331      -1.881112635748750E-005  1.279307239956082E-004
   55661.5925184815       1.751985575715320E-004  1.279454308064477E-004
   55661.6129528303      -2.654790819280883E-004  1.279219026401742E-004
   55661.6333870792      -2.006121158150131E-004  1.279245381225252E-004
   55687.9324166073       1.056226791140702E-005  1.283640628397888E-004
   55687.9528510551      -1.093635815474503E-005  1.283556921108708E-004
   55687.9732855030      -1.327206818440008E-004  1.283465020610147E-004
   55687.9937199509       3.151279018787090E-004  1.283759293380428E-004
   55688.0141543990      -1.896358457057490E-004  1.283423371795792E-004
   55688.0345888471       7.980482837899316E-006  1.283504894229136E-004
   55688.0550232954      -2.027683107808098E-005  1.283520461326961E-004
   55688.0754578437      -4.592886944543295E-005  1.283347174948545E-004
   55688.0958921921      -6.802354457269288E-006  1.283307028222576E-004
   55688.1163267406       5.208209468330338E-004  1.283661930742279E-004
   55688.1367611892      -1.130456399633939E-005  1.283412993730575E-004
   55688.1571955380       1.098606401888080E-004  1.283527152447956E-004
   55688.1776300867       2.416443153809844E-004  1.283547635471409E-004
   55688.1980645356      -2.085267208129515E-005  1.283214308403077E-004
   55688.2184988846       1.389582726130101E-005  1.283487278828966E-004
   55688.2389334337       1.634806816632750E-004  1.283617550858130E-004
   55688.2593678828       3.832146095383848E-005  1.283391964493163E-004
   55688.2798022321       6.048140068593000E-005  1.283405756395622E-004
   55688.3002367814       9.722206509343856E-005  1.283219360882196E-004
   55688.3206712309      -1.522156405415753E-004  1.283277942329272E-004
   55688.3411057804      -9.747293394612999E-005  1.283212123547242E-004
   55688.3615401300       7.057621111106194E-005  1.283427468400483E-004
   55688.3819745798       5.162260447622025E-005  1.283379401572112E-004
   55688.4024091296      -1.610087020044171E-004  1.283282585147922E-004
   55714.7220273307       1.123017970079410E-004  1.277062164032096E-004
   55714.7424618165      -1.912157179996266E-004  1.277006586761793E-004
   55714.7628963022      -1.446976475451001E-004  1.276820191248367E-004
   55714.7833307879      -1.630481554431018E-004  1.277001261175695E-004
   55714.8037652735       1.208441734839028E-004  1.276989381022092E-004
   55714.8241998590       9.257108639304512E-005  1.276975042905674E-004
   55714.8446342446      -8.194937495464849E-005  1.277174957214580E-004
   55714.8650687302      -3.370108899225510E-005  1.277106680469735E-004
   55714.8855033156       2.149896120395844E-004  1.276944864584453E-004
   55714.9059377011      -3.473440397971927E-004  1.276853646853341E-004
   55714.9263722864      -1.796740109497597E-004  1.276758878731496E-004
   55714.9468067719       1.947875134116206E-004  1.277329808871888E-004
   55714.9672411572      -1.406575724909320E-004  1.276905400625933E-004
   55714.9876757424      -1.017765634803158E-005  1.277123886209436E-004
   55715.0081102278      -9.781901919170277E-005  1.277301269192543E-004
   55715.0285446130       6.861484011477792E-005  1.277141774716585E-004
   55715.0489791982      -2.312008700078305E-005  1.277192162954281E-004
   55715.0694136833      -7.147221841319329E-005  1.277122657228029E-004
   55715.0898480684      -1.766598341291781E-004  1.276740170903409E-004
   55715.1102826535       1.607405238592818E-004  1.277142457484034E-004
   55715.1307170385      -1.225580574021334E-004  1.277015735845602E-004
   55715.1511516236       1.595232917941392E-004  1.277208412819554E-004
   55715.1715861086      -1.178042318306094E-005  1.276989654129071E-004
   55715.1920205935       2.826792516534837E-004  1.277268632908507E-004
   55741.4911049442      -4.324651865628137E-005  1.318384370819591E-004
   55741.5115394056      -1.580590614025379E-005  1.318316090787390E-004
   55741.5319737667      -1.360635875757854E-004  1.318394746019556E-004
   55741.5524082276       7.949466570966734E-005  1.318525557662355E-004
   55741.5728424885      -1.947986687977910E-005  1.318439751954538E-004
   55741.5932768494      -2.087306071441031E-005  1.318484898094925E-004
   55741.6137113098       1.341193866164492E-004  1.318603231456685E-004
   55741.6341455702       1.091294091801753E-004  1.318437228257249E-004
   55741.6545799307      -6.172357193534594E-005  1.318509153629978E-004
   55741.6750143906       2.024640297315639E-004  1.318625804526879E-004
   55741.6954486506       3.269217457966267E-004  1.318706422634713E-004
   55741.7158830105       2.072078547894485E-004  1.318784376839854E-004
   55741.7363174700       2.281663458831851E-004  1.318651882732196E-004
   55741.7567517295       5.053664364096377E-005  1.318667725942953E-004
   55741.7771861890      -1.248866885699140E-004  1.318623841651210E-004
   55741.7976205483      -3.752516252478744E-004  1.318452650851791E-004
   55741.8180549073      -6.203014950345587E-005  1.318823914764044E-004
   55741.8384892661      -4.507736773177173E-004  1.318525838073164E-004
   55741.8589236249      -2.114223923722625E-004  1.318745680148093E-004
   55741.8793579835      -3.194515876770998E-004  1.318592155229696E-004
   55741.8997923420      -1.179228958159140E-004  1.318850834201790E-004
   55741.9202267001      -8.612441433375473E-005  1.318929910050170E-004
   55741.9406610582      -5.439409417296037E-005  1.318741193575136E-004
   55741.9610954163       1.156927687027132E-004  1.318930751282600E-004
   55768.2599657422       2.083013642151244E-005  1.325100770537320E-004
   55768.2803998417      -1.549452909288540E-004  1.325161479477654E-004
   55768.3212680398      -1.709572501096268E-004  1.324931542613570E-004
   55768.3417021385       1.875811545337669E-005  1.325285981877232E-004
   55768.3621362370      -1.623678765305669E-005  1.325182089672179E-004
   55768.3825703353       1.890590492070743E-004  1.324538406658149E-004
   55768.4030044333      -6.621819789787153E-005  1.325242518201703E-004
   55768.4234386311       5.358108328468170E-005  1.325234386288217E-004
   55768.4438727284      -3.274675402020755E-005  1.325206064796422E-004
   55768.4643067257       1.609922396264007E-004  1.325370665941809E-004
   55768.4847409228      -1.544822169052829E-004  1.325336596028411E-004
   55768.5051750195      -1.298016559972970E-004  1.325147178526352E-004
   55768.5256090161      -4.233223262093411E-004  1.325010338051141E-004
   55768.5460432123       1.306337938267177E-006  1.325318088914960E-004
   55768.5664773084       3.056629956621482E-004  1.326006777863973E-004
   55768.5869113041       4.015812979616395E-004  1.325889566145452E-004
   55768.6073454998       7.873435755332281E-004  1.326330512143954E-004
   55768.6277795951       5.240107210202627E-004  1.326091602133955E-004
   55768.6482135900       3.715516753390880E-004  1.326006777863973E-004
   55768.6686477848       3.527846399586920E-005  1.325896155799484E-004
   55768.6890818793       2.245002427481158E-004  1.325880733204941E-004
   55768.7095160739       1.727423191999478E-005  1.325810910913286E-004
   55768.7299500679       3.860163124584925E-004  1.326057952836772E-004
   55795.0488485730      -1.241426978155769E-004  1.337025520637360E-004
   55795.0692823145       7.671947616194608E-005  1.337044448367025E-004
   55795.0897161561      -6.372430888967884E-006  1.337155911663944E-004
   55795.1101497970       2.977705243185635E-004  1.337144695231550E-004
   55795.1305835378       3.691509403380699E-005  1.337188158907078E-004
   55795.1510173782       1.020251965466734E-005  1.337089314096603E-004
   55795.1714511184      -6.691545862236303E-005  1.337063516302096E-004
   55795.1918847583      -5.911735566455079E-005  1.337109643880317E-004
   55795.2123185980      -6.763256173780707E-005  1.337129412842412E-004
   55795.2327523373      -1.658811946829708E-004  1.336849002032554E-004
   55795.2531860762       4.543010036228701E-005  1.337087211015529E-004
   55795.2736198148      -4.816583980860045E-005  1.337194888766514E-004
   55795.2940535533      -9.168900767475563E-005  1.337300463436426E-004
   55795.3144872914      -6.994770889412472E-005  1.337050897815652E-004
   55795.3349210292      -3.130237437054539E-005  1.337101511966831E-004
   55795.3553547668      -1.779507533862246E-004  1.337007714550934E-004
   55795.3757885040      -3.666907364087146E-004  1.337005050648240E-004
   55795.3962222409      -8.285526086948547E-005  1.336953034443012E-004
   55795.4166558775      -4.003945625958849E-004  1.337171474463891E-004
   55795.4370897137       2.186719743368926E-005  1.337085107934455E-004
   55795.4575234497      -8.922960953527959E-005  1.337071087393962E-004
   55795.4779570855       1.353303802791306E-004  1.337178204323328E-004
   55795.4983909210      -1.854549927662319E-004  1.337136423112659E-004
   55795.5188246562      -9.133428974361646E-005  1.336877603935160E-004
   55821.8167967175       1.135383957353575E-004  1.340139062064623E-004
   55821.8372300635       1.071402093848484E-004  1.340156868151049E-004
   55821.8576634092       3.388403365076620E-004  1.340261321177721E-004
   55821.8780967547       1.016331970244977E-004  1.340048629578444E-004
   55821.8985300998      -1.362950153613873E-004  1.340178179372598E-004
   55821.9189634446      -1.384685048335665E-004  1.340099524140433E-004
   55821.9393968892      -9.410495326278578E-005  1.340032926573092E-004
   55821.9598301335      -1.127435118445375E-004  1.340159391848338E-004
   55821.9802635774      -3.563605555179095E-005  1.340140464118672E-004
   55822.0006968211      -2.503460123681744E-005  1.340154064042950E-004
   55822.0211301645      -1.494678295254070E-004  1.340003343232651E-004
   55822.0415636077       2.574984787728773E-004  1.340167523761824E-004
   55822.0619968504       3.200103723630665E-004  1.340237486258883E-004
   55822.0824301929       2.296736748885753E-004  1.340270995350661E-004
   55822.1028636349      -2.343295231754805E-005  1.340074146962141E-004
   55822.1232968769       1.051197054455777E-004  1.340240851188602E-004
   55822.1437302185      -5.179301202140607E-006  1.340173272183426E-004
   55822.1641636598       6.346127928713585E-005  1.339694610930997E-004
   55822.1845969007      -3.744594384335054E-004  1.339506455277582E-004
   55822.2050302413       6.917789322358203E-005  1.340272397404711E-004
   55822.2254636817       2.846027096858883E-005  1.340287679793848E-004
   55822.2458969219      -9.852105945995504E-005  1.339606982552917E-004
   55822.2663302616      -1.624009543522709E-004  1.339614834055593E-004
   55822.2867637010      -1.398816527908853E-005  1.340292586983020E-004
   55848.6046648017       6.416880501736166E-005  1.836552722048312E-004
   55848.6250977852       8.087049042551087E-004  1.837079300199614E-004
   55848.6455308682       5.690867389975818E-004  1.837031090883601E-004
   55848.6659638512       8.113442902357715E-004  1.837197857873758E-004
   55848.6863967339       1.270417898255882E-004  1.836478649365340E-004
   55848.7068298162       6.480410943123793E-004  1.836990744031143E-004
   55848.7272627985       4.572837651606321E-005  1.836807424486133E-004
   55848.7476957804       3.356145959352297E-004  1.836888738911854E-004
   55848.7681287620       2.466906432052607E-004  1.836694867113123E-004
   55848.7885616436       1.830689854889211E-004  1.836807010672261E-004
   55848.8089947247       5.581619247974068E-004  1.836714937085884E-004
   55848.8294277056      -8.390369538890941E-005  1.836640657495976E-004
   55848.8498605863       1.004921353395805E-004  1.836947500481587E-004
   55848.8702936670      -1.503394966062555E-004  1.836438095605947E-004
   55848.8907266472       1.515158304699060E-004  1.837010193283097E-004
   55848.9111595271       3.102537244494830E-004  1.836670659001649E-004
   55848.9315926069       2.197016116223249E-004  1.837061920017017E-004
   55848.9520255864       4.805261488542989E-004  1.836772664120938E-004
   55848.9724584657       3.522804531794765E-004  1.836865565335058E-004
   55848.9928915445       3.432059953256683E-004  1.836896808282345E-004
   55849.0133245233       3.454664377451344E-004  1.836777216073523E-004
   55849.0337576018       2.779368265859450E-004  1.837080748548163E-004
   55849.0541904802       3.164407392466373E-004  1.836797492953220E-004
   55849.0746234581       3.077393017347774E-004  1.837173029041476E-004
   55875.3716980036      -1.337510305791101E-004  1.857036301773531E-004
   55875.3921308354      -8.310444780867954E-005  1.856989954619939E-004
   55875.4125634670      -2.330172533994146E-004  1.857060716791941E-004
   55875.4329961987       2.811791402468344E-004  1.856739804134704E-004
   55875.4534290300      -3.467397006156059E-004  1.857220035132414E-004
   55875.4738617613       2.309406882892162E-004  1.857188171464319E-004
   55875.4942943925       2.343765486587657E-004  1.857185688581091E-004
   55875.5147272235       1.580637736118273E-004  1.856853189135456E-004
   55875.5351599544       1.120408616086310E-003  1.857293900908451E-004
   55875.5555926852      -1.624939690478833E-004  1.856845326671900E-004
   55875.5760254158       3.879019523966853E-005  1.857064441116784E-004
   55875.5964581463       1.248510848510520E-004  1.856762356990693E-004
   55875.6168909766      -2.579520581379446E-004  1.856892087639363E-004
   55875.6373236069      -1.167853250281237E-004  1.856989126992197E-004
   55875.6577563371       1.681963258595154E-004  1.856908226380346E-004
   55875.6781891670       3.085923805614676E-004  1.857293280187644E-004
   55875.6986217969       2.944628444261355E-004  1.857092787366972E-004
   55875.7190545265       1.156442610215080E-004  1.856892708360171E-004
   55875.7394873561      -1.358741098378413E-005  1.856908019473411E-004
   55875.7599199857       8.619770733586662E-005  1.857099408388913E-004
   55875.7803527150      -4.154419020718780E-005  1.857182171163184E-004
   55875.8007855442      -5.624897606654189E-004  1.856747045877453E-004
   55875.8212181732      -2.014153027017906E-004  1.856847602648193E-004
   55875.8416510022       1.024625972236848E-004  1.856907605659539E-004
   55875.8620837310      -5.456436453210589E-004  1.856599107418443E-004
   55902.1589453865       2.916942574813230E-004  1.863628977465050E-004
   55902.1793781440      -1.375028837313774E-004  1.863673255549285E-004
   55902.1998107014       1.563939039512796E-004  1.863581595776780E-004
   55902.2202433590       3.665860227262119E-004  1.863489936004274E-004
   55902.2406761165      -2.490706627004124E-004  1.863229440172255E-004
   55902.2611086741      -9.796430317121629E-005  1.863534627902381E-004
   55902.2815413316      -2.430063898978263E-004  1.864119553809543E-004
   55902.3019740892       1.814751161350880E-004  1.863237509542747E-004
   55902.3224067469      -3.895366933724942E-004  1.863275580418911E-004
   55902.3428393045       6.238217918608235E-005  1.863317996340725E-004
   55902.3632720622       1.398540940615867E-004  1.862993566265582E-004
   55902.3837047199      -2.208846777137508E-004  1.863043223930144E-004
   55902.4041373776      -4.034834956564426E-004  1.862883284868865E-004
   55902.4245700353       4.782421214288846E-005  1.863344480428492E-004
   55902.4450026931       1.851105064316627E-004  1.862054415684538E-004
   55902.4654354509      -5.113344049109125E-004  1.862862594175297E-004
   55902.4858680087      -4.566537246120106E-007  1.858716386091239E-004
   55929.0075050391       1.036268298463705E-003  1.853311976931321E-004
   55929.0279379303       1.086286979397499E-003  1.853115622249363E-004
   55929.0483707216       4.691724366632233E-004  1.853223627669787E-004
   55929.0688034130       8.122463093132026E-004  1.853058929748987E-004
   55929.1096690964       8.764678468051734E-004  1.853232731574957E-004
   55929.1505346805       3.843449646006025E-004  1.853027893708635E-004
   55929.1709674729      -2.462299822908465E-004  1.853123484712918E-004
   55929.1914003654       1.722086006461510E-004  1.852927543844831E-004
   55929.2118330581       2.602840147654106E-004  1.852700153122521E-004
   55929.2322657510       8.622460263323362E-004  1.852744017392884E-004
   55929.2526986441       5.179890801509934E-005  1.852249302909677E-004
   55929.2731314373       8.307551624100462E-004  1.852536282829463E-004
   55929.2935641307      -4.524431865877698E-004  1.852043430508678E-004
   55929.3139970243       3.988177559748340E-004  1.852280338950029E-004
   55929.3548627120      -3.282633054635387E-005  1.852063707388374E-004
   55929.3752954062       6.592178133666415E-004  1.852434898430981E-004
   55929.3957282005       4.593462702322526E-004  1.852064535016117E-004
   55929.4161610950       1.533046293671347E-004  1.852057086366432E-004
   55955.7133585842       2.405513841376994E-004  1.319912423001556E-004
   55955.7337916886       5.591276455356731E-004  1.320139400591222E-004
   55955.7542247935      -5.767033017800571E-007  1.319860429929282E-004
   55955.7746578985       1.856541052025484E-005  1.319875226913297E-004
   55955.7950910039       1.272097396087801E-004  1.319763638648522E-004
   55955.8155241095       2.095181479770947E-004  1.319693454788559E-004
   55955.8359572156      -3.242730887670353E-004  1.319881064255615E-004
   55955.8563903217      -5.696265923615940E-005  1.319878213460530E-004
   55955.8768235282       2.174585159497866E-004  1.319884593811436E-004
   55955.8972565351      -4.221021802341962E-005  1.319954234662810E-004
   55955.9176896423       6.852243288335558E-007  1.320107770340987E-004
   55955.9381228496       1.491463723095610E-004  1.320251939121026E-004
   55955.9585558574      -1.656380616783526E-004  1.319728614594614E-004
   55955.9789890654      -8.625607906820321E-005  1.319886901597933E-004
   55955.9994221737      -1.768110956870128E-004  1.320009757290904E-004
   55956.0198551822      -9.156595265158440E-005  1.319929799276363E-004
   55956.0607215004      -1.452018792713616E-004  1.320089443801152E-004
   55956.0811545098       8.956013126892870E-005  1.319967402621062E-004
   55956.1015877196      -1.917443410368591E-004  1.319911201232234E-004
   55956.1220207296      -1.722834351222113E-004  1.319904956633475E-004
   55956.1424539400       1.087311642804512E-004  1.320140486608397E-004
   55956.1628870505       4.509138105162069E-004  1.320253432394642E-004
   55956.1833200615      -1.962825770996934E-004  1.320024011266332E-004
   55982.5014335294      -1.235836638078247E-004  1.324030057122210E-004
   55982.5218671510       1.171996154247790E-004  1.324100783990760E-004
   55982.5423006727      -2.663320626906662E-004  1.324025984557802E-004
   55982.5627342949      -2.278658515486587E-005  1.324068203475497E-004
   55982.5831677174      -7.222327484990299E-005  1.324083814972394E-004
   55982.6036012403       8.300013049522548E-005  1.324023133762716E-004
   55982.6240348634      -5.139302324286277E-005  1.323939238935914E-004
   55982.6444682869      -4.707370897977237E-004  1.323896069753191E-004
   55982.6649018107       4.058373346205180E-005  1.323957836980044E-004
   55982.6853354349       2.797732687391807E-004  1.324068882236232E-004
   55982.7057689593      -7.285854437766304E-006  1.324091145588328E-004
   55982.7262024841       2.490503792367260E-004  1.324042682071874E-004
   55982.7466360093      -6.178642630860764E-006  1.323971955203324E-004
   55982.7670695348       6.177781787286563E-005  1.324001277667061E-004
   55982.7875030606      -1.516905820859726E-004  1.323943175748175E-004
   55982.8079365867      -1.303805609293995E-004  1.323864167998662E-004
   55982.8283700132      -8.359799927726286E-005  1.324025305797067E-004
   55982.8488036400      -2.013804833441712E-004  1.323939374688061E-004
   55982.8692371671       1.895768223763028E-004  1.324109879384604E-004
   55982.8896706946       4.560637656234601E-004  1.324101191247201E-004
   55982.9101042224       1.990620048983871E-004  1.323805115814748E-004
   55982.9305377506       1.111208139432662E-004  1.323837560577864E-004
   55982.9509713790      -1.136797607701467E-004  1.323648457837192E-004
   55982.9714048079      -2.243392288985291E-004  1.323628909528034E-004
   56009.2696332825       1.022451278347436E-004  1.319346608053156E-004
   56009.2900672225       1.915132003242892E-004  1.319490776833194E-004
   56009.3105010628       9.175696668961564E-005  1.319397650860401E-004
   56009.3309351033      -2.257920697967819E-006  1.319332218325581E-004
   56009.3513690443      -3.907522213486558E-005  1.319401723424809E-004
   56009.3718030854      -1.329868813034762E-004  1.319379052816272E-004
   56009.3922369270       3.698759580039734E-005  1.319353938669090E-004
   56009.4126708686       8.669452840037728E-005  1.319327738504732E-004
   56009.4331049108       6.214445233032606E-005  1.319241128634992E-004
   56009.4535387532       2.410687006537682E-004  1.319239363857081E-004
   56009.4739726958      -2.172144981720248E-004  1.319261491457031E-004
   56009.4944067387       2.464104747470497E-004  1.319388555466557E-004
   56009.5148405819       5.117839949253522E-005  1.319338055667899E-004
   56009.5352745255      -1.878855882186947E-005  1.319129811874510E-004
   56009.5557085694      -8.843957427417948E-005  1.319293800468000E-004
   56009.5761424135      -2.310822246986977E-005  1.319274116406695E-004
   56009.5965764579       9.320449064675884E-005  1.319324616205353E-004
   56009.6170103027       2.264425275837478E-004  1.319277374458222E-004
   56009.6374442477      -7.196548301502403E-006  1.319325023461794E-004
   56009.6578782930       6.843006931656070E-005  1.319307511434840E-004
   56009.6783122385       2.304113676598885E-004  1.319220765812952E-004
   56009.6987460845      -5.274447798520043E-007  1.319158862833953E-004
   56009.7191801307       1.043882156515075E-005  1.319250224028836E-004
   56009.7396140772       1.152198997806941E-004  1.319293800468000E-004
   56036.0587124678       9.540548827291495E-005  1.302986323066164E-004
   56036.0791467394      -1.796559160293087E-004  1.302624511715986E-004
   56036.0995810112      -2.771149261105998E-004  1.302602675889657E-004
   56036.1200152833      -5.644935864024259E-005  1.302622024090202E-004
   56036.1404495555      -1.870723999133350E-004  1.302629486967555E-004
   56036.1608838279      -8.768141951753794E-005  1.302615666824309E-004
   56036.1813181005      -2.551441259879272E-005  1.302638470060664E-004
   56036.2017524733      -6.422979876097301E-005  1.302690572000701E-004
   56036.2221867464      -1.845777689744033E-004  1.302736178473413E-004
   56036.2426209196      -1.276499227496064E-004  1.302372570504613E-004
   56036.2630552930       1.809242883976658E-005  1.302584709703438E-004
   56036.2834895667      -3.391906414162982E-005  1.302493358556582E-004
   56036.3039237405      -1.534678030381542E-004  1.302513397764289E-004
   56036.3243581145      -7.836502949187807E-005  1.302550021143890E-004
   56036.3447923888      -1.618102086220485E-005  1.302686425957728E-004
   56036.3652266632      -3.521028964951212E-004  1.302457702587008E-004
   56036.3856609378       1.046573843894727E-004  1.302754835666795E-004
   56036.4060952127      -3.967010911469782E-004  1.302143156126731E-004
   56036.4265295878      -2.845494874703647E-005  1.302589546753574E-004
   56036.4469637630      -2.798579685466818E-004  1.302507731505558E-004
   56036.4673980384       1.327688373899960E-004  1.302777224298853E-004
   56036.4878323141       1.172225381296244E-005  1.302604887112577E-004
   56036.5082665900      -1.807187463033211E-004  1.302431167911976E-004
   56036.5287007660      -7.978006409647964E-005  1.302643445312233E-004
   56062.8277557130      -1.683781264812945E-004  1.300197141756272E-004
   56062.8481901720       1.209513039022170E-004  1.300372933978360E-004
   56062.8686245311      -1.593161117637854E-004  1.300183459814459E-004
   56062.8890590903       1.148633725911452E-007  1.300481145699976E-004
   56062.9094935496       2.907919727679342E-006  1.300372519374063E-004
   56062.9299279089      -1.093813939451183E-004  1.300427799947047E-004
   56062.9503624684      -1.627499103729058E-004  1.300338798224543E-004
   56062.9707969279       1.458378446532738E-004  1.300471609801136E-004
   56062.9912314875      -3.139000218556065E-004  1.300241228013227E-004
   56063.0116658472      -2.981122867136143E-004  1.300313645563836E-004
   56063.0321003070      -1.246456897713299E-004  1.300418125846775E-004
   56063.0525348668      -2.411494308729445E-005  1.300404858509258E-004
   56063.0729692267       3.538010890049570E-004  1.300510444403657E-004
   56063.0934036867       1.687088954596128E-004  1.300453781816349E-004
   56063.1138382468      -1.864805715271478E-004  1.300315718585322E-004
   56063.1342727069      -1.676187140865482E-004  1.300297614197670E-004
   56063.1547071672       1.164291361053227E-004  1.300302589449239E-004
   56063.1751416275      -1.149289515800511E-005  1.300551766631963E-004
   56063.1955760879       3.316743178527481E-005  1.300287249090236E-004
   56063.2160105484       3.148935047603274E-006  1.300415085415260E-004
   56063.2364450089      -2.051718473117248E-006  1.300386201315876E-004
   56063.2568794695       1.716052244216115E-005  1.300316409592484E-004
   56063.2773140303      -7.187202354375088E-005  1.300417711242477E-004
   56063.2977483910      -6.126389739824489E-005  1.300240260603200E-004
   56089.5969360741      -2.477572294031782E-004  1.296745699182036E-004
   56089.6173705543      -1.149096082005974E-004  1.296613993216902E-004
   56089.6378050347      -2.013593681704506E-005  1.296751918246496E-004
   56089.6582395149      -3.313091064504059E-004  1.296379188983154E-004
   56089.6786739951      -5.104153562796032E-005  1.297033296362983E-004
   56089.6991085752      -6.345870153012800E-005  1.297037166003092E-004
   56089.7195429552      -3.477775837189556E-004  1.296568939549920E-004
   56089.7399775353      -1.698061120586347E-004  1.296834424501674E-004
   56089.7604120153      -1.627092597422664E-004  1.296703271342271E-004
   56089.7808463951      -3.236538113678966E-004  1.296594645016358E-004
   56089.8012809750      -2.566047231196134E-004  1.296636796453258E-004
   56089.8217154549      -1.625547368523383E-004  1.296422031427216E-004
   56089.8421498346      -1.399455629613744E-004  1.296661396308236E-004
   56089.8625844144      -2.935610448702164E-004  1.296589946167654E-004
   56089.8830188941      -3.320085700330155E-004  1.296649925589341E-004
   56089.9034532737      -6.320890783673150E-006  1.296706173572352E-004
   56089.9238878534      -1.479397311811015E-004  1.296544892500673E-004
   56089.9443223329      -7.107013775742299E-005  1.296906980253716E-004
   56089.9647567123      -2.132542479368338E-004  1.296442347037788E-004
   56089.9851912918      -3.501661264001532E-004  1.296343947617877E-004
   56090.0056257712       8.052303881900258E-005  1.296400886608050E-004
   56090.0260603505      -1.127022751500339E-004  1.296671623214237E-004
   56090.0464947299      -1.029412552689957E-004  1.296484222071823E-004
   56090.0669292091       1.050579211692160E-005  1.296444005454977E-004
   56116.3864338041      -1.189779918345790E-004  1.339691718327342E-004
   56116.4068682452       6.648547850351960E-005  1.339436623058268E-004
   56116.4273025859       7.474422158848526E-005  1.339728865306228E-004
   56116.4477368265      -1.765580708380510E-004  1.339339692660235E-004
   56116.4681712669      -5.039978557597191E-005  1.339739748210199E-004
   56116.4886056073      -4.057070549123853E-005  1.339613506524139E-004
   56116.5090399475       7.099485839501263E-005  1.339587532659995E-004
   56116.5294742874       7.607646791618627E-005  1.339878614064865E-004
   56116.5499086271      -2.466327319901040E-004  1.339548789521859E-004
   56116.5703429668       1.372384543474325E-004  1.339833486289734E-004
   56116.5907773063      -5.845229464618296E-005  1.339703616969016E-004
   56116.6112115455      -9.681395086891253E-005  1.339745262214878E-004
   56116.6316459848       1.040260435014595E-004  1.339889206758064E-004
   56116.6520803238       1.258008740294692E-004  1.339782844509923E-004
   56116.6725145625      -4.734957767427161E-006  1.339766737812047E-004
   56116.6929490013      -9.922378982540891E-005  1.339684172847255E-004
   56116.7133833396       5.825483911037210E-006  1.339986427366869E-004
   56116.7338177782      -7.611054463341205E-006  1.339791115516941E-004
   56116.7542520162       3.505617265342487E-005  1.339821297437286E-004
   56116.7746863543      -3.891793814458921E-005  1.339947248912574E-004
   56116.7951207921      -7.248612529409115E-005  1.339764561231252E-004
   56116.8155550298       7.078641673463615E-005  1.339909521512142E-004
   56116.8359893674       6.935696163989924E-005  1.340234557577401E-004
   56116.8564238047       1.770912470777652E-005  1.339973222776718E-004
   56143.1552600525       2.324492347576257E-004  1.346975718507638E-004
   56143.1756941203      -3.410146410165460E-005  1.346902875603728E-004
   56143.1961281876      -1.365107665829424E-004  1.346699582957555E-004
   56143.2165622549      -8.043137631363884E-005  1.346869646470270E-004
   56143.2369963217      -1.568923420104396E-004  1.346878207688061E-004
   56143.2574303885       6.698206904220960E-005  1.346777504549985E-004
   56143.2778645549       2.011365704637225E-004  1.347031729186741E-004
   56143.2982985210       6.598022467474429E-005  1.346778084971530E-004
   56143.3187325871      -1.236483328992399E-005  1.346992986048605E-004
   56143.3391667528       3.656577305262143E-004  1.347400151762496E-004
   56143.3596007182      -1.080475476918918E-004  1.346752981739704E-004
   56143.3800347834      -3.833471108194431E-005  1.346842801973809E-004
   56143.4004689481       4.058830648756562E-005  1.346998790264056E-004
   56143.4209029129      -2.664323869840945E-004  1.346762558695198E-004
   56143.4413369774       1.480853055793041E-004  1.347048271200776E-004
   56143.4617711416      -4.572468321861756E-005  1.346896200755959E-004
   56143.4822051054      -3.546466013781835E-005  1.346964255182122E-004
   56143.5230733326      -5.092008428464467E-006  1.347022297336633E-004
   56143.5435072957      -4.259957594043851E-005  1.346956274385877E-004
   56143.5639414588       2.077276438725573E-004  1.346959321598989E-004
   56143.5843755214      -7.335851959977546E-005  1.346930300521734E-004
   56143.6048095838       1.397198587222981E-004  1.346959031388216E-004
   56143.6252436460       6.519166769103357E-005  1.346980506985385E-004
   56169.9440967873       1.848891466831315E-004  1.347370405158310E-004
   56169.9645304909      -2.619712708727961E-004  1.347740859209473E-004
   56169.9849641941      -6.075326969279260E-006  1.348112619209113E-004
   56170.0258315999      -4.068318464056642E-005  1.348739329372440E-004
   56170.0462653021      -2.964530395123122E-004  1.349734752322295E-004
   56170.0666991043      -2.442094080573609E-004  1.349599804313058E-004
   56170.0871327061      -7.582752145773863E-005  1.349909749418145E-004
   56170.1075664076       1.333373689900164E-004  1.350704201408007E-004
   56170.1280002089       7.922274560812070E-005  1.351331927309038E-004
   56170.1484338097      -1.052834362362809E-004  1.351288685903928E-004
   56170.1688674103       2.193349737527051E-004  1.351864318971286E-004
   56170.1893012106      -1.032617713164763E-004  1.352365077659325E-004
   56170.2097349107      -2.852459242902450E-004  1.352567209462408E-004
   56170.2301687104      -6.524016487818862E-005  1.352787624544162E-004
   56170.2506023098       3.273477556580140E-004  1.353321902576431E-004
   56170.2710360090       2.478365273514971E-004  1.353563648149968E-004
   56170.2914698077       1.157512852865139E-004  1.353732695924979E-004
   56170.3119034062      -2.539083461869929E-004  1.353607469976623E-004
   56170.3323371045      -2.198818873202502E-004  1.353982277189375E-004
   56170.3527709025      -6.076023464129943E-005  1.355020361122795E-004
   56170.3732045000       2.072593542938872E-004  1.355026455549019E-004
   56170.3936381973       1.677525038039640E-004  1.355389799436254E-004
   56170.4140719944       5.250294304715020E-005  1.355583660232320E-004
   56196.7119944227       1.358378858238307E-004  1.362754768422093E-004
   56196.7324277310      -1.177825391200926E-004  1.362552926829783E-004
   56196.7528610388       3.894039710750086E-005  1.362672203457302E-004
   56196.7732942463      -2.580224199361103E-004  1.362454400272501E-004
   56196.7937276537      -9.385143292595099E-005  1.362584124487832E-004
   56196.8141609605       1.010255105637903E-005  1.362551040459761E-004
   56196.8345941674       8.201833552434756E-005  1.362642601958502E-004
   56196.8550275738       5.924158979153660E-005  1.362661465658718E-004
   56196.8754608797       1.128413783269000E-004  1.362702965799193E-004
   56196.8958940857       1.309281477301916E-004  1.362589058070966E-004
   56196.9163274911      -1.061886716350324E-004  1.362556989780599E-004
   56196.9367607964      -1.653051122052496E-005  1.362598925237233E-004
   56196.9571940011       1.626385077535542E-004  1.362714864440867E-004
   56196.9776274059       1.352096896605204E-004  1.362609517930431E-004
   56196.9980607102       6.462369352533415E-005  1.362667560084941E-004
   56197.0184939141       9.303582556574597E-005  1.362643907906978E-004
   56197.0389273179      -2.200410911815665E-004  1.362492708094478E-004
   56197.0593606213       1.809308698903500E-004  1.362641731326184E-004
   56197.0797940244       2.584757218704326E-005  1.362613000459701E-004
   56197.1002272273      -1.518515512149987E-004  1.362542914558130E-004
   56197.1206605298      -2.936596605840336E-005  1.362600811607254E-004
   56197.1410939320       1.413662740528121E-004  1.362570629686909E-004
   56197.1615272339       2.568694757689727E-004  1.362712252543914E-004
   56197.1819604357       1.821445373548780E-004  1.362686713995930E-004
   56223.4998171727      -1.831492270976121E-005  1.480403324449725E-004
   56223.5202501257       4.846683168868715E-005  1.480375633195729E-004
   56223.5406831786       1.198630368897113E-004  1.480379325362928E-004
   56223.5611160311      -3.825690116343594E-005  1.480466417071577E-004
   56223.5815489836       2.722575773332903E-004  1.480521908172724E-004
   56223.6019820357      -4.454560357947113E-005  1.480456426501508E-004
   56223.6224148877      -1.138109747367277E-004  1.480285392285645E-004
   56223.6428478393       1.156132932151888E-004  1.480723674250865E-004
   56223.6632808908      -4.069206776013967E-005  1.480499320796914E-004
   56223.6837137419      -8.733943879868367E-005  1.480687295544634E-004
   56223.7041466930      -3.967525999837296E-005  1.480636256762758E-004
   56223.7245797437       2.517803253971884E-004  1.480881460102071E-004
   56223.7450125941       7.242270537100026E-005  1.480864736756520E-004
   56223.7654456445      -8.807315924386216E-005  1.480647767636968E-004
   56223.7858785944       1.629730232381998E-004  1.480762224820155E-004
   56223.8063115444       2.365033224385193E-004  1.480925874701619E-004
   56223.8267444938       2.150110044030207E-005  1.480845081395840E-004
   56223.8471774433       1.716218038438910E-005  1.480670463605930E-004
   56223.8676102923       3.162882913902987E-004  1.480596946041397E-004
   56223.8880433411       2.214428133926472E-004  1.480806313640244E-004
   56223.9084762898       1.322590331886975E-004  1.481011663292432E-004
   56223.9493421862       3.538664159847826E-004  1.480811634704738E-004
   56223.9697751343       4.324129928465759E-004  1.481027952265372E-004
   56277.0540441353      -1.192545995772898E-004  1.504359842731038E-004
   56277.0744768967       2.841026719639927E-004  1.504634909187407E-004
   56277.0949095580       1.354601338379169E-004  1.504512850483515E-004
   56277.1153421194       1.578958060253211E-004  1.504599833599011E-004
   56277.1357748808      -1.478329272303069E-004  1.504496561510576E-004
   56277.1562075423      -3.861507487594729E-004  1.504443350865641E-004
   56277.1766401038      -8.462205674286682E-005  1.504327916344077E-004
   56277.1970728654      -1.509797832462967E-004  1.504524687137184E-004
   56277.2175055270      -7.615442353436919E-005  1.504510027061539E-004
   56277.2379380886      -1.329125810649590E-004  1.504699956486011E-004
   56277.2583708503       2.011002580171173E-005  1.504751538233652E-004
   56277.2788035120       6.099413958504663E-005  1.504701259603846E-004
   56277.2992362737       4.322979905668767E-005  1.504705711923116E-004
   56277.3196688355      -4.370733770953095E-005  1.504690834661165E-004
   56277.3401014973      -1.455564910057827E-004  1.504699739299706E-004
   56277.3605342592       2.078401558147647E-005  1.504686165155589E-004
   56277.3809668211      -8.652301718137245E-005  1.504642510708112E-004
   56277.4013994830      -3.101628054640315E-004  1.504581807135625E-004
   56277.4218322450      -5.002086836062292E-004  1.504838304162842E-004
   56277.4422648070      -4.006009861493576E-004  1.504793346597530E-004
   56277.4626974691      -2.604501868090914E-004  1.504917251385022E-004
   56277.4831302312      -3.432617761055523E-004  1.504777057624591E-004
   56277.5035627933      -3.985428189551277E-004  1.504735140667560E-004
   56277.5239955555      -1.222359762981240E-004  1.504920834959068E-004
   56330.6085224810       3.950927287479367E-004  1.322417438370335E-004
   56330.6289557222       3.948196845291463E-004  1.322505107218673E-004
   56330.6493888638       1.145828587720832E-004  1.322293564507099E-004
   56330.6698220057      -6.807316796808571E-005  1.322171355242249E-004
   56330.6902551478      -1.125851370534781E-004  1.322430893873957E-004
   56330.7106882903       7.513446509066490E-005  1.322492900163841E-004
   56330.7311214330      -8.580744580810595E-005  1.322509962297299E-004
   56330.7515546761      -2.202021610867577E-004  1.322439078149355E-004
   56330.7719877195      -1.491213280157000E-004  1.322429090559038E-004
   56330.7924209632      -2.026786388835689E-004  1.322258469224458E-004
   56330.8128541071      -1.567795345106537E-004  1.322335318183285E-004
   56330.8537203959      -1.396863000444615E-004  1.322468208621113E-004
   56330.8741535408      -1.156085894578052E-004  1.322400376236877E-004
   56330.8945865860      -1.390298677675927E-004  1.322487906368683E-004
   56330.9150198314       1.334866782136679E-004  1.322496645510210E-004
   56330.9354529771       1.245775284697270E-004  1.322560455115013E-004
   56330.9558860232      -1.795233878026936E-004  1.322568361957347E-004
   56330.9763192696      -3.348050666547309E-004  1.322648678829479E-004
   56330.9967524161      -2.217776953628015E-004  1.322597214996040E-004
   56331.0171856631      -2.574275304310092E-004  1.322449204456205E-004
   56331.0376187104       5.808891434977426E-005  1.322682525663331E-004
   56331.0580518579      -8.419114643853920E-005  1.322611918948451E-004
   56331.0784851057       1.389362258692461E-004  1.322641326853273E-004
   56357.3762156955      -2.893623021169578E-004  1.323046379127238E-004
   56357.3966491578       1.222091231833922E-005  1.323145700164279E-004
   56357.4170828204       7.642190748113897E-005  1.322749248315309E-004
   56357.4375163834       5.982619783537757E-004  1.323128915463885E-004
   56357.4579498466       5.798680199275985E-004  1.323222687839638E-004
   56384.1648999804      -1.507905449105174E-005  1.323668384057532E-004
   56384.1853338565       2.170313027891613E-004  1.323848160683237E-004
   56384.2057679329       4.056614641356759E-005  1.323746065315552E-004
   56384.2262019095       2.261643991312567E-004  1.323734690559914E-004
   56384.2466357864       2.100855104958388E-004  1.323877984737655E-004
   56384.2670698636       1.110700587210189E-004  1.323774502204649E-004
   56384.3079379189       1.915233461404764E-004  1.323984935183966E-004
   56384.3488057754      -2.204997812880194E-004  1.323683504159539E-004
   56384.3692398541      -1.662129387579592E-004  1.323792812786897E-004
   56384.3896737330       1.424200671067410E-004  1.323821388392526E-004
   56384.4101077123      -1.596579452478597E-004  1.323785599527223E-004
   56384.4305417918      -6.870583388240981E-005  1.323866748698549E-004
   56384.4509757717      -2.234937810110527E-004  1.323671713254304E-004
   56384.4714096518      -1.710133135729430E-004  1.323922790177549E-004
   56384.4918437322       1.391080554931090E-004  1.323828740368731E-004
   56384.5122777129      -1.459431044720239E-004  1.323815978447771E-004
   56384.5327116938       3.886406429165490E-004  1.324055125749249E-004
   56384.5531456751       6.470584602102925E-005  1.323797112999395E-004
   56384.5735796567       1.650812546525326E-004  1.323754804457080E-004
   56384.5940136385      -5.005921274614522E-006  1.323946371988020E-004
   56384.6144476206      -4.890834479287509E-005  1.323688775387762E-004
   56384.6348815030      -3.790164352458492E-004  1.323765901779654E-004
   56410.9335907718       1.305079792308650E-004  1.283922121992423E-004
   56410.9540250674      -4.346220860044214E-004  1.283407669774111E-004
   56410.9744593633       2.016400834639054E-004  1.284034431016864E-004
   56410.9948936594      -8.595561019952846E-005  1.283537140935538E-004
   56411.0153279556      -2.506710241162446E-004  1.283292477510657E-004
   56411.0357622520      -6.878488503669900E-005  1.283728533087213E-004
   56411.0561966487      -3.928501703240883E-004  1.283911550116039E-004
   56411.0766309455       6.230799317608060E-006  1.283250876490601E-004
   56411.0970651425      -6.873188584499701E-006  1.283711370950227E-004
   56411.1379338370       8.506976713396064E-005  1.283673751545952E-004
   56411.1583680346      -9.174553606894342E-005  1.283113853988900E-004
   56411.1788024324       1.078988826415106E-004  1.283441582156797E-004
   56411.1992367304       2.911523327127075E-004  1.283706428254775E-004
   56411.2196709285       5.952874113379636E-005  1.283656726706061E-004
   56411.2401053269       3.296410667925631E-004  1.283500619908031E-004
   56411.2605396254       6.200256883515110E-005  1.283020217369500E-004
   56411.2809740242      -1.616887739421813E-004  1.283352750935754E-004
   56411.3014082231       1.457043776993405E-004  1.283193760898709E-004
   56411.3218425222      -2.535068825878506E-004  1.283105616163146E-004
   56411.3422769215      -1.050794536967548E-004  1.282563429931463E-004
   56411.3627111210      -1.999793044626941E-005  1.283154631226380E-004
   56411.3831454206      -2.915356870689667E-004  1.282946214234814E-004
   56411.4035797205      -4.852217595785469E-005  1.283316367205342E-004
