   54986.5110096152      -6.097469669581468E-004  3.136512888082042E-004
   54986.5314436637      -3.589259011702595E-004  3.135837808880294E-004
   54986.5518778121       6.006827597132558E-004  3.137921296771052E-004
   54986.5723120604      -3.039994995801543E-004  3.136157665358780E-004
   54986.5927461082       3.731900660713938E-004  3.139943933917122E-004
   54986.6131802558       3.957455168294155E-004  3.140200599237663E-004
   54986.6336144035      -9.248417960098232E-004  3.136925840998982E-004
   54986.6540485506      -1.169356795770460E-004  3.138198505719073E-004
   54986.6744826978       4.506453965225088E-005  3.137440471869652E-004
   54986.6949168447       9.489751044422512E-006  3.135012423138249E-004
   54986.7153509914       9.622233685602222E-005  3.138322287575788E-004
   54986.7357851378       3.139336253099589E-005  3.138996586639784E-004
   54986.7562192840       9.283026675832584E-005  3.139055877108967E-004
   54986.7766533303       2.274026906409210E-004  3.139520579163482E-004
   54986.7970875760      -6.138369741509608E-004  3.137787893215390E-004
   54986.8175217218      -1.758627787613154E-003  3.136664234806009E-004
   54986.8379557671      -3.702859284432480E-003  3.133724415709027E-004
   54986.8583899124      -3.471247542419564E-003  3.135703885232798E-004
   54986.8788241574      -3.039563429357961E-003  3.136353739980552E-004
   54986.8992582022      -2.167877357659775E-003  3.137364278415834E-004
   54986.9196923468      -1.346290832606845E-003  3.138103068867362E-004
   54986.9401265912      -5.203443844007394E-004  3.137867467266136E-004
   54986.9605607355      -1.717772120550798E-004  3.138381578044971E-004
   54986.9809947794       2.418204240258737E-004  3.137376760619872E-004
   54987.0014289233      -3.707735696262260E-004  3.136632249158160E-004
   54987.0218631668      -2.830307942366384E-004  3.137723921919693E-004
   54987.0422972102       9.768662365139402E-005  3.138717557370340E-004
   54987.0627313534      -2.502883749631035E-004  3.139305521189736E-004
   54987.0831655963       3.644086128743451E-004  3.140250528053817E-004
   54987.1035996391      -2.039065195528211E-004  3.138272878851469E-004
   54987.1240337818      -2.789366969668805E-004  3.139069919588510E-004
   54987.1444679241       7.225607534938616E-004  3.141529173830009E-004
   54987.1649020661      -1.397875521708114E-004  3.137761108485891E-004
   54987.1853362081      -1.895717202492486E-004  3.137600140062978E-004
   54987.2057703499       2.765978694296845E-005  3.137666971863767E-004
   54987.2262045912       3.396140018995242E-004  3.139307601557076E-004
   55040.2111036997       1.803258951195152E-004  3.588336041733408E-004
   55040.2315370796       9.953936247997230E-005  3.588193115772446E-004
   55040.2519705592      -2.119603928361080E-004  3.587977308914723E-004
   55040.2724039386      -7.232506606852374E-004  3.587524142871832E-004
   55040.2928375175      -1.365650748600400E-004  3.588022965818920E-004
   55040.3132709964       8.829289233258653E-005  3.588425654042265E-004
   55040.3337043749       2.246655362713179E-004  3.588678326723251E-004
   55040.3541379531       7.534720880297829E-005  3.588074861554745E-004
   55040.3745714309       4.235699873833543E-005  3.588057562976137E-004
   55040.3950049087       1.888444859644567E-004  3.588469609446926E-004
   55040.4154382860       2.337440401213309E-004  3.588106055712892E-004
   55040.4358718633      -5.341092385602320E-005  3.588246996591063E-004
   55040.4563053399       4.392072402270575E-005  3.588383967303651E-004
   55040.4767387165       3.181788311937828E-004  3.588288966912932E-004
   55040.4971722928      -5.134959881791801E-005  3.588710655214421E-004
   55040.5176057687      -8.613890124801182E-004  3.588000279158450E-004
   55040.5380391446      -2.712311632132702E-003  3.586495586402767E-004
   55040.5584726201      -2.926908463776079E-003  3.586882110380527E-004
   55040.5789061953      -2.848929993347182E-003  3.586289704959001E-004
   55040.5993395702      -3.279106690269762E-003  3.586161241744088E-004
   55040.6197730447      -2.234500591307365E-003  3.587346336170398E-004
   55040.6402066192      -1.561418824865823E-003  3.587287918019687E-004
   55040.6606400933      -7.069042447283014E-005  3.588141220036621E-004
   55040.6810734671       1.253359470495541E-004  3.588785237610717E-004
   55040.7015069407      -3.462673538234817E-005  3.588815581019095E-004
   55040.7219405138      -2.281593518838054E-004  3.588468475113902E-004
   55040.7423738869       5.506454536393646E-004  3.589135462931725E-004
   55040.7628073595      -1.985033680412807E-004  3.588437280955756E-004
   55040.7832409319       2.298066384037734E-004  3.590498647642725E-004
   55040.8036743041       4.957256108842900E-004  3.588879670834924E-004
   55040.8241077760      -9.717959893806860E-005  3.588629550403241E-004
   55040.8445412478      -2.936112750295816E-004  3.588588997997650E-004
   55040.8649747190       3.096709875521908E-004  3.589156731675916E-004
   55040.8854081902       1.221697549426137E-004  3.588681162555810E-004
   55040.9058416610      -4.140291012564301E-004  3.588953969647963E-004
   55040.9262751316      -9.828402103194689E-004  3.588427922708312E-004
   55040.9467086017       5.953806574310327E-006  3.588908596327023E-004
   55093.9298231644       2.476135297203585E-004  2.790470463517589E-004
   55093.9502560364       1.895552836276293E-004  2.790936879020771E-004
   55093.9911217800      -2.244353703754198E-004  2.789538938265713E-004
   55094.0115546515       8.696462548207773E-005  2.790616708020267E-004
   55094.0319874230      -3.599546715812307E-004  2.790047660214313E-004
   55094.0524202942       3.419400178593657E-004  2.790896400631637E-004
   55094.0728532655       1.430559699348022E-004  2.790342499577746E-004
   55094.0932861362      -1.052185863129607E-004  2.790591898684991E-004
   55094.1137189072      -3.921991290811722E-004  2.790189726302628E-004
   55094.1341518778      -7.751522769549046E-004  2.789680482052233E-004
   55094.1545847483       1.663071821652595E-004  2.790343544181337E-004
   55094.1750175186      -2.575666679399680E-004  2.790407003849463E-004
   55094.1954503887      -4.791637055008291E-004  2.790180586021211E-004
   55094.2158833588      -1.147543459997236E-004  2.790223153617525E-004
   55094.2363161286      -1.098515854712989E-003  2.789613627422437E-004
   55094.2567489985      -2.437496479582690E-003  2.788109137101142E-004
   55094.2771819681      -2.551390362421913E-003  2.788809021506814E-004
   55094.2976147375      -3.088109158467467E-003  2.787569860497520E-004
   55094.3180476066      -3.754167366323724E-003  2.787589969116637E-004
   55094.3384804758      -2.711651708946827E-003  2.788439492986655E-004
   55094.3589133447      -1.443841236521415E-003  2.789609971309871E-004
   55094.3793462136       5.925076393131778E-005  2.790401519680612E-004
   55094.3997790823      -1.452411015210320E-004  2.790357907480707E-004
   55094.4202120507       4.359755674206989E-004  2.790972917844645E-004
   55094.4406448189       4.927318575276285E-005  2.790633160526818E-004
   55094.4610776871      -5.174134519281282E-005  2.790858533751480E-004
   55094.4815106551      -5.808379597360691E-004  2.790515381471983E-004
   55094.5019434231       4.216613174404804E-004  2.790847043111984E-004
   55094.5223762908      -2.241759520182907E-005  2.790796379837842E-004
   55094.5428090584      -4.636163397808701E-005  2.790794029479763E-004
   55094.5632420259       4.302334412230602E-004  2.790645695769904E-004
   55094.5836748931       3.029459075698515E-005  2.791066409866000E-004
   55094.6041077602      -3.868010145036127E-004  2.790019455917368E-004
   55094.6245406272       4.992380830326493E-005  2.790657969862093E-004
   55094.6449734941       7.875044163052625E-005  2.790798207894125E-004
   55094.6654063606       1.276285655306131E-004  2.791046562397779E-004
   55147.6475841716      -1.902917169704921E-004  2.795857223083176E-004
   55147.6680170719       3.150265301207211E-004  2.796413213344248E-004
   55147.6884498724       2.207810841231561E-004  2.795810738223397E-004
   55147.7088825729      -1.202836426010823E-004  2.795850694310735E-004
   55147.7293154736       3.326245996336796E-004  2.796284988253508E-004
   55147.7497482743      -3.066874985657719E-005  2.795289219880813E-004
   55147.7701809752      -4.024940715385839E-006  2.795946797841066E-004
   55147.7906138762      -1.421992877415068E-004  2.795849127405349E-004
   55147.8110466773      -3.441907097352370E-004  2.795403342823080E-004
   55147.8314794786       2.751255906662253E-004  2.795826929579050E-004
   55147.8519121799      -2.513765518332711E-004  2.795667627531491E-004
   55147.8723450814       4.415217240694158E-005  2.795905013697444E-004
   55147.8927778829       5.111543545014419E-004  2.796167470349571E-004
   55147.9132105846       1.785371138550707E-004  2.796376391067681E-004
   55147.9336434864       4.137652834129701E-004  2.795898746075901E-004
   55147.9540762883      -1.231152086135889E-003  2.794876862613442E-004
   55147.9745089904      -1.969622481127087E-003  2.794215106238826E-004
   55147.9949418925      -3.078580429739852E-003  2.793146476765690E-004
   55148.0153746947      -3.467055748675563E-003  2.793307084567737E-004
   55148.0358073971      -2.653316475937029E-003  2.794005924369818E-004
   55148.0562401996      -2.094381198276318E-003  2.794170710586228E-004
   55148.0766731022      -1.084949133635660E-003  2.795156555224812E-004
   55148.0971058049      -4.213024864552217E-005  2.795782272775554E-004
   55148.1175386077      -6.309397268163819E-004  2.794810269134544E-004
   55148.1379714107       2.672462158160860E-004  2.795934784899775E-004
   55148.1584042137      -8.273400250757845E-005  2.795466541340309E-004
   55148.1788370169      -1.326934582686068E-004  2.795634722518388E-004
   55148.1992699202       8.590698806443253E-005  2.795520599576120E-004
   55148.2197026236       3.128881719949295E-005  2.796134565336468E-004
   55148.2401354271       1.959488918948926E-004  2.796289688969665E-004
   55148.2605681308      -1.838264860122285E-004  2.795235422795899E-004
   55148.2810010345      -1.108141604720947E-004  2.794884958291268E-004
   55148.3014338384      -2.151756397372750E-004  2.795567606737695E-004
   55148.3218666424       2.394261285466603E-004  2.795903707942956E-004
   55148.3422994465      -1.280373119901812E-004  2.795351112643553E-004
   55148.3627322507       2.592561446307373E-004  2.796168253802264E-004
   55148.3831650550       3.299019111102641E-005  2.795396552899742E-004
   55201.3660802571      -2.220739669358540E-004  2.863179559522485E-004
   55201.3865136572      -1.058252729518872E-004  2.863299891902746E-004
   55201.4069471576      -1.840704533062620E-005  2.863280139719377E-004
   55201.4273804585       3.538755332888055E-005  2.863386177756410E-004
   55201.4478138595      -2.182057979585039E-004  2.863344594212475E-004
   55201.4682473608      -2.063514147424561E-004  2.863139275464299E-004
   55201.4886806625       4.415844165884808E-004  2.863520804479898E-004
   55201.5091140645       6.426798644920684E-005  2.863460508341193E-004
   55201.5295475667       1.763891301608256E-004  2.864267488990674E-004
   55201.5499808694      -1.255665422853491E-004  2.863339396269483E-004
   55201.5704142723      -5.145575086231702E-004  2.863490136616247E-004
   55201.5908477754       4.168934355891496E-004  2.863799414224260E-004
   55201.6112810789      -1.240290009006939E-004  2.863310027891580E-004
   55201.6317144828       4.027548659951696E-004  2.863294174165455E-004
   55201.6521478870      -3.159234694398716E-004  2.862908746692611E-004
   55201.6725813914      -1.759578865331846E-003  2.862132433906783E-004
   55201.6930146960      -2.417756479879518E-003  2.861782352446284E-004
   55201.7134481012      -3.308659614230325E-003  2.860943144550254E-004
   55201.7338816065      -3.551850982954408E-003  2.860610216301628E-004
   55201.7543149121      -3.113988076189456E-003  2.861321554800059E-004
   55201.7747483182      -2.528443913208389E-003  2.861381331144464E-004
   55201.7951818244      -1.185604820013064E-003  2.862780617397863E-004
   55201.8156151310      -6.087853092141549E-004  2.862639493245635E-004
   55201.8360485378      -2.482744229550526E-004  2.862944872396404E-004
   55201.8564820450      -3.540377730799626E-004  2.863017903495439E-004
   55201.8769153525       7.724606186687577E-005  2.863378380841922E-004
   55201.8973487603       8.971532978996333E-005  2.863168124047903E-004
   55201.9177821684      -2.939131668165951E-004  2.863165784973557E-004
   55201.9382155768       1.704472409626012E-004  2.863439976466375E-004
   55201.9586489855       5.375920749817187E-005  2.862984376763142E-004
   55201.9790823946      -5.650768451996857E-004  2.862663923577696E-004
   55201.9995158039       2.932120301063490E-004  2.863590197018839E-004
   55202.0199492136      -2.345570792328111E-005  2.862833376519230E-004
   55202.0403826236      -2.405588484912791E-004  2.863079759017042E-004
   55202.0608160338      -4.371151184159316E-004  2.862808686290019E-004
   55202.0812494444      -7.350433337482976E-005  2.863328220692051E-004
   55202.1016827553      -5.097676301853982E-004  2.862379336198894E-004
   55255.0865298839       1.467484189499046E-006  2.825762686690152E-004
   55255.1069641389       2.270472629425369E-004  2.826807733128658E-004
   55255.1273982942       2.348406503686062E-004  2.826189437809781E-004
   55255.1478323496       4.285034183565406E-004  2.826602414380481E-004
   55255.1682666053       1.474762111705052E-004  2.825895234236444E-004
   55255.1887007611      -9.211518176033273E-005  2.825905110328128E-004
   55255.2091348172       2.018319062192520E-004  2.826149673545893E-004
   55255.2295690735       5.351796296167999E-004  2.826324064533269E-004
   55255.2500032301       4.206350527236058E-005  2.825368682611372E-004
   55255.2704372869      -4.197799753207221E-004  2.825465364351020E-004
   55255.2908714438       3.728854957082417E-004  2.826241157342550E-004
   55255.3113057011      -1.161665889821695E-004  2.825820643754511E-004
   55255.3317397585      -2.730544508410260E-004  2.825464064865272E-004
   55255.3521739161      -1.311504874312863E-005  2.825816745297267E-004
   55255.3726081740      -5.363089370145069E-004  2.825226258973396E-004
   55255.3930423321      -1.295768718983403E-003  2.824567939493482E-004
   55255.4134763904      -2.408883376573301E-003  2.823491185602726E-004
   55255.4339106490      -2.625887256565207E-003  2.823804361667983E-004
   55255.4543447078      -3.087306480950458E-003  2.823276770454313E-004
   55255.4747788667      -3.214278893946765E-003  2.823447003087295E-004
   55255.4952131259      -2.218111570710835E-003  2.823792926193401E-004
   55255.5156471853      -9.579662393052191E-004  2.824746228938102E-004
   55255.5360813450      -4.147779426240117E-004  2.825531898021315E-004
   55255.5565156049       2.030260047536370E-005  2.825983339370155E-004
   55255.5769496649      -4.411413793536934E-005  2.825643393898490E-004
   55255.5973838252       1.196839802830585E-005  2.825602849943154E-004
   55255.6178180858       4.138885342944709E-004  2.825723702117714E-004
   55255.6382521466       3.136933894246630E-004  2.825896533722191E-004
   55255.6586863076      -2.967431006007937E-004  2.825391033766237E-004
   55255.6791204687       1.437667294920120E-004  2.825616884389231E-004
   55255.6995546302       3.368622169802604E-004  2.825576080536746E-004
   55255.7199887917       2.217328123487183E-004  2.825645992869986E-004
   55255.7404229537       4.471198815531041E-004  2.826447515679325E-004
   55255.7608572157      -8.100885819861681E-005  2.825742414712484E-004
   55255.7812912780       3.267005600974260E-004  2.826019724971098E-004
   55255.8017254405      -6.448337227942247E-004  2.825361925285483E-004
   55255.8221597033       1.466774303960916E-004  2.825924862511497E-004
   55308.8084439691      -2.490218136531608E-004  3.062583549055422E-004
   55308.8288783983       2.322154140245170E-004  3.063182679993726E-004
   55308.8493129276       2.152486215550864E-004  3.062219097161695E-004
   55308.8697472567       4.222338268856651E-004  3.062934531511713E-004
   55308.8901817859      -8.545549273735187E-004  3.061337108037215E-004
   55308.9106162150      -1.080225460360351E-004  3.061348246225865E-004
   55308.9310505441       2.735835099708650E-004  3.062375031802792E-004
   55308.9514850732       3.272939007402664E-004  3.061794550854787E-004
   55308.9719195023      -3.745071166016967E-005  3.063343277132397E-004
   55308.9923538313       2.314242001927314E-004  3.063269713281780E-004
   55309.0127883604      -2.141997963209796E-004  3.063316856312809E-004
   55309.0332227894      -1.413575774927844E-004  3.063573811734684E-004
   55309.0536572184       3.637686338925361E-004  3.063044618259996E-004
   55309.0740916474       9.499068045848436E-005  3.062720574678580E-004
   55309.0945260763      -4.277430908800062E-004  3.062429945663112E-004
   55309.1149605052      -1.659306137194561E-003  3.062200447171398E-004
   55309.1353949341      -2.707577897681945E-003  3.060678141713375E-004
   55309.1558293630      -2.887670672783726E-003  3.061222099763715E-004
   55309.1762637919      -3.018217326164363E-003  3.061259399744310E-004
   55309.1966983207      -3.385643752823020E-003  3.061069791509620E-004
   55309.2171326495      -1.413134068842470E-003  3.062732489950158E-004
   55309.2375670783      -6.131539643237094E-004  3.063686488759397E-004
   55309.2580016070       3.074199584277570E-004  3.064737104879482E-004
   55309.2784359358      -2.028089511807440E-005  3.064928526307673E-004
   55309.2988703645       9.115172011157080E-004  3.064844083296049E-004
   55309.3193047932      -7.951028108266200E-005  3.064255831518753E-004
   55309.3397392219      -4.873216800391766E-004  3.064050681625482E-004
   55309.3601735505       2.771732460105092E-006  3.064399591860628E-004
   55309.3806080791       4.396456065537402E-004  3.064868690922136E-004
   55309.4010425078      -3.670421735028073E-004  3.064604482726256E-004
   55309.4214769364      -2.567701975478842E-004  3.064538171649644E-004
   55309.4419113649      -2.729100183462840E-005  3.065071250538977E-004
   55309.4623457934       3.711197299710589E-004  3.065222781710143E-004
   55309.4827802219       7.543025159536532E-004  3.065870609845333E-004
   55309.5032146504      -2.433316124927920E-005  3.065006234600579E-004
   55309.5236490789       3.505640250897057E-004  3.064914279787307E-004
   55362.5302351343       4.667263997105708E-004  3.004140178071632E-004
   55362.5506692239       2.456111522552984E-005  3.003502452014520E-004
   55362.5711033133       1.544939894996267E-004  3.003785569228340E-004
   55362.5915374023       2.416878913503728E-004  3.003695686636212E-004
   55362.6119715912      -5.668221513854821E-005  3.003527059640607E-004
   55362.6324055799      -4.138868901737425E-005  3.003809140743855E-004
   55362.6528396684      -5.337601614574528E-005  3.003680144977631E-004
   55362.6732738567      -2.136746583392135E-004  3.003849290028522E-004
   55362.6937078447      -4.726007413327071E-004  3.003060809883173E-004
   55362.7141419327      -9.728195071134760E-005  3.003633260974245E-004
   55362.7345761202       4.229168533099736E-004  3.003961189970306E-004
   55362.7550101076      -3.527804093083065E-004  3.003115464715849E-004
   55362.7754441946       2.083342559603407E-004  3.003794376168202E-004
   55362.7958783817       5.669488000547007E-004  3.004077752409665E-004
   55362.8163123683      -5.499828930546347E-004  3.003294711844819E-004
   55362.8367464550      -1.669562780456380E-003  3.002393554674756E-004
   55362.8571806411      -2.626522284365551E-003  3.001823175804828E-004
   55362.8776147273      -2.430020715755710E-003  3.001497319029911E-004
   55362.8980487132      -2.582789361062376E-003  3.001783026520160E-004
   55362.9184828986      -2.674505678992745E-003  3.001672421716591E-004
   55362.9389169841      -1.949615509421188E-003  3.002287612368761E-004
   55362.9593509693      -3.829905250835042E-004  3.003173745935529E-004
   55362.9797851543       2.124421100663243E-004  3.003591816551361E-004
   55363.0002192390       1.097122191197064E-004  3.004182917632730E-004
   55363.0206534236       1.928901542932460E-004  3.003163643857451E-004
   55363.0410874078       3.874980403283379E-004  3.003619791536807E-004
   55363.0615214919       4.975150862207567E-005  3.003037238367658E-004
   55363.0819556760      -3.078842418131611E-004  3.003100182084912E-004
   55363.1023896595      -2.302867800858532E-004  3.002659317036493E-004
   55363.1228237429      -1.277422992937982E-004  3.003219593828343E-004
   55363.1432579260      -2.325383631510691E-004  3.002826648893884E-004
   55363.1636919091       3.684099554751574E-004  3.003430183302118E-004
   55363.1841259918      -3.156876410437270E-005  3.003211563971409E-004
   55363.2249941567       3.965139093328185E-004  3.003236430625140E-004
   55363.2454282388       3.174355098012338E-005  3.002999161304134E-004
   55416.2505909028      -1.300627845682856E-004  3.663721609536177E-004
   55416.2710244132       7.519500010544355E-006  3.664783753423316E-004
   55416.2914578233       1.250143022496486E-004  3.664822661920001E-004
   55416.3118911328      -7.549679793050768E-005  3.664413832342886E-004
   55416.3323246423      -2.914233860923376E-004  3.664927772933436E-004
   55416.3527580517      -8.130715216623230E-004  3.663689669725465E-004
   55416.3731914605      -5.347618862707737E-004  3.663373755961330E-004
   55416.3936248691       4.256637447508371E-005  3.665022140555995E-004
   55416.4140582775      -2.770231914291932E-004  3.664155410238032E-004
   55416.4344916856       2.260514045439033E-004  3.663978579831453E-004
   55416.4549250936       8.096546705826935E-005  3.665271561441466E-004
   55416.4753584012      -7.575656618835636E-004  3.664769235327538E-004
   55416.4957919085      -7.765827502591582E-004  3.664073237815927E-004
   55416.5162253154       4.879243268444133E-004  3.665661807855986E-004
   55416.5366586224      -5.904365467557238E-004  3.664651348389818E-004
   55416.5570921289      -1.734462137367832E-003  3.662892335905322E-004
   55416.5775255350      -3.251253068755511E-003  3.661786057007018E-004
   55416.5979588410      -3.396474503818747E-003  3.662264863805785E-004
   55416.6183923469      -3.441358114632087E-003  3.662343842246819E-004
   55416.6388257522      -2.754221950315605E-003  3.662495991890576E-004
   55416.6592591573      -2.370302888827003E-003  3.663438506668501E-004
   55416.6796925622      -9.390171830216953E-004  3.664393216646880E-004
   55416.7001259669      -2.988447284443252E-004  3.665031432137293E-004
   55416.7205594713       4.918684875143686E-005  3.664886251179510E-004
   55416.7409927753       1.125229531312444E-004  3.664653380923227E-004
   55416.7614261792       1.138033665873950E-004  3.664843567977922E-004
   55416.7818596827       7.426203096583261E-005  3.664688805076926E-004
   55416.8022929860       5.172485128813742E-004  3.665847058758117E-004
   55416.8227263890       7.125932333368334E-004  3.665711750105463E-004
   55416.8431598918      -6.232164205517421E-004  3.664734391897670E-004
   55416.8635932943      -1.088509565105866E-004  3.664905415065938E-004
   55416.9044600985      -5.117225351370935E-004  3.663909764057464E-004
   55416.9248935002      -7.113136553612565E-004  3.664734391897670E-004
   55416.9453268016      -2.395471454353926E-004  3.664306688796042E-004
   55416.9657603027      -3.939524730827149E-004  3.664389441941978E-004
   55469.9691632494      -1.086657888106357E-004  2.762975430861390E-004
   55469.9895960883      -1.414553427547816E-004  2.762927720493838E-004
   55470.0100289272       6.066114184710703E-005  2.762667790240017E-004
   55470.0304617658      -6.506540471873379E-005  2.762783546541619E-004
   55470.0508946045       5.724635129752409E-004  2.763381360054167E-004
   55470.0713275429       1.199425437040658E-004  2.763193125707870E-004
   55470.0917602812       2.069098300113703E-004  2.763179568663538E-004
   55470.1121931192       5.805769879162481E-004  2.763143329641190E-004
   55470.1326260573       3.117642561744072E-004  2.763560469466779E-004
   55470.1530588952      -1.140797516340220E-004  2.763119865526000E-004
   55470.1734916330      -3.710446083943220E-004  2.762897738568874E-004
   55470.1939245705      -1.702702823138669E-004  2.763267689451694E-004
   55470.2143574080       3.369325547036839E-004  2.763256739531272E-004
   55470.2347901454       5.468620447927064E-004  2.763475737939707E-004
   55470.2552230826      -6.281995487302794E-004  2.762805185670071E-004
   55470.2756559198      -2.088669783251507E-003  2.761572016060671E-004
   55470.2960886567      -2.732031935408941E-003  2.761204933014152E-004
   55470.3165215936      -3.108468324579450E-003  2.760632408603529E-004
   55470.3369544302      -3.160772653103106E-003  2.760897292392779E-004
   55470.3573872668      -2.467206627511209E-003  2.761209365124798E-004
   55470.3778201032      -1.767572824268981E-003  2.761683340251625E-004
   55470.3982529395      -2.702716711295849E-004  2.762824999811787E-004
   55470.4186857756       1.010396992572327E-004  2.763143851065972E-004
   55470.4391186117      -6.454064267369386E-005  2.763245789610850E-004
   55470.4595513477      -1.439986494689016E-004  2.763276032248206E-004
   55470.4799842834       1.572369784302863E-004  2.763258303805618E-004
   55470.5004171190       6.283018421660014E-005  2.763132379720768E-004
   55470.5208499545       3.288949793511797E-006  2.763324785465322E-004
   55470.5412827899      -8.215211427919922E-005  2.763080497954960E-004
   55470.5617156252       1.644312258021197E-004  2.763193386420261E-004
   55470.5821484602       9.716061968867429E-006  2.763146197477490E-004
   55470.6025813952      -2.133916028603799E-004  2.762768946647723E-004
   55470.6230141300       5.955253243455916E-004  2.763619129754753E-004
   55470.6434470647       5.238063765439227E-004  2.763411602691522E-004
   55470.6638798993      -1.090709826622183E-004  2.763228582593045E-004
   55470.6843126337      -3.801275916597291E-004  2.763005934211136E-004
   55523.6869388270      -4.053737848596084E-004  2.778844211964003E-004
   55523.7073716572      -3.379808361057002E-004  2.779136731266698E-004
   55523.7278044875      -1.191541948434294E-004  2.778184348902397E-004
   55523.7482374179       1.711562887266593E-004  2.778935200588460E-004
   55523.7686701485       1.183044789369037E-004  2.778810058640783E-004
   55523.8095359100      -1.854528610204520E-004  2.779115352850636E-004
   55523.8299686410       2.937304694509146E-004  2.778691173790490E-004
   55523.8504014721       3.224200156685120E-004  2.779409175715286E-004
   55523.8708344034       6.375969078875610E-005  2.779140641952562E-004
   55523.8912671348      -1.168686371691985E-004  2.779052781876798E-004
   55523.9117000663       4.019274753896962E-005  2.778856986871162E-004
   55523.9321328980       1.104968947579499E-004  2.779354686825568E-004
   55523.9525656298       1.196447264225631E-004  2.779244926908960E-004
   55523.9729985617      -1.091304047458164E-003  2.778469307545754E-004
   55523.9934313938      -2.303926597642225E-003  2.777648584938906E-004
   55524.0138641260      -2.224380451586683E-003  2.776974121983405E-004
   55524.0342970584      -3.191827362486355E-003  2.776212841801704E-004
   55524.0547298908      -2.985772532628439E-003  2.776873226288090E-004
   55524.0751627234      -2.059116177026254E-003  2.777681956124953E-004
   55524.0955955562      -1.789424143517904E-003  2.777285673290642E-004
   55524.1160283891      -7.043232507375485E-004  2.778310794412029E-004
   55524.1364612222       1.528500696775792E-004  2.779180270235993E-004
   55524.1568940553       1.937633021861229E-004  2.778882536685479E-004
   55524.1773268886      -3.809553299107815E-004  2.779075203142423E-004
   55524.1977597221       2.176672329105012E-004  2.779350776139704E-004
   55524.2181925557       2.393960316892096E-004  2.779421168485272E-004
   55524.2386253894      -1.194734184439827E-005  2.779395879383345E-004
   55524.2590582233      -4.570742129927918E-005  2.779599235048321E-004
   55524.2794910573      -2.275590187534871E-004  2.778951886181483E-004
   55524.2999238914       3.763665511302694E-005  2.779100492244349E-004
   55524.3203568257       4.427713369140607E-004  2.779576813782695E-004
   55524.3407895602      -2.134455338048680E-004  2.779032446310300E-004
   55524.3612224947      -5.150838769736321E-004  2.779002985810118E-004
   55524.3816553294       5.443638577118382E-005  2.778599142316469E-004
   55524.4020880643      -2.786227717765932E-005  2.779201909364446E-004
   55577.4055712655      -2.332526130442991E-004  2.837467939790842E-004
   55577.4260048332       4.585047274353604E-004  2.838082124079267E-004
   55577.4464383010       3.370736340190250E-004  2.837965450134253E-004
   55577.4668716692       3.245071154117651E-004  2.838277019608184E-004
   55577.4873052378      -3.086411586459281E-004  2.838522745998022E-004
   55577.5077387066       9.049644506953225E-005  2.837520614258117E-004
   55577.5281720758      -1.748481175959382E-004  2.838258320172302E-004
   55577.5486056453       8.866211079217035E-005  2.838118732834023E-004
   55577.5690391150       2.408648672808100E-004  2.838450581977855E-004
   55577.5894724851       3.789364656062721E-004  2.838070535696467E-004
   55577.6099060555      -2.278988549586636E-005  2.838613872826407E-004
   55577.6303395262      -3.604813510762472E-004  2.837447396748605E-004
   55577.6507730972      -2.808959554267965E-005  2.838176148003353E-004
   55577.6712064685      -4.246350447989489E-005  2.837991260623218E-004
   55577.6916399401      -8.873834224522037E-004  2.836919335214174E-004
   55577.7120735121      -2.248482612048797E-003  2.837039696371897E-004
   55577.7325068844      -3.509008565080407E-003  2.835109967263282E-004
   55577.7529403569      -3.050356730781578E-003  2.835837401656348E-004
   55577.7733739298      -2.783505598632274E-003  2.835997005292191E-004
   55577.7938073029      -2.886668680597060E-003  2.835833714443639E-004
   55577.8142408764      -1.510645876039773E-003  2.837240122719878E-004
   55577.8346743501      -3.853763136272281E-004  2.837841928508494E-004
   55577.8551078243      -2.702618526969625E-004  2.837491906673452E-004
   55577.8755412987       5.365544200649497E-004  2.838616243177434E-004
   55577.8959747734      -1.729764257130117E-005  2.838958363842385E-004
   55577.9164081485       2.467839669128002E-004  2.837869055859140E-004
   55577.9368417238       2.778708813330200E-004  2.839817484403638E-004
   55577.9572751995      -1.203729062826397E-004  2.838892520758291E-004
   55577.9777085754      -5.377131842597693E-004  2.838047095558530E-004
   55577.9981421516      -9.353129925959713E-005  2.837806636615420E-004
   55578.0185756282       4.557851010933422E-005  2.838292295203694E-004
   55578.0390092052       3.650697995783991E-004  2.838325480118077E-004
   55578.0594425824      -6.072133385444101E-004  2.838355241192087E-004
   55578.0798760599       2.687867188474469E-004  2.838099770025804E-004
   55578.1003096377      -9.284606666160045E-005  2.838190370109517E-004
   55578.1207430158      -1.563471781559356E-004  2.838725015952357E-004
   55631.1261794061      -4.169322297015166E-004  2.817454802694425E-004
   55631.1466135062      -4.810406492639085E-005  2.817987078186237E-004
   55631.1670477065      -3.403592336251871E-004  2.817946518846436E-004
   55631.1874820071       1.222661474283848E-004  2.816954921999986E-004
   55631.2079161078       2.165897118137083E-004  2.818082682344341E-004
   55631.2487846099       3.023970541760068E-005  2.817939671165690E-004
   55631.2692187113       5.972524572228632E-005  2.817259907165508E-004
   55631.2896530128       2.206271190378084E-004  2.817345239802493E-004
   55631.3100872146      -4.599336571001755E-004  2.817831688507776E-004
   55631.3305213166       1.507747624529543E-006  2.817789548933956E-004
   55631.3509556187       5.709751932060358E-004  2.818027110781366E-004
   55631.3713898211      -7.235625031687398E-006  2.817353667717257E-004
   55631.3918241237       1.146287917735966E-004  2.817341289217447E-004
   55631.4122582265      -8.592130544834431E-004  2.816551698952997E-004
   55631.4326924295      -2.015259750718590E-003  2.815684677221653E-004
   55631.4531267327      -3.461753626697428E-003  2.814647253588674E-004
   55631.4735608361      -2.988109690030605E-003  2.815173998261423E-004
   55631.4939950397      -2.883847773524573E-003  2.815088402252101E-004
   55631.5144292435      -2.695588564979645E-003  2.814861375298146E-004
   55631.5348634475      -1.510823982080467E-003  2.816497970996376E-004
   55631.5552976517      -1.283774895621814E-005  2.817424514875741E-004
   55631.5757318562       6.966497151827955E-005  2.817193273964405E-004
   55631.5961660608       5.801603935762234E-005  2.817216187357670E-004
   55631.6166003657      -2.077908963493691E-005  2.816754495652005E-004
   55631.6370345707      -3.453174326510933E-004  2.816741063662850E-004
   55631.6574686759       7.257307100506649E-004  2.817744775636773E-004
   55631.6779029813      -1.750310818292578E-004  2.816596208877844E-004
   55631.6983371870      -3.770296872566137E-004  2.816866692267300E-004
   55631.7187712928      -1.185635053226886E-004  2.816176130001327E-004
   55631.7392055989      -2.733130100880388E-004  2.816790050917415E-004
   55631.7596398051       2.256121495024521E-004  2.816966247010450E-004
   55631.7800741116       2.025557588781757E-004  2.816669689759693E-004
   55631.8005082182       5.337789346893107E-005  2.816813227683017E-004
   55631.8209424251       2.032937692885151E-004  2.817439790471251E-004
   55631.8413767321       4.693621322060526E-005  2.816755549141350E-004
   55684.8277137016       9.954219295427169E-005  3.092217158108366E-004
   55684.8481482244      -1.598256494750316E-005  3.091828689504657E-004
   55684.8685826469       3.966739077986281E-004  3.091805638097290E-004
   55684.8890170696       7.307025127045730E-005  3.092164506598355E-004
   55684.9094514922       2.630817439871480E-004  3.093262853769865E-004
   55684.9298859147      -3.271125379571416E-004  3.091993454677775E-004
   55684.9503203373      -4.040928116175735E-004  3.092164244650544E-004
   55684.9707547598       1.520243269584887E-004  3.092060251369579E-004
   55684.9911891821       3.439134454775727E-004  3.092034842431912E-004
   55685.0116237045       3.678148945228665E-004  3.092191225275077E-004
   55685.0320581269       2.123369677241582E-004  3.091848859486104E-004
   55685.0524924492      -6.609611792401937E-004  3.091851478964214E-004
   55685.0729269715       2.815605369498320E-004  3.092253568854095E-004
   55685.0933613937       1.340251728124686E-004  3.092182057101692E-004
   55685.1137957158      -4.912753112590318E-004  3.091570670910826E-004
   55685.1342302379      -5.117925779005716E-004  3.091633800333276E-004
   55685.1546646601      -2.382922562790935E-003  3.090923135922042E-004
   55685.1750991822      -3.268097578854712E-003  3.089468539727577E-004
   55685.1955335042      -2.877307062369105E-003  3.090241547717828E-004
   55685.2159679261      -3.128144610075934E-003  3.090406574838756E-004
   55685.2364024481      -2.972445159741710E-003  3.090044039068336E-004
   55685.2568367700      -7.860453122428002E-004  3.091565693902417E-004
   55685.2772711918       3.579462268488154E-005  3.092503729013596E-004
   55685.2977057137      -1.343103453075312E-004  3.090917896965822E-004
   55685.3181400353       5.687081525812543E-004  3.091268383136935E-004
   55685.3385744571      -1.718227113790549E-004  3.090941996164434E-004
   55685.3590089788      -1.679713255557935E-004  3.091730197127723E-004
   55685.3794433004      -1.556303127915326E-004  3.092164244650544E-004
   55685.3998778220      -1.410398586779715E-004  3.091669163287761E-004
   55685.4203121436      -2.346929463247216E-004  3.090727984802849E-004
   55685.4407465650       2.079994351934511E-004  3.092191225275077E-004
   55685.4611810866       1.652165493909452E-004  3.092279239739572E-004
   55685.4816154080      -7.282939107078334E-005  3.092118927679242E-004
   55685.5020498293      -4.707598874614805E-004  3.091225685643743E-004
   55685.5224843508      -2.364709139882626E-004  3.091342514367448E-004
   55685.5429187719       1.956805221984270E-004  3.092139359608500E-004
   55685.5633531933       4.378345878465195E-004  3.092314078798435E-004
   55792.2696429022       3.214063583535376E-004  3.741886261136513E-004
   55792.2900762595       4.475542677638833E-004  3.742245960634141E-004
   55792.3105096167       7.859429255129280E-004  3.741796411387314E-004
   55792.3309430736      -1.831780665758620E-004  3.740942388018677E-004
   55792.3513763303      -1.401201453006262E-004  3.740354307887634E-004
   55792.3718096865       1.372635004653899E-004  3.741869433089840E-004
   55792.3922431428      -2.209723650703488E-005  3.742212605041629E-004
   55792.4126763985       6.713966980520514E-005  3.740843823745309E-004
   55792.4331097541       2.498802325046068E-005  3.741224257800444E-004
   55792.4535432094       5.545028412246022E-005  3.741519349618882E-004
   55792.4739764644       5.337598048235082E-004  3.742512204372569E-004
   55792.4944099192       2.371342479364769E-004  3.742617379664273E-004
   55792.5148432736      -7.501508943446034E-004  3.741860418064837E-004
   55792.5352765280      -1.290872204338100E-004  3.742686194355131E-004
   55792.5557099819      -1.609037767471566E-004  3.741787396362311E-004
   55792.5761433355      -1.131427275458452E-003  3.741032838769543E-004
   55792.5965766890      -2.958137422414020E-003  3.739840751963285E-004
   55792.6170100422      -2.763791393680992E-003  3.739350334603111E-004
   55792.6374432951      -2.511758877578263E-003  3.741178581673761E-004
   55792.6578766479      -2.773824731632568E-003  3.740405393029319E-004
   55792.6783101001      -1.491786110801363E-003  3.741030434762875E-004
   55792.6987434524      -1.719606171807775E-003  3.741119683510407E-004
   55792.7191767042      -5.745706048836396E-004  3.741767262806470E-004
   55792.7396101558       1.444375500626593E-004  3.742272705208317E-004
   55792.7600435071       1.054100834653182E-004  3.740518080841859E-004
   55792.7804769582       1.589422122127981E-005  3.742240551619139E-004
   55792.8009102089       9.200586798130406E-005  3.742459316225884E-004
   55792.8213435595      -3.421299978474401E-004  3.741440618400521E-004
   55792.8417770097      -2.311277491839903E-005  3.741803623407317E-004
   55792.8622102598       6.169926779187040E-005  3.741836077497329E-004
   55792.8826436095      -6.236388027465178E-004  3.741313807048809E-004
   55792.9030770590       5.260579668842080E-005  3.741209833760439E-004
   55792.9235103083      -4.786237116871650E-005  3.741842388014830E-004
   55792.9439436570      -8.354374018815225E-005  3.741640150953925E-004
   55792.9643771058       3.142819567677479E-004  3.742051236094072E-004
   55845.9880992970       7.687866308947466E-005  2.779078045613659E-004
   55846.0085321118       4.255931975916116E-005  2.778832016604421E-004
   55846.0289649265      -2.350772717970573E-004  2.778828603181667E-004
   55846.0493977411       3.914608698080135E-004  2.779050738231631E-004
   55846.0698305556      -1.127098204329879E-004  2.778491987183968E-004
   55846.0902633701       6.056112757523158E-004  2.779006363735834E-004
   55846.1106961843       4.272244368833666E-004  2.779169945457025E-004
   55846.1311289985       6.370653564505835E-004  2.779670143175914E-004
   55846.1515618125       1.682614747081645E-004  2.778632987800789E-004
   55846.1719946264      -1.337510075382076E-004  2.778635876081581E-004
   55846.1924275402      -4.665173679174739E-005  2.779242940189755E-004
   55846.2128602540       2.755158891277754E-004  2.779060978499891E-004
   55846.2332930675      -1.498824614782901E-004  2.778983257489502E-004
   55846.2537259810      -5.438090121834271E-005  2.778403238192375E-004
   55846.2741586943      -4.362698474963400E-004  2.777993364890965E-004
   55846.2945916075      -1.262432653186374E-003  2.777206702231756E-004
   55846.3150244206      -2.562322227926073E-003  2.776649789180961E-004
   55846.3354571337      -3.609276244566861E-003  2.775861813666847E-004
   55846.3558900465      -2.931817957884220E-003  2.776367262805358E-004
   55846.3763228593      -2.664031188068239E-003  2.776549224495221E-004
   55846.3967555720      -2.033207606253584E-003  2.777288624377842E-004
   55846.4171884845      -7.209562468870612E-004  2.778415579028485E-004
   55846.4376212968      -5.208261574505268E-004  2.778107320696738E-004
   55846.4580541092      -6.236290032490821E-005  2.778850659144075E-004
   55846.4784869214      -1.721985988644148E-004  2.778677624867567E-004
   55846.4989197335      -1.733036986004688E-004  2.778739591619093E-004
   55846.5193525454       2.539980469716818E-004  2.778981419492635E-004
   55846.5397853572       1.841228347631008E-004  2.779023955991564E-004
   55846.5602181690      -2.434272798503834E-004  2.779072006481095E-004
   55846.5806510806      -1.087831741211076E-004  2.778755083306975E-004
   55846.6010837921       2.785508262627134E-004  2.779320136058182E-004
   55846.6215166036      -2.666887441731269E-004  2.778894771068891E-004
   55846.6419495148      -8.775674251848553E-005  2.778937044996839E-004
   55846.6623823260      -4.330875844771320E-004  2.778981682063616E-004
   55846.6828150369       1.633665399257689E-004  2.779192789132376E-004
   55846.7032479479       1.048683406323914E-005  2.779148677207560E-004
   55899.7058798927       1.973716651270108E-004  2.798183235336410E-004
   55899.7263128510      -4.557785093562972E-004  2.797666495645714E-004
   55899.7467456095      -3.709086472779566E-004  2.797767848044398E-004
   55899.7671784682       6.157197876943687E-005  2.798426376064857E-004
   55899.7876114270       4.206767932087851E-004  2.798662164805835E-004
   55899.8080441860      -1.860017806625258E-004  2.797767848044398E-004
   55899.8284770451      -2.068612222295707E-004  2.798327386805003E-004
   55899.8489100044       4.140623823042366E-004  2.798390666411435E-004
   55899.8693427638      -2.362331983812860E-004  2.797579059509027E-004
   55899.8897756234      -7.864942277779896E-006  2.797396047535239E-004
   55899.9102085832       1.978254672748703E-004  2.798115754594281E-004
   55899.9306414431       2.220832892879665E-004  2.798384102136908E-004
   55899.9510743031       5.016686999809172E-004  2.798623829442602E-004
   55899.9715071634      -6.264582775383776E-005  2.797885479843906E-004
   55899.9919400237      -4.983177990750542E-004  2.797910161516124E-004
   55900.0123728843      -1.696856374476585E-003  2.796454467997214E-004
   55900.0328057450      -2.515461460097512E-003  2.796100259743785E-004
   55900.0532385058      -2.997378098980374E-003  2.795633933681450E-004
   55900.0736714668      -3.051757120658527E-003  2.795244540916561E-004
   55900.0941043279      -3.001278095566051E-003  2.795974750814845E-004
   55900.1145370893      -2.450346256593350E-003  2.796104723450462E-004
   55900.1349700507      -1.202454408064768E-003  2.796902676661856E-004
   55900.1554029124      -2.245055192510170E-004  2.797849245048521E-004
   55900.1758358741      -8.746289641081706E-005  2.797748417791800E-004
   55900.1962686361      -3.623903102243364E-004  2.797587199209439E-004
   55900.2167014982      -1.516995009219757E-004  2.797800144275066E-004
   55900.2371344604       1.857617478330242E-004  2.798260168633856E-004
   55900.2575672229       2.736753861393160E-004  2.798274610037813E-004
   55900.2780000855       1.724182714050171E-004  2.798244676945974E-004
   55900.2984330482      -1.614701697341125E-004  2.797905960380427E-004
   55900.3188658111      -7.348136940898975E-005  2.798173782781092E-004
   55900.3392987741      -6.430842539906223E-005  2.797510791053955E-004
   55900.3597316373       3.967059884313340E-005  2.797829289653962E-004
   55900.3801644007       1.373377950198984E-004  2.797934055475399E-004
   55900.4005973642       2.169202392886538E-004  2.798197414169386E-004
   55900.4210302279      -6.377358452369641E-005  2.797937731469133E-004
   55953.4246259193       1.621595575050927E-004  2.894681767491347E-004
   55953.4450595456      -1.207580612452297E-004  2.894341194432006E-004
   55953.4654930724      -5.809833338610293E-004  2.894396711043560E-004
   55953.4859264994      -1.806214670250217E-004  2.894339592991288E-004
   55953.5063601268      -1.778122878037802E-004  2.894313169219442E-004
   55953.5267935543      -4.266434144796216E-004  2.893851687385899E-004
   55953.5472271823      -3.254761882489632E-004  2.894411124010021E-004
   55953.5676607106       7.080222126576441E-005  2.894603563802956E-004
   55953.5880941391       2.460269143890192E-004  2.894686304906715E-004
   55953.6085277680       5.514193466730211E-004  2.895232396191521E-004
   55953.6289612972      -2.127839992832614E-004  2.894158630190164E-004
   55953.6493947266       2.989342856943855E-004  2.895003923982433E-004
   55953.6698283564       3.106642047748798E-004  2.894790398553379E-004
   55953.6902618866       7.726476573044483E-005  2.894338525364143E-004
   55953.7106955170       1.366779012726971E-004  2.894555253674633E-004
   55953.7311289477      -1.393144473050389E-003  2.893820993105472E-004
   55953.7515624788      -2.688837629091889E-003  2.892936464015615E-004
   55953.7719961101      -3.387730806207134E-003  2.891726308646450E-004
   56007.1453873952      -3.773825379934648E-004  2.856670504424684E-004
   56007.1658216322       4.825976007694077E-005  2.857260902236019E-004
   56007.1862559695      -5.429693673372205E-004  2.856734562053401E-004
   56007.2066902069       1.628015167198793E-005  2.857343643339778E-004
   56007.2271244444       1.141509424211207E-003  2.857856638183080E-004
   56007.2475586822      -4.631954494940249E-004  2.856714810951213E-004
   56007.2679929202      -7.843635838117313E-004  2.856503153869663E-004
   56007.2884272583      -3.476493841307882E-004  2.856786075063160E-004
   56007.3088613967      -1.265732562365507E-004  2.856914190320592E-004
   56007.3292956352       9.004069149487481E-005  2.857010009856881E-004
   56007.3497299739       2.063215794788631E-004  2.857080740155254E-004
   56007.3701641128      -2.005113992489260E-004  2.856788210317450E-004
   56007.3905984519       2.440263771498197E-004  2.857095953842075E-004
   56007.4314668307      -3.042256461271986E-004  2.857011077484026E-004
   56007.4519011703      -1.620792989716291E-003  2.855768092580144E-004
   56007.4723354102      -1.782118828588586E-003  2.855560972913961E-004
   56007.4927695502      -2.878844467354869E-003  2.854771195733247E-004
   56007.5132038904      -2.953575414548104E-003  2.854482402590451E-004
   56007.5336381308      -2.812477145485270E-003  2.854577154499594E-004
   56007.5540723715      -1.832888207052297E-003  2.855669603975992E-004
   56007.5745066123      -4.662502453631756E-004  2.856635806542463E-004
   56007.5949408532       1.570404538971948E-004  2.856933674515994E-004
   56007.6153750944       1.204082889411096E-004  2.856898442820199E-004
   56007.6358093357      -4.859610576735118E-005  2.856515698488620E-004
   56007.6562435772      -1.879904789803266E-004  2.856563207896584E-004
   56007.6766778190       6.231920628650967E-004  2.857234478464174E-004
   56007.6971120609      -5.344619856720856E-004  2.856341942170727E-004
   56007.7175463030       4.628788057666755E-004  2.857100491257442E-004
   56007.7379805453       3.340074278990190E-005  2.856559204294789E-004
   56007.7584147877      -5.317231407842016E-005  2.856801288749980E-004
   56007.7788491304      -3.344042202636510E-004  2.856510360352893E-004
   56007.7992832733      -3.468776299486720E-005  2.856676109467197E-004
   56007.8197175163       1.007693117077713E-004  2.856655023831078E-004
   56007.8401518595      -8.771525896256183E-005  2.856714544044427E-004
   56007.8605861030       3.261040059355791E-004  2.856964368796420E-004
   56060.8673759506      -4.418838080992860E-004  3.119249086602148E-004
   56060.8878103640      -3.868659312725731E-004  3.118971886721486E-004
   56060.9082448774      -2.928732355661490E-004  3.118592030042913E-004
   56060.9286791908       1.411655305483261E-005  3.119203991884720E-004
   56060.9491137040       1.652684859837494E-004  3.119849376870033E-004
   56060.9695481173       1.917907231044902E-004  3.118634472129904E-004
   56060.9899824305      -4.754428787715481E-004  3.117164649604785E-004
   56061.0104169435       5.743324525139260E-004  3.119001330919336E-004
   56061.0308513567       2.429728417839838E-004  3.117774754605285E-004
   56061.0512856696       4.451124263448181E-004  3.119240332921706E-004
   56061.0717201827       1.768879464806306E-004  3.118462581677589E-004
   56061.0921545955      -7.866060441885647E-005  3.118611128982059E-004
   56061.1534578338      -9.768947207898782E-004  3.118871352027925E-004
   56061.1738923465      -2.038287042638198E-003  3.116903100243700E-004
   56061.1943266591      -3.213854559952267E-003  3.117001247569868E-004
   56061.2147610716      -3.018270430170333E-003  3.116856148684966E-004
   56061.2351955841      -3.137656871928240E-003  3.116040464825601E-004
   56061.2556299966      -2.553834738531657E-003  3.117254308513554E-004
   56061.2760643089      -1.297396697358399E-003  3.117515592611594E-004
   56061.2964988213      -8.345093753368005E-004  3.118340295414446E-004
   56061.3169332335       1.231196067373874E-004  3.118139491290368E-004
   56061.3373676457       1.851810990582958E-005  3.118077950264230E-004
   56061.3578020578      -3.161181427132620E-004  3.117709765159580E-004
   56061.3782364698      -7.832790934917400E-004  3.118565503738544E-004
   56061.4191052938       2.553485120647681E-004  3.118947482521466E-004
   56061.4395397057      -1.930046541185337E-004  3.118735272086509E-004
   56061.4599741176       4.341436407628851E-005  3.118537120592868E-004
   56061.4804085293       2.048802709008202E-004  3.119196564519496E-004
   56061.5212773528      -1.343423440508529E-004  3.119244046604318E-004
   56061.5417117643      -1.288995072148413E-004  3.119178791895569E-004
   56061.5621462759       3.971640463962256E-005  3.118528101649382E-004
   56061.5825805873       2.498276432586488E-004  3.119070564573741E-004
   56114.5890014404      -6.492611788777580E-005  3.800489394230828E-004
   56114.6094354416       9.499430802872855E-005  3.800551276253441E-004
   56114.6298694425      -2.231669278496273E-005  3.800301882373362E-004
   56114.6503034432      -3.085457603194675E-004  3.800288821845976E-004
   56114.6707374434      -2.466312278053273E-004  3.799660672671711E-004
   56114.6911714437      -7.383991070736284E-004  3.799779150312996E-004
   56114.7116054437      -3.399928232203919E-004  3.799589772665903E-004
   56114.7320394434      -3.290170047021146E-004  3.799631752932500E-004
   56114.7524734427      -2.122401384800909E-004  3.799434601161963E-004
   56114.7729075420      -4.301451279054014E-005  3.799599723543911E-004
   56114.7933415411      -2.793495629551668E-004  3.799554322662999E-004
   56114.8137754400      -5.945020374149568E-004  3.799146647629602E-004
   56114.8342095383       4.999001154659677E-005  3.800323649919005E-004
   56114.8546435367      -5.648324590268317E-004  3.799095027449935E-004
   56114.8955115325      -1.572950667257711E-003  3.798178613778371E-004
   56114.9159455302      -3.373410901640561E-003  3.796742888660756E-004
   56114.9363796276      -3.230777246939431E-003  3.797270596160127E-004
   56114.9568135246      -2.463837919488343E-003  3.796745998310134E-004
   56114.9772475216      -2.370704077656161E-003  3.797647174699748E-004
   56114.9976816181      -1.400936325035684E-003  3.797629449698296E-004
   56115.0181155146      -5.576369205965159E-004  3.798658432677327E-004
   56115.0385495109      -3.194008621152378E-004  3.798415258096002E-004
   56115.0589836067       3.389142308404258E-004  3.799104356398067E-004
   56115.0794175025       3.125085942842221E-004  3.799769199434987E-004
   56115.0998514979       4.614904666694342E-004  3.799209462547029E-004
   56115.1202855930      -2.206236821333807E-005  3.799290002465907E-004
   56115.1407194881       5.469529296008302E-004  3.799315501590803E-004
   56115.1611535827       1.640146723284053E-004  3.799282539307401E-004
   56115.1815875774       3.274378593575156E-004  3.799485288446817E-004
   56115.2020214716      -2.007971686898147E-004  3.798945453314875E-004
   56115.2224555655       1.019092843634328E-003  3.801740717140354E-004
   56115.2428894595      -3.115414651989612E-004  3.798971885334584E-004
   56115.2633234529       3.542759287734620E-004  3.799471605989556E-004
   56115.2837575462      -5.466580341979554E-004  3.798818890585209E-004
   56115.3041915394      -3.005601211020226E-004  3.798784684442055E-004
   56168.2886736638       5.929928232101256E-004  3.810058718260361E-004
   56168.3091068730       3.674919502757445E-004  3.810554085406205E-004
   56168.3295401820      -1.252918012242255E-004  3.810241565643761E-004
   56168.3499735907       1.037039921464311E-004  3.810401090656829E-004
   56168.3704067990       6.979061105111262E-004  3.810826179726740E-004
   56168.3908401073      -6.270929825891169E-005  3.810231614765753E-004
   56168.4112735150      -6.716309560200751E-004  3.809793154203518E-004
   56168.4317068226      -4.392383737805705E-005  3.810477588031517E-004
   56168.4521400299      -9.029836796761170E-004  3.809842286663683E-004
   56168.4725734370       5.520494238581142E-004  3.810632759535457E-004
   56168.4930067439      -2.809310780604868E-005  3.810576785846661E-004
   56168.5134399505      -2.382451597239266E-004  3.810195853797911E-004
   56168.5338733569      -3.983800528094550E-004  3.810342007318656E-004
   56168.5543066629       1.149025756352895E-005  3.810717031033588E-004
   56168.5747400688       6.906432508740901E-004  3.811363216174243E-004
   56168.5951732743      -1.608382199307035E-003  3.809038131334649E-004
   56168.6156065795      -2.418311603346490E-003  3.808133534330720E-004
   56168.6360399845      -3.157177928172272E-003  3.807451588222223E-004
   56168.6564731893      -3.143976391078107E-003  3.808015989584249E-004
   56168.6769064938      -3.268696599857734E-003  3.807783698775746E-004
   56168.6973398981      -1.804449068669944E-003  3.808927116851871E-004
   56168.7177731020      -1.585500018202901E-003  3.809222844507676E-004
   56168.7382064058       1.971353304127677E-004  3.811205867915739E-004
   56168.7586398092       7.611007086897326E-004  3.810936883244581E-004
   56168.7790730123       2.559421005622342E-004  3.810872202537528E-004
   56168.7995063152      -1.733764599282095E-004  3.809395119083192E-004
   56222.0070337792       6.114436766957443E-005  2.793869523708196E-004
   56222.0274665743      -1.223662053518870E-004  2.793602044718764E-004
   56222.0478992695       2.246109061935231E-004  2.794062702978342E-004
   56222.0683321644      -2.131078645373208E-005  2.793693857943312E-004
   56222.0887649593       3.125502818412951E-005  2.793889956131000E-004
   56222.1091976541       1.923427105517961E-004  2.793731803871376E-004
   56222.1296305487      -1.144407330480046E-004  2.793839273108201E-004
   56222.1500633432      -1.179068823755625E-004  2.793204541220581E-004
   56222.1704962378      -4.267814794756131E-004  2.793349160317049E-004
   56222.1909289320       3.303163979607726E-004  2.793776118346807E-004
   56222.2113617263       1.429531897593206E-004  2.793781956181894E-004
   56222.2317946205       7.394359408097184E-005  2.793558791667894E-004
   56222.2522273146       1.092375199792661E-004  2.793993710381861E-004
   56222.2726601085      -5.047159821436331E-004  2.793226035067946E-004
   56222.2930930023      -2.704584589444670E-004  2.793493779413518E-004
   56222.3135257961      -5.914963620388125E-004  2.793237976094260E-004
   56222.3339584899      -2.322087653134242E-003  2.791676620564679E-004
   56222.3543913833      -2.589567788209512E-003  2.791317859062980E-004
   56222.3748241768      -3.186424583679015E-003  2.791313082652455E-004
   56222.3952569703      -3.219284284797896E-003  2.790892227813924E-004
   56222.4156897635      -2.449131465292353E-003  2.791601790133111E-004
   56222.4361225566      -1.053245201634523E-003  2.792874438182036E-004
   56222.4565553498      -4.968180882855000E-004  2.792921936931151E-004
   56222.4769881428      -7.734804221926073E-005  2.793370388808274E-004
   56222.4974209356       5.464369327590202E-005  2.793490860495975E-004
   56222.5178537283      -2.171442601051066E-005  2.793274595241623E-004
   56222.5382865211       2.213942385990153E-004  2.793982034711688E-004
   56222.5587192137       2.383666310351584E-004  2.793539686025791E-004
   56222.5791521062      -4.639594373558875E-004  2.793172167771463E-004
   56222.5995848985       6.800938427198311E-006  2.793897120746788E-004
   56222.6200175908      -3.307514868011729E-005  2.793377818780203E-004
   56222.6404504830       1.966973189780896E-004  2.793803184673119E-004
   56222.6608832751      -2.931746142683656E-004  2.793421071831074E-004
   56222.6813161672       3.328023006664571E-004  2.793829720287150E-004
   56222.7017488590       5.632859303117410E-005  2.793693327231031E-004
   56222.7221816509      -4.354449946951666E-004  2.793264777064431E-004
   56222.7426145426      -3.677836702541404E-004  2.793605494348589E-004
   56275.7248118537       2.241821946084022E-004  2.818207988897383E-004
   56275.7452448417       1.249319662114390E-004  2.817532922876436E-004
   56275.7656777299       4.897232592476763E-004  2.817989070081628E-004
   56275.7861106182      -3.445114629641033E-005  2.817438986802767E-004
   56275.8065435067      -6.855464935939803E-005  2.817488343044864E-004
   56275.8269763954       1.236209289053880E-004  2.817688686930798E-004
   56275.8474093842       7.115177284989782E-004  2.818015074983379E-004
   56275.8678422733       1.604593202396698E-004  2.817846573834282E-004
   56275.8882750625      -2.196634625970528E-004  2.817221660123853E-004
   56275.9087080519      -2.949859019683032E-004  2.817070672480017E-004
   56275.9291409414      -6.584228049710816E-005  2.817538229999242E-004
   56275.9495737312      -3.705692703126484E-005  2.817553886011521E-004
   56275.9700067210       1.179885400018899E-004  2.817903094692168E-004
   56275.9904396111      -9.168266130918923E-004  2.816643183737979E-004
   56276.0108724014      -4.408665377371168E-004  2.817325149018574E-004
   56276.0313053918      -1.148349564679685E-003  2.816662289380081E-004
   56276.0517382824      -2.432829625801491E-003  2.815915577201250E-004
   56276.0721712732      -3.115367623660159E-003  2.814916245976844E-004
   56276.0926040641      -3.476073934227220E-003  2.814799754631248E-004
   56276.1130369552      -2.975880717947632E-003  2.815337100815375E-004
   56276.1334699465      -2.494018885542015E-003  2.816596746413424E-004
   56276.1539027380      -1.053771385480573E-003  2.816162093055597E-004
   56276.1743356296      -4.587370721886863E-004  2.817454642815045E-004
   56276.1947685215      -3.169946338322793E-004  2.817381669876460E-004
   56276.2152014134      -3.115989458886137E-004  2.817649679578172E-004
   56276.2356343056      -2.900982628479820E-004  2.817526819685209E-004
   56276.2560672979      -2.770996730773190E-004  2.817215026220346E-004
   56276.2765000905      -4.883072265157162E-004  2.817066426781772E-004
   56276.2969330831      -6.080657588103389E-005  2.817854534518491E-004
   56276.3377987691       1.634550024288695E-004  2.818036303474603E-004
   56276.3582317623       5.722074542580113E-005  2.817584667323796E-004
   56276.3786646557       2.860615805243549E-004  2.817946082386898E-004
   56276.3990974492      -4.803489724507504E-004  2.816852549732682E-004
   56276.4195304430      -3.265858226890739E-004  2.817461542074693E-004
   56276.4399633369       6.573854252914790E-004  2.818113787467573E-004
   56276.4603962310       2.224995691235687E-005  2.817648618153611E-004
   56329.4436877652       2.353586018445375E-004  2.902423750144978E-004
   56329.4641213474      -2.738842024716526E-004  2.901640324615053E-004
   56329.4845549298      -6.844872434008664E-005  2.901879900148565E-004
   56329.5049885126      -4.778932947758774E-004  2.901434858140549E-004
   56329.5254220956       4.530240285852694E-004  2.902178489768298E-004
   56329.5458556790      -4.604809445596381E-004  2.901503888379019E-004
   56329.5662892627       7.030331608726126E-005  2.901936748580246E-004
   56329.5867229466      -1.827292248071100E-004  2.901927544548449E-004
   56329.6071564310      -2.662417904341075E-004  2.901630037755987E-004
   56329.6275900155       6.874756116256320E-004  2.902523370253828E-004
   56329.6480237005       2.140283843979907E-004  2.902227487702270E-004
   56329.6684571857       3.966159241458600E-004  2.902099984791215E-004
   56329.6888908713       4.487573704820003E-004  2.902671717589833E-004
   56329.7093244571      -2.384028229571733E-004  2.901858785016798E-004
   56329.7297579432      -4.797213927025812E-004  2.901587807492453E-004
   56329.7501916297      -1.478428130405218E-003  2.900510394358692E-004
   56329.7706252166      -2.275309255153291E-003  2.900236709766172E-004
   56329.7910587036      -3.344391382736456E-003  2.899109486577987E-004
   56329.8114923911      -3.052341681158754E-003  2.899558047774630E-004
   56329.8319259787      -2.882597158492373E-003  2.899442726670363E-004
   56329.8523596667      -2.160375102433609E-003  2.900279481443341E-004
   56329.8727931551      -1.091286577315387E-003  2.900987379771176E-004
   56329.8932267438      -8.661944299769297E-004  2.901309250177216E-004
   56329.9136603327       1.989230187416924E-004  2.902225863461365E-004
   56329.9340939220      -1.687786559201321E-005  2.902106481754835E-004
   56329.9545275116      -2.266790880596226E-004  2.902056130286775E-004
   56329.9749611014      -1.987154793831047E-004  2.901929439496172E-004
   56329.9953946917       3.874083988064658E-005  2.902308429040711E-004
   56330.0158282822      -2.089712484337758E-004  2.901883148630375E-004
   56330.0362618730      -2.759781385209825E-004  2.902210974586401E-004
   56330.0566954642      -3.802645484155542E-004  2.901741568964808E-004
   56330.0771291556      -2.963479311314243E-004  2.902009568714160E-004
   56330.0975627474       2.404305513993288E-004  2.902455422842628E-004
   56330.1179962394      -1.723063406298131E-004  2.902451091533548E-004
   56330.1384299318      -4.419963589163967E-004  2.902364465351939E-004
   56330.1588635245      -6.538604173322859E-006  2.902050986857242E-004
   56330.1792970175      -1.008258620099900E-004  2.902181196836473E-004
   56383.1645732204       1.587952812777127E-004  2.880991891401316E-004
   56383.1850074897       1.824976304053427E-004  2.880685451283875E-004
   56383.2054418592      -6.229627877007982E-005  2.880807810765397E-004
   56383.2258760289       5.132952318150918E-004  2.881367091050409E-004
   56383.2463102987      -9.713106991049436E-005  2.880912845010598E-004
   56383.2667446687       2.413908882649141E-004  2.881027353994412E-004
   56383.2871788389      -3.030739629470425E-004  2.880402291952741E-004
   56383.3076131092       2.955432756556187E-004  2.881022481271697E-004
   56383.3280474798       1.157244551500680E-004  2.880670291702094E-004
   56383.3484816505      -2.465390072803331E-005  2.880644845261246E-004
   56383.3689160214       4.754693925638209E-004  2.881301850707385E-004
   56383.3893502924      -4.328598439363729E-004  2.880364122291470E-004
   56383.4097844636      -2.532054845826304E-004  2.880499746407051E-004
   56383.4506531065       1.507850017913315E-004  2.880818639038099E-004
   56383.4710872783      -1.668019819994648E-003  2.879426664582371E-004
   56383.4915216502      -2.492040398351492E-003  2.878647841068345E-004
   56383.5119559223      -3.074848164893562E-003  2.878072318374281E-004
   56383.5323900945      -3.661467203850077E-003  2.877197393940031E-004
   56383.5528244670      -2.816951515534738E-003  2.878513841193668E-004
   56383.5732587396      -2.161790787867823E-003  2.878921796367682E-004
   56383.5936931123      -1.396328194786411E-003  2.879619678543268E-004
   56383.6141272853      -1.093708363120172E-005  2.880615067511318E-004
   56383.6345615584      -4.059092039001566E-004  2.879969973165150E-004
   56383.6549959317       1.882544139902853E-004  2.880663524031655E-004
   56383.6754301051      -5.932099476334551E-004  2.879801322817830E-004
   56383.6958643788      -3.495670408680818E-004  2.880142954821550E-004
   56383.7162987526      -2.863234753228694E-004  2.880480796929824E-004
   56383.7367329265       3.282188114975826E-004  2.880823511760814E-004
   56383.7571673007      -3.046515023010787E-004  2.880167318435127E-004
   56383.7776015750       1.476422711242931E-004  2.880731471442854E-004
   56383.7980358495      -7.074421415953491E-005  2.880156219455608E-004
   56383.8184701241       3.137525887734194E-004  2.880977814646805E-004
   56383.8389043990      -5.369881882603122E-004  2.879732021872543E-004
   56383.8593386740       4.461322228158648E-004  2.880670020995276E-004
   56383.8797729491      -1.118740256107476E-004  2.880425572739048E-004
   56383.9002072245      -4.427334507137726E-004  2.879956979237908E-004
