   55068.4705867861      -8.192443691368290E-005  6.402397962332172E-005
   55068.4910200860       7.675810773322134E-005  6.402852946790664E-005
   55068.5114533856      -4.955977101162024E-005  6.402873923022559E-005
   55068.5318866851      -7.580585541988594E-005  6.402045361862691E-005
   55068.5523199842       3.226853577387168E-005  6.403042232311816E-005
   55068.5727532830       5.968572953940487E-005  6.402229153608823E-005
   55068.5931865814       9.793957536863296E-005  6.402781028281308E-005
   55068.6136198799       9.868956511138727E-005  6.403480735445249E-005
   55068.6340531779      -1.370976794490275E-005  6.403081188171050E-005
   55068.6544863757      -3.214468299117534E-005  6.402846953581552E-005
   55068.6749197730       8.372819214308436E-005  6.403579623395612E-005
   55068.6953530704      -8.090131568916359E-005  6.402004907701178E-005
   55068.7157862675      -3.336240385309885E-005  6.402629200317114E-005
   55068.7362196641       2.272339278253099E-005  6.403149111207664E-005
   55068.7566529605      -2.793722963734258E-005  6.402612219557960E-005
   55068.7770861566       1.103394753976250E-004  6.403813857985111E-005
   55068.7975194525       1.291142397217282E-004  6.403431291470067E-005
   55068.8179528482      -7.041279779929077E-005  6.402766544692619E-005
   55068.8383861437      -1.370892129104462E-004  6.402532310103120E-005
   55068.8588193387      -1.781243059217896E-005  6.402498348584814E-005
   55068.8792527337       7.725342764830501E-006  6.402533808405398E-005
   55068.8996860282      -2.318793265065899E-005  6.402767543560804E-005
   55068.9201192225       1.531576338598128E-004  6.403688999461924E-005
   55068.9405525166      -1.195603532311296E-005  6.402844955845180E-005
   55068.9609859104       1.259496446315289E-005  6.403073696659659E-005
   55068.9814191040       1.314352111394523E-004  6.403130632146232E-005
   55069.0018523971      -4.268922442474121E-005  6.403710475127913E-005
   55069.0222857902      -2.610217542253768E-005  6.402231151345193E-005
   55069.0427189829      -1.199286186137627E-006  6.403203050089681E-005
   55069.0631522753      -5.646916474155717E-005  6.402186202276846E-005
   55069.0835855675       8.459653914005827E-005  6.402812992063244E-005
   55069.1040189595      -1.418349086033110E-004  6.402670153912719E-005
   55069.1244521512       3.843261819236332E-006  6.403502211111237E-005
   55069.1448854427      -2.214786465026819E-005  6.402220663229246E-005
   55069.1653188338       4.679605899959860E-005  6.402444409702797E-005
   55069.1857520248      -1.406720887831003E-005  6.401946473912327E-005
   55069.2061853154      -4.624125353613895E-005  6.402421435734531E-005
   55069.2266185057      -2.116643458005552E-005  6.403156602719056E-005
   55069.2470518958      -3.147115692184732E-004  6.401612352504279E-005
   55069.2674851857      -4.992220993514929E-004  6.401438549440003E-005
   55069.2879184751      -4.948781505238475E-004  6.402014896383034E-005
   55069.3083517645      -6.127078013967724E-004  6.402062842055938E-005
   55069.3287850534      -7.035690130122729E-004  6.401222793911936E-005
   55069.3492183424      -7.540469933110527E-004  6.401291216382642E-005
   55069.3696515308      -6.500692693566235E-004  6.400298840840352E-005
   55069.3900849191      -6.844682155587867E-004  6.401338163187360E-005
   55069.4105182071      -7.758024047818113E-004  6.402126270185716E-005
   55069.4309513946      -6.864578393899201E-004  6.401402090751232E-005
   55069.4513847822      -7.116632324392080E-004  6.401949470516884E-005
   55069.4718180692      -5.937171209914327E-004  6.401724225741055E-005
   55069.4922512563      -6.198331769670107E-004  6.401730718384261E-005
   55069.5126845429      -7.085384984956145E-004  6.401806132932265E-005
   55069.5331179293      -7.197956508564474E-004  6.401624838356597E-005
   55069.5535511154      -6.157971597692269E-004  6.401490490585648E-005
   55069.5739844014      -5.751319025958379E-004  6.402064340358216E-005
   55069.5944177868      -5.010919796297753E-004  6.402292082304508E-005
   55069.6148510722      -4.611896543462723E-004  6.402007404871642E-005
   55069.6352842572      -4.962006468836044E-004  6.402555783505480E-005
   55069.6557176422      -5.906771929434784E-004  6.401608357031537E-005
   55069.6761509267      -3.780469405925135E-004  6.402164227176765E-005
   55069.6965841110      -4.331760487485958E-005  6.403601099061600E-005
   55069.7170173950      -3.998837993690607E-005  6.402991789468449E-005
   55069.7374507786      -5.662633325809185E-005  6.403775900994063E-005
   55069.7578839622      -5.487657315628169E-005  6.402328540993280E-005
   55069.7783172453      -1.034114794040697E-005  6.403035240234517E-005
   55069.7987505284       5.684856472099042E-005  6.403314423892364E-005
   55069.8191838111       2.013454473881460E-005  6.403507704886256E-005
   55069.8396170935       4.163460050055079E-007  6.403110654782522E-005
   55069.8600502757      -5.647122893415180E-005  6.403094173457462E-005
   55069.8804836577       2.166241622614251E-005  6.401902523712165E-005
   55069.9009169391       1.229543158649538E-004  6.402575760869190E-005
   55069.9213501206      -1.034256052913074E-004  6.402440913664147E-005
   55069.9417835017       6.555792921281167E-005  6.403480735445249E-005
   55069.9622167827       3.134063249077279E-005  6.402439914795962E-005
   55069.9826499632      -2.833614282105046E-006  6.403276466901314E-005
   55070.0030832436       3.350021324550756E-004  6.404859672975325E-005
   55070.0235166234      -3.869365307895833E-005  6.402507338398483E-005
   55070.0439498033      -6.569186812366290E-005  6.403175581214579E-005
   55070.0643830829      -1.149679919048019E-004  6.402610221821589E-005
   55070.0848164621      -1.660521375090873E-005  6.403076193830123E-005
   55070.1052496412      -7.344990282176500E-005  6.403234514437524E-005
   55070.1256829199       1.625816074501962E-004  6.403916741408218E-005
   55070.1461161984       1.277677838058544E-004  6.403947706321967E-005
   55070.1665495766       5.270611071139797E-005  6.403284457846798E-005
   55070.1869827546      -1.046688904737803E-005  6.402199686997351E-005
   55070.2074160324      -1.541076129527585E-004  6.402653173153565E-005
   55070.2278494097      -1.529216872375727E-005  6.402064839792308E-005
   55070.2482825870       8.221895342996888E-006  6.402625704278464E-005
   55070.2687158638       5.770172437213894E-005  6.402935353415968E-005
   55070.2891491404       6.865905308472975E-005  6.402916374920443E-005
   55070.3095824167      -2.667487351970532E-005  6.402415442525417E-005
   55070.3300156929       4.404140171665460E-005  6.402949837004657E-005
   55070.3504489688      -8.200238262801030E-005  6.402520323684894E-005
   55070.3708822442      -1.309698657705471E-004  6.402825477915564E-005
   55070.3913155196      -6.766682193892759E-005  6.402641186735340E-005
   55070.4117487946      -3.787657098430763E-005  6.402690131276429E-005
   55070.4321819696       1.366150840582669E-004  6.402300073249992E-005
   55241.1503093830      -1.507759362873173E-005  6.391192272083849E-005
   55241.1707430705      -1.825370845154328E-005  6.391085482924335E-005
   55241.1911768584       4.008311062331238E-005  6.390172336731646E-005
   55241.2116106466       5.258140681707602E-005  6.391791972317597E-005
   55241.2320444349      -6.400554814411930E-005  6.390905523414785E-005
   55241.2524782237       1.491013309351530E-005  6.391154203726059E-005
   55241.2729120127      -1.159584178497264E-004  6.390836308218804E-005
   55241.2933459021      -6.440170950117174E-005  6.390825431545151E-005
   55241.3137795916       1.401353854646459E-005  6.391099820357789E-005
   55241.3342133816       6.582205529293006E-006  6.390841252161375E-005
   55241.3546472717      -4.261941702221606E-006  6.389606255307374E-005
   55241.3750809623       8.722298425967168E-006  6.390831364276234E-005
   55241.3955147531      -7.262798351304056E-005  6.390464029343279E-005
   55241.4159486441      -7.789807253655301E-005  6.390668214171423E-005
   55241.4363823355      -1.231606767736482E-004  6.391076089433452E-005
   55241.4568161271      -1.032283935120670E-004  6.390277642708388E-005
   55241.4772500191       8.162062609917697E-005  6.390789835158646E-005
   55241.4976837114       1.084304534781921E-005  6.391314387465329E-005
   55241.5181175040      -9.597620127532736E-007  6.390917883271211E-005
   55241.5385512967       6.692773482530612E-006  6.391894806323055E-005
   55241.5589850900       6.137327910549217E-006  6.390536705299059E-005
   55241.5794188834      -1.266210683503743E-005  6.390352296241196E-005
   55241.5998525771      -3.578657913683170E-005  6.391383602661310E-005
   55241.6202864711      -7.545552557108870E-006  6.390290002564812E-005
   55241.6407202654       2.987154181388618E-005  6.390705293740698E-005
   55241.6611539601      -1.850750469674090E-004  6.390117458969118E-005
   55241.6815878550      -1.440427324855831E-004  6.391055324874658E-005
   55241.7020216502       5.344620331904082E-005  6.390904534626272E-005
   55241.7224553457      -1.316668473010374E-004  6.391359871736973E-005
   55241.7428892415      -2.196370314274665E-004  6.390845207315430E-005
   55241.7633230375      -2.811467205965368E-005  6.391206115123045E-005
   55241.7837567339       7.310198426035974E-005  6.391851299628438E-005
   55241.8041906305      -2.187047611901249E-006  6.391393984940708E-005
   55241.8246244275      -6.829738212854597E-005  6.390116964574860E-005
   55241.8450582247      -5.422512837860438E-005  6.390863499902940E-005
   55241.8654920223       1.236864178322250E-004  6.391373714776170E-005
   55241.8859258202       3.690778234366476E-006  6.391520549870501E-005
   55241.9063596182      -1.891347970859325E-004  6.390703810557928E-005
   55241.9267933167      -5.794525453914900E-004  6.388976891418205E-005
   55241.9472272154      -5.370412690619553E-004  6.389288854194376E-005
   55241.9676610144      -6.942082913080627E-004  6.390208427512407E-005
   55241.9880947137      -6.507760329286238E-004  6.388775672955603E-005
   55242.0085286133      -6.121517597956760E-004  6.389458431424529E-005
   55242.0289624132      -6.833739607515765E-004  6.390413106734807E-005
   55242.0493961133      -6.401318845012938E-004  6.389759023132789E-005
   55242.0698300138      -7.833219304281824E-004  6.388783088869459E-005
   55242.0902638146      -5.962010889696279E-004  6.388394000589196E-005
   55242.1106975157      -4.742807105840852E-004  6.389671515349298E-005
   55242.1311314170      -5.785411280814223E-004  6.389769405412186E-005
   55242.1515652187      -5.595645668198257E-004  6.388883450903631E-005
   55242.1719990205      -5.632306791266695E-004  6.389586973931351E-005
   55242.1924328228      -7.254866637900204E-004  6.388484969132484E-005
   55242.2128666253      -6.759153190173395E-004  6.389838126213909E-005
   55242.2333004281      -7.935689957390135E-004  6.389041162671617E-005
   55242.2537342313      -6.016147374092728E-004  6.390275665131360E-005
   55242.2741680346      -4.820628205464139E-004  6.388991723245916E-005
   55242.2946018384      -5.800297453808501E-004  6.388932890329331E-005
   55242.3150355423      -4.664404141574430E-004  6.390060109235305E-005
   55242.3354694466      -4.270324743422815E-004  6.389558299064445E-005
   55242.3559032512      -3.740805770441336E-004  6.390491221027415E-005
   55242.3763369561       7.681182027829969E-005  6.391911121333536E-005
   55242.3967708612       5.987809154017754E-005  6.391237261961236E-005
   55242.4172046667       1.516731065098753E-005  6.391221441345012E-005
   55242.4376383724      -6.381890272855184E-005  6.391839434166270E-005
   55242.4580722784      -1.208905450054143E-004  6.390863499902940E-005
   55242.4785059847      -1.716624272740663E-005  6.390431399322316E-005
   55242.4989397914       2.414450808152502E-005  6.391858715542292E-005
   55242.5193736982      -2.028379286755921E-005  6.392116789344449E-005
   55242.5398075054       2.228563014705642E-005  6.391530437755640E-005
   55242.5602412130       5.418777060972602E-005  6.391556640651262E-005
   55242.5806751207      -4.694900882484809E-005  6.391088943684135E-005
   55242.6011089288       2.637043233266745E-005  6.391449357097491E-005
   55242.6215426372       2.612731736606477E-005  6.391440952395123E-005
   55242.6419765458      -5.481653792915875E-005  6.391300050031876E-005
   55242.6624103548      -1.478825873271195E-004  6.390655854314997E-005
   55242.6828440640      -8.339127212930730E-005  6.390937659041491E-005
   55242.7032778736      -4.396848828114308E-005  6.391227868470354E-005
   55242.7237117835      -1.281926531996325E-004  6.391010829391527E-005
   55242.7441454935       5.377812429729900E-005  6.391662441022261E-005
   55242.7645793039      -5.751715986435091E-005  6.390757205137683E-005
   55242.7850132147       1.035415977403975E-004  6.391707430899649E-005
   55242.8054469256       6.847363416717656E-006  6.391561090199575E-005
   55242.8258807369       1.253895964614671E-005  6.391364815679544E-005
   55242.8463146484      -6.113452301359512E-005  6.392735770954222E-005
   55242.8667484603       8.010149824322355E-006  6.391416232682273E-005
   55242.8871821725       1.378574265371579E-004  6.392138048297501E-005
   55242.9076160850       2.200553833264784E-005  6.392009505790680E-005
   55242.9280498977      -1.034661146448457E-004  6.390650415978171E-005
   55242.9484836107      -2.443412307306936E-005  6.392059439610638E-005
   55242.9689175241       5.355926264871691E-005  6.392049551725497E-005
   55242.9893513377      -2.960744241931046E-005  6.391501268494477E-005
   55243.0097850516       3.561194194268147E-005  6.392697702596432E-005
   55243.0302189658      -1.402861814492340E-006  6.391505718042790E-005
   55243.0506527802       1.525297843838480E-004  6.391781095643943E-005
   55243.0710864950       9.201537993619446E-005  6.391869592215947E-005
   55243.0915203101      -6.256251518566014E-005  6.390835813824547E-005
   55243.1119542255      -1.103014642860334E-004  6.390693922672787E-005
   55413.8394466526      -3.865833609850711E-005  6.661229108199980E-005
   55413.8598802932       1.005841560959286E-004  6.661268082985051E-005
   55413.8803140334       5.021250648562514E-005  6.661585449092047E-005
   55413.9211812133       1.998642578526777E-005  6.661427019121568E-005
   55413.9416149529       1.895475911164457E-004  6.660685992039205E-005
   55413.9620485920       5.360767246287423E-005  6.662286995223301E-005
   55413.9824821311      -9.187064128701738E-005  6.660082642119684E-005
   55414.0029158698       2.992997735073999E-005  6.660544265548042E-005
   55414.0233495082      -5.304446451259714E-005  6.659358318516635E-005
   55414.0437830464      -6.428055569340785E-005  6.660813039715211E-005
   55414.0642167843      -1.711297874390505E-004  6.660774571096181E-005
   55414.0846504218       6.237516465446014E-005  6.660965395693210E-005
   55414.1050839590      -1.134556625759231E-006  6.661385007340260E-005
   55414.1255176963       5.220680930118071E-005  6.660847459005922E-005
   55414.1459513329      -7.338326265193817E-005  6.661358686706187E-005
   55414.1663848694       4.921163635795978E-005  6.660099851765039E-005
   55414.1868186057      -5.314970805880836E-005  6.661110159180612E-005
   55414.2072522416      -2.419828944999480E-005  6.659839176254508E-005
   55414.2276859774       4.228757320734466E-005  6.659694412767107E-005
   55414.2481195128      -3.870716261744622E-005  6.660405069887079E-005
   55414.2685531480      -3.218352520617529E-005  6.659175086410204E-005
   55414.2889868829      -1.060190396817706E-005  6.660875804304154E-005
   55414.3094204174      -2.893234463352545E-005  6.659872077047099E-005
   55414.3298540518       5.515195219052416E-005  6.661032715776513E-005
   55414.3502876858      -6.119535419069067E-005  6.661270107649210E-005
   55414.3707213196      -8.273105933653824E-008  6.662424166220105E-005
   55414.3911549531      -1.044432779027105E-004  6.659162432259208E-005
   55414.4115885864       6.336374874571504E-006  6.661519647506863E-005
   55414.4320222192       1.501940344197372E-004  6.660953247708254E-005
   55414.4524558521       4.223498788946678E-005  6.659142691783653E-005
   55414.4728895844      -3.904270120314024E-005  6.659502069671957E-005
   55414.4933231166       1.406316322127843E-005  6.660335725139618E-005
   55414.5137567485      -2.531988018283915E-005  6.660509340091292E-005
   55414.5341904801      -1.116430701711968E-004  6.658750919268796E-005
   55414.5546240113       4.822088921052625E-006  6.659285430606895E-005
   55414.5750577425      -2.091934572279186E-005  6.658339912444425E-005
   55414.5954913733      -2.925814340863919E-004  6.658408244859808E-005
   55414.6159249038      -5.859675748051130E-004  6.659089544349467E-005
   55414.6363586340      -5.491708258263950E-004  6.656690317320502E-005
   55414.6567922638      -4.827548532756465E-004  6.660146925206747E-005
   55414.6772257936      -6.812695486606568E-004  6.656927709193199E-005
   55414.6976595230      -6.039528000819638E-004  6.659620006359247E-005
   55414.7180931521      -6.476296946100746E-004  6.659830065265791E-005
   55414.7385266809      -7.647816504268157E-004  6.659689857272748E-005
   55414.7589604096      -4.063083360945630E-004  6.659634179008363E-005
   55414.7793940380      -5.608241306663819E-004  6.658517576724418E-005
   55414.7998276659      -7.038283786543476E-004  6.658917954061952E-005
   55414.8202612939      -7.220109932015717E-004  6.657699106237955E-005
   55414.8406949213      -5.148884784836882E-004  6.659471699709565E-005
   55414.8611285486      -5.773445858973103E-004  6.660116555244355E-005
   55414.8815621754      -6.742862538602346E-004  6.659348701361878E-005
   55414.9019958021      -6.289839201431002E-004  6.659377046660111E-005
   55414.9224295284      -5.434125447001392E-004  6.656872537094853E-005
   55414.9428631547      -6.493789330391797E-004  6.657776549642055E-005
   55414.9632966806      -5.172773943956654E-004  6.658094421915091E-005
   55414.9837304062      -5.134353961928628E-004  6.659634685174403E-005
   55415.0041640316      -6.095548961531083E-004  6.659793621310921E-005
   55415.0245975565      -5.578906534439154E-004  6.656899363894966E-005
   55415.0450312814      -2.651147176448987E-004  6.660009754209943E-005
   55415.0654648059      -7.824829129754463E-005  6.659965211598436E-005
   55415.0858984301       5.370465925902401E-005  6.659921681319007E-005
   55415.1063321540       3.182964208736649E-005  6.661260996660493E-005
   55415.1267656776       9.202758727511196E-005  6.660740657971511E-005
   55415.1471993011      -5.002400981868327E-005  6.659085495021148E-005
   55415.1676330241      -3.586936660004980E-005  6.660512883253571E-005
   55415.1880665470      -5.842289099644571E-005  6.659685301778389E-005
   55415.2085001695      -1.002400670694348E-004  6.659458033226489E-005
   55415.2289338919      -1.115199737971029E-004  6.660737620975270E-005
   55415.2493674140      -4.518248649287848E-005  6.660283083871471E-005
   55415.2698010357       1.399745309016431E-005  6.661721607756771E-005
   55415.2902347573      -1.371699509873370E-004  6.660692572197723E-005
   55415.3106683785       2.964670017280291E-005  6.658883534771241E-005
   55415.3311019995      -5.473893830876264E-005  6.661367797694904E-005
   55415.3515356202      -4.342099880683126E-005  6.661182034758273E-005
   55415.3719692404       2.122363897316681E-005  6.662034924535447E-005
   55415.3924028607       1.375352109467265E-005  6.662057702007241E-005
   55415.4128364805       2.507880702395937E-004  6.662841247036955E-005
   55415.4332701000      -1.162518620737574E-004  6.658721561638485E-005
   55415.4537038194      -4.264752471783151E-005  6.661589498420365E-005
   55415.4741373385       3.900407469337175E-005  6.662072886988438E-005
   55415.4945709573       5.612202224303253E-005  6.659561291098623E-005
   55415.5150046757      -1.874162105730548E-006  6.658665377208060E-005
   55415.5354381939      -4.133296177510903E-005  6.661446759597123E-005
   55415.5558718118       7.216354913253120E-005  6.658926052718591E-005
   55415.5763055295       2.826366055797003E-005  6.661515598178546E-005
   55415.5967390470      -4.287526610979864E-005  6.660394946566282E-005
   55415.6171726640       1.644249363310646E-004  6.661701867281216E-005
   55415.6376063809      -1.728168007553155E-005  6.659842213250747E-005
   55415.6580398975       2.475453617378776E-005  6.660217788452328E-005
   55415.6784736138      -1.448469870735103E-004  6.660571092348155E-005
   55415.6989072298      -6.810992406180993E-005  6.661048913089788E-005
   55415.7193407457      -1.225439375973636E-005  6.661156726456280E-005
   55415.7397744610       7.704139985742486E-006  6.660352428618933E-005
   55415.7602079762       9.348075293025282E-005  6.660031013183618E-005
   55415.7806415911      -4.590510364277378E-006  6.660948692213895E-005
   55415.8010753057       1.910560121529681E-004  6.660357996445371E-005
   55586.5598814735      -7.804332865934960E-005  6.473136784194762E-005
   55586.5803148709      -9.769489891564564E-005  6.475154557804497E-005
   55586.6007483687      -2.984657318838568E-005  6.475070878227495E-005
   55586.6211816667       2.972734495432228E-005  6.474919956133260E-005
   55586.6416150651      -1.157482758051831E-005  6.473471502502769E-005
   55586.6620485638       1.591041875803612E-006  6.471495070588814E-005
   55586.6824818628       7.769177132521676E-005  6.475123177963122E-005
   55586.7029152620       1.233224691397083E-004  6.473025709518145E-005
   55586.7233486616       9.397098229335654E-006  6.472760226098252E-005
   55586.7437820614      -1.896585980187826E-005  6.471293841129833E-005
   55586.7642154616       9.588269482829759E-005  6.473396290502011E-005
   55586.7846488621       8.017954689587548E-005  6.472930075715857E-005
   55586.8050822629      -1.768701689719432E-005  6.474375042697304E-005
   55586.8255157639      -1.050228372355688E-004  6.474874629695717E-005
   55586.8459491653      -3.629066010479853E-005  6.474488109744802E-005
   55586.8663824670      -6.578635435450231E-005  6.473972085686621E-005
   55586.8868159689      -3.397666569704416E-005  6.473476483429973E-005
   55586.9072493713      -9.950687984705553E-008  6.473723039326496E-005
   55586.9276826738       2.364300905588479E-005  6.471075676518362E-005
   55586.9481161767       4.172613165387418E-005  6.474968769219843E-005
   55586.9685495799       4.743177988486558E-005  6.473568630583219E-005
   55586.9889828834       9.899641660537917E-005  6.473982545633747E-005
   55587.0094163872       7.409490651566486E-005  6.470195546681679E-005
   55587.0298497913      -1.419874912292896E-004  6.475098273327109E-005
   55587.0502832956      -9.710451369326911E-006  6.474079175621476E-005
   55587.0707166004       5.750885566913055E-005  6.470080487263302E-005
   55587.0911500054      -1.251620624201921E-004  6.471876111519806E-005
   55587.1115835106       4.298226182575249E-005  6.473573611510421E-005
   55587.1320168162       5.071463294537004E-005  6.472660109461481E-005
   55587.1524502221       8.001722680472945E-005  6.473355446898951E-005
   55587.1728837284       1.809313860667849E-005  6.473147742234607E-005
   55587.1933170348       3.194823612773234E-005  6.471824807969620E-005
   55587.2137505417       1.058011389181157E-004  6.473295177679800E-005
   55587.2341839488       9.887217657045255E-005  6.472159526277629E-005
   55587.2546172562       4.002412896841889E-005  6.471482618270808E-005
   55587.2750507639       8.895895495819595E-005  6.471374532150513E-005
   55587.2954841719       1.056425685805884E-004  6.472014083203316E-005
   55587.3159175803      -3.336416907481210E-004  6.470675209971282E-005
   55587.3363509889      -5.170151491303843E-004  6.471816340393376E-005
   55587.3567843978      -5.847370395969387E-004  6.470510839373599E-005
   55587.3772178071      -6.560994322873936E-004  6.470407236087786E-005
   55587.3976512165      -3.734156633413699E-004  6.473262303560265E-005
   55587.4180846264      -6.005215464265357E-004  6.470797242687743E-005
   55587.4385180365      -5.804151741218844E-004  6.472447921962655E-005
   55587.4589514470      -6.231864233492423E-004  6.471415873846294E-005
   55587.4793848577      -6.884151126458349E-004  6.471934388368076E-005
   55587.4998182688      -6.533996184006075E-004  6.468337660835143E-005
   55587.5202516801      -7.932769743038692E-004  6.469873280691677E-005
   55587.5406850918      -7.264725812171635E-004  6.470789273204218E-005
   55587.5611186037      -6.486126387996727E-004  6.469844889406623E-005
   55587.5815519160      -6.342366062999094E-004  6.471365566481549E-005
   55587.6019854285      -5.601530940154698E-004  6.471316753394965E-005
   55587.6224188414      -6.137939508300549E-004  6.470184090549114E-005
   55587.6428521546      -6.179995703647911E-004  6.471192728307622E-005
   55587.6632856681      -6.307622933005019E-004  6.470386814286256E-005
   55587.7041523959      -5.015369839227457E-004  6.469923089963703E-005
   55587.7245859102      -3.696318236143803E-004  6.472587387924325E-005
   55587.7450193249      -3.604454487121656E-004  6.468683337182997E-005
   55587.7654526399      -1.904083458073025E-004  6.470230413172097E-005
   55587.7858861551      -1.859309112473007E-005  6.474117528760935E-005
   55587.8063195707       2.335405678821623E-005  6.471498059145136E-005
   55587.8267530867       5.065804532122797E-005  6.473863003380887E-005
   55587.8471864029       9.233059165669744E-006  6.473611964649880E-005
   55587.8676198193      -1.263596841958314E-004  6.470883412728346E-005
   55587.8880533362      -8.692694071832374E-005  6.471200199698426E-005
   55587.9084866533      -1.938374950848365E-004  6.471645494590331E-005
   55587.9289200706       6.143092440735742E-006  6.472904672987124E-005
   55587.9493535883      -1.234758252478541E-004  6.473609972279000E-005
   55587.9697869064      -1.047970144707477E-004  6.472053432528216E-005
   55587.9902204246      -2.327812651947703E-005  6.471779979624797E-005
   55588.0106538433       1.270946297537989E-005  6.473273261600110E-005
   55588.0310871622      -1.100690279973726E-004  6.471799405240888E-005
   55588.0515206814      -5.780315818793014E-005  6.473278242527312E-005
   55588.0719541010      -3.842039083956639E-005  6.472030022170363E-005
   55588.0923874208       1.293996952442811E-004  6.472995325862210E-005
   55588.1128209409      -7.109903595614586E-005  6.470275241516920E-005
   55588.1332543613      -6.427075244463953E-005  6.472139104476099E-005
   55588.1536876821      -1.299445168467805E-004  6.471958794911367E-005
   55588.1741212031      -3.337886438359305E-007  6.471464188840158E-005
   55588.1945546245       3.042507477002410E-005  6.472301482702901E-005
   55588.2149881462      -3.261249229769003E-005  6.472501217883720E-005
   55588.2354214680      -3.707687614784572E-005  6.470968088490788E-005
   55588.2558548903       1.152723119401955E-006  6.474143429582388E-005
   55588.2762884129       6.878055694636842E-005  6.472093778038556E-005
   55588.2967217357      -3.006130284488595E-005  6.472516658758048E-005
   55588.3171551588      -5.051658418020466E-006  6.474004461713439E-005
   55588.3375886823      -4.358618640643019E-005  6.472817506761081E-005
   55588.3580220061      -5.337729820742432E-005  6.473405754263696E-005
   55588.3784555302      -3.539960299647760E-005  6.472754248985609E-005
   55588.3988889545      -1.431676247847236E-004  6.472851875158778E-005
   55588.4193222792      -2.218351915272976E-006  6.474271439411492E-005
   55588.4397558042      -1.162218658168346E-005  6.474006952177040E-005
   55588.4601892295      -8.499448615517657E-005  6.472844403767973E-005
   55588.4806226551       1.507579109549795E-004  6.475130151261205E-005
   55588.5010560809      -1.334225302818126E-005  6.472629725805545E-005
   55588.5214895072       2.954802341914586E-005  6.474167338032960E-005
   55759.2691601132       7.858663282123146E-006  6.488668262199967E-005
   55759.2895940895      -1.072819010061732E-005  6.490854869810637E-005
   55759.3100280655      -6.434926059573076E-005  6.489612030585502E-005
   55759.3304620413      -2.057709286695797E-005  6.489303344947338E-005
   55759.3713299919       7.393812122336030E-005  6.490780987674289E-005
   55759.3917640670      -3.352860492955578E-005  6.489317514124172E-005
   55759.4121979419       1.131745626652414E-004  6.489180882776132E-005
   55759.4326319163       6.062770859327493E-005  6.490166146608109E-005
   55759.4530659907       7.256308087133512E-005  6.489987007729568E-005
   55759.4734998648       2.537610287345338E-005  6.489883269113463E-005
   55759.4939338385       3.442062980130167E-005  6.488548330238910E-005
   55759.5143679122       3.438534240873814E-005  6.489476917363552E-005
   55759.5348017854       8.977881097216311E-006  6.487281200996347E-005
   55759.5552357587      -6.167202030460395E-005  6.489260837416837E-005
   55759.5756698314       4.543652623834049E-005  6.489484507993999E-005
   55759.5961038042      -1.287595094232596E-004  6.491087649144335E-005
   55759.6165376765      -3.479328842259655E-005  6.490052287151409E-005
   55759.6369717488      -5.709970813305709E-005  6.490344273402591E-005
   55759.6574057206      -7.272835913751940E-005  6.490251667711142E-005
   55759.6778396924       1.021337510711540E-004  6.487286767458675E-005
   55759.6982736638      -8.405517148757369E-006  6.489537642407126E-005
   55759.7187076349      -7.069093050138253E-005  6.490158555977663E-005
   55759.7391416061      -1.036070166613445E-004  6.488928367803273E-005
   55759.7595755767      -4.920939575980832E-005  6.489557884088317E-005
   55759.7800095472       3.815622965319676E-005  6.491164061490830E-005
   55759.8004436174      -1.250760443702870E-004  6.489559908256435E-005
   55759.8208774876       7.474449372657510E-005  6.490615005888522E-005
   55759.8413114573      -4.595934159690174E-005  6.490335670688084E-005
   55759.8617455268       7.165032746869748E-005  6.489734998798739E-005
   55759.8821793961       2.834351883662656E-005  6.490492543717316E-005
   55759.9026133651       8.499532334615978E-006  6.488985550552639E-005
   55759.9230474339       5.430777928139285E-005  6.489612030585502E-005
   55759.9434813025       1.890946543279259E-004  6.490441939514338E-005
   55759.9639153708       2.134496555217247E-005  6.490872581281679E-005
   55759.9843492389      -4.423056238544998E-005  6.490400950109926E-005
   55760.0047832068      -1.354825325927678E-004  6.488674334704325E-005
   55760.0252172744      -3.981849060531450E-004  6.488377288032846E-005
   55760.0456511419      -6.740181255862066E-004  6.488883836104653E-005
   55760.0660851090      -5.601676110981169E-004  6.488313526737094E-005
   55760.0865191760      -7.053575227154996E-004  6.488149569119446E-005
   55760.1069530427      -6.992762889189708E-004  6.487097507739538E-005
   55760.1273870089      -5.871542720815581E-004  6.487794833656571E-005
   55760.1478210752      -7.037995891023829E-004  6.487590898718571E-005
   55760.1682550412      -6.405412097342245E-004  6.488211306247078E-005
   55760.1886889070      -6.555519386225450E-004  6.489648465611647E-005
   55760.2091229723      -6.180705953924281E-004  6.487213897406386E-005
   55760.2295569376      -6.558976353877588E-004  6.489369636453239E-005
   55760.2499910027      -5.828390425951513E-004  6.487004396006059E-005
   55760.2704248673      -5.644961101592960E-004  6.488929379887333E-005
   55760.2908588319      -6.917007054175750E-004  6.487659720434620E-005
   55760.3112928960      -6.830461165525659E-004  6.488505316666379E-005
   55760.3317267602      -6.524683181793334E-004  6.488783133740727E-005
   55760.3521607239      -6.585291398896187E-004  6.488211812289109E-005
   55760.3725947875      -5.652124936995628E-004  6.489158110884793E-005
   55760.3930286507      -5.802059079824673E-004  6.489185437154400E-005
   55760.4134626137      -6.233775534348895E-004  6.487733602570968E-005
   55760.4338966767      -4.891205577329805E-004  6.489128760447065E-005
   55760.4543305392      -5.960238229311132E-004  6.488610573408573E-005
   55760.4747645015      -1.557179235338602E-004  6.489064999151314E-005
   55760.4951985638       1.166100702740813E-004  6.489750686101662E-005
   55760.5156324256       1.308955019219127E-005  6.487880860801633E-005
   55760.5360664872      -1.648326198032679E-004  6.489170761935536E-005
   55760.5565004486       2.612733139881751E-004  6.489863533474303E-005
   55760.5769343097       8.960139197489170E-006  6.489647959569617E-005
   55760.5973683706      -6.842049638799974E-005  6.489065505193343E-005
   55760.6178023312       6.649654554147233E-005  6.489642899149319E-005
   55760.6382362916      -7.776834120276632E-005  6.487470460715484E-005
   55760.6586702518      -4.876409843956875E-005  6.489518918852023E-005
   55760.6791042118      -3.137531272268124E-005  6.489776494245180E-005
   55760.6995380715       7.393140361489081E-005  6.490483941002810E-005
   55760.7199721310       4.020271604154857E-005  6.489847340129350E-005
   55760.7404060903       4.261926841730990E-005  6.489495640918654E-005
   55760.7608400493       1.987837690209382E-005  6.488559969205596E-005
   55760.7812740081       2.857862338778716E-005  6.487927416668373E-005
   55760.8017079664      -1.161172332914129E-004  6.488440037244539E-005
   55760.8221420247      -2.201335265394899E-005  6.490862460441083E-005
   55760.8425758828       3.628471618188911E-005  6.487839365355192E-005
   55760.8630098404       4.454985497481800E-005  6.489273488467582E-005
   55760.8834438981       5.774644224532111E-005  6.489109024807904E-005
   55760.9038777555      -4.097133045610768E-005  6.489172786103656E-005
   55760.9243117124       4.545222887486489E-005  6.491048683908042E-005
   55760.9447457693       5.348537512106510E-005  6.489962211670109E-005
   55760.9651796258      -6.683115734018585E-005  6.488472929976474E-005
   55760.9856135820       1.337968734316242E-005  6.490205617886432E-005
   55761.0060476383      -4.281273525741369E-005  6.490396901773687E-005
   55761.0264814940      -5.772366215461844E-006  6.488778073320430E-005
   55761.0469155496      -2.156634612038300E-005  6.489081192496266E-005
   55761.0673495051      -1.278976748733118E-004  6.488996683477294E-005
   55761.0877834602       7.382849981563133E-005  6.487505377615538E-005
   55761.1082174150       2.088580438663890E-005  6.490038117974576E-005
   55761.1286513696       7.629745075554695E-005  6.488378806158934E-005
   55761.1490853240      -1.085878870540347E-004  6.488762386017506E-005
   55761.1695192783      -1.107892992684434E-004  6.486976057652391E-005
   55761.1899532322      -6.407704570954298E-005  6.488054433217847E-005
   55761.2103871859      -8.124593790337364E-005  6.488534667104106E-005
   55931.9699248089       8.584259394184279E-005  6.423447788427264E-005
   55931.9903577467       1.117869850553177E-005  6.426669785788573E-005
   55932.0107907846      -5.301562700099627E-005  6.424005412912280E-005
   55932.0312239229       8.098747510776327E-005  6.423649194575491E-005
   55932.0516569615       3.001469335228713E-005  6.425020960828836E-005
   55932.0720899002       1.819588761242663E-005  6.424060023037047E-005
   55932.0925230392      -1.311877335441469E-005  6.425131684109328E-005
   55932.1129560784       6.438949582188158E-006  6.423367626776228E-005
   55932.1333890179      -7.051857853568322E-005  6.425628185335430E-005
   55932.1538221576       7.405865784848586E-006  6.425380185227538E-005
   55932.1742551975       1.521949917320242E-004  6.427360178008117E-005
   55932.1946883377       4.373511780619843E-005  6.422741864887832E-005
   55932.2151212781      -5.195494033405357E-005  6.425905745052141E-005
   55932.2355543187       2.600596908286512E-005  6.428021511629160E-005
   55932.2559873597       7.731282156697716E-007  6.424842601155282E-005
   55932.2764204008       1.815790071040269E-004  6.426057050168470E-005
   55932.2968534421       1.042635578800688E-004  6.425255433658115E-005
   55932.3172864838      -9.756465347188215E-005  6.423107101410363E-005
   55932.3377195255      -9.399403649001936E-005  6.425586100468637E-005
   55932.3581526676       1.371487521724113E-004  6.427700865025017E-005
   55932.3785856099       9.703675260008815E-005  6.425841114720994E-005
   55932.3990186524       1.762046360664904E-005  6.427295046666650E-005
   55932.4194517953      -6.886887760648719E-005  6.426788024223850E-005
   55932.4398847383       3.313543823812992E-005  6.426571587766055E-005
   55932.4603177815       5.417921150474569E-005  6.425433292321350E-005
   55932.4807509250      -3.751820996822364E-005  6.423679756204948E-005
   55932.5011838688       1.284191138806179E-005  6.425511449931110E-005
   55932.5216169128       2.661165517436892E-005  6.425001922436715E-005
   55932.5420500569      -4.714021215912467E-005  6.425662254037120E-005
   55932.5624831014      -4.577291286511631E-005  6.424601114181537E-005
   55932.5829161461      -8.841161704742362E-006  6.425646221706913E-005
   55932.6033491910      -1.887871999806112E-005  6.427477414422756E-005
   55932.6237822362       8.697232228627172E-006  6.429466425389075E-005
   55932.6442152817      -1.084832929755253E-004  6.428763507911557E-005
   55932.6646483273       2.046658629706322E-005  6.427643248838336E-005
   55932.6850813732       4.110159383508005E-005  6.427951370184503E-005
   55932.7055144193      -1.397886631400169E-004  6.428695370508177E-005
   55932.7259474657      -3.011991660140101E-004  6.426344129081241E-005
   55932.7463806123      -6.355472295065390E-004  6.425533494385145E-005
   55932.7668136592      -3.859433555751801E-004  6.426943838433051E-005
   55932.7872466062      -6.077758410860667E-004  6.426577098879563E-005
   55932.8076797536      -6.152585733264493E-004  6.426380702834527E-005
   55932.8281128011      -6.107176857983454E-004  6.427586133661974E-005
   55932.8485457490      -6.957936034608370E-004  6.426445333165674E-005
   55932.8689788970      -6.454430182398774E-004  6.425858149071839E-005
   55932.8894119453      -5.688541026797056E-004  6.427014480888025E-005
   55932.9098448939      -7.353042714984825E-004  6.425704338903914E-005
   55932.9302780425      -7.984051227456490E-004  6.426128193633764E-005
   55932.9507109917      -6.633900966915851E-004  6.427443846731385E-005
   55932.9711441409      -7.942979905591896E-004  6.427423806318626E-005
   55932.9915771904      -6.503671534869859E-004  6.425781995503355E-005
   55933.0120101401      -6.644484300939446E-004  6.428261495571948E-005
   55933.0324432900      -5.870282560300755E-004  6.427538036671351E-005
   55933.0528763403      -6.389773107490226E-004  6.426511967538097E-005
   55933.0733092907      -6.969866219207477E-004  6.427195345613175E-005
   55933.0937424413      -5.524655108040122E-004  6.428385746131053E-005
   55933.1141754923      -5.162470936048713E-004  6.426627700921779E-005
   55933.1346085435      -6.027116275160171E-004  6.426744436326100E-005
   55933.1550415949      -4.837911342124857E-004  6.427402262874911E-005
   55933.1754746466      -2.910407523960545E-004  6.428191354127292E-005
   55933.1959077985      -2.142034255425695E-005  6.428748477601988E-005
   55933.2163407506       7.383631706581184E-005  6.429405302130160E-005
   55933.2367738030       1.753898100154139E-005  6.427266489078469E-005
   55933.2572069556      -3.520996617956129E-005  6.429910320531684E-005
   55933.2776400085      -1.687450806586721E-005  6.428920324141395E-005
   55933.2980729616       1.771693081538128E-004  6.431269060516736E-005
   55933.3185061149      -5.681816654445893E-005  6.427605673064413E-005
   55933.3389391685      -2.698303555692672E-005  6.429499993080446E-005
   55933.3593722223       5.059823955733123E-005  6.426630205973375E-005
   55933.3798052763      -1.582047083361626E-004  6.429127742413450E-005
   55933.4002383307       6.955375099404471E-005  6.427276509284849E-005
   55933.4206714853       1.532072137333529E-004  6.429917835686469E-005
   55933.4411044400      -2.001377567346641E-004  6.430524559182743E-005
   55933.4615374950       3.153066911099067E-005  6.431620769760655E-005
   55933.4819706503       1.713812370329748E-005  6.430143791340326E-005
   55933.5024036059       9.687280686576649E-005  6.429171330311201E-005
   55933.5228366616      -6.352602039150224E-005  6.430090183236195E-005
   55933.5432698176      -6.567423484626911E-005  6.429570635535422E-005
   55933.5637027738       2.300132779908814E-005  6.430550611719331E-005
   55933.5841359304      -8.009222292293394E-005  6.428120711672316E-005
   55933.6045688871      -2.080682493499353E-005  6.430801116878817E-005
   55933.6250019440      -1.829063033698120E-006  6.430912842179948E-005
   55933.6454351013      -7.570337596241039E-006  6.429756009353442E-005
   55933.6658680587       2.907631255768539E-004  6.430068138782160E-005
   55933.6863011164      -7.011583085236861E-005  6.428242958190146E-005
   55933.7067342744      -1.651718776751743E-005  6.430273553012939E-005
   55933.7271672326      -8.575378059150207E-005  6.429411314253988E-005
   55933.7476003910       1.495151986987686E-004  6.430225456022318E-005
   55933.7680334497      -4.043186009661248E-005  6.429342174829970E-005
   55933.7884665086       6.182003266408387E-005  6.431568163677163E-005
   55933.8088995677      -1.451940236608662E-004  6.429771039663010E-005
   55933.8293326271      -8.620677348281092E-005  6.430339686375044E-005
   55933.8701987466      -5.527120968085164E-005  6.430124251937885E-005
   55933.8906318068       3.135841518497884E-005  6.429591176958500E-005
   55933.9110648672       4.978299229829730E-005  6.430721456238100E-005
   55933.9314980278      -1.407664521806407E-004  6.428250974355250E-005
   56104.6780487594       4.163381414512557E-005  6.821997465670904E-005
   56104.6984830039       7.212465174011307E-005  6.821074340072596E-005
   56104.7189173484      -1.065351567171025E-004  6.820486332338549E-005
   56104.7393514926      -6.552430011841359E-005  6.822001085771289E-005
   56104.7597858366       5.461752367907913E-005  6.819908667748460E-005
   56104.7802200804      -1.423033765701742E-005  6.821071237129409E-005
   56104.8006542239      -4.584463405388206E-005  6.820305844476470E-005
   56104.8210885675      -1.350735472249731E-005  6.819619576874816E-005
   56104.8415228108      -1.148636962510219E-004  6.820698366789700E-005
   56104.8619569541       7.260414918164315E-007  6.822199674135294E-005
   56104.8823912970       1.004878758936734E-005  6.821444624626315E-005
   56104.9028255398       5.429817248359115E-005  6.822890596151730E-005
   56104.9232596826       1.459449619114483E-004  6.822076590722186E-005
   56104.9436940250       1.569057493466808E-005  6.822459804205853E-005
   56104.9641282674       5.154502562554342E-006  6.823208130671260E-005
   56104.9845626095       1.715934085451121E-004  6.822039872561133E-005
   56105.0049967517      -5.875688815792923E-005  6.821586325698548E-005
   56105.0254309934       8.746940669124292E-005  6.821339641715135E-005
   56105.0458653351       8.073204463787675E-005  6.820445994077110E-005
   56105.0662994767       6.706785962529160E-005  6.820779560469776E-005
   56105.0867337180       6.397971826777038E-006  6.821284823052154E-005
   56105.1071679592       8.279192045823613E-005  6.819521834164407E-005
   56105.1276022002       3.385755440366012E-005  6.820949705187896E-005
   56105.1480364411       3.917574203415874E-005  6.821130710207171E-005
   56105.1684706819      -1.950625058522171E-005  6.819651123463890E-005
   56105.1889049224       2.681359770195790E-005  6.820154834574675E-005
   56105.2093391627       1.149798627091414E-004  6.821147776394703E-005
   56105.2297734027      -7.234713491366396E-005  6.821948335737099E-005
   56105.2502076428      -2.518182575206307E-005  6.820531325014769E-005
   56105.2706419826       1.618237474421136E-005  6.820472886251403E-005
   56105.2910762224      -6.286964497326242E-005  6.821859384699056E-005
   56105.3115103620      -1.672929512284149E-004  6.818963821547840E-005
   56105.3319447014      -2.983901715533088E-004  6.822162955974241E-005
   56105.3523789405       1.663727697214235E-004  6.820696815318107E-005
   56105.3728130794       3.681958391066331E-005  6.820229822368375E-005
   56105.3932474183       4.720244057554446E-005  6.819981069756170E-005
   56105.4136816569       1.174135211101657E-004  6.819169132955418E-005
   56105.4341157956      -2.434760268568148E-004  6.819267909980223E-005
   56105.4545501338      -3.699323006047806E-004  6.818851081278690E-005
   56105.4749843719      -3.295907128518794E-004  6.820096395811308E-005
   56105.4954187101      -7.094317414844120E-004  6.819663018079442E-005
   56105.5158528479      -6.969758640218426E-004  6.820318773406419E-005
   56105.5362870856      -5.760951961725214E-004  6.820341011165930E-005
   56105.5567214231      -5.934355547635439E-004  6.818203083309682E-005
   56277.3803933971       8.262952734772178E-005  6.673314778240608E-005
   56277.4008261996       3.031349928739324E-004  6.674310963261079E-005
   56277.4212591021       5.159534077536776E-006  6.673517647169256E-005
   56277.4416918048       1.486363346303587E-004  6.672527169458797E-005
   56277.4621246075      -1.646492529872035E-006  6.673915083484715E-005
   56277.4825575104      -1.163667792842826E-004  6.673301288235122E-005
   56277.5029902134      -4.879895747400553E-005  6.673305439006041E-005
   56277.5234231165       1.784357850205254E-004  6.674226391303612E-005
   56277.5438559197      -4.905651214581752E-006  6.673546183719321E-005
   56277.5642886231       2.412241965954465E-005  6.673705988399689E-005
   56277.5847215265       6.512793199808797E-005  6.673359917874347E-005
   56277.6051543301       5.314947631784861E-006  6.673052241980004E-005
   56277.6255870338       5.460992661676656E-005  6.673578871040305E-005
   56277.6460199376       1.137268497146682E-004  6.673694054933298E-005
   56277.6664527415       1.563877146093517E-005  6.673746458416145E-005
   56277.6868854455      -1.289040458396506E-005  6.672876353062326E-005
   56277.7073183497       1.619722533359180E-004  6.674381007520331E-005
   56277.7277511539       1.384350710575966E-004  6.673773957273481E-005
   56277.7481840583       1.151459719626047E-004  6.673372889033469E-005
   56277.7686167628       1.432362784903329E-004  6.673618822210397E-005
   56277.7890495674       8.035839010300805E-005  6.673126437010175E-005
   56277.8094824721       3.436604079576355E-005  6.674072812779623E-005
   56277.8299151770      -2.718012354485655E-005  6.674144932424334E-005
   56277.8503479819       7.649523827746307E-005  6.674020928143139E-005
   56277.8707808870      -6.562351573147218E-005  6.673418547513573E-005
   56277.8912135922      -3.446628295433740E-006  6.672693200295543E-005
   56277.9116464975       2.501931474285790E-005  6.673528542942917E-005
   56277.9320793029       1.712584272632878E-004  6.672506934450569E-005
   56277.9525120084      -5.983159605071897E-005  6.674232098613625E-005
   56277.9729449141      -1.123749722375944E-005  6.675021782780894E-005
   56277.9933777199      -6.117276667749749E-005  6.673880839624636E-005
   56278.0138104257      -7.248893013889202E-005  6.673620378749491E-005
   56278.0342433317       7.279360189338391E-005  6.673199075501250E-005
   56278.0546761379       3.578098791123807E-005  6.673541514102037E-005
   56278.0751089441      -2.527037947785971E-005  6.673480809077352E-005
   56278.0955417504      -8.974011380191715E-005  6.672579572941645E-005
   56278.1159745569      -2.186812544269223E-005  6.673140964708390E-005
   56278.1364073635      -5.127027783778937E-004  6.672170203159795E-005
   56278.1568401702      -5.700125435359471E-004  6.671532540977420E-005
   56278.1772729771      -5.842785909961901E-004  6.671471835952735E-005
   56278.1977057840      -5.826456688496906E-004  6.672231427030844E-005
   56278.2181385910      -5.661769300044917E-004  6.671965258845687E-005
   56278.2385713982      -5.188996047055250E-004  6.672444672886789E-005
   56278.2590043055      -6.543150446809420E-004  6.672144779687918E-005
   56278.2794370129      -6.790922496727747E-004  6.672207560098062E-005
   56278.2998698205      -5.742690484058510E-004  6.672407315948522E-005
   56278.3203027281      -8.487436561140926E-004  6.671066098095438E-005
   56278.3407354359      -6.454586812510987E-004  6.672382411323010E-005
   56278.3611683438      -5.801012122740312E-004  6.671938797681082E-005
   56278.3816011518      -6.855472975689780E-004  6.671170905061135E-005
   56278.4020338599      -6.206671756503468E-004  6.671857338801804E-005
   56278.4224667681      -6.103158281267618E-004  6.672503302526015E-005
   56278.4428995765      -5.326670744034701E-004  6.672786073794847E-005
   56278.4633322850      -5.956492587676498E-004  6.671863046111816E-005
   56278.4837651936      -6.388798553325081E-004  6.671411130928050E-005
   56278.5041980023      -5.948924878007578E-004  6.671879649195490E-005
   56278.5246309111      -5.601627309133050E-004  6.672672965287314E-005
   56278.5450636201      -4.692672468659120E-004  6.671609849085779E-005
   56278.5654964292      -5.168263964505648E-004  6.672261520120004E-005
   56278.5859293384      -2.901175587078919E-004  6.673024743122668E-005
   56278.6063620477       6.823051883930731E-006  6.673783815354412E-005
   56278.6267948572      -1.189483824933779E-004  6.673269119760502E-005
   56278.6472277667       5.310294616966971E-005  6.673946214266604E-005
   56278.6676604764       8.150852264243724E-005  6.673173652029374E-005
   56278.6880932862      -1.768493713053543E-004  6.673695092626027E-005
   56278.7085261961      -1.209439524810785E-004  6.672884135757800E-005
   56278.7289590061      -3.792992662754457E-005  6.673237470132248E-005
   56278.7493918163      -1.001020038621236E-004  6.673475620613704E-005
   56278.7698246266      -5.466679134569219E-005  6.673158086638428E-005
   56278.7902574370       1.940663775552576E-004  6.674719814196565E-005
   56278.8106902475      -1.300039059837221E-004  6.672917341925148E-005
   56278.8311230582      -3.977952850275912E-005  6.672059688884086E-005
   56278.8515558689       2.421279366382478E-005  6.674025078914058E-005
   56278.8719886798      -1.623632967218125E-004  6.674073331625988E-005
   56278.8924214908      -1.067290169798341E-004  6.674506568340620E-005
   56278.9128542019       1.040301402173149E-004  6.674085783938743E-005
   56278.9332871132      -2.278351475037965E-006  6.673747496108875E-005
   56278.9537199246       1.907129738154545E-005  6.673665518383232E-005
   56278.9741528361      -8.752628269681484E-005  6.673880320778271E-005
   56278.9945855477      -5.108349044546934E-005  6.673331381324282E-005
   56279.0150183594       8.904832152367703E-005  6.673820134599951E-005
   56279.0354512713       1.293731069760273E-004  6.673675895310528E-005
   56279.0558839833       8.566747143512465E-005  6.674034418148625E-005
   56279.0763167954      -2.433680155355944E-005  6.673982533512143E-005
   56279.0967497076      -5.004041371159396E-005  6.673550853336604E-005
   56279.1171824199      -1.302918535565079E-004  6.673318929011527E-005
   56279.1376153324      -3.803295603843626E-005  6.673561749110266E-005
   56279.1580481450      -5.699491215838126E-005  6.673324117475175E-005
   56279.1784808577       1.583214992018078E-004  6.674453127165042E-005
   56279.1989137706      -5.225304026357236E-005  6.673676933003257E-005
   56279.2193465835      -6.838903916750461E-005  6.673685753391460E-005
   56279.2397793966       1.110153272736447E-004  6.674355584048454E-005
   56279.2602122098      -9.898189246682065E-006  6.672759612630240E-005
   56279.2806450232      -2.482366704958938E-005  6.673017479273560E-005
   56279.3215106502      -4.927753322314654E-005  6.673374445572562E-005
   56279.3419434639       1.672569120216849E-004  6.672545329081566E-005
