   55007.4766884895      -6.440629013537702E-005  3.234423614702838E-005
   55007.4971225979      -8.042253615025974E-005  3.234787400155159E-005
   55007.5175566061       2.372247618209755E-005  3.234658554148153E-005
   55007.5379905137      -1.101962855087901E-005  3.234420802587605E-005
   55007.5584246212      -5.204049147422563E-005  3.234503376516699E-005
   55007.5788586284      -1.735156317494990E-005  3.234576747159578E-005
   55007.5992925354      -5.616981145084576E-005  3.234593364204132E-005
   55007.6401606482      -3.884031352863193E-005  3.234479090066966E-005
   55007.6605945543       1.686955264368351E-006  3.234737293374657E-005
   55007.6810285601       7.388759041737636E-005  3.234593364204132E-005
   55007.7014626655       2.684763551252800E-005  3.234334905249601E-005
   55007.7218965706      -6.782681101102916E-006  3.234314709149297E-005
   55007.7423305755      -3.471739695726228E-007  3.234683351891565E-005
   55007.7627645801      -1.612589067745418E-005  3.234565754345488E-005
   55007.7831986843      -1.914210708375830E-005  3.234698435055084E-005
   55007.8036325883      -4.698512487966156E-006  3.234661621910225E-005
   55007.8240665920       4.264567998246704E-005  3.234583393977400E-005
   55007.8445006953       3.794369045051482E-005  3.234426938111749E-005
   55007.8649345983       6.848287297245292E-006  3.234563453523934E-005
   55007.8853686011       7.438403107240532E-006  3.234371207100782E-005
   55007.9058025037       4.376496003910546E-005  3.234634523345259E-005
   55007.9262366058       2.816736956523513E-005  3.234303716335207E-005
   55007.9466706076       3.257520060673258E-005  3.233980578730334E-005
   55007.9671046093       7.839152205879607E-005  3.234318288205047E-005
   55007.9875386107       4.631242788599721E-006  3.234114282027287E-005
   55008.0079726116       1.157564802138911E-004  3.234410321067194E-005
   55008.0284066123      -1.506641690429689E-005  3.234230856986007E-005
   55008.0488405128       5.380229298346251E-005  3.234483436063234E-005
   55008.0692746128       5.410938932093323E-005  3.234373252275496E-005
   55008.0897086128      -1.124203883362540E-005  3.234335927836959E-005
   55008.1101425123      -3.420495068073848E-006  3.234052415492177E-005
   55008.1305766114       1.299407328265723E-004  3.234298092104742E-005
   55008.1510106105       8.802845073319077E-005  3.234383989442746E-005
   55008.1714445091       5.210068830696635E-005  3.234400350840462E-005
   55008.1918785074      -2.569764423883125E-004  3.234333115721726E-005
   55008.2123126053      -2.935972972567535E-004  3.233738225526679E-005
   55008.2327466033      -3.536557870328361E-004  3.233906185500098E-005
   55008.2531805007      -3.396440704632742E-004  3.233957059221119E-005
   55008.2736145979      -3.623677206830989E-004  3.233800603355468E-005
   55008.2940485946      -4.843210749584381E-004  3.233758421626984E-005
   55008.3144824912      -4.364748671864538E-004  3.233968563328887E-005
   55008.3349164874      -4.187689109833581E-004  3.233908486321651E-005
   55008.3553505835      -4.535331693300559E-004  3.233679938047319E-005
   55008.3757844793      -4.767027500667265E-004  3.233838950381362E-005
   55008.4166525698      -5.165210601453252E-004  3.233771970909466E-005
   55008.4370864644      -4.528104498219276E-004  3.233656674184942E-005
   55008.4575204591      -4.929378735526457E-004  3.233754586924394E-005
   55008.4779544532      -5.643278832080378E-004  3.233587649538332E-005
   55008.4983884472      -4.740798711861949E-004  3.233963961685779E-005
   55008.5188224407      -4.776699192980960E-004  3.233594040709315E-005
   55008.5392564339      -5.043540295450732E-004  3.233734390824089E-005
   55008.5596905269      -4.422743667648055E-004  3.233959104395833E-005
   55008.5801244197      -4.586718666546030E-004  3.233649771720282E-005
   55008.6005584123      -4.819210724382739E-004  3.233630853854174E-005
   55008.6209923044      -5.120127461668567E-004  3.233845341552345E-005
   55008.6618603876      -3.790111009368546E-004  3.233948367228582E-005
   55008.6822942790      -7.922173583896353E-005  3.234059573603677E-005
   55008.7027283699      -1.571479021078570E-005  3.234154418581056E-005
   55008.7231623604      -7.962867628363846E-005  3.233598131058744E-005
   55008.7435963508       1.321084354066748E-005  3.233942487351279E-005
   55008.7640302408      -7.096209661838770E-005  3.234015857994157E-005
   55008.7844643306       1.736320775846956E-005  3.233995917540692E-005
   55008.8048983201       2.945372530294144E-005  3.234014579759961E-005
   55008.8253322092       7.503807231978854E-005  3.233887267633990E-005
   55008.8457662980      -6.587584481132502E-006  3.234060340544195E-005
   55008.8662002866      -3.509462565698396E-005  3.234127064369252E-005
   55008.8866341749      -1.972890603463284E-005  3.233988759429191E-005
   55008.9070681628      -1.396674079956473E-005  3.233932261477707E-005
   55008.9275022505      -2.050150318400057E-007  3.233735669058286E-005
   55008.9479361379      -1.634768527691843E-005  3.233916922667348E-005
   55008.9683701249       3.884513396568146E-005  3.233589950359886E-005
   55008.9888042119       5.212803962839629E-005  3.233763278916930E-005
   55009.0092380984       4.539175080031654E-005  3.233453946241379E-005
   55009.0296720844      -1.538617028407074E-005  3.233414065334449E-005
   55009.0501060704       4.267078861741602E-005  3.233627274798424E-005
   55009.0705401560       6.831703746912332E-005  3.233780407255163E-005
   55009.0909740413      -1.217632158367898E-005  3.233246616654708E-005
   55009.1114080262      -4.366097144714587E-006  3.233800859002307E-005
   55009.1318421108      -5.743064182217594E-006  3.233460081765522E-005
   55009.1522759952      -3.583667462014883E-005  3.233335581754784E-005
   55009.1727099794      -2.402721611671765E-006  3.233901072563312E-005
   55009.1931439631      -1.502390167384959E-005  3.233469796345416E-005
   55009.2135779468      -1.346327615558973E-005  3.233322799412819E-005
   55009.2340119298      -7.659205101639976E-005  3.233375462661715E-005
   55009.2544459128      -2.418103182522113E-005  3.233284708033764E-005
   55009.2748798954       5.020384636944542E-005  3.233369071490732E-005
   55009.2953138777       8.023533324186261E-006  3.233732856943054E-005
   55009.3157478598      -1.862873370916951E-005  3.233464939055469E-005
   55009.3361817414       1.264308975446049E-004  3.233307204955622E-005
   55009.3566158230       1.710067162874473E-005  3.233806483232771E-005
   55009.3770498041      -3.501656378634976E-006  3.233578446252117E-005
   55009.3974836848      -2.677240083859278E-005  3.233550580746634E-005
   55117.8568257046      -1.782749605760969E-005  3.114363454672293E-005
   55117.8772582045       9.508951935921495E-005  3.113932206155115E-005
   55117.8976909041       4.571858071500401E-005  3.114232773303451E-005
   55117.9181235037       3.575372207831329E-005  3.114042453709920E-005
   55117.9385561034       1.856337548766795E-005  3.114212577091903E-005
   55117.9589887029       1.329167624830596E-005  3.114021307088416E-005
   55117.9794213023      -7.609009727516103E-006  3.113981389870297E-005
   55117.9998539017      -3.534683436012820E-005  3.114422380089516E-005
   55118.0202864010      -3.733806114203375E-005  3.114250593490111E-005
   55118.0407191003      -9.559853317853140E-007  3.113578653651776E-005
   55118.0611515995       5.667669839182210E-005  3.114095676667412E-005
   55118.0815841986       1.078024601570693E-004  3.113533509178903E-005
   55118.1020168976       1.019245840570004E-004  3.113241258117675E-005
   55118.1224493966       5.234868628622991E-005  3.113790595071788E-005
   55118.1428819955       5.022763294060262E-005  3.114149612432370E-005
   55118.1633145943       5.421659124715816E-005  3.114236337340783E-005
   55118.1837471932       4.005031050624552E-005  3.114022732703349E-005
   55118.2041797919       1.031982433610246E-004  3.114081895723061E-005
   55118.2246123905       3.516429116068309E-005  3.113806514438538E-005
   55118.2450449891      -3.400107990481072E-005  3.114346347293099E-005
   55118.2654775875       5.312319293548917E-005  3.114018455858551E-005
   55118.2859101860       2.633067009449874E-005  3.113968796938391E-005
   55118.3063428844       1.348240814391666E-005  3.114158641326944E-005
   55118.3267753826       4.054966151234574E-005  3.113954778391551E-005
   55118.3472079809       2.051626843524446E-006  3.114316171777021E-005
   55118.3676404791       5.325938421929521E-005  3.113522341861929E-005
   55118.3880731771       1.546880048564070E-005  3.113948838329331E-005
   55118.4085057753       8.538737291252652E-005  3.114103755152031E-005
   55118.4289382732       9.129907911464841E-006  3.114190242457955E-005
   55118.4493709711       4.993097377781197E-005  3.114414539207385E-005
   55118.4698035690       3.421707670669960E-005  3.113878270390157E-005
   55118.4902361667       5.796540381708404E-005  3.114094488654968E-005
   55118.5106686644       6.187122198797468E-006  3.113640667901353E-005
   55118.5311013621       8.501701579421983E-005  3.114418578449695E-005
   55118.5515339596      -1.173328013959196E-005  3.113731432052076E-005
   55118.5719664572      -2.946986226646242E-004  3.113591246583682E-005
   55118.6128317520      -4.026297543452406E-004  3.113790119866810E-005
   55118.6332642493      -3.720227375977325E-004  3.113352693684924E-005
   55118.6536969465      -4.127835591491991E-004  3.113778952549837E-005
   55118.6741295437      -4.204568130176112E-004  3.113521629054463E-005
   55118.6945620408      -4.427532422216496E-004  3.113217735471283E-005
   55118.7149946379      -4.438211262388636E-004  3.113795347121564E-005
   55118.7354273349      -4.812454611827777E-004  3.113771111667706E-005
   55118.7558599318      -4.066456608129432E-004  3.113841917209369E-005
   55118.7762924287      -4.533388558787266E-004  3.113616907652473E-005
   55118.7967251255      -4.815863655568409E-004  3.113946699906932E-005
   55118.8171577223      -4.279567138131268E-004  3.113845481246702E-005
   55118.8375902189      -4.337231789222074E-004  3.113362910591943E-005
   55118.8580228155      -4.975904892795535E-004  3.113249336602294E-005
   55118.8784555121      -4.216892663944094E-004  3.113601225888212E-005
   55118.8988880086      -4.418575806482972E-004  3.113931493347649E-005
   55118.9193206050      -3.523425174465356E-004  3.113952639969152E-005
   55118.9397533014      -3.981187310554413E-004  3.114185965613157E-005
   55118.9601857977      -4.337394376249248E-004  3.113854510141276E-005
   55118.9806183939      -4.088230854107922E-004  3.113818156960489E-005
   55119.0010510901      -3.537551810757211E-004  3.113911534738589E-005
   55119.0214835861      -3.791887876528621E-004  3.113357208132211E-005
   55119.0419161823      -2.804851192903524E-004  3.113909633918679E-005
   55119.0623487782      -5.443274835814638E-005  3.114112784046606E-005
   55119.0827813741       1.055967993999207E-004  3.114904000334320E-005
   55119.1032139700       5.065386541081018E-005  3.113969984950835E-005
   55119.1236465658       3.133818652689691E-005  3.114746945089221E-005
   55119.1440791615      -3.827098608555346E-005  3.113793446301654E-005
   55119.1645117572       4.925085497697879E-005  3.114464198127546E-005
   55119.1849442527      -5.870004506824955E-005  3.114323537454174E-005
   55119.2053768483      -2.741582377729923E-005  3.114562565557910E-005
   55119.2258095438      -3.860511856357274E-005  3.114025108728237E-005
   55119.2462420392      -1.597629802041478E-005  3.114314983764577E-005
   55119.2666746347      -5.625935464359522E-005  3.114093300642524E-005
   55119.2871073299      -8.239933908049668E-005  3.113980439460342E-005
   55119.3075398252      -9.973580614830446E-006  3.114325438274085E-005
   55119.3279724203      -3.015345547818793E-005  3.114047918567162E-005
   55119.3484051154      -9.602507787165315E-005  3.113746638611360E-005
   55119.3688377105      -1.106493833110678E-004  3.114175035898672E-005
   55119.3892702055      -4.919337337316865E-005  3.113762795580598E-005
   55119.4097028005      -4.242566010592697E-005  3.114313320547155E-005
   55119.4301354954      -2.100334744292720E-005  3.113947887919376E-005
   55119.4505679903       1.236440477025980E-005  3.114156502904546E-005
   55119.4710005850      -6.908350876955183E-005  3.113753053878558E-005
   55119.4914332796      -6.954111800638874E-005  3.113907495496280E-005
   55119.5118657743      -2.120290707807726E-005  3.114439725071199E-005
   55119.5322983689      -1.020451473962014E-004  3.113783704599613E-005
   55119.5527309634      -5.725972090309117E-005  3.114231347688518E-005
   55119.5731635578      -5.765996508189097E-005  3.113767547630374E-005
   55119.5935961522      -3.722622531621145E-005  3.114192856085332E-005
   55119.6140287466      -2.156046183920957E-005  3.114373671579312E-005
   55119.6344614409      -2.427608159161210E-005  3.113901555434059E-005
   55119.6548939351      -1.432727314092386E-004  3.114486770363982E-005
   55119.6753265293      -2.152501670138474E-005  3.114296688372939E-005
   55119.6957592234      -4.270549633689225E-005  3.114660932988275E-005
   55119.7161917175      -9.395400260558961E-005  3.114278392981301E-005
   55119.7366243114      -5.147613146705421E-005  3.114921820520980E-005
   55119.7570568054      -3.409258329289955E-005  3.114296213167962E-005
   55119.7774894993       2.332531618853828E-005  3.114394580598326E-005
   55228.2358239160      -2.046497185081986E-005  3.100810700369650E-005
   55228.2562576167       1.343250455065892E-005  3.101780741083571E-005
   55228.2766914176      -2.686264025930640E-005  3.101569604806880E-005
   55228.2971252190      -3.842626585703890E-006  3.101359891920818E-005
   55228.3175590207      -4.495790576142245E-005  3.101575535601169E-005
   55228.3379928228      -1.791670253137312E-005  3.101761288078303E-005
   55228.3584266251       3.254654220685715E-005  3.101663785820191E-005
   55228.3788605279      -5.568439918057777E-005  3.101230363373545E-005
   55228.3992942309       2.767889152544001E-006  3.101432959306460E-005
   55228.4197280344       6.341605039761333E-006  3.101093006177810E-005
   55228.4401619381       9.602197699853932E-006  3.101325730545714E-005
   55228.4605956423       3.791930023422374E-005  3.101175325602542E-005
   55228.4810294470      -3.170958958909065E-005  3.101631047835715E-005
   55228.5014633519      -1.907376542320538E-005  3.101759390224131E-005
   55228.5218970570      -4.004778737964898E-006  3.101225618738114E-005
   55228.5423308626      -1.984384863318311E-006  3.101212570990678E-005
   55228.5627647686       2.207306265122888E-005  3.101205928501074E-005
   55228.5831984749       3.507257671842012E-005  3.101020887719255E-005
   55228.6036322817      -2.612465998697022E-005  3.101200472170328E-005
   55228.6240661887       4.685947311933170E-005  3.101682764361916E-005
   55228.6444998961      -5.186793919087496E-005  3.101080670125688E-005
   55228.6649337038       2.643656714829135E-005  3.101599258778325E-005
   55228.6853675120       2.669120862508478E-005  3.101362501470305E-005
   55228.7058014203       5.406544706132443E-005  3.101585499335575E-005
   55228.7262351292       5.344083088898444E-005  3.100936195976807E-005
   55228.7466689385      -3.795486466662279E-005  3.101592379056950E-005
   55228.7671028481       2.988667172432180E-005  3.101445295358581E-005
   55228.7875365578      -2.394663109051010E-005  3.101659278416531E-005
   55228.8079703681       6.340373787105946E-006  3.101417302009537E-005
   55228.8284042788       2.557740526731855E-005  3.101200234938557E-005
   55228.8488379897      -3.815518856831179E-005  3.101868279607278E-005
   55228.8692718012      -6.562281742450438E-007  3.100334576204123E-005
   55228.8897057128      -5.184514363265613E-006  3.101535206200004E-005
   55228.9101394249      -9.589907014750931E-005  3.101436043319490E-005
   55228.9305732372      -7.316629120746043E-005  3.100252731242933E-005
   55228.9510071500      -3.747069231340161E-004  3.100810937601421E-005
   55228.9714409631      -5.036516449665740E-004  3.100016448398457E-005
   55228.9918746766      -4.910329704888028E-004  3.101017329242681E-005
   55229.0123084903      -4.881312463741461E-004  3.101294415951867E-005
   55229.0327423045      -5.513841793094443E-004  3.099878616739178E-005
   55229.0531761192      -4.594473593095838E-004  3.100438483720067E-005
   55229.0736100341      -4.687927215754062E-004  3.101139503605036E-005
   55229.0940437492      -5.180991793685141E-004  3.100764677405967E-005
   55229.1144775648      -5.569790560878696E-004  3.100354266441162E-005
   55229.1349112809      -4.891393039639924E-004  3.101261203503848E-005
   55229.1553451972      -4.750637474968400E-004  3.099923453544004E-005
   55229.1757790140      -4.788491721269272E-004  3.100333627277037E-005
   55229.1962128310      -4.484206801230739E-004  3.100749494572587E-005
   55229.2166466482      -5.041398972471800E-004  3.100347861183330E-005
   55229.2370804661      -4.674730319512710E-004  3.100445126209671E-005
   55229.2575142841      -4.616866496063299E-004  3.100298754206617E-005
   55229.2779481027      -4.290981003197691E-004  3.100036138635496E-005
   55229.2983819216      -3.507047534612173E-004  3.100606206582562E-005
   55229.3188157406      -2.697811194974920E-004  3.099133946208241E-005
   55229.3392496602      -1.920335462860523E-004  3.095745802046777E-005
   55338.6019026104      -2.744213328520484E-005  3.165660797369492E-005
   55338.6223370679      -5.523238665516850E-005  3.165111923122342E-005
   55338.6427715254       2.672417281623929E-005  3.165693562304353E-005
   55338.6632059825      -4.461180229287098E-005  3.165769192642717E-005
   55338.6836404395       3.270686891410080E-005  3.165614236672584E-005
   55338.7040748964      -3.414698896142543E-005  3.165151339585334E-005
   55338.7245093529      -5.934979980126709E-005  3.165468888465304E-005
   55338.7449438095       1.864628959014070E-006  3.165296934145507E-005
   55338.7653782659      -3.991323975127692E-005  3.165067086895690E-005
   55338.7858127220      -9.112912933151307E-007  3.165028655844274E-005
   55338.8062472781      -2.592412019375434E-005  3.165472830111604E-005
   55338.8266816340      -2.437655315823406E-006  3.165543779744987E-005
   55338.8471160897       2.698462759709308E-005  3.165694794068822E-005
   55338.8675506453      -3.338931778507082E-006  3.166050774000209E-005
   55338.8879850007      -5.616035897904048E-005  3.165219086631099E-005
   55338.9084194559       1.874816759594999E-005  3.165664492662897E-005
   55338.9288540111      -3.638311143050466E-005  3.164474115480570E-005
   55338.9492883658      -9.135513705404996E-006  3.165742093824411E-005
   55338.9697229208       1.666709875181027E-005  3.165852952626573E-005
   55338.9901572753       4.471012364337668E-006  3.165193712283049E-005
   55339.0105917297      -3.260063959842352E-005  3.164884539401463E-005
   55339.0310262840      -1.242093241315967E-005  3.165193712283049E-005
   55339.0514606380       1.811589769307176E-007  3.165376506130169E-005
   55339.0718950921       3.437861353994265E-005  3.165974650956058E-005
   55339.0923296458       4.669220044162259E-005  3.165624829847013E-005
   55339.1127639994       3.788418694528062E-005  3.165443021411466E-005
   55339.1331984530       4.367784445036271E-005  3.165273776973499E-005
   55339.1536330063       1.878136461597180E-005  3.165202580987222E-005
   55339.1740674594       2.872492427785645E-005  3.165544026097881E-005
   55339.1945018122      -6.578050031125215E-006  3.165543287039200E-005
   55339.2149363651       5.705658619703513E-005  3.165845562039762E-005
   55339.2353708177       4.065617419635181E-005  3.165696272186183E-005
   55339.2558051703       1.066567426322163E-004  3.165729037121045E-005
   55339.2762397225       1.161198028072352E-004  3.165866255682832E-005
   55339.2966741747       6.494739393203552E-005  3.165471598347135E-005
   55339.3171087268      -2.240635541617131E-005  3.165308512731510E-005
   55339.3579775302      -3.209151524384835E-004  3.164462044188778E-005
   55339.3784120819      -3.924626088838146E-004  3.165573588445124E-005
   55339.3988464331      -3.552715158439135E-004  3.164761855660404E-005
   55339.4192808844      -4.067879785841777E-004  3.164915579866069E-005
   55339.4397154354      -3.795130857116025E-004  3.165132863118306E-005
   55339.4601497864      -4.471777092595053E-004  3.164989978439964E-005
   55339.4805842369      -4.101333616439717E-004  3.164616261100231E-005
   55339.5010187874      -4.907689393836012E-004  3.164981109735791E-005
   55339.5214531379      -3.975903793389524E-004  3.165106996064468E-005
   55339.5418875880      -4.565468931995165E-004  3.164855716112901E-005
   55339.5623221381      -4.988272636621272E-004  3.164697311202256E-005
   55339.5827564879      -4.657242958600039E-004  3.163968106636923E-005
   55339.6031909377      -4.872600990951659E-004  3.164631781332533E-005
   55339.6236254873      -4.973989931172929E-004  3.164576844637240E-005
   55339.6440599367      -4.750801482611422E-004  3.164752986956231E-005
   55339.6644943858      -5.308862719948237E-004  3.165060928073348E-005
   55339.6849288350      -4.728068219246317E-004  3.164917304336324E-005
   55339.7053631839      -4.571312994253729E-004  3.165592311265045E-005
   55339.7257977325      -4.222250299599217E-004  3.164934795391777E-005
   55339.7462321812      -3.351512440559201E-004  3.165526781395323E-005
   55339.7666665296      -3.898427587394337E-004  3.165065855131222E-005
   55339.7871010778      -3.873972961848660E-004  3.164766782718278E-005
   55339.8075355258      -2.814030052579186E-004  3.165138529234862E-005
   55339.8279698738      -1.892453429153118E-005  3.164274815989572E-005
   55339.8484044215      -2.521621669782093E-005  3.165066347837009E-005
   55339.8688388690      -3.231195374941986E-005  3.164590147693500E-005
   55339.8892732165       6.579193086886370E-005  3.165427993884951E-005
   55339.9097077638       1.613660768495784E-005  3.165047378664195E-005
   55339.9301422108       5.896914541558829E-006  3.165408532006349E-005
   55339.9505765579      -2.242699662591274E-005  3.164908928337939E-005
   55339.9710111047      -4.711729288398026E-006  3.165165381700274E-005
   55339.9914455512      -1.425194828130749E-005  3.165003035143330E-005
   55340.0118799976      -4.512704634096476E-005  3.164969038444000E-005
   55340.0323144439       7.823014395746952E-005  3.165340292254796E-005
   55340.0527488900      -2.342270882416120E-005  3.164687703439402E-005
   55340.0731834359      -3.496986437867555E-006  3.164614043924188E-005
   55340.0936178815       9.013220577958059E-005  3.165109213240512E-005
   55340.1140522272      -2.253935862817080E-005  3.163782110202185E-005
   55340.1344867726      -1.405484933014733E-005  3.164986036793665E-005
   55340.1549212180      -1.047008276922057E-005  3.164859657759200E-005
   55340.1753555629      -1.147417821634189E-005  3.165005005966480E-005
   55340.1957901079      -5.737618296552949E-005  3.164884539401463E-005
   55340.2162245528       2.087808192086094E-005  3.165364681191272E-005
   55340.2366588973      -5.365930204903613E-005  3.164827385530126E-005
   55340.2570934418      -1.336013636565880E-005  3.165271806150349E-005
   55340.2775278860      -2.034583901810993E-005  3.165062159837816E-005
   55340.2979622300       2.401382157479759E-005  3.164504909592282E-005
   55340.3183967741      -8.760309401623090E-005  3.164599016397672E-005
   55340.3388312178       5.876681177463539E-006  3.165280182148735E-005
   55340.3592655614       1.368430011039479E-005  3.164679820146804E-005
   55340.3797001049       4.333962599245567E-005  3.165204305457478E-005
   55340.4001344480       8.204817206292070E-005  3.165285601912397E-005
   55340.4205689913       1.832496204379197E-005  3.164784027420836E-005
   55340.4410034342      -3.476713382000174E-005  3.164858425994732E-005
   55340.4614377770       2.812656716821849E-004  3.166513671087459E-005
   55340.4818723194       1.037568020567647E-005  3.164743625546271E-005
   55340.5023067620       3.011276311126743E-005  3.164482245126062E-005
   55340.5227412042      -5.713515969507643E-005  3.165234114157614E-005
   55448.9849797255       5.910464356362333E-005  3.247493023404339E-005
   55449.0054126659       5.798718040828099E-005  3.247982288800242E-005
   55449.0258456061       8.098637446440904E-005  3.247808487745260E-005
   55449.0462786460       6.157112888560690E-005  3.247665024744255E-005
   55449.0667114857       5.591606504040669E-006  3.247498936753843E-005
   55449.0871444252       3.312089180584898E-005  3.247401495038106E-005
   55449.1075774641       8.983401275508562E-005  3.247527989297058E-005
   55449.1280103031      -7.745221495059074E-005  3.246982932734097E-005
   55449.1484432417       1.379297308226057E-004  3.246995530739562E-005
   55449.1688762800      -5.100655032674872E-006  3.246899888738892E-005
   55449.1893091180       5.346361997071725E-005  3.247220238020707E-005
   55449.2097420559       4.098011914988042E-005  3.246719145925797E-005
   55449.2301750934       4.844718234919831E-005  3.246923799239059E-005
   55449.2506079308       6.294237184634177E-005  3.247090401433775E-005
   55449.2710409679       2.520293608943014E-005  3.246972905750156E-005
   55449.2914739046       4.651393068066945E-005  3.246807589066202E-005
   55449.3119068413       5.915330829786569E-005  3.246952594680121E-005
   55449.3323397775       3.461679832117426E-005  3.247128709654474E-005
   55449.3527727134       2.354421971384468E-006  3.247445716608309E-005
   55449.3732056494      -3.040111279162261E-005  3.247496365732320E-005
   55449.3936385849       5.594621470828010E-005  3.247484281931160E-005
   55449.4140715202       4.670319460298167E-005  3.247705903986477E-005
   55449.4345043552       8.585812603612020E-005  3.248105697833365E-005
   55449.4549373898       1.032242605867317E-004  3.247787148266616E-005
   55449.4753703244       4.049283955964711E-005  3.247511534759308E-005
   55449.4958031587      -4.211141743204472E-006  3.247006586132112E-005
   55449.5162361926       8.008896115185848E-007  3.246682637420164E-005
   55449.5366691264      -7.042682071034534E-005  3.246528119026608E-005
   55449.5571019598       8.008440906648318E-006  3.247098371600497E-005
   55449.5775349930       1.070817768373811E-004  3.247357273467904E-005
   55449.5979679260       9.056996868594958E-005  3.247296083155647E-005
   55449.6184009587       5.383865162489343E-005  3.247505621409804E-005
   55449.6388337911       6.585918092172349E-005  3.247562440985471E-005
   55449.6592667234       4.092872590821806E-005  3.247668881276540E-005
   55449.6796997552       6.597327387258822E-005  3.247775835771913E-005
   55449.7001325869      -2.114277778628715E-004  3.247310995080483E-005
   55449.7205655185      -2.964773041598256E-004  3.246790363221995E-005
   55449.7409985496      -4.269818534019532E-004  3.246837670018025E-005
   55449.7614313804      -4.279321427713700E-004  3.246652299366188E-005
   55449.7818643110      -4.461983946938419E-004  3.247115597444704E-005
   55449.8022973414      -5.004944453398386E-004  3.246743313528116E-005
   55449.8227301715      -4.157197921620392E-004  3.247119968181294E-005
   55449.8431631014      -4.441270149162513E-004  3.247064691218541E-005
   55449.8635961311      -4.547169534808715E-004  3.247328220924690E-005
   55449.8840290606      -3.969359440753051E-004  3.247045922761421E-005
   55449.9044618896      -4.738841798612725E-004  3.246625303640192E-005
   55449.9248949185      -4.962416177195506E-004  3.246349175928580E-005
   55449.9453278471      -4.596943793595543E-004  3.246604992570158E-005
   55449.9657606756      -5.515959432128570E-004  3.246854124555775E-005
   55449.9861937036      -4.998247824926638E-004  3.247361644204494E-005
   55450.0066266314      -5.583797284889336E-004  3.246918142991707E-005
   55450.0270595590      -5.410064954911586E-004  3.247035895777479E-005
   55450.0474924864      -4.261782175427609E-004  3.247192728090407E-005
   55450.0679253135      -4.741274065072076E-004  3.246905287884090E-005
   55450.0883583404      -4.555502542613610E-004  3.246798076286565E-005
   55450.1087912668      -4.270121191501941E-004  3.246507036650116E-005
   55450.1292240932      -4.604816334996542E-004  3.246670810721156E-005
   55450.1496571194      -3.942777921933649E-004  3.247433889909301E-005
   55450.1700900451      -4.350365065355355E-004  3.246908373109919E-005
   55450.1905228706      -1.813621056521164E-004  3.247237463864913E-005
   55450.2109558959       3.205248822801821E-006  3.247393267769231E-005
   55450.2313888211      -1.854987905691718E-005  3.247237463864913E-005
   55450.2518217459      -9.355280202838490E-005  3.246660526635063E-005
   55450.2722546705       1.982065763850294E-005  3.247143107375005E-005
   55450.2926875946      -3.899756269365451E-005  3.247393010667079E-005
   55450.3131205187       1.392620111628773E-005  3.247440060360957E-005
   55450.3335534425      -1.598821790960159E-006  3.247840882616456E-005
   55450.3539863662      -8.967673742699134E-005  3.247561155474709E-005
   55450.3744192893      -2.011590453487866E-005  3.247573496378022E-005
   55450.3948523123      -6.549171898095896E-005  3.247627487830013E-005
   55450.4152851352      -3.842520214458744E-006  3.248298781549773E-005
   55450.4357181576      -8.569915086642510E-005  3.248018797305874E-005
   55450.4561510799       1.004608371601989E-006  3.248033709230711E-005
   55450.4765839019      -3.962496761544809E-005  3.247909014686825E-005
   55450.4970169236      -5.611310079256526E-005  3.247565269109147E-005
   55450.5174498452      -4.082549240891353E-005  3.247633401179517E-005
   55450.5378826665      -1.739923240151597E-005  3.247673509115282E-005
   55450.5583156875      -4.562806530605812E-006  3.247801803089300E-005
   55450.5787486081      -9.330827147602250E-006  3.247978432267957E-005
   55450.5991814287      -2.825612553425394E-005  3.248265358269969E-005
   55450.6196144489      -6.462446348509676E-005  3.247909785993282E-005
   55450.6400473690      -3.551790073641481E-005  3.247619774765443E-005
   55450.6604801887       1.473190303058480E-005  3.247759124132011E-005
   55450.6809132081      -6.004326099906532E-005  3.248041936499585E-005
   55450.7013461273      -2.428353566052976E-005  3.248183085581220E-005
   55450.7217790463      -6.820578143829081E-006  3.247575296093088E-005
   55450.7422119650      -5.842532180178051E-005  3.248119581349592E-005
   55450.7626448835      -3.395211700096823E-005  3.248429646545313E-005
   55450.7830778018      -6.249514144474055E-005  3.248118038736678E-005
   55450.8035107198      -6.941788486813927E-005  3.248438902222798E-005
   55450.8239436374      -7.970387972744408E-005  3.247914928036329E-005
   55450.8443765550      -7.587078915727297E-005  3.248017254692961E-005
   55450.8648094721       2.013410798551440E-005  3.248113410897936E-005
   55450.8852423892      -5.968199936212670E-005  3.248126523107705E-005
   55450.9056754058      -6.407414560560820E-005  3.247988716354051E-005
   55669.7469170727      -8.243221931492073E-005  3.187367522050126E-005
   55669.7673516467      -1.141555942992811E-004  3.186871784429207E-005
   55669.7877863207      -1.428737131303759E-005  3.186986835315666E-005
   55669.8082207948      -7.762544330880417E-005  3.187124001815289E-005
   55669.8286553689      -2.161731938987721E-005  3.186911045854824E-005
   55669.8490900431      -5.335477376811060E-005  3.187583211400983E-005
   55669.8695245173      -5.609702696784957E-005  3.187275829227009E-005
   55669.8899590916      -1.235672634091189E-004  3.186313178829293E-005
   55669.9103937659      -3.845695514415048E-005  3.186603912170885E-005
   55669.9308283402      -6.949709320114295E-005  3.186577323737081E-005
   55669.9512628147      -2.539549556124232E-005  3.187053679135229E-005
   55669.9716974891      -3.496953115789125E-005  3.187012678279363E-005
   55670.0125666382      -1.915005138262149E-004  3.186947573890049E-005
   55670.0330012128      -4.011184001773138E-005  3.186819850011777E-005
   55670.0534357875      -2.983442068427156E-005  3.186246335009731E-005
   55670.0738703622      -7.347209842301083E-005  3.187055915545548E-005
   55670.0943049369       2.166381289914199E-007  3.186942355599303E-005
   55670.1147395117       4.276420713322793E-006  3.186669513540270E-005
   55670.1351740866      -5.576177628530132E-007  3.186355422135337E-005
   55670.1556086615       1.956366677968724E-005  3.186839480724586E-005
   55670.1760433364      -1.238236341827292E-005  3.187058897425975E-005
   55670.1964778114      -8.704995110520031E-005  3.186488612794391E-005
   55670.2169123864       2.844428305937008E-005  3.186684919922474E-005
   55670.2373470615      -1.589970078996750E-005  3.186232171077704E-005
   55670.2577815367      -7.460412646054237E-005  3.186850165796114E-005
   55670.2782161119       5.039951430796386E-005  3.187162517770799E-005
   55670.2986507871      -4.555678186679568E-005  3.186423259915042E-005
   55670.3190852624       2.258788030573555E-005  3.186187939851377E-005
   55670.3395198377      -4.811790140346606E-005  3.186362628346368E-005
   55670.3599545131      -9.398436098451146E-005  3.186905579074041E-005
   55670.3803889885       1.650243787310046E-005  3.187334721365434E-005
   55670.4008236639      -5.401975279206717E-005  3.186746545451290E-005
   55670.4212582395       1.168854419342225E-005  3.186405120142447E-005
   55670.4416928150       9.171134207019982E-005  3.187083249449459E-005
   55670.4621273906      -2.335129744829301E-004  3.186485133933893E-005
   55670.4825619663      -2.836875922461735E-004  3.186342003673417E-005
   55670.5029965420      -3.435611986283282E-004  3.186457800029983E-005
   55670.5234311177      -4.350275909762447E-004  3.185714069353586E-005
   55670.5438656935      -3.889197526676380E-004  3.186560426414664E-005
   55670.5643003693      -3.843406903069058E-004  3.186157127086969E-005
   55670.5847348452      -4.682713268122640E-004  3.185606970148264E-005
   55670.6051694212      -3.823101843697385E-004  3.186340264243168E-005
   55670.6256040971      -5.198937486819988E-004  3.186440157237459E-005
   55670.6460386731      -4.317290303467169E-004  3.186620064023196E-005
   55670.6664731492      -4.933531167550242E-004  3.186372567947790E-005
   55670.6869078253      -4.217763690516074E-004  3.186012754376315E-005
   55670.7073423015      -5.490441427622450E-004  3.186253541220762E-005
   55670.7277768777      -4.297990701315202E-004  3.186318645610076E-005
   55670.7482115539      -4.684895674941236E-004  3.185733948556430E-005
   55670.7686460302      -4.907394226560946E-004  3.185855708673849E-005
   55670.7890807065      -4.822230254837301E-004  3.186478176212898E-005
   55670.8095152829      -4.427384994846184E-004  3.186390707720385E-005
   55670.8299497593      -3.087691837521112E-004  3.186390707720385E-005
   55670.8503844358      -4.419775022687089E-004  3.186080840646056E-005
   55670.8708190123      -3.761033967836225E-004  3.186215770735359E-005
   55670.8912534888      -4.275682305822093E-004  3.186698089894358E-005
   55670.9116881654      -3.955151784766908E-004  3.186772636905023E-005
   55670.9321227421      -2.583377448397428E-004  3.187163014750870E-005
   55670.9525572187      -1.085138849515888E-004  3.186493085615030E-005
   55670.9729918954       1.135820661493092E-004  3.186954283121009E-005
   55670.9934264722       9.893684935313729E-005  3.187057406485762E-005
   55671.0138611490      -5.842424260749102E-005  3.187169227001758E-005
   55671.0342956259       4.165068074146738E-005  3.187352115667922E-005
   55671.0547302028       3.982881388142623E-005  3.187585944791374E-005
   55671.0751648797       8.340773304182925E-005  3.186918252065854E-005
   55671.0955994567       8.375254713954838E-005  3.186910300384717E-005
   55671.1160339337       1.287386674753144E-005  3.187251228713490E-005
   55671.1364686108       3.471933521304038E-005  3.187117044094294E-005
   55671.1569031879       6.115936194994731E-005  3.185914103832203E-005
   55671.1773377651       8.591405582647482E-005  3.186751515252001E-005
   55671.1977723423       4.639369289405337E-006  3.186839232234550E-005
   55671.2182069195       3.313600416499085E-005  3.186902597193615E-005
   55671.2386415968       3.253147217163743E-005  3.186831032063377E-005
   55671.2590760741       3.459862423960125E-005  3.186713993256633E-005
   55671.2795106515       2.572778661491526E-005  3.187035539362633E-005
   55671.2999453289       8.090611835842587E-005  3.187359073388918E-005
   55671.3203798063       7.788100716932256E-005  3.187021126940572E-005
   55671.3408143838       8.599135800113622E-005  3.186586517868397E-005
   55671.3612489613       1.024917648944079E-004  3.187061879306401E-005
   55671.3816835389       4.463574609925303E-005  3.186934155428129E-005
   55671.4021182165       2.076104240855692E-005  3.187145123468310E-005
   55671.4225526942       5.903719322319922E-005  3.187534010373944E-005
   55671.4429872718       5.155601609807547E-005  3.187119528994649E-005
   55671.4634219496       4.597833154740272E-005  3.187272847346582E-005
   55671.4838564273       1.090672064198994E-004  3.187267877545871E-005
   55671.5042910052       2.264410295427233E-005  3.187098904321698E-005
   55671.5247256830       6.046981501928173E-005  3.186958010471542E-005
   55671.5451601609       8.790400352487460E-005  3.187458717893172E-005
   55671.5655948389       6.357507998133727E-005  3.187042745573664E-005
   55671.5860294168       4.024718370421176E-005  3.187197057885740E-005
   55671.6064638948      -3.340282105734893E-005  3.187103625632374E-005
   55671.6268985729      -4.208555833118410E-005  3.187610793794929E-005
   55671.6473331510       2.002850795235211E-005  3.186989071725986E-005
   55671.6677677291       5.903020208020138E-005  3.187011435829185E-005
   55780.1122067491       3.663843830703506E-005  3.253242017820100E-005
   55780.1326402942       6.236599633835382E-005  3.253353674848562E-005
   55780.1530737388       7.790130830587216E-005  3.253629851932818E-005
   55780.1735073831      -1.105177984739303E-005  3.253636040775042E-005
   55780.1939409272       4.503238978781354E-005  3.253464816140172E-005
   55780.2143743709      -1.699952055533860E-005  3.253698187065710E-005
   55780.2348080143       3.922827283875385E-005  3.253324535716423E-005
   55780.2552415575       2.661236985224136E-006  3.253341812900966E-005
   55780.2756751002      -2.367466776886928E-005  3.253202048214069E-005
   55780.2961086427       3.779699954442606E-005  3.253196632977122E-005
   55780.3165421847       2.714204104625750E-005  3.252054017981476E-005
   55780.3369757265       2.772839740416977E-005  3.253246917320194E-005
   55780.3574092681      -2.067982786102540E-005  3.253443670929239E-005
   55780.3778428092       3.415743273227356E-005  3.252716739836320E-005
   55780.3982763501      -2.693255271335460E-005  3.253339492085132E-005
   55780.4187098904       3.668998253569811E-005  3.252824786706818E-005
   55780.4391434306       3.373816102025806E-005  3.253359090085508E-005
   55780.4595769705       6.888443548569434E-005  3.253147380107755E-005
   55780.4800105100      -1.282706975869186E-005  3.253384361191257E-005
   55780.5004440492      -9.129210876701599E-006  3.252654851414077E-005
   55780.5208775880       3.874922691249338E-005  3.252551188306822E-005
   55780.5413111265       2.541197407346374E-005  3.252526948674777E-005
   55780.5617447648       3.806310193565920E-005  3.252646341756019E-005
   55780.5821783027       8.568859517965599E-005  3.252152781588638E-005
   55780.6026117403      -1.648622203354044E-005  3.252288936117571E-005
   55780.6230453774       7.317593107902809E-005  3.252679348914548E-005
   55780.6434789143       6.722173580331336E-005  3.252262375669691E-005
   55780.6639123510      -3.612547238884822E-005  3.252911172629530E-005
   55780.6843459872       4.801338759974350E-005  3.252921229498145E-005
   55780.7047795231      -2.106519206246382E-005  3.252574396465163E-005
   55780.7252129589       1.845792943377944E-006  3.252344377829162E-005
   55780.7456465942       1.130842898633411E-005  3.252635769150552E-005
   55780.7660801292       1.534512935763566E-005  3.252309049854799E-005
   55780.7865135638       2.074359882464627E-005  3.252617460492306E-005
   55780.8069471981       2.557300243122285E-006  3.252638863571665E-005
   55780.8273807320      -7.481998164915460E-005  3.252545257333024E-005
   55780.8478143659      -3.362821234125235E-004  3.252249482248391E-005
   55780.8682477991      -4.386936304204836E-004  3.252072842376575E-005
   55780.8886813322      -4.094716846615443E-004  3.252014048375444E-005
   55780.9091149649      -5.283440023209351E-004  3.251211561833704E-005
   55780.9295483972      -5.420014070652845E-004  3.251545501445386E-005
   55780.9499819292      -5.227968741494671E-004  3.251549885208628E-005
   55780.9704155610      -5.935387775283241E-004  3.250727027061233E-005
   55780.9908489925      -5.995744401119385E-004  3.250485404346063E-005
   55781.0112825236      -6.243786622951442E-004  3.250721353955861E-005
   55781.0317161542      -5.507698392239746E-004  3.250358275212040E-005
   55781.0521495846      -5.767782349686001E-004  3.249845632781134E-005
   55781.0725831148      -6.173902082670102E-004  3.250650698007134E-005
   55781.0930166447      -5.631672707598900E-004  3.250777569272731E-005
   55781.1134501741      -5.637867700302168E-004  3.251073086488937E-005
   55781.1338838031      -6.181212795712820E-004  3.250343060974905E-005
   55781.1543173321      -6.304356160190538E-004  3.250223410025238E-005
   55781.1747507606      -5.354127723193880E-004  3.251779130239350E-005
   55781.1951843887      -5.560545765919134E-004  3.250987732039928E-005
   55781.2156179165      -5.956416284973454E-004  3.251657416342274E-005
   55781.2360513441      -6.295566673292230E-004  3.251608679209758E-005
   55781.2564849712      -5.264936502920037E-004  3.252163354194104E-005
   55781.2769184981      -5.855911762453481E-004  3.251789960713243E-005
   55781.2973519248      -5.193934573408665E-004  3.252414775909463E-005
   55781.3382190767      -1.052101403510308E-004  3.252165159273086E-005
   55781.3586525024      -1.177083783504562E-004  3.251800533318709E-005
   55781.3790861277      -9.699919393157952E-005  3.252112296245754E-005
   55781.3995196525      -2.341044678577653E-004  3.251719046896090E-005
   55781.4403867014      -1.362472575071605E-004  3.252461965831423E-005
   55781.4608202255      -6.583102356849668E-005  3.252623133597678E-005
   55781.4812538491      -1.870619245649685E-004  3.252415033777889E-005
   55781.5016872723      -7.526920051625918E-005  3.252984922999369E-005
   55781.5221207952      -1.570525126561861E-004  3.252910656892679E-005
   55781.5425544179      -9.141908621101980E-005  3.252918392945459E-005
   55781.5629878404      -1.956067633068770E-005  3.253015351473638E-005
   55781.5834213624      -1.311397763482658E-004  3.252881259892113E-005
   55781.6038549839      -8.046963586194611E-005  3.253033660131885E-005
   55781.6242885052      -8.102198619286405E-005  3.252405750514552E-005
   55781.6447219263      -8.058878993755236E-005  3.252797968390512E-005
   55781.6651555471      -1.581288824833438E-004  3.252734274889288E-005
   55781.6855889675      -1.159888400317222E-004  3.252963004183159E-005
   55781.7060224874      -6.234174068553422E-005  3.253034949474015E-005
   55781.7264561073      -2.389669698854568E-005  3.253015609342064E-005
   55781.7468895267      -8.642349800480620E-005  3.252965067130566E-005
   55781.7673231457      -5.860848810335106E-005  3.252596315281373E-005
   55781.7877566644       2.199154755255783E-005  3.252836390785988E-005
   55781.8081900830      -1.968223720305584E-005  3.252873265970907E-005
   55781.8286237010      -9.761310548750401E-007  3.252681153993530E-005
   55781.8490572188      -6.938363504516154E-006  3.253071824658934E-005
   55781.8694906364      -5.829309479787881E-005  3.252680896125104E-005
   55781.8899242535      -2.966835275175495E-005  3.252141951114746E-005
   55781.9103577704      -4.552760323195404E-005  3.251661542237090E-005
   55781.9307911868      -5.298434858402867E-005  3.251581603025027E-005
   55781.9512248030      -5.071847220350367E-005  3.251860100925117E-005
   55781.9716583189      -3.078464818873083E-005  3.252230142116440E-005
   55781.9920918344       8.406035052965777E-005  3.252301055933593E-005
   55782.0125253497       3.405346894624905E-005  3.252778370390136E-005
   55782.0329588644      -6.438244565465379E-005  3.252676770230288E-005
   55890.4906393917      -2.474286036024953E-005  3.150392874214889E-005
   55890.5110720249      -8.038463488058145E-005  3.151179721390600E-005
   55890.5315045583      -1.023581854021627E-004  3.150776241086456E-005
   55890.5519372917      -9.913831330088385E-005  3.151379159402800E-005
   55890.5723699252      -8.125255116009367E-005  3.151456705166960E-005
   55890.5928024589      -1.023051079944715E-004  3.151412843344107E-005
   55890.6132351927      -8.138636390964127E-005  3.150604913413764E-005
   55890.6336678266      -5.734170818816331E-005  3.151378674741774E-005
   55890.6541005606      -4.402360516797543E-006  3.151111626516448E-005
   55890.6745330947       2.418401301840234E-005  3.150956292657615E-005
   55890.6949657290      -5.100586108242045E-005  3.151200319484205E-005
   55890.7153984633      -4.086945495374028E-005  3.150458303453400E-005
   55890.7358309978      -7.926471572328175E-006  3.151525284702139E-005
   55890.7562636324      -5.262304407915863E-005  3.150636901041481E-005
   55890.7766963671       4.330112537864750E-006  3.152108331916417E-005
   55890.7971289019      -9.690342989210343E-005  3.150779876044151E-005
   55890.8175616368      -6.122569704047898E-005  3.151154519017248E-005
   55890.8379942719      -1.009618334513185E-005  3.151525769363165E-005
   55890.8584268071      -8.321187869397839E-005  3.150991188251486E-005
   55890.8788595423       3.662446983909717E-005  3.150753462018233E-005
   55890.8992921777       1.222846900450492E-005  3.151505655930586E-005
   55890.9197248132       7.353939680321275E-006  3.151157426983405E-005
   55890.9401574489      -3.715508500024001E-005  3.151270595332976E-005
   55890.9605900846      -2.693015678922883E-005  3.151854854199819E-005
   55890.9810227205       9.529526579621361E-006  3.151356864995604E-005
   55891.0014553564       1.810631861132173E-005  3.151411631691542E-005
   55891.0218879925       1.180213370581829E-004  3.151639907034788E-005
   55891.0423206288       1.064330633619992E-004  3.151163242915717E-005
   55891.0627532651       1.188548801551725E-004  3.151195957534972E-005
   55891.0831859015       4.890266852353164E-005  3.151083031515914E-005
   55891.1036185381       2.704778871454039E-005  3.151915679158582E-005
   55891.1240511747       9.085515498274965E-005  3.151728600002546E-005
   55891.1444838116       2.506228032750357E-005  3.150180835016015E-005
   55891.1649165485       4.186971365038872E-005  3.151208801052161E-005
   55891.1853490855       8.207933651460664E-005  3.150796839180061E-005
   55891.2057818227      -2.463610440828212E-005  3.150770425154144E-005
   55891.2262144599      -2.851549139153420E-004  3.150767517187987E-005
   55891.2466469973      -3.136557984180222E-004  3.150860087443954E-005
   55891.2670797348      -3.786929974846087E-004  3.151501778642378E-005
   55891.2875123724      -3.681896670967300E-004  3.150755400662337E-005
   55891.3079449102      -4.076667649102195E-004  3.150760974264137E-005
   55891.3283776480      -3.764712591930452E-004  3.150581649684516E-005
   55891.3488102860      -3.333429599907678E-004  3.151011301684066E-005
   55891.3692428241      -2.802335630350816E-004  3.151095875033103E-005
   55891.3896755623      -3.127706507005668E-004  3.151243454315519E-005
   55891.4101082007      -3.630397821112741E-004  3.150428981461326E-005
   55891.4305409391      -3.613589553944641E-004  3.150797323841086E-005
   55891.4509734777      -3.271443926858852E-004  3.150744495789253E-005
   55891.4714061164      -4.044155123983373E-004  3.150353859002296E-005
   55891.4918388552      -3.772139252564699E-004  3.150789326934157E-005
   55891.5122713941      -3.423040422889656E-004  3.149549806360162E-005
   55891.5327040332      -3.067373993788092E-004  3.150312420484574E-005
   55891.5531367723      -4.121048404491789E-004  3.149620809200471E-005
   55891.5735693116      -4.302431765328407E-004  3.150255472814018E-005
   55891.5940019510      -3.491804005305577E-004  3.151440953683615E-005
   55891.6144345906      -4.502766974231465E-004  3.149208847328371E-005
   55891.6348672302      -3.574977177447369E-004  3.150517916759597E-005
   55891.6757326099      -2.738784202145350E-004  3.151047408930503E-005
   55891.6961651499      -1.951230746813915E-004  3.150233905398362E-005
   55891.7165978900       5.621281438394909E-005  3.151258963468352E-005
   55891.7370305303       1.720025341911402E-004  3.151568177202940E-005
   55891.7574630707       8.737784141366056E-005  3.150963320242491E-005
   55891.7778958112       1.319158327395265E-004  3.151406300420256E-005
   55891.7983284518       1.027169556613305E-004  3.152017457974042E-005
   55891.8187610926       9.133217502665936E-005  3.151056132828971E-005
   55891.8391937334       1.092352982692280E-004  3.150942237487861E-005
   55891.8596263744       1.075151084839465E-004  3.151258963468352E-005
   55891.8800591155       1.067107145120705E-004  3.150702330279990E-005
   55891.9004916567       1.412600039534251E-004  3.151568177202940E-005
   55891.9209242981       1.611790436322202E-004  3.150863480071136E-005
   55891.9413570396       1.300806025679169E-004  3.151605253771429E-005
   55891.9617895812       1.787865272095956E-004  3.150722201382056E-005
   55891.9822222229       1.086200096132028E-004  3.151332389613791E-005
   55892.0026549647       1.339692604862552E-004  3.151343779147902E-005
   55892.0230875067       1.186650793547628E-004  3.150523248030883E-005
   55892.0435202488       1.822931108779180E-004  3.151445073302336E-005
   55892.0639528910       1.067236880147870E-004  3.151231095459357E-005
   55892.0843854334       1.034915795630198E-004  3.151302825291205E-005
   55892.1048181758      -2.216868979565412E-005  3.151690554112005E-005
   55892.1252508184       1.232657585863439E-004  3.151630940805807E-005
   55892.1456834611       3.417677292838484E-005  3.150963320242491E-005
   55892.1661161039       1.805381179569299E-004  3.150934967572471E-005
   55892.1865487469       3.985870047484852E-005  3.151860670132131E-005
   55892.2069813900       3.428817965112074E-006  3.151255813171683E-005
   55892.2274140332       8.489196798056042E-005  3.151285862155295E-005
   55892.2478466765       2.748452225120879E-005  3.150746919094382E-005
   55892.2682793200      -3.756210019134620E-006  3.151294101392737E-005
   55892.2887119635       5.515835634506416E-005  3.150535606887046E-005
   55892.3091446072       7.681992572039498E-005  3.151443134658232E-005
   55892.3295773511       5.427003977609424E-005  3.150480597860595E-005
   55892.3500098950      -8.297740763063555E-005  3.150115890438531E-005
   55892.3704425391       3.070426880147359E-005  3.151623186229391E-005
   55892.3908752833       3.955847721370809E-005  3.151343294486876E-005
   55892.4113078276       2.874691528664819E-005  3.151356864995604E-005
   56000.8716902244      -5.991811889649590E-005  3.131411584782761E-005
   56000.8921245730       5.077772028716510E-005  3.132060852486108E-005
   56000.9125588218      -4.354682474627669E-005  3.132133370619579E-005
   56000.9329930709      -2.854197569257533E-005  3.132204676075232E-005
   56000.9534273203      -1.905538849600319E-006  3.132139434008665E-005
   56000.9738615699       6.674547098994843E-005  3.131823895240621E-005
   56000.9942958198       2.317843825760946E-007  3.131840387658935E-005
   56001.0147300699       3.135280630339743E-005  3.132182847874522E-005
   56001.0351643203      -4.199381420488812E-005  3.132147922753386E-005
   56001.0555986711       2.797909996976600E-005  3.132005311842079E-005
   56001.0760328219       2.925290733002406E-005  3.132116150594574E-005
   56001.0964670732       6.070991380324742E-005  3.131951226411430E-005
   56001.1169013246       4.692391393312789E-005  3.132391185923523E-005
   56001.1373355764      -3.339067419805275E-005  3.132008949875531E-005
   56001.1577699284      -1.618405216219365E-005  3.132206131288613E-005
   56001.1782040806       3.334793056053442E-005  3.131966263616364E-005
   56001.1986383331       3.655344436359620E-005  3.132139676544229E-005
   56001.2190726860       1.792416519674767E-005  3.131795033508571E-005
   56001.2395068391       4.032338444059924E-005  3.131981058285734E-005
   56001.2599410924       2.872704299394790E-005  3.132078557582240E-005
   56001.2803754460      -6.778465015278012E-005  3.132056729381529E-005
   56001.3008095998      -2.505723782786351E-005  3.132000946201937E-005
   56001.3212439539      -3.257867305428430E-005  3.132094322393864E-005
   56001.3416782083       1.345680532005566E-005  3.132215590175588E-005
   56001.3621123630      -3.779116890101353E-005  3.132092382109356E-005
   56001.3825467178      -1.445712822911727E-005  3.132210739464318E-005
   56001.4029809730       3.718688627851741E-005  3.132330066961534E-005
   56001.4234152284       3.857792317085718E-005  3.132352865304498E-005
   56001.4642837401       3.408584807185200E-005  3.132232325129465E-005
   56001.4847180963      -8.455912368532381E-006  3.131905629725502E-005
   56001.5051522528       1.903690814364367E-005  3.132039751892088E-005
   56001.5255865095       1.940858687254909E-005  3.132262642074896E-005
   56001.5460208665      -6.684282344737724E-006  3.131832141449778E-005
   56001.5664551238       1.723834601952134E-005  3.132244936978765E-005
   56001.5868892813      -1.687703329334989E-004  3.131779753768073E-005
   56001.6073236392      -4.478233675868637E-004  3.131840630194498E-005
   56001.6277578972      -3.385287182157137E-004  3.131510296757084E-005
   56001.6481921555      -4.241018910843275E-004  3.131538673418007E-005
   56001.6686264140      -4.721790962145533E-004  3.131523878748637E-005
   56001.6890606730      -4.400684512617659E-004  3.131222164507710E-005
   56001.7094949320      -4.481464102041866E-004  3.131446024832771E-005
   56001.7299291914      -4.580515052267087E-004  3.131648299492685E-005
   56001.7503634511      -4.607356076281599E-004  3.131232836072501E-005
   56001.7707977109      -4.110851260736847E-004  3.131762048671942E-005
   56001.7912319711      -4.179335319172139E-004  3.131512964648282E-005
   56001.8116661314      -4.613242109697824E-004  3.131471005995805E-005
   56001.8321004922      -5.637466328510810E-004  3.131103807152747E-005
   56001.8525347531      -4.953459491344736E-004  3.131085859521052E-005
   56001.8729691143      -4.556233031075552E-004  3.131232351001374E-005
   56001.8934032758      -4.254693366532170E-004  3.131763018814196E-005
   56001.9138375375      -4.839835396973635E-004  3.131586210388443E-005
   56001.9342718994      -4.789986832055559E-004  3.131332275653514E-005
   56001.9547060617      -5.716961357181694E-004  3.131712571416999E-005
   56001.9751403241      -5.407776496403338E-004  3.131256847093282E-005
   56001.9955746870      -4.465103478128452E-004  3.131275279796104E-005
   56002.0160088500      -4.547102254404134E-004  3.131723000446227E-005
   56002.0364432132      -3.859186407332293E-004  3.131893988018457E-005
   56002.0568774768      -3.314199331495571E-004  3.131496229694404E-005
   56002.0977460046      -2.335076330872710E-005  3.132281559848845E-005
   56002.1181802690       6.038909561523198E-006  3.132173146451984E-005
   56002.1386145336      -5.105749730471842E-005  3.132208799179811E-005
   56002.1590487985      -5.133652800692889E-005  3.132202008184034E-005
   56002.1794830635      -1.536722790751455E-005  3.132150105573457E-005
   56002.1999174288      -7.600835240706427E-005  3.132608012717245E-005
   56002.2203516945      -5.373765275162867E-005  3.132184303087903E-005
   56002.2407858604      -4.267078196729113E-005  3.132042662318850E-005
   56002.2612202265       1.124457546719526E-005  3.132077344904423E-005
   56002.2816544929      -7.291054885583126E-005  3.132293686627017E-005
   56002.3020886596       1.442721937228164E-005  3.132183818016776E-005
   56002.3225230265      -3.370726256402001E-005  3.132078072511113E-005
   56002.3429572937      -2.518151619024245E-005  3.131990274637145E-005
   56002.3633914611      -9.077052746664371E-006  3.132251000367851E-005
   56002.3838258288       2.718365555964830E-005  3.132131915406198E-005
   56002.4042599968       3.335773275403575E-005  3.132177754627690E-005
   56002.4246943650      -7.045742838274194E-005  3.132261429397079E-005
   56002.4451286334      -8.327724648149459E-005  3.132088501540342E-005
   56002.4655628021      -1.746942863334322E-005  3.132521670056657E-005
   56002.4859971712       1.460128937935679E-005  3.132225291598125E-005
   56002.5064314404      -2.674258877843894E-005  3.132414711873178E-005
   56002.5268656100      -9.923597115679694E-005  3.131872159817747E-005
   56002.5472999797      -2.466908861309403E-005  3.132288835915749E-005
   56002.5677342497      -1.153953222496895E-004  3.132343406417524E-005
   56002.5881686200      -6.644260815158454E-005  3.132122699054787E-005
   56002.6086027905       1.608632549809919E-005  3.132156168962543E-005
   56002.6290370613       1.989595702189817E-006  3.132383667321056E-005
   56002.6494714323      -2.195415397532319E-005  3.132162474887193E-005
   56002.6699056037      -2.235887524359992E-005  3.132441148249593E-005
   56002.6903398752      -9.694078850441823E-005  3.132119303556899E-005
   56002.7107742470      -7.429508233203208E-005  3.132250757832287E-005
   56002.7312084191      -3.496675793468462E-006  3.132066673339631E-005
   56002.7516427915      -5.651767465064683E-005  3.132376391254153E-005
   56002.7720770640       6.854032156455858E-005  3.132349227271047E-005
   56002.7925113369       6.521018039107318E-005  3.132580363663011E-005
   56111.2994351918      -4.906850095831583E-005  3.261849026978706E-005
   56111.3198694474       2.939881047536730E-005  3.261695911734308E-005
   56111.3607377580       5.840793061206995E-006  3.261866644299550E-005
   56111.3811719128      -9.613772983418922E-005  3.261550309759093E-005
   56111.4016060677      -8.702665831883394E-005  3.261957321686250E-005
   56111.4220403218      -6.847936202980520E-006  3.261904210645469E-005
   56111.4424743759      -4.825242133132956E-005  3.261628033233407E-005
   56111.4629085298      -6.743166821543412E-005  3.261748245540346E-005
   56111.4833427833      -8.384909381942141E-005  3.261613006695040E-005
   56111.5037768367      -8.465707530880273E-006  3.261820528371457E-005
   56111.5242110897      -3.000372248940231E-005  3.261832705049100E-005
   56111.5446452424       1.194080468547298E-005  3.261717415228868E-005
   56111.5855135472      -1.028846197489441E-004  3.261876489272963E-005
   56111.6059476992      -3.018206508820231E-005  3.262007064709811E-005
   56111.6263817508      -1.690102508544733E-005  3.261893070280817E-005
   56111.6672501535       2.955559307760147E-005  3.261675703630986E-005
   56111.6876842044       3.590383016227605E-005  3.261904469723716E-005
   56111.7081184550      -7.603016657309336E-005  3.261770267191401E-005
   56111.7285526054       3.991352732102271E-005  3.261930118470240E-005
   56111.7489868556       5.964731544683133E-006  3.261889184107101E-005
   56111.7694209053      -7.565285690347423E-006  3.262151112215539E-005
   56111.7898550550      -7.269442966140183E-006  3.261742286740648E-005
   56111.8102892043       7.815186377824190E-006  3.261873898490486E-005
   56111.8307233533      -3.575642323949690E-005  3.261808610772063E-005
   56111.8511575021      -6.947091342945910E-005  3.261797729485659E-005
   56111.8715916506       1.759811972457115E-005  3.261911464836405E-005
   56111.9124599470       1.208287948428755E-005  3.262245934854202E-005
   56111.9328941947       1.660126561731090E-004  3.262476773572913E-005
   56111.9533282420      -3.240719091202049E-005  3.262011209961774E-005
   56111.9737624894      -2.976063284951813E-004  3.261457300668164E-005
   56111.9941966363      -2.975921196315401E-004  3.261761458530979E-005
   56112.0146306830      -3.778107735749048E-004  3.261590466887489E-005
   56112.0350649292      -4.261474542507360E-004  3.261884261620395E-005
   56112.0554990755      -4.979801795097494E-004  3.261560413810754E-005
   56112.0759331215      -4.506495447111902E-004  3.261642282537031E-005
   56112.0963673670      -4.323547608713341E-004  3.261632178485370E-005
   56112.1168015123      -4.932022352367449E-004  3.261426729434934E-005
   56112.1372357573      -5.390326422921587E-004  3.261659122623132E-005
   56112.1576698021      -4.287522180482783E-004  3.261628292311655E-005
   56112.1781039467      -4.446100900883376E-004  3.261663267875096E-005
   56112.1985381909      -4.442713287644562E-004  3.261622074433710E-005
   56112.2189722350      -5.113482331970953E-004  3.261608343286581E-005
   56112.2394063786      -4.592015732186594E-004  3.261711974585666E-005
   56112.2598406221      -4.178797857753436E-004  3.261786330042759E-005
   56112.2802746653      -4.089042970176759E-004  3.261751872635814E-005
   56112.3007088082      -4.538644570812878E-004  3.261786330042759E-005
   56112.3211430510      -3.770453587743638E-004  3.261676999022225E-005
   56112.3415770935      -3.167812395035163E-004  3.261928045844258E-005
   56112.3620113355      -3.344819807575838E-004  3.261826746249403E-005
   56112.3824454775      -3.363695469228434E-004  3.261770785347897E-005
   56112.4028796191      -3.714494595614681E-004  3.261836073066320E-005
   56112.4233137604      -2.692673193661621E-004  3.261928304922506E-005
   56112.4437479015      -3.496921534875685E-004  3.262023645717664E-005
   56112.4641820421      -9.793620479026099E-005  3.262228058455110E-005
   56112.4846161828       1.778732278998607E-004  3.262620821078642E-005
   56112.5050503229       4.248293370112677E-005  3.262341534727608E-005
   56112.5254844631       1.259249983520672E-004  3.262481696059620E-005
   56112.5459186028       1.203253266468529E-004  3.262449829435152E-005
   56112.5663527423       5.433005297028615E-005  3.262220804264174E-005
   56112.5867869815       7.849582008967460E-005  3.262458638095574E-005
   56112.6072210203       9.835340075170507E-005  3.262347234449058E-005
   56112.6276551590       1.338302953324266E-004  3.262490763798290E-005
   56112.6480893974      -1.385417073130890E-004  3.262479623433638E-005
   56112.6685234357       1.226612957279105E-004  3.262662532676524E-005
   56112.6889575735       6.408370452160028E-005  3.262563305707650E-005
   56112.7093918111       8.098988029736631E-005  3.262478328042400E-005
   56112.7298258482       1.454818434427629E-004  3.262576777776531E-005
   56112.7502599854       5.491246470490374E-005  3.262491541033033E-005
   56112.7706942223       9.889671217511165E-006  3.262549056404026E-005
   56112.7911282587       1.263022284485604E-004  3.262439207226995E-005
   56112.8115624949       8.433898890580771E-005  3.262607349009761E-005
   56112.8319966309       4.301930667960363E-005  3.262500090615208E-005
   56112.8524306667       1.126486375124802E-004  3.262646210746918E-005
   56112.8728649022       6.201353953327882E-005  3.262522112266263E-005
   56112.8932990372       5.935236493792573E-005  3.262600094818825E-005
   56112.9137331723       3.684446491436510E-005  3.262566932803118E-005
   56112.9341673068       2.357280284304153E-006  3.262489468407052E-005
   56112.9546014412       5.347120567433805E-005  3.262588695375926E-005
   56112.9750355753       9.628769298264395E-005  3.262597504036348E-005
   56112.9954697092       4.073444006547078E-005  3.262576000541788E-005
   56113.0159038428       2.068650536246608E-005  3.262472628320950E-005
   56113.0363380760       5.093650043752618E-005  3.262712275700084E-005
   56113.0567722092       4.173866136647497E-005  3.262741551542076E-005
   56113.0772062419       5.120344264830656E-005  3.262679890919121E-005
   56113.0976404744       8.063178829287310E-006  3.262637143008248E-005
   56113.1180746066       3.935132821153431E-006  3.262590768001907E-005
   56113.1385086387      -4.598700203617412E-005  3.262665900693744E-005
   56113.1589428702      -3.378701142575657E-005  3.262601908366559E-005
   56113.1793770018      -2.502139666571424E-006  3.262716420952048E-005
   56221.6395270913       3.376973563451457E-006  3.156578413410617E-005
   56221.6599598531      -3.961473063085474E-005  3.156477273661401E-005
   56221.6803924148       5.099874007319372E-005  3.155936640171025E-005
   56221.7008250765      -4.731220660159074E-005  3.156223447092715E-005
   56221.7212578379       2.661194714659310E-005  3.156803901305609E-005
   56221.7416903993      -7.286597588940236E-005  3.156631670573248E-005
   56221.7825558215      -3.786154157714439E-005  3.156713510708483E-005
   56221.8029883824      -9.181799963220438E-005  3.156914568712360E-005
   56221.8234210431      -4.739169358192186E-005  3.156644862714450E-005
   56221.8438538039      -5.914222224989718E-005  3.156494130286270E-005
   56221.8642863644      -4.987655547128433E-005  3.156715953697595E-005
   56221.8847191247      -1.391752021736581E-004  3.156511719807873E-005
   56221.9051517850      -4.176085025475729E-005  3.157179144433136E-005
   56221.9255843452      -2.370745456858891E-005  3.156669536904476E-005
   56221.9460171052      -1.417848572554670E-004  3.156709846224816E-005
   56221.9664497650      -1.788041843301391E-004  3.156184359266931E-005
   56221.9868823247      -1.126231517262211E-004  3.156689325116279E-005
   56222.0073150843      -9.271935661236963E-005  3.157054796287361E-005
   56222.0277477438      -1.197893978494013E-004  3.156375645314362E-005
   56222.0481803031      -1.279658084044621E-004  3.156659032051297E-005
   56222.0686130623      -1.672644091931241E-004  3.156991034271551E-005
   56222.0890457213      -1.074390192057351E-004  3.156707403235705E-005
   56222.1094782803      -1.303153364708987E-004  3.156844943522682E-005
   56222.1299110391      -1.829445492799175E-004  3.156973200451036E-005
   56222.1503436978      -1.313316629835137E-004  3.156816849147900E-005
   56222.1707764562      -1.274288705273019E-004  3.156754797224468E-005
   56222.1912090146      -2.335680876781598E-004  3.156136232381435E-005
   56222.2116416729      -6.794916186836364E-005  3.156736963403953E-005
   56222.2320744310      -2.229663019069905E-004  3.156546410253256E-005
   56222.2525069890      -1.145551212827778E-004  3.156514162796984E-005
   56222.2729396468      -2.303178478754164E-004  3.156324831140842E-005
   56222.2933724046      -1.142959808433375E-004  3.156260580527210E-005
   56222.3138050622      -1.022333988944801E-004  3.157031343591890E-005
   56222.3342376197      -1.456828809582866E-004  3.156753331431001E-005
   56222.3751030342      -5.580375760527723E-004  3.156014815822592E-005
   56222.3955356914      -5.199574041533372E-004  3.155559931250031E-005
   56222.4159683483      -6.013205012259659E-004  3.156033871137662E-005
   56222.4364010051      -5.217063513033304E-004  3.155863106198768E-005
   56222.4568336618      -5.738384041387157E-004  3.155808383242670E-005
   56222.4772663184      -5.815368563696355E-004  3.155841852193498E-005
   56222.4976989748      -6.553727127568409E-004  3.155840874997854E-005
   56222.5181316310      -5.386657940573691E-004  3.156064164202645E-005
   56222.5385642873      -5.648824165840338E-004  3.155989408735833E-005
   56222.5589968432      -5.502620789066270E-004  3.156206834766757E-005
   56222.5794295991      -5.494907463857723E-004  3.156121085848943E-005
   56222.5998622550      -5.283598883247809E-004  3.156162616663839E-005
   56222.6202948106      -4.807452755232200E-004  3.156178984690886E-005
   56222.6407275660      -5.346252734669266E-004  3.156105695017541E-005
   56222.6611602214      -5.368988542453490E-004  3.155915386165755E-005
   56222.6815929767      -5.211031028188318E-004  3.155655940722113E-005
   56222.7020255319      -5.490506745299273E-004  3.156164571055128E-005
   56222.7224581868      -5.141770545349367E-004  3.156129636310833E-005
   56222.7428909417      -5.248988904880125E-004  3.155870679465014E-005
   56222.7633234965      -4.861522998355072E-004  3.156517827280652E-005
   56222.7837561511      -4.348039293382566E-004  3.156200727293979E-005
   56222.8041889056      -4.419541265855420E-004  3.156650237290495E-005
   56222.8246215599      -4.024495153039931E-004  3.156668559708831E-005
   56222.8450541142      -6.199385214233910E-005  3.157208704601385E-005
   56222.8654868682       2.233910730198296E-005  3.157154958840932E-005
   56222.8859195222      -5.115444090320054E-006  3.156783135898161E-005
   56222.9063520760      -7.224408835337925E-005  3.157066034037273E-005
   56222.9267848297      -6.600473514595251E-005  3.156941930190409E-005
   56222.9472174833      -1.745981683587416E-005  3.157061148059050E-005
   56222.9676502367       3.406445698050931E-005  3.157661390483747E-005
   56222.9880827900      -5.378193140903598E-005  3.157305935568023E-005
   56223.0085154432      -3.431956055188756E-005  3.157505039180611E-005
   56223.0289481963      -1.939013984508797E-005  3.157302759682178E-005
   56223.0493807492       7.237044219410294E-005  3.157759842944941E-005
   56223.0698134021      -4.905991948533917E-005  3.156877679576776E-005
   56223.0902461547      -4.785383906580343E-005  3.156983216706393E-005
   56223.1106787073      -2.451409537218563E-005  3.157456423697292E-005
   56223.1311113597      -6.920578501590224E-005  3.157328655366761E-005
   56223.1515441121      -6.056734938364450E-006  3.157260007372727E-005
   56223.1719766642       4.786944264956183E-005  3.157151538656176E-005
   56223.1924093162       4.058727466338397E-006  3.157639892179566E-005
   56223.2128419682      -5.705348900753027E-005  3.157609354815672E-005
   56223.2332746200       5.888560568489964E-006  3.157441032865889E-005
   56223.2537073716       5.813136342291969E-005  3.157430039414888E-005
   56223.2741399232       1.246987195391291E-005  3.157499420305654E-005
   56223.2945725746       1.299933402361120E-004  3.157601292951604E-005
   56223.3150053259       1.512293973722212E-004  3.157662856277214E-005
   56223.3354379771       8.148057099410799E-005  3.157604468837449E-005
   56223.3558705281       3.357784531932140E-005  3.157689973456352E-005
   56223.3763032790       1.839110339523220E-004  3.157628410130742E-005
   56223.3967359298       1.193895486044649E-004  3.157772790787232E-005
   56223.4171684804       7.126698973136669E-005  3.157894451644985E-005
   56223.4376012309       9.729997049001682E-005  3.157606911826561E-005
   56223.4580338813       1.089456721035109E-004  3.157751048184139E-005
   56223.4784664317       1.072802998767219E-004  3.157534843647771E-005
   56223.4988991818       1.324457156905989E-004  3.157803816748948E-005
   56223.5193318318       4.867337605252153E-005  3.157725152499557E-005
   56223.5397645818       1.024260451674142E-004  3.157771569292676E-005
   56223.5601971316       1.079194882214196E-004  3.157951373291283E-005
   56332.0178940194       4.870476138107982E-005  3.153949544403426E-005
   56332.0383275991       3.854965628113938E-005  3.154488374470865E-005
   56332.0587610793       9.807593590727137E-005  3.154906157674587E-005
   56332.0791947600       7.637957584361033E-005  3.154766488216452E-005
   56332.0996283409       1.433667369687974E-005  3.154597904730140E-005
   56332.1200620220       8.330091400865491E-005  3.153969392168529E-005
   56332.1404955039      -1.015233937051718E-005  3.154024279815236E-005
   56332.1609290857      -6.008717123184848E-005  3.154024279815236E-005
   56332.1813627682      -2.491610652499698E-005  3.154764772977492E-005
   56332.2017962510      -6.849065602432258E-005  3.153477853689547E-005
   56332.2222298340      -1.106191535038548E-006  3.154491069846373E-005
   56332.2426635175      -2.348488271752824E-005  3.154434221926571E-005
   56332.2630970014      -8.212299818510793E-006  3.154325426769707E-005
   56332.2835305856       1.572424184903554E-005  3.154445493496877E-005
   56332.3039642702      -1.131895244199654E-006  3.154009087698737E-005
   56332.3243977553       6.081458742923651E-005  3.154009087698737E-005
   56332.3448314407       4.252737742493906E-005  3.153916464794920E-005
   56332.3652650262      -6.644127730548455E-006  3.154271519259550E-005
   56332.3856985125       2.883717672275132E-005  3.153929206570049E-005
   56332.4061321987       3.844455777901601E-005  3.154351890456512E-005
   56332.4265657857      -9.221398916392509E-005  3.154013743347341E-005
   56332.4469993729       5.364234990201666E-005  3.154481758549165E-005
   56332.4674329603       5.179828166634870E-005  3.154552818448918E-005
   56332.4878665482      -9.970353308963453E-006  3.154317340643184E-005
   56332.5083001366       8.024615825164005E-005  3.154178406287459E-005
   56332.5287337252       1.896096591735841E-006  3.153709655983225E-005
   56332.5491673142       4.929968836941967E-005  3.154362426924407E-005
   56332.5696009038       7.043338931822518E-005  3.154053928945822E-005
   56332.5900344935       6.058629504512858E-005  3.153997081026020E-005
   56332.6104680835      -1.926173944122311E-006  3.153886325596059E-005
   56332.6309017740       8.090937589244618E-006  3.154007127425640E-005
   56332.6513352649      -7.153880905774734E-006  3.153797623238437E-005
   56332.6717688563      -6.235287267408740E-005  3.154124253743164E-005
   56332.6922025479      -2.273424470011776E-005  3.154173995672992E-005
   56332.7126360397      -4.411159331774162E-005  3.153942193379314E-005
   56332.7330697320      -2.517579322784957E-004  3.154057604457878E-005
   56332.7535033248      -4.771099992941785E-004  3.153486184850208E-005
   56332.7739368178      -5.177502802645728E-004  3.153317356329760E-005
   56332.7943705113      -4.547308499135427E-004  3.153362442610982E-005
   56332.8148041050      -4.704746114616576E-004  3.153517059151480E-005
   56332.8352375992      -5.094222798176506E-004  3.153543767872421E-005
   56332.8556712939      -4.683216451102368E-004  3.153112017722886E-005
   56332.8761048887      -5.564347643124412E-004  3.153087759343315E-005
   56332.8965385841      -5.197978473496789E-004  3.152964752206501E-005
   56332.9169720797      -6.043388358980550E-004  3.153015964341151E-005
   56332.9374056757      -5.671512929285027E-004  3.153230614245233E-005
   56332.9578393720      -6.312466138314043E-004  3.153327647763517E-005
   56332.9782728687      -5.480060934126563E-004  3.153433992579010E-005
   56332.9987064659      -5.818120559932805E-004  3.152872619370959E-005
   56333.0191401634      -6.052786663520715E-004  3.153216647299419E-005
   56333.0395736613      -5.426369804798492E-004  3.153300694008438E-005
   56333.0600072594      -6.561719730803217E-004  3.153027971013868E-005
   56333.0804409580      -6.238889280910653E-004  3.152890751897103E-005
   56333.1008745571      -5.178607642493116E-004  3.153386700990553E-005
   56333.1213081564      -5.915079602696327E-004  3.153387926161238E-005
   56333.1417417561      -5.293802798099767E-004  3.153061050622373E-005
   56333.1621752561      -4.931040108895335E-004  3.153220322811476E-005
   56333.1826089566      -5.553180720293538E-004  3.153383760580908E-005
   56333.2234760585      -3.107258898544796E-004  3.153518039288028E-005
   56333.2439097601      -1.094655923350452E-004  3.153189448510204E-005
   56333.2643433620      -6.549551252843511E-005  3.153317846398033E-005
   56333.2847769643      -1.154830225392756E-004  3.153526615482826E-005
   56333.3052105668      -1.042818737350126E-004  3.153177441837487E-005
   56333.3256441699      -1.013613660408863E-004  3.153763073425108E-005
   56333.3460778734      -1.343912262264935E-004  3.154170075126798E-005
   56333.3665113771      -9.130734649465122E-005  3.153598410484991E-005
   56333.3869449813      -8.510011156270814E-005  3.153840504212425E-005
   56333.4073786857      -8.060856069713740E-005  3.153547933452752E-005
   56333.4278121906      -6.417417791237945E-005  3.152710161738075E-005
   56333.4482457957      -7.547101954663571E-005  3.153914504521824E-005
   56333.4686795013      -5.188468950723113E-005  3.153997081026020E-005
   56333.4891130074      -6.263228230429796E-005  3.153829232642120E-005
   56333.5095467136      -8.549984677286293E-005  3.153311475510469E-005
   56333.5299803204      -9.536072870264256E-005  3.153907888600122E-005
   56333.5504138274      -9.959333131248638E-005  3.153208071104621E-005
   56333.5708475348       6.049368462601734E-006  3.153648152414818E-005
   56333.5912811425      -4.245497177501889E-005  3.154108816592529E-005
   56333.6117147507      -1.080426460517980E-004  3.153534946643486E-005
   56333.6321483593      -5.744129041029833E-005  3.153090699752960E-005
   56333.6525819681      -4.125625225537277E-005  3.153183812725050E-005
   56333.6730156774      -1.224108129549428E-005  3.153765768800616E-005
   56333.6934491870       1.145090164689222E-006  3.154323711530748E-005
   56333.7138827970      -9.112266764033095E-005  3.153802033852904E-005
   56333.7343165075       5.127472725741100E-006  3.153615562874586E-005
   56333.7547500182      -2.305877005337464E-005  3.153504072342215E-005
   56333.7751836294       6.619754123082799E-006  3.153498926625336E-005
   56333.7956172408       2.091219640920627E-005  3.154037021590364E-005
   56333.8160508526      -6.753071071108341E-005  3.153810119979427E-005
   56333.8364844648      -1.048981845352959E-004  3.153885345459511E-005
   56333.8569181773      -2.586847976726592E-005  3.153791497385010E-005
   56333.8773516904       5.269730573065345E-005  3.153715291768378E-005
   56333.8977854036       7.628470821541278E-005  3.153881914981592E-005
   56333.9182190174       4.392717631906962E-005  3.153298978769478E-005
   56333.9386525313       7.191874807932486E-005  3.154329102281763E-005
