   54996.0129528410       1.275160521934104E-004  1.071639852717932E-004
   54996.0333870856       1.309193560805610E-005  1.071618652699132E-004
   54996.0538215300       3.295008520098897E-005  1.072500450582537E-004
   54996.0742558741       3.186712801639402E-006  1.072386462075658E-004
   54996.0946901178       4.430321074799792E-005  1.071856359190117E-004
   54996.1151244614       2.908238023402454E-005  1.072100108198538E-004
   54996.1355589049       7.017321290625489E-005  1.071947713860500E-004
   54996.1559931481       2.619742033189709E-004  1.072218705405156E-004
   54996.1764274908       2.691732542474679E-004  1.072329928692192E-004
   54996.1968619335       1.321570845580489E-005  1.072152647375563E-004
   54996.2172961758      -4.494153011069812E-005  1.071510092216390E-004
   54996.2377305181       1.229060446390484E-004  1.071986222107209E-004
   54996.2581648598       2.706754401595735E-004  1.072365159641308E-004
   54996.2785992017       1.146801430988997E-004  1.072149370077971E-004
   54996.2990335430       1.088464222687158E-005  1.072363828239161E-004
   54996.3194678843       1.406856066248352E-004  1.071887800763892E-004
   54996.3399023252       1.370342366209254E-004  1.072027085911562E-004
   54996.3603365658      -1.960628146838728E-004  1.071834749509118E-004
   54996.3807709062       1.595627569519475E-004  1.072628162773083E-004
   54996.4012051464      -1.782414057360793E-005  1.072019404745330E-004
   54996.4216395863       8.800823210752817E-005  1.071881246168708E-004
   54996.4420739263      -1.965907132105427E-004  1.071850419088231E-004
   54996.4625082657      -1.603462278065293E-003  1.070913726470157E-004
   54996.4829426047      -3.835623124068488E-003  1.070158616621801E-004
   54996.5033769437      -6.001722108465724E-003  1.069458708754764E-004
   54996.5238112825      -8.050801508575622E-003  1.069111929703288E-004
   54996.5442455211      -9.391377473195184E-003  1.068435474997145E-004
   54996.5646799594      -1.032938798228644E-002  1.067980647540676E-004
   54996.5851142974      -9.800352130017398E-003  1.068119830272795E-004
   54996.6055486350      -8.966313268551906E-003  1.068188346275582E-004
   54996.6259828726      -7.391922517303695E-003  1.069038702585212E-004
   54996.6464173098      -5.226287967385335E-003  1.069546786127555E-004
   54996.6668515469      -3.144783485201530E-003  1.070243519112549E-004
   54996.6872858836      -9.039145034764884E-004  1.070788574668354E-004
   54996.7077203203       1.206088048422149E-004  1.071443112446849E-004
   54996.7485888925      -1.250618585836305E-004  1.070474568592800E-004
   54996.7690232284       1.003810984212539E-004  1.071136377875328E-004
   54996.7894575640      -7.732575305230416E-005  1.070771061609346E-004
   54996.8098918992       2.772403982373994E-004  1.071169867760098E-004
   54996.8303262343       6.797245087453163E-005  1.071106165288150E-004
   54996.8507606691       4.047889191971521E-005  1.071180928639472E-004
   54996.8711950037       1.514980960004575E-004  1.070366622603357E-004
   54996.8916292380      -2.617469559558216E-004  1.070703364930957E-004
   54996.9120635721      -5.151714156770293E-005  1.071599705822427E-004
   54996.9324979060       1.806085516919964E-005  1.071127467722499E-004
   54996.9529322394      -9.368610201887506E-005  1.070557832434753E-004
   54996.9733665729      -1.261413834096059E-004  1.070055074500997E-004
   54996.9938010060      -3.600092874089800E-005  1.070267381935643E-004
   54997.0142352388      -9.324859226200743E-005  1.070798816223330E-004
   54997.0346695715       1.022886615389407E-004  1.071561607237918E-004
   54997.0551039037      -1.331054209953164E-004  1.070937179631051E-004
   54997.0755382360       1.310471109707834E-004  1.070963193180689E-004
   54997.0959725678      -7.599428558302534E-005  1.070845312882919E-004
   54997.1164068993       1.114727196280807E-004  1.070448042965413E-004
   55050.3672628108       7.633330141421091E-005  1.234747588366764E-004
   55050.4081297201       1.164624458107610E-004  1.234868289774555E-004
   55050.4285633240       7.071942350389548E-006  1.234716271818568E-004
   55050.4489968278       9.348119809504674E-005  1.234744085159678E-004
   55050.4694303309      -5.779795306415370E-005  1.234782408122046E-004
   55050.4898637341       1.153479417581593E-004  1.234695995680584E-004
   55050.5102973365       2.255395892705181E-004  1.234590262521252E-004
   55050.5307308390      -2.286795286088328E-004  1.234570729487801E-004
   55050.5511642407       1.978551212222790E-005  1.234564572335952E-004
   55050.5715978425      -3.344720477060914E-005  1.234564890809324E-004
   55050.5920313435      -2.433294875928693E-004  1.234386121090132E-004
   55050.6124647446      -2.845890488346603E-004  1.234385059512227E-004
   55050.6328983449      -2.806696117196861E-004  1.234555655081551E-004
   55050.6533318450      -1.435817542194684E-005  1.234556822817246E-004
   55050.6941987443      -2.561653688204490E-005  1.234562767653514E-004
   55050.7146323435      -3.697244763426477E-004  1.234450452711171E-004
   55050.7350657422      -1.690569205398118E-004  1.234572215696868E-004
   55050.7554992405      -4.673386338243102E-004  1.234434953673759E-004
   55050.7759328387      -1.552432172802209E-004  1.234529646422880E-004
   55050.7963662363      -3.824889453729607E-004  1.234565421598276E-004
   55050.8167997336      -1.757907973080175E-003  1.233962445348271E-004
   55050.8372332307      -3.972362585695222E-003  1.233347897899102E-004
   55050.8576667273      -6.284007611211728E-003  1.232628254237343E-004
   55050.8781002235      -8.502743376552657E-003  1.231993961439142E-004
   55050.8985337194      -9.817619391857657E-003  1.231413702956303E-004
   55050.9189672151      -1.075611190857206E-002  1.231127926184293E-004
   55050.9394007103      -1.044550214757900E-002  1.231160622783765E-004
   55050.9598341051      -8.962866014030180E-003  1.231606273188259E-004
   55050.9802676996      -7.789873464154384E-003  1.232007868109697E-004
   55051.0007011937      -5.879186118258217E-003  1.232759359108603E-004
   55051.0211345875      -3.530388355767466E-003  1.233425711559534E-004
   55051.0415680811      -1.464639133441747E-003  1.234022212184319E-004
   55051.0620016742      -3.410454785255368E-004  1.234583893053822E-004
   55051.0824351669       2.034222962632448E-005  1.234620199018171E-004
   55051.1028685593      -2.615825885873280E-004  1.234798013317248E-004
   55051.1233020513      -1.290497049336592E-004  1.234763405877547E-004
   55051.1437356430       1.112272360563882E-004  1.234874659241985E-004
   55051.1641690343      -1.133592787415649E-004  1.234721898181464E-004
   55051.1846025253      -1.165522199555458E-004  1.234782195806465E-004
   55051.2050361159      -2.494935954586719E-004  1.234785486697970E-004
   55051.2254695062      -4.197515327085677E-004  1.234667863866103E-004
   55051.2459029961      -1.401157956052446E-004  1.234569774067687E-004
   55051.2663364857      -1.415829518318645E-004  1.234748756102459E-004
   55051.2867699749      -2.146192348999598E-004  1.234764679771034E-004
   55051.3072034639      -2.435708658862223E-004  1.234609901712493E-004
   55051.3276369523      -2.859315102319293E-004  1.234744615948630E-004
   55051.3480705406       4.209165707891316E-005  1.234776569443569E-004
   55051.3685039283      -1.166137929474731E-004  1.234622216016191E-004
   55051.3889374156      -1.090802292675885E-004  1.234765422875567E-004
   55051.4093710030      -2.061019721957269E-004  1.234667970023894E-004
   55051.4298043896      -1.863966344215484E-004  1.234780072650655E-004
   55051.4502378759      -1.023665484256586E-005  1.234805868993745E-004
   55051.4706712621      -2.693873423957882E-004  1.234742492792820E-004
   55051.4911048478      -1.157581989428280E-004  1.234788777589476E-004
   55104.7192212086      -9.818488128177094E-005  1.081736466680217E-004
   55104.7396538022      -1.471705049871375E-004  1.081562730120278E-004
   55104.7600865955      -1.583328160192909E-005  1.081834581300003E-004
   55104.7805192887       6.571716564773844E-005  1.081600056334328E-004
   55104.8009519815      -2.975597652443707E-005  1.081808404474566E-004
   55104.8213845742      -5.611968543939305E-005  1.081674902664837E-004
   55104.8418173666      -1.342168923477161E-004  1.081611884381377E-004
   55104.8622500588      -3.125476881749023E-005  1.081547896585864E-004
   55104.8826826510      -2.884894138521776E-005  1.081650374009890E-004
   55104.9031154427      -4.007623672797056E-005  1.081672866689525E-004
   55104.9235481345      -4.308107868333799E-006  1.081711162415628E-004
   55104.9439807260      -3.518784398004460E-005  1.081621676453115E-004
   55104.9644135172       3.367774325280237E-005  1.081592494140313E-004
   55104.9848462080      -2.527176049628155E-004  1.081750136800167E-004
   55105.0052787988      -4.544369680214988E-005  1.081638061206814E-004
   55105.0257114894       5.993635463474867E-005  1.081747519117624E-004
   55105.0461442797      -4.182307021582954E-005  1.081543630732830E-004
   55105.0665768700      -2.602622524039422E-005  1.081721536194597E-004
   55105.0870095599      -1.530625829715415E-004  1.081487302082537E-004
   55105.1074423495      -1.502104445697539E-004  1.081623130721195E-004
   55105.1278750392       4.058646424720536E-005  1.081599377675891E-004
   55105.1483076286      -2.412027280795925E-004  1.081472080743302E-004
   55105.1687403175      -1.437547478194690E-003  1.081179869810459E-004
   55105.1891731064      -3.377442485541837E-003  1.080491419301463E-004
   55105.2096056951      -5.780509248370480E-003  1.079777858430288E-004
   55105.2300383836      -7.857388937844600E-003  1.078887264658193E-004
   55105.2504710718      -9.232942998908755E-003  1.078593987262092E-004
   55105.2709037601      -9.993696636171778E-003  1.078192706223261E-004
   55105.2913363479      -1.032413707049351E-002  1.078173025128581E-004
   55105.3117691354      -9.645343080885938E-003  1.078309241572059E-004
   55105.3322018229      -8.294185312101909E-003  1.078778000649795E-004
   55105.3526345102      -6.232489957648468E-003  1.079569801143665E-004
   55105.3730670971      -3.789857992477663E-003  1.080389038828642E-004
   55105.3934998839      -1.721353823581295E-003  1.080936425333894E-004
   55105.4139325705      -1.950140831894487E-004  1.081552647194925E-004
   55105.4343651569      -3.775246376376273E-004  1.081668406934080E-004
   55105.4547979430      -3.425155314263906E-004  1.081317346619607E-004
   55105.4752306292      -4.198604607396073E-004  1.081610139259681E-004
   55105.4956632148      -9.454249925211489E-005  1.081576788045050E-004
   55105.5160959005      -1.308824576535805E-004  1.081746355703160E-004
   55105.5365286857      -1.657116160530547E-004  1.081460931354690E-004
   55105.5569612709      -3.104591163017867E-004  1.081471886840891E-004
   55105.5773939559      -1.575660378215771E-004  1.081556428291932E-004
   55105.5978267406      -2.561562830681874E-004  1.081566414266081E-004
   55105.6182593252      -1.343088959148142E-004  1.081488077692180E-004
   55105.6386920094      -1.415770451008713E-004  1.081561663657020E-004
   55105.6591246935      -8.386264320203729E-006  1.081702242904738E-004
   55105.6795574773       2.057620084516820E-005  1.081477703913211E-004
   55105.6999900611      -3.834209471309524E-005  1.081609945357271E-004
   55105.7204227444       1.333841456494511E-004  1.081601219748792E-004
   55105.7408555278       8.505724429608286E-005  1.081726383754863E-004
   55105.7612881109      -1.350139791099769E-004  1.081455502087192E-004
   55105.7817207938       5.281859520400722E-005  1.081637285597172E-004
   55105.8021535764       1.762182101239240E-005  1.081576400240229E-004
   55105.8225861588      -4.291685918766941E-005  1.081824886179471E-004
   55105.8430188410      -6.486422750751064E-005  1.081573297801659E-004
   55159.0902426561      -7.120188448717091E-005  1.096454144404229E-004
   55159.1106751281       1.807291606092942E-004  1.096532674880541E-004
   55159.1311078002      -2.811760231136162E-004  1.096566704753609E-004
   55159.1515403724      -4.397550179635612E-005  1.096574654752445E-004
   55159.1719728448      -2.032288312545649E-004  1.096506982811130E-004
   55159.1924055173      -1.021578238334930E-004  1.096472952938062E-004
   55159.2128380900      -2.128626230809560E-004  1.096344977347036E-004
   55159.2332705628      -3.037474826693698E-004  1.096540721830583E-004
   55159.2537032357      -1.175075032187056E-004  1.096501650494837E-004
   55159.2741358088      -1.563426261225187E-004  1.096590069994092E-004
   55159.2945683820      -2.442330402276927E-004  1.096502813909301E-004
   55159.3150008553      -2.375890091770305E-004  1.096500196226758E-004
   55159.3354335288      -1.753785667024665E-005  1.096675387054776E-004
   55159.3558661024      -3.231688391520660E-004  1.096546248049286E-004
   55159.3762985762      -1.123641778453255E-004  1.096579890117533E-004
   55159.3967312501      -1.581922284443760E-005  1.096636412670236E-004
   55159.4171638242      -5.139575668511309E-005  1.096646980351616E-004
   55159.4375962984       6.049746510639054E-005  1.096568062070484E-004
   55159.4580289727      -1.517222555239561E-004  1.096742671191270E-004
   55159.4784615471      -6.273432261616474E-005  1.096644168766662E-004
   55159.4988940217      -1.253600456474491E-005  1.096669085226430E-004
   55159.5193266965      -7.288133293888999E-004  1.096319382228831E-004
   55159.5397592714      -2.946957097193614E-003  1.095721774999222E-004
   55159.5601918464      -5.269548781403177E-003  1.094821970862622E-004
   55159.5806243216      -7.627323634103234E-003  1.094156109984465E-004
   55159.6010569969      -9.241391211586070E-003  1.093580219824848E-004
   55159.6214895723      -1.015438963829829E-002  1.093193384515611E-004
   55159.6419220479      -1.056298239122022E-002  1.093036129660577E-004
   55159.6623547236      -1.022215317608066E-002  1.093183592443873E-004
   55159.6827872995      -8.916960163745102E-003  1.093760549066749E-004
   55159.7032197755      -6.885002415737418E-003  1.094455689208913E-004
   55159.7236524517      -4.501628335095265E-003  1.095193100076597E-004
   55159.7440850280      -2.412176516952802E-003  1.095871952416267E-004
   55159.7645175044       6.380937187189240E-005  1.096691868759681E-004
   55159.7849500810       9.755394216304225E-005  1.096588324872396E-004
   55159.8053827577       2.234936683054300E-004  1.096753432775061E-004
   55159.8258152346       1.338593256434706E-004  1.096664819373396E-004
   55159.8462478116       2.339981114629630E-005  1.096543630366742E-004
   55159.8666804887       4.236964470671900E-005  1.096604127918864E-004
   55159.8871129660       3.921556018915417E-005  1.096557785242719E-004
   55159.9075455435       1.207256858566375E-004  1.096405377947952E-004
   55159.9484106988       2.768705663329651E-004  1.096685373028924E-004
   55159.9688432766      -1.015275492155521E-004  1.096555264511381E-004
   55159.9892758546       1.923130714907018E-004  1.096598504748955E-004
   55160.0097084328       2.749968410904469E-004  1.096751784604570E-004
   55160.0301410111       7.929976179421594E-005  1.096679265102989E-004
   55160.0505734895       1.063543050903171E-004  1.096706120586863E-004
   55160.0710061681       1.521973190119486E-004  1.096513090737066E-004
   55160.0914387468       1.960470176674001E-004  1.096578823654274E-004
   55160.1118713257       2.934271552570422E-004  1.096891491291440E-004
   55160.1323039047       2.406228783580211E-005  1.096710386439897E-004
   55160.1527364839       1.326237478800341E-004  1.096611496210468E-004
   55160.1731690632       1.724184849225541E-004  1.096729485827346E-004
   55160.1936016427       1.205469344149890E-004  1.096715621804985E-004
   55213.4417214354      -3.274417675669383E-006  1.112869746859156E-004
   55213.4621547699       1.083959532908185E-004  1.112829894034945E-004
   55213.4825881050       2.448901658440583E-004  1.112825367541331E-004
   55213.5030214403       3.087631534939295E-004  1.112999539143437E-004
   55213.5234547760       6.027590408685946E-005  1.113102959682314E-004
   55213.5438880122      -2.796720055320279E-005  1.112786892345612E-004
   55213.5643214489      -6.293315889460693E-005  1.112707777109401E-004
   55213.5847547858       3.345639404805922E-005  1.113047854542665E-004
   55213.6051880229       2.395542464994627E-005  1.113072061443296E-004
   55213.6256214607      -5.722463079804729E-005  1.112995307855928E-004
   55213.6460547988       1.435287649449446E-004  1.113135137147788E-004
   55213.6664880373       3.549042044337369E-005  1.112943941993612E-004
   55213.6869214761      -1.571372517283898E-005  1.113087313758735E-004
   55213.7073547153       1.720549892585410E-004  1.113103550094524E-004
   55213.7277880550      -3.240477370863859E-004  1.112979661932349E-004
   55213.7482214950       1.320392812287352E-005  1.113006132079787E-004
   55213.7686548353       1.642288939418535E-005  1.112987238889051E-004
   55213.7890880762       4.537198998133540E-005  1.113119786430314E-004
   55213.8095215173      -2.129405416118058E-004  1.113004656049261E-004
   55213.8299548589      -1.019834521530649E-004  1.113047756140630E-004
   55213.8503881009      -4.233907958173244E-005  1.113108076588138E-004
   55213.8708215431      -4.887184890303153E-004  1.112957226268349E-004
   55213.8912548859      -2.342868203346726E-003  1.112458229548418E-004
   55213.9116881290      -4.376662917492169E-003  1.111644838326382E-004
   55213.9321214725      -6.952133863885712E-003  1.110891472345749E-004
   55213.9729881607      -9.597152004110487E-003  1.109899875038169E-004
   55213.9934215053      -1.058635469022462E-002  1.109615099548625E-004
   55214.0138549503      -1.007585920878806E-002  1.109830796809538E-004
   55214.0342881959      -8.969527506787589E-003  1.110110652197327E-004
   55214.0547215416      -6.896205055757387E-003  1.110774570728065E-004
   55214.0751549878      -5.020152540385792E-003  1.111411625503224E-004
   55214.0955883343      -2.928676447811696E-003  1.112379606322383E-004
   55214.1160215814      -1.139339319529586E-003  1.112922883958103E-004
   55214.1364550288       2.007545478619477E-004  1.113285200251297E-004
   55214.1568883764      -2.562296093655547E-004  1.113229701503507E-004
   55214.1773216245      -2.432375870523584E-004  1.113491057308700E-004
   55214.1977550730      -1.648989789955202E-004  1.113451598092630E-004
   55214.2181884220      -1.254736667120060E-004  1.113503652769192E-004
   55214.2386216713      -8.593286247904341E-005  1.113311571996700E-004
   55214.2590551210      -1.502351300697313E-004  1.113374450897121E-004
   55214.2794884712      -2.696896685172590E-005  1.113512312148279E-004
   55214.2999217216       1.926894881432162E-006  1.113585031252209E-004
   55214.3203550724       1.262152051710874E-004  1.113547048066665E-004
   55214.3407885235      -7.479687597766738E-005  1.113526088433192E-004
   55214.3612217751      -3.041892506528976E-004  1.113477674631928E-004
   55214.3816551271       2.212141379254184E-005  1.113578930326034E-004
   55214.4020885796      -2.797790207832440E-004  1.113543308789332E-004
   55214.4225218324      -8.278141668760508E-005  1.113614650264771E-004
   55214.4429551856      -3.703299430629636E-004  1.113457207008630E-004
   55214.4633886390      -1.078670952778804E-004  1.113673691485823E-004
   55214.4838218929      -1.772639517121366E-004  1.113673297877683E-004
   55214.5042552473      -2.613868754883786E-004  1.113593493827227E-004
   55214.5246887021      -5.306691974826805E-005  1.113609041348771E-004
   55214.5451219572      -4.691562300511709E-004  1.113481315507227E-004
   55267.7957307727      -1.821619532849095E-004  1.119822933060498E-004
   55267.8161650661      -1.603434014363359E-005  1.119914250149060E-004
   55267.8365994597       9.957778390368155E-005  1.119920449477270E-004
   55267.8570336536      -8.806052316456814E-006  1.120019835532709E-004
   55267.8774679478       1.886853618107143E-004  1.119980671522744E-004
   55267.8979023423      -6.664498518749173E-005  1.119899883451937E-004
   55267.9183365371       7.534293301936223E-005  1.119938555451726E-004
   55267.9387708321       3.652669587683732E-006  1.119904803553691E-004
   55267.9592051274      -1.984392082736708E-004  1.119938260245621E-004
   55267.9796394230       1.633894241459544E-005  1.119942294729060E-004
   55268.0000737190       5.106809392496636E-005  1.119978211471867E-004
   55268.0205080151      -1.339533272637361E-006  1.119936193802884E-004
   55268.0409423115       2.533374119981779E-004  1.119970044102955E-004
   55268.0613766083      -1.537489648684165E-005  1.119874102118744E-004
   55268.0818109052      -9.031783414081840E-005  1.119863868307095E-004
   55268.1022453024      -8.052322856355598E-005  1.119846057538744E-004
   55268.1226795000      -4.473337952615175E-006  1.119878628612358E-004
   55268.1431137979      -9.469497536274130E-005  1.119915726179586E-004
   55268.1635481959       1.704287195369858E-005  1.119853240887305E-004
   55268.1839823943      -3.050834096278709E-004  1.119810928012217E-004
   55268.2044166931      -4.152407073272357E-004  1.119846746352990E-004
   55268.2248510919      -3.338693696025574E-004  1.119759463747867E-004
   55268.2452852912      -2.274428797512162E-003  1.119079899293550E-004
   55268.2657195906      -4.452576240780992E-003  1.118417161587233E-004
   55268.2861539904      -6.850284508419069E-003  1.117553290121197E-004
   55268.3065881904      -8.749008687524040E-003  1.116983443936003E-004
   55268.3270224908      -1.023247070358557E-002  1.116467817272143E-004
   55268.3474568913      -1.045256774805503E-002  1.116448432071231E-004
   55268.3678911923      -1.043963636894529E-002  1.116445086402038E-004
   55268.3883253933      -9.275167466837209E-003  1.116793626410319E-004
   55268.4087596948      -7.635951385447259E-003  1.117363177389407E-004
   55268.4291940965      -5.613193935098848E-003  1.117965102638040E-004
   55268.4496282985      -2.938191035597448E-003  1.118907203721971E-004
   55268.4700626007      -1.062711237178493E-003  1.119519461184287E-004
   55268.4904969033      -4.368000166691255E-004  1.119782686628147E-004
   55268.5313655092      -1.879193603741003E-004  1.119742735401902E-004
   55268.5517998125      -1.673585372499176E-004  1.119807975951165E-004
   55268.5722341161      -5.215770066879788E-005  1.119828148368358E-004
   55268.5926683200      -3.532323159416428E-006  1.119832871666042E-004
   55268.6131027242      -2.152605901267757E-004  1.119796069304919E-004
   55268.6335370287      -4.151719369760443E-005  1.119818012958744E-004
   55268.6539713334       1.091812136497783E-004  1.119837693365761E-004
   55268.6744056385       7.202053395460872E-005  1.119772059208358E-004
   55268.6948399437       5.340986775248524E-005  1.119797545335446E-004
   55268.7152742493       1.961135035721817E-005  1.119829427594814E-004
   55268.7357085551       1.092651359149155E-004  1.119859538617551E-004
   55268.7561428612       6.958153684233359E-005  1.119832281253832E-004
   55268.7765771676      -1.815966934061164E-004  1.119715871646323E-004
   55268.7970113742      -3.240863102965674E-004  1.119680643717761E-004
   55268.8174457812      -1.281803303613271E-004  1.119723251798954E-004
   55268.8378800883      -4.126827664463484E-004  1.119725908653902E-004
   55268.8583142959       3.359421642357141E-005  1.119778947350814E-004
   55268.8787487036      -1.282696403472894E-004  1.119679659697410E-004
   55322.1515902438      -5.883429901498705E-005  1.076833545621028E-004
   55322.1720248882       3.310278123103139E-005  1.076809453498701E-004
   55322.1924596327       4.428601038397595E-005  1.076917459708119E-004
   55322.2128941772      -1.699197841553701E-005  1.076867642099238E-004
   55322.2333289216      -5.671648853178279E-005  1.076780971710017E-004
   55322.2537635660       1.887818065016145E-004  1.076884996594135E-004
   55322.2946328547       9.199276800697653E-005  1.076887548725738E-004
   55322.3150674990       1.589772170524917E-004  1.076799347057555E-004
   55322.3355021433       1.497966997885403E-004  1.076857127317036E-004
   55322.3559367876      -3.822747500437096E-005  1.076701038948226E-004
   55322.3763714319       2.872396580699821E-004  1.076808943072380E-004
   55322.3968060760       1.947468899585747E-004  1.076882444462533E-004
   55322.4172407202       3.839122967108644E-005  1.076788321849032E-004
   55322.4376753644       1.823491448480485E-004  1.076836608178951E-004
   55322.4581100086       3.623489763795451E-004  1.076870296316105E-004
   55322.4785447527       8.022690559883472E-006  1.076645810820347E-004
   55322.4989792968       2.092051504967163E-004  1.076838751969497E-004
   55322.5194139409       2.596067917983724E-004  1.076711145389372E-004
   55322.5398486849       3.168303929244054E-004  1.076763923470912E-004
   55322.5602832289       9.469895549574225E-005  1.076660919439434E-004
   55322.5807178729      -1.738482940804031E-004  1.076785565546901E-004
   55322.6011526169      -1.962401326066843E-003  1.075955510264500E-004
   55322.6215871608      -4.062898264620363E-003  1.075111163045124E-004
   55322.6420218047      -6.454544651272598E-003  1.074251298865606E-004
   55322.6624565486      -8.564659262685348E-003  1.073435025093858E-004
   55322.6828910925      -9.819513707037153E-003  1.073137446549005E-004
   55322.7033257363      -1.044646541384131E-002  1.072824555214537E-004
   55322.7237604801      -1.012046589218918E-002  1.072811284130204E-004
   55322.7441950239      -8.989273702998068E-003  1.073498215872336E-004
   55322.7646297677      -7.369394635823312E-003  1.073781604565479E-004
   55322.7850644114      -5.191558302133359E-003  1.074781835983136E-004
   55322.8054989551      -2.821911908708619E-003  1.075609441219199E-004
   55322.8259336987      -7.516722099029094E-004  1.076463180282872E-004
   55322.8463683424       2.459023587439990E-004  1.076817518234565E-004
   55322.8668028860       1.405305407016222E-004  1.076654794323588E-004
   55322.8872376296       9.691693249958000E-005  1.076626516705433E-004
   55322.9076722732       1.736341086633342E-004  1.076615287326382E-004
   55322.9281068167       2.370735618562048E-004  1.076705939040903E-004
   55322.9485415602       8.541054068134102E-005  1.076673271756391E-004
   55322.9689762037       8.988438251877895E-005  1.076679396872237E-004
   55322.9894107471       2.550084262331609E-005  1.076614572729533E-004
   55323.0098454905       1.233552721746634E-005  1.076670719624788E-004
   55323.0302801340       1.062673818390536E-004  1.076553729912129E-004
   55323.0507146773      -3.254091997140218E-005  1.076646423331932E-004
   55323.0711494206       1.062324280980409E-004  1.076619574907474E-004
   55323.0915840639      -3.621735353132038E-005  1.076516468790732E-004
   55323.1120186072       1.689206367450069E-004  1.076707572405128E-004
   55323.1324533504       2.359948943531087E-005  1.076629170922299E-004
   55323.1528879937       1.937163286069854E-005  1.076540152572004E-004
   55323.1733226369      -1.336652412733397E-004  1.076544031812039E-004
   55323.1937572800       9.374008700113734E-005  1.076546379773114E-004
   55323.2141919232      -2.943686128220602E-005  1.076495541311592E-004
   55323.2346266663       6.054527351850858E-005  1.076540356742532E-004
   55323.2550612094      -2.112769901363443E-005  1.076511058271735E-004
   55376.5073366501       6.645055726095528E-005  1.238556930977584E-004
   55376.5277707664       2.332395800284104E-004  1.238461836753373E-004
   55376.5482049827      -4.393409113812030E-005  1.238441267108045E-004
   55376.5686392986      -1.214789142174322E-004  1.238414881960897E-004
   55376.6095077293      -2.316029293989441E-004  1.238310741400520E-004
   55376.6299419442      -8.976866410947970E-005  1.238389896841965E-004
   55376.6503761591      -1.990049502863522E-004  1.238404650985472E-004
   55376.6708103736      -3.997578474834729E-005  1.238434913133834E-004
   55376.6912445878      -2.861272422924888E-004  1.238446759526431E-004
   55376.7116788015       2.972750817797909E-005  1.238461513669938E-004
   55376.7321130153       9.242495407923990E-005  1.238525161106528E-004
   55376.7525472285      -5.709250421970236E-005  1.238367065612596E-004
   55376.7729814416      -1.533618106762669E-004  1.238560807978798E-004
   55376.7934157544      -2.850724962182305E-004  1.238440620941176E-004
   55376.8138498670      -7.556311754353118E-005  1.238577177539477E-004
   55376.8342840791       1.147507252907687E-005  1.238689179796759E-004
   55376.8547183912       5.470212908487149E-005  1.238621655358956E-004
   55376.8751525028      -4.426320073147583E-005  1.238621870747912E-004
   55376.8955868143      -3.519913694249865E-005  1.238542823000946E-004
   55376.9160210254      -8.914593586073494E-005  1.238498022098033E-004
   55376.9364551361      -2.495766970390667E-004  1.238382681311928E-004
   55376.9568894469      -2.023298358283299E-003  1.237797684906587E-004
   55376.9773236571      -4.181316829802606E-003  1.237088732156889E-004
   55376.9977577671      -6.482666712779639E-003  1.236185067790686E-004
   55377.0181920769      -8.530330515334028E-003  1.235653595540989E-004
   55377.0386262862      -9.928588021247742E-003  1.235201709510648E-004
   55377.0590603955      -1.061581594248073E-002  1.234853856346205E-004
   55377.0794947044      -1.053892471238205E-002  1.235055783492747E-004
   55377.0999288130      -9.655105820481125E-003  1.235460283952699E-004
   55377.1203630214      -7.703982812517718E-003  1.236075650200880E-004
   55377.1407973296      -5.692535255997888E-003  1.236564260048272E-004
   55377.1612315372      -3.256665168302586E-003  1.237491078727279E-004
   55377.1816656447      -8.898993666635047E-004  1.238319249264295E-004
   55377.2020999522      -3.674646914653135E-005  1.238653425230011E-004
   55377.2225341589      -1.833105417190506E-004  1.238343157438445E-004
   55377.2429683657       5.026585996015243E-005  1.238387527563445E-004
   55377.2634025722       4.639549868112880E-005  1.238455805862596E-004
   55377.2838367782      -3.735761585377251E-005  1.238422743657802E-004
   55377.3042709841       1.046494390590791E-004  1.238689610574672E-004
   55377.3247051897      -1.999710392019960E-005  1.238612393633834E-004
   55377.3451393950      -1.331968310659404E-004  1.238647394339235E-004
   55377.3655736999      -4.408998639648942E-005  1.238771673767026E-004
   55377.3860078048      -1.155592887619461E-004  1.238649440534320E-004
   55377.4064420092       1.490760249349687E-004  1.238799566636869E-004
   55377.4268763134      -6.587475690655875E-005  1.238799135858956E-004
   55377.4473104172      -3.201520335882613E-004  1.238749381010048E-004
   55377.4677446209      -1.403586948349744E-004  1.238801935915388E-004
   55377.4881789242       2.131957911783999E-004  1.238923199897791E-004
   55377.5086130272      -2.709151482956917E-004  1.238630917084077E-004
   55377.5290473300      -7.835642638542861E-005  1.238744857841966E-004
   55377.5494815326      -2.098569728214983E-005  1.238720734278859E-004
   55377.5699156349      -2.131125177018411E-004  1.238573300538264E-004
   55377.5903499368       1.061207528452179E-004  1.238872045020667E-004
   55377.6107841384      -1.255056233501195E-004  1.238689502880193E-004
   55431.7194167666       3.803420440506855E-005  1.225930076497280E-004
   55431.7398499927      -5.035357253690975E-005  1.227985641001835E-004
   55431.7602834185      -7.066065963212687E-005  1.228106043428413E-004
   55431.7807167440      -7.606260397374776E-005  1.228061242525500E-004
   55431.8011499690       1.308951279443971E-004  1.229120202329204E-004
   55431.8215833938       1.214438938750284E-004  1.229702506372591E-004
   55431.8420167181      -6.262584254845827E-006  1.229533426041886E-004
   55431.8624500422      -4.394833879972637E-005  1.230189608497288E-004
   55431.8828833658      -3.714129049782189E-004  1.230229778537640E-004
   55431.9033166892      -1.437263471019135E-004  1.231210121372290E-004
   55431.9237500122      -3.403087608693234E-004  1.231039964096805E-004
   55431.9441833349       8.570582689038098E-005  1.231671699905665E-004
   55431.9646166573       7.253558112596536E-005  1.232560394739405E-004
   55431.9850499791       1.109682095563613E-004  1.232823923127451E-004
   55485.2128400119       9.148655049973087E-006  1.102391476837853E-004
   55485.2332726224       3.535820620628183E-004  1.102595823176062E-004
   55485.2537051328       3.915126391125234E-004  1.102617107218933E-004
   55485.2741378431       2.769925559258368E-004  1.102538121940572E-004
   55485.2945704531       1.623348852326512E-004  1.102500142616365E-004
   55485.3150030628       3.369398902905996E-004  1.102478858573494E-004
   55485.3354356726       3.274337340848366E-004  1.102499459183796E-004
   55485.3558682822       9.561865285823146E-005  1.102302142437728E-004
   55485.3763009917       2.053132217769704E-004  1.102644737421377E-004
   55485.3967335010       1.287114323667016E-004  1.102526308320446E-004
   55485.4171661101       1.716624830441216E-004  1.102506976942058E-004
   55485.4375988189       1.058101806370448E-004  1.102508343807197E-004
   55485.4580313277       6.083268117129670E-005  1.102614373488656E-004
   55485.4784639364       1.110336912957255E-004  1.102612518457397E-004
   55485.4988966447       5.975588561657474E-005  1.102487157397549E-004
   55485.5193291531      -1.874331749707192E-005  1.102386204643747E-004
   55485.5397617612       1.527740736675387E-004  1.102443222446668E-004
   55485.5601944692       1.237136853582399E-005  1.102496432553846E-004
   55485.5806269771       1.460549924250376E-004  1.102647568784878E-004
   55485.6010595847       1.192869616819525E-004  1.102363553735737E-004
   55485.6419247996      -3.705986339996858E-005  1.102455914765812E-004
   55485.6623575068      -9.284619974356811E-004  1.102144952946797E-004
   55485.6827900138      -3.285934325898410E-003  1.101457322148894E-004
   55485.7032226208      -5.582857144302955E-003  1.100606448600162E-004
   55485.7236553273      -7.644114204607422E-003  1.100163389028831E-004
   55485.7440878340      -9.379883409334377E-003  1.099557184339895E-004
   55485.7645204403      -9.895303027589009E-003  1.099388376495287E-004
   55485.7849531466      -1.044524746772979E-002  1.099203947334811E-004
   55485.8053857527      -9.599387434391815E-003  1.099628358960323E-004
   55485.8258182585      -8.020819559648062E-003  1.099938637346768E-004
   55485.8462509643      -5.982457555856802E-003  1.100673717891622E-004
   55485.8666835699      -3.896429374074972E-003  1.101348754003606E-004
   55485.8871160754      -1.473186583026753E-003  1.102091645206394E-004
   55485.9075487806      -5.004768014171823E-005  1.102529627850068E-004
   55485.9279813859       4.350264970942597E-005  1.102588305417800E-004
   55485.9484140908       3.185562737972880E-005  1.102377222387122E-004
   55485.9688465957       1.107435293694614E-004  1.102683302544928E-004
   55485.9892792003       3.060709348041701E-004  1.102690332137069E-004
   55486.0097119047      -3.463922146484943E-005  1.102532361580345E-004
   55486.0301444091      -1.016951708638913E-004  1.102467728385937E-004
   55486.0505770133       1.866395219345396E-004  1.102606855730395E-004
   55486.0710097173       6.755883070019841E-005  1.102501900014401E-004
   55486.0914422212       9.995704600895827E-005  1.102540855670849E-004
   55486.1118748249      -1.305547746002222E-004  1.102561261014702E-004
   55486.1323075284       1.062088666110572E-004  1.102679592482409E-004
   55486.1527400319      -7.032819214858321E-005  1.102425062666971E-004
   55486.1731726352      -1.585574463723871E-004  1.102526991753015E-004
   55486.1936053382       2.046545526657173E-004  1.102584400088833E-004
   55486.2140379412      -4.088414541048024E-005  1.102598654539563E-004
   55486.2344705440      -3.768402351433942E-005  1.102497604152537E-004
   55486.2549031465       2.138306880072882E-005  1.102491160359741E-004
   55486.2753357491       5.717295079232798E-005  1.102496139654174E-004
   55486.2957683514      -1.994542651984066E-005  1.102524062756290E-004
   55486.3162009535      -3.642984996732324E-005  1.102656941574399E-004
   55486.3366335556      -4.392604421199486E-005  1.102731240458000E-004
   55539.5838638192       2.301275026512783E-004  1.112697249449440E-004
   55539.6042963668      -2.065771323167542E-004  1.112415187064783E-004
   55539.6247291146       1.779902491485519E-004  1.112777699226165E-004
   55539.6451617626      -5.263220389728485E-005  1.112673231676291E-004
   55539.6655943109       3.694724729741417E-005  1.112781018755787E-004
   55539.6860270592      -1.640723764557706E-004  1.112714335263671E-004
   55539.7064597079      -2.264400428009239E-005  1.112624415064201E-004
   55539.7268924567      -3.399336779796869E-005  1.112663761253546E-004
   55539.7473250057       4.362081808872986E-005  1.112672548243722E-004
   55539.7677576548      -1.710791794087285E-004  1.112652045266644E-004
   55539.7881904043      -1.191194589531541E-004  1.112650092602161E-004
   55539.8086229538      -1.528352201959349E-004  1.112664151786443E-004
   55539.8290556036      -1.771988827570237E-005  1.112634959452413E-004
   55539.8494883536      -7.247701231094528E-005  1.112624317430977E-004
   55539.8699209038      -3.337976571535783E-004  1.112694027553042E-004
   55539.8903535542      -3.740895813927336E-004  1.112624903230322E-004
   55539.9107863047      -1.853642071493189E-004  1.112806696293746E-004
   55539.9312188555      -9.570323500396327E-005  1.112723903319641E-004
   55539.9516516065      -3.135737822470563E-004  1.112604009720348E-004
   55539.9720842576      -1.751330427055553E-004  1.112657512727198E-004
   55539.9925168090      -1.769802149490518E-004  1.112641500878433E-004
   55540.0129495605      -8.325665007451466E-004  1.112496125007628E-004
   55540.0333822123      -2.686872309707211E-003  1.111962657070706E-004
   55540.0538148642      -5.157394773188106E-003  1.111171242155500E-004
   55540.0742475164      -7.423327099971622E-003  1.110497768175104E-004
   55540.0946801688      -9.176777134051295E-003  1.109868326778812E-004
   55540.1151128213      -1.033938340578011E-002  1.109578258469772E-004
   55540.1355455740      -1.084661942017273E-002  1.109307521539120E-004
   55540.1559781270      -1.004858778856532E-002  1.109671791098537E-004
   55540.1764108801      -9.054314044560696E-003  1.110012042884806E-004
   55540.1968434335      -7.013405209303936E-003  1.110593839267697E-004
   55540.2172760870      -4.449023104165728E-003  1.111265555850058E-004
   55540.2377088408      -2.375533681528097E-003  1.111987358276424E-004
   55540.2581413948      -6.033248135051128E-004  1.112585459407753E-004
   55540.2785740489      -4.787316268106689E-005  1.112827687436945E-004
   55540.3194393578      -1.073970334081187E-004  1.112740891500648E-004
   55540.3398720126      -9.678280291269825E-005  1.112605376585486E-004
   55540.3603047675      -1.528529252768918E-004  1.112561441634605E-004
   55540.3807373227      -2.146355514203169E-004  1.112733861908507E-004
   55540.4011700780      -1.533193788770815E-004  1.112738157770371E-004
   55540.4216027335      -2.070325532640416E-004  1.112706426972513E-004
   55540.4624680452       1.330390843743423E-004  1.112806403394074E-004
   55540.4829007014      -2.697515872531753E-004  1.112648139937677E-004
   55540.5033333578      -2.132863084094438E-004  1.112732006877248E-004
   55540.5237660143       1.267369488979764E-004  1.112721071956140E-004
   55540.5441986710      -3.121028069379417E-004  1.112746456594427E-004
   55540.5646313280       3.410887109533967E-005  1.112638767148156E-004
   55540.5850639852       1.815123065584956E-005  1.112676551205914E-004
   55540.6054966426       9.620015297029383E-006  1.112670790845687E-004
   55540.6259294001       1.421219754522696E-004  1.112864885695358E-004
   55540.6667946158       1.654320699071565E-004  1.112715604495586E-004
   55540.6872273740       2.324371459394570E-004  1.112781018755787E-004
   55648.2900872445       1.633858533396371E-004  1.095140927497937E-004
   55648.3105216480       1.133164518967167E-004  1.095162030628150E-004
   55648.3309560517      -1.069732620317954E-004  1.095063243511356E-004
   55648.3513904557       1.781515543308743E-005  1.095134504806133E-004
   55648.3718248599       1.188382464909488E-004  1.095116765943055E-004
   55648.3922593643      -1.306334441952828E-005  1.095083225219190E-004
   55648.4126937690       1.442909117250757E-004  1.095103308874514E-004
   55648.4331280739      -9.084583492513509E-005  1.094905224903481E-004
   55648.4535625790       2.156841393541331E-004  1.095111770516097E-004
   55648.4739968843       1.756913802961613E-004  1.095094949180420E-004
   55648.4944312899      -1.020001862694908E-005  1.095000239963184E-004
   55648.5148657958       2.534478748175140E-004  1.095136237913445E-004
   55648.5353001018       2.067739743394359E-004  1.095145820977406E-004
   55648.5557345081      -7.492751209825510E-005  1.095062835721400E-004
   55648.5761690146       1.164496086625277E-005  1.095098415395044E-004
   55648.5966033215       2.682451324864665E-005  1.095052946814972E-004
   55648.6170378285       1.583581040887072E-004  1.095099536817422E-004
   55648.6374722357       4.388516334419279E-005  1.095092400493196E-004
   55648.6579065432       2.012583127746215E-004  1.095117683470456E-004
   55648.6783410509       8.158933297641724E-005  1.095004113967764E-004
   55648.6987754588      -9.283452158859173E-005  1.094954669435623E-004
   55648.7192097670      -2.562951134138514E-004  1.094968432346631E-004
   55648.7396442755      -1.993166108843480E-003  1.094250620076925E-004
   55648.7600786841      -4.170204288099000E-003  1.093376624254145E-004
   55648.7805131929      -6.516269197875735E-003  1.092237768855070E-004
   55648.8009475020      -8.545467215770097E-003  1.091367748984359E-004
   55648.8213819113      -9.821522138084737E-003  1.090983203056035E-004
   55648.8418164209      -1.045149697503656E-002  1.090773293176284E-004
   55648.8622507308      -1.015790240276970E-002  1.090776555495930E-004
   55648.8826851408      -9.193779442709271E-003  1.091216458910755E-004
   55648.9031196511      -7.294391826897062E-003  1.091835891853624E-004
   55648.9235540615      -5.079723458688568E-003  1.092662482094041E-004
   55648.9439883723      -2.806286247356682E-003  1.093806230972586E-004
   55648.9644228832      -1.037607091315063E-003  1.094427193127788E-004
   55648.9848572944       3.927734922637427E-005  1.094985763419753E-004
   55649.0052917059       1.564599335794892E-004  1.095058757821842E-004
   55649.0257261176      -3.698745727653829E-005  1.094937848099946E-004
   55649.0461605295      -1.221454270530220E-004  1.094811331266157E-004
   55649.0665949416       4.473246740044345E-005  1.094959460967603E-004
   55649.0870293539       1.870532750081200E-004  1.094875252341730E-004
   55649.1278981793       1.201294412933596E-004  1.094917458602155E-004
   55649.1483325923      -1.338540282379563E-004  1.094862610853100E-004
   55649.1687671056       1.423488103236004E-005  1.094828764286768E-004
   55649.1892014191      -1.193198298643505E-005  1.094705000035181E-004
   55649.2096358329       3.494152399907691E-004  1.095069156465715E-004
   55649.2300703468      -1.900970126751389E-004  1.094763110103883E-004
   55649.2505046611      -7.190735839623930E-005  1.094804806626864E-004
   55649.2709390755      -2.695246859779621E-004  1.094577055936547E-004
   55649.2913735902      -1.351374396133531E-004  1.094821627962541E-004
   55649.3118079051      -8.962843077375826E-005  1.094727734325217E-004
   55649.3526768355       2.706170542743358E-005  1.094683081325056E-004
   55649.3731111511      -3.035916118011572E-004  1.094746084873228E-004
   55649.3935456669      -2.684359053028995E-005  1.094624767361376E-004
   55702.6460908824       1.130317105701995E-004  1.086693558563429E-004
   55702.6665255064       1.566733252424957E-004  1.086826090299066E-004
   55702.6869601303       1.380310190413070E-005  1.086917944986611E-004
   55702.7073947540       2.661594497865849E-005  1.086660935366965E-004
   55702.7278292777       1.231351647674739E-004  1.086842809687254E-004
   55702.7482640013       1.211913237320061E-005  1.086748814102441E-004
   55702.7686986248       1.429227861060589E-004  1.086960762931971E-004
   55702.7891333484       2.294804330382760E-004  1.086920799516302E-004
   55702.8095678718       2.101058544536905E-004  1.086880428310677E-004
   55702.8300024951       1.267710587475879E-004  1.086827517563911E-004
   55702.8504372184       9.619741375432866E-005  1.086804171588941E-004
   55702.8708717415       3.294663110215978E-004  1.086890826954550E-004
   55702.8913063646       8.089600924110485E-005  1.086692233246073E-004
   55702.9117410876       1.184055037781739E-004  1.086708544844305E-004
   55702.9321756106       3.756544506505755E-004  1.086860956340287E-004
   55702.9526102335       3.532957142746707E-004  1.086943126016382E-004
   55702.9730449564       1.696865360467648E-005  1.086795607999870E-004
   55702.9934794791       3.074725142246937E-004  1.086866767347158E-004
   55703.0139142018       2.314604739233062E-004  1.086899186648644E-004
   55703.0343488244       2.713463915664516E-004  1.086827415616422E-004
   55703.0547833470       3.286332370660006E-004  1.086952912975322E-004
   55703.0752180693       2.989444325685042E-005  1.086608534357644E-004
   55703.0956526918      -1.637225207807513E-003  1.086170262102642E-004
   55703.1160873140      -3.883111489686453E-003  1.085099915416142E-004
   55703.1365219363      -6.284969450421229E-003  1.084225409855918E-004
   55703.1569565584      -8.122162900512819E-003  1.083467226380587E-004
   55703.1773911805      -9.675651976570943E-003  1.082636048503166E-004
   55703.1978258025      -1.044950156906777E-002  1.082603629201680E-004
   55703.2386951463      -9.036027567726923E-003  1.083091244041334E-004
   55703.2591297681      -7.456872656086855E-003  1.083683966742097E-004
   55703.2795642898      -4.954696356804678E-003  1.084808957282675E-004
   55703.2999990114      -2.843993828572144E-003  1.085749422868251E-004
   55703.3204335330      -1.095584013307116E-003  1.086285870555113E-004
   55703.3408681545       1.040143304316121E-004  1.086815487760215E-004
   55703.3613028759      -3.718023417853544E-005  1.086695393618231E-004
   55703.3817373973       2.252134314995047E-004  1.086885627632614E-004
   55703.4021720184      -4.199567411555805E-005  1.086743920622971E-004
   55703.4226067396       1.096132236002578E-004  1.086827109773956E-004
   55703.4430412607       1.055325136070095E-004  1.086681528759733E-004
   55703.4634759818       2.532365119023439E-004  1.086960355142015E-004
   55703.4839106028       1.448920405988652E-005  1.086785922988419E-004
   55703.5043451236       1.689236996762489E-004  1.086768693862787E-004
   55703.5247798445      -7.234807712386271E-005  1.086737803773634E-004
   55703.5452144652      -2.936418143650865E-005  1.086676635280263E-004
   55703.5656489858       2.377926117214102E-005  1.086838323997740E-004
   55703.5860837064      -1.084451171563527E-004  1.086691009876206E-004
   55703.6065183269      -2.126685521286475E-005  1.086736988193723E-004
   55703.6269529473       1.027137266906841E-005  1.086715885063510E-004
   55703.6473875676      -2.234955300051134E-005  1.086719351278134E-004
   55703.6678221879      -8.815725234334604E-005  1.086812939072991E-004
   55703.6882568081      -7.921648594477748E-005  1.086681732654711E-004
   55703.7086914281      -1.437886530478716E-004  1.086699369570300E-004
   55703.7291260481       1.056191196211476E-004  1.086711297426507E-004
   55703.7495607682       9.708341442093982E-006  1.086707423421927E-004
   55757.0016245892       5.783778287860031E-006  1.362122039712226E-004
   55757.0220585842       2.038741805958644E-004  1.362330716845091E-004
   55757.0424926790       3.441498772382978E-004  1.362321598180461E-004
   55757.0629268735       8.016199695037862E-005  1.362224800048241E-004
   55757.0833609676       1.226960010287659E-004  1.362167399223459E-004
   55757.1037949614       2.877319527967437E-004  1.362194755217347E-004
   55757.1242291548       2.886505339816381E-005  1.362177686947656E-004
   55757.1446632482       7.021311144628228E-005  1.362278693694320E-004
   55757.1650972411       1.237857736959835E-004  1.362327677290214E-004
   55757.1855314337      -1.387835637012280E-004  1.361809900807604E-004
   55757.2059655259       4.456816895042071E-004  1.361951590827230E-004
   55757.2263997179       2.044318708849246E-005  1.361657806157824E-004
   55757.2468337096       5.374895809340252E-005  1.361831996033437E-004
   55757.2672678012       9.420078164246171E-005  1.361849064303127E-004
   55757.2877018922       1.806862074922311E-004  1.362022202025129E-004
   55757.3081359830      -5.850585234501438E-005  1.361858066061800E-004
   55757.3285700736       5.451161275837890E-005  1.361854091259269E-004
   55757.3490041637       3.708432153959329E-005  1.361857949155844E-004
   55757.3694382536       1.789067833735114E-004  1.361808381030166E-004
   55757.3898722432      -6.659995332425339E-005  1.361764775108284E-004
   55757.4103064326      -1.446366358225371E-004  1.361907867999391E-004
   55757.4307405216      -9.727948334048442E-005  1.361696502029520E-004
   55757.4511746103      -2.081484106453035E-003  1.360852674833431E-004
   55757.4716086987      -4.137015841971126E-003  1.360047075885211E-004
   55757.4920427868      -6.578403565910329E-003  1.358957044744127E-004
   55757.5124769745      -8.615712892006022E-003  1.358041320384614E-004
   55757.5329109621      -9.862948014669026E-003  1.357242385075930E-004
   55757.5533450492      -1.065901777379907E-002  1.356882782352853E-004
   55757.5737792360      -1.042547507427849E-002  1.356916801986278E-004
   55757.5942133226      -9.415697442880955E-003  1.357619172974655E-004
   55757.6146473090      -7.792531558953875E-003  1.358367604910006E-004
   55757.6350814949      -5.252260774590845E-003  1.359259714266249E-004
   55757.6555155806      -3.042835117017972E-003  1.360114062998450E-004
   55757.6759495661      -8.247154801181988E-004  1.361240218080180E-004
   55757.6963837511       1.612720382038191E-005  1.361529794135142E-004
   55757.7168178358       1.929465743222281E-005  1.361476835736717E-004
   55757.7372520203       1.713360621957705E-004  1.361577725577424E-004
   55757.7576860044      -1.001382065513035E-005  1.361434983404187E-004
   55757.7781200884       1.584082169989731E-004  1.361604497041529E-004
   55757.7985542718       1.138963308622287E-005  1.361485837495390E-004
   55757.8189882552       3.272512625807078E-004  1.361437672241194E-004
   55757.8394223380       1.222983365307684E-004  1.361538562081901E-004
   55757.8598565207       1.413523741491396E-004  1.361430307165916E-004
   55757.8802905031       1.042762971001920E-004  1.361317726729530E-004
   55757.9007245851       2.438661131849429E-004  1.361426916893169E-004
   55757.9211586668       2.361285847740646E-004  1.361374893742399E-004
   55757.9415927483       2.008392855090690E-005  1.361431125507614E-004
   55757.9620268293       1.757624548028858E-004  1.361284408531846E-004
   55757.9824610104       1.009095870196930E-005  1.361413005084312E-004
   55758.0028949907       2.357609209862055E-004  1.361388922457213E-004
   55758.0233291710       1.655686751960150E-004  1.361382258817676E-004
   55758.0437631509       1.787779635997744E-004  1.361410199341349E-004
   55758.0641972305       1.638256295144469E-004  1.361530261758969E-004
   55758.0846314099       1.907534469045569E-004  1.361403418795855E-004
   55758.1050654888       2.809247149637706E-005  1.361365424359899E-004
   55811.3551570532      -1.535587410894657E-006  1.333549522437708E-004
   55811.3755901527      -1.119690411911511E-004  1.333537481124159E-004
   55811.3960233520      -4.532328242899952E-004  1.333441852051507E-004
   55811.4164566511      -1.817075200806206E-004  1.333497850004808E-004
   55811.4368897497      -7.153244297708472E-005  1.333581320857954E-004
   55811.4573229481      -2.065051185273781E-005  1.333475287155148E-004
   55811.4777562460      -3.031688418575484E-004  1.333348093474163E-004
   55811.4981893436      -2.996995088858645E-004  1.333329739238948E-004
   55811.5186225411      -8.086271107399234E-005  1.333556186077244E-004
   55811.5390558380      -5.379142250611091E-004  1.333215522119167E-004
   55811.5594890345      -1.693310313829466E-004  1.333221484322963E-004
   55811.5799222311      -2.043807767457828E-004  1.333427823336692E-004
   55811.6003554269      -1.718748471354337E-004  1.333312086439473E-004
   55811.6207886227      -1.825228493669284E-004  1.333287770000461E-004
   55811.6412218180      -5.212912403108616E-004  1.333370422511910E-004
   55811.6616550129      -3.792974524056136E-004  1.333376384715706E-004
   55811.6820882075      -1.236129396542385E-005  1.333445943759994E-004
   55811.7025214019      -3.406857794104878E-004  1.333440682991939E-004
   55811.7229545959       8.759548848114029E-005  1.333638370964866E-004
   55811.7433876896      -1.921598062404328E-005  1.333535026099066E-004
   55811.7638209828      -1.398589105597869E-004  1.333456231484191E-004
   55811.7842541758      -8.656161471098933E-005  1.333589270463015E-004
   55811.8046872686      -1.250809220752713E-003  1.332946170794729E-004
   55811.8251205609      -3.609159582104282E-003  1.332048800670431E-004
   55811.8455537528      -5.912679876799443E-003  1.330580812571055E-004
   55811.8659868446      -8.012499412337504E-003  1.329733595102218E-004
   55811.8864201358      -9.268767155326096E-003  1.329256384986613E-004
   55811.9068533269      -9.987875670529278E-003  1.328914084345141E-004
   55811.9272866176      -9.737512999644427E-003  1.328934893605449E-004
   55811.9477197078      -8.924804773292938E-003  1.329332724576395E-004
   55811.9681528978      -7.640984286881425E-003  1.329883234726906E-004
   55811.9885861876      -5.367667795120545E-003  1.330836135180678E-004
   55812.0090192769      -3.199242869338037E-003  1.332186515887526E-004
   55812.0294524659      -1.180727145388749E-003  1.332888653063990E-004
   55812.0498857545       4.271089968610475E-005  1.333459037227154E-004
   55812.0703188429       3.847706103590198E-004  1.333669117231501E-004
   55812.0907520310       1.513672010906575E-004  1.333470844728790E-004
   55812.1111853186      -3.535348030270224E-005  1.333422094944810E-004
   55812.1316185061       2.941046658464508E-004  1.333583425165176E-004
   55812.1520515930       2.833820210730309E-004  1.333560979221473E-004
   55812.1724848797       8.040637429829189E-005  1.333340728398886E-004
   55812.1929180660       9.466566638538509E-005  1.333485691785302E-004
   55812.2133511520       1.853862523968353E-004  1.333550691497275E-004
   55812.2337844378       3.888889639740434E-004  1.333620250541564E-004
   55812.2542176232       3.311923646849291E-004  1.333472481412185E-004
   55812.2746509082       2.907212262874825E-004  1.333537247312245E-004
   55812.2950839929       3.012269728694950E-004  1.333509306788573E-004
   55812.3155171773       4.289805304689143E-004  1.333738325557919E-004
   55812.3359504614       5.926168611658511E-005  1.333428524772433E-004
   55812.3563835451       1.281758711852987E-004  1.333462895123728E-004
   55812.3768167284       2.892600789743405E-004  1.333585997096225E-004
   55812.3972499116       1.159551876495080E-004  1.333451438339963E-004
   55812.4176830941       1.483579440166860E-004  1.333438111060889E-004
   55812.4381161767       1.593857156265699E-004  1.333424783781816E-004
   55812.4585494587       1.210120054335739E-004  1.333430161455828E-004
   55812.4789826403       1.822035755199014E-004  1.333444190170642E-004
   55865.7064669562       1.859274848343695E-004  1.113013730833606E-004
   55865.7268994109       2.937626657231185E-004  1.112479833437669E-004
   55865.7473320655       3.002124494075886E-004  1.112581023198436E-004
   55865.7677646200       1.006823853573202E-004  1.112644749952768E-004
   55865.7881970744       3.038280732199361E-004  1.112580626764505E-004
   55865.8086297286       3.670910074149436E-004  1.112863977916349E-004
   55865.8290622827       1.548750361066720E-004  1.112675275365419E-004
   55865.8494947367       3.963569961706881E-005  1.112451488411636E-004
   55865.8699273906       1.581933451642037E-004  1.112544947710758E-004
   55865.8903599444       1.464464998925941E-004  1.112512341019972E-004
   55865.9107923982      -7.314094958299489E-005  1.112483500451526E-004
   55865.9312250517       6.790306147452796E-005  1.112538802984835E-004
   55865.9516576052       2.828596367070446E-004  1.112550200460337E-004
   55865.9720902586       9.419357452644661E-005  1.112667644012256E-004
   55865.9925227118       1.219311214322172E-004  1.112457534029077E-004
   55866.0129552650      -7.517429106151940E-005  1.112553669257229E-004
   55866.0333878179      -7.785830369999580E-005  1.112411547693136E-004
   55866.0538203709       1.281183186945256E-004  1.112506295402531E-004
   55866.0742529237       1.935804904851235E-004  1.112583600018984E-004
   55866.0946854765      -1.010245677056654E-004  1.112486572814488E-004
   55866.1151180291      -3.591557579996074E-005  1.112666851144395E-004
   55866.1355505815      -1.200801215555103E-004  1.112382806233172E-004
   55866.1559832338      -1.202756473121624E-003  1.111855350888607E-004
   55866.1764156862      -3.438716764434635E-003  1.111465755443382E-004
   55866.1968483384      -5.561652199942535E-003  1.110659210611725E-004
   55866.2172808904      -8.115716677207119E-003  1.109683190274769E-004
   55866.2377133423      -9.886225507942825E-003  1.109116289754115E-004
   55866.2581459941      -1.064069503284282E-002  1.109065050668595E-004
   55866.2785785459      -1.079233719426576E-002  1.108708359239604E-004
   55866.2990109975      -1.008602458182439E-002  1.109243941479745E-004
   55866.3194436490      -8.722160416133162E-003  1.109684676902008E-004
   55866.3398762005      -6.569654691563565E-003  1.110487653828290E-004
   55866.3603086517      -3.924907919859000E-003  1.111065753607480E-004
   55866.3807413029      -1.846281578472775E-003  1.112006491324620E-004
   55866.4011738540      -2.803300680086496E-004  1.112286671005020E-004
   55866.4216065050      -3.751475081952282E-004  1.112380130304141E-004
   55866.4420389558      -2.289086561239051E-004  1.112577752618509E-004
   55866.4624715066      -2.275537863239974E-004  1.112338504741436E-004
   55866.4829041572      -3.932437944776934E-004  1.112254758073612E-004
   55866.5033366079      -6.129722761782919E-005  1.112526909966919E-004
   55866.5237691583      -2.350741350942709E-004  1.112326413506555E-004
   55866.5442018087      -3.182465446203153E-004  1.112430080979388E-004
   55866.5646342588      -9.812460506808396E-005  1.112383202667103E-004
   55866.5850668090      -3.157792127512771E-004  1.112321259865458E-004
   55866.6054994590      -3.263019205989037E-004  1.112364372055403E-004
   55866.6259320090      -3.029497233502099E-004  1.112373490035805E-004
   55866.6463645587      -2.792706446960169E-004  1.112321358973941E-004
   55866.6872296581      -3.705907346757131E-004  1.112420566565055E-004
   55866.7076622075      -3.350062697633494E-004  1.112505700751636E-004
   55866.7280947569      -3.605617306965403E-004  1.112121358055990E-004
   55866.7485273062      -3.590725855817656E-004  1.112418386178437E-004
   55866.7689598554      -9.185103626518920E-005  1.112243955249005E-004
   55866.7893924045      -1.651354625248347E-004  1.112445938336609E-004
   55866.8098248535      -1.928368498798072E-004  1.112516206250795E-004
   55866.8302575023      -2.520443517874948E-004  1.112285679920193E-004
   55920.0775140847       1.812889459056333E-004  1.123390686290589E-004
   55920.0979468232      -1.667366098856427E-005  1.123324382715708E-004
   55920.1183794621       3.594620224398604E-004  1.123507336974646E-004
   55920.1592450405       3.167822048979474E-004  1.123411201746493E-004
   55920.1796777801       1.809052558328084E-004  1.123427752863093E-004
   55920.2001105199       3.406731815829289E-004  1.123481172335231E-004
   55920.2205431599       1.487852848736093E-004  1.123382658503495E-004
   55920.2409760003       3.994716558652911E-005  1.123423292981374E-004
   55920.2614087408       3.805965673207012E-004  1.123442520027005E-004
   55920.2818413817       4.439475121780223E-004  1.123527555105103E-004
   55920.3022742228       1.631485693891488E-004  1.123406147213879E-004
   55920.3227069641       3.143532242160241E-004  1.123439645881009E-004
   55920.3431396056       1.184568237169170E-004  1.123506742323750E-004
   55920.3635724474       4.618443452697463E-005  1.123370666377097E-004
   55920.3840051894       2.160004887916678E-004  1.123409021359875E-004
   55920.4044380318       8.077428987185442E-005  1.123426167127371E-004
   55920.4248706743       2.070240649285626E-004  1.123450547814098E-004
   55920.4453034171       2.777725689069310E-004  1.123384838890113E-004
   55920.4657362602       1.553702430199255E-004  1.123447277234171E-004
   55920.4861689035      -4.104128794324424E-005  1.123443114677901E-004
   55920.5066016470      -7.430831307189134E-004  1.123220120591979E-004
   55920.5270344908      -2.508061353289626E-003  1.122691376837139E-004
   55920.5474672348      -5.039431609621503E-003  1.121881164991626E-004
   55920.5678999791      -7.372497169791381E-003  1.121086414069402E-004
   55920.5883327236      -9.277666569682874E-003  1.120426351575076E-004
   55920.6087654684      -1.029739686844777E-002  1.120187004589520E-004
   55920.6291982135      -1.091514075268329E-002  1.119959352404915E-004
   55920.6496309587      -1.002891724569877E-002  1.120271643233687E-004
   55920.6700637043      -8.748463188460787E-003  1.120588889486591E-004
   55920.6904965500      -7.114297791447899E-003  1.121190775301614E-004
   55920.7109291961      -4.871765758561852E-003  1.121855991437037E-004
   55920.7313619423      -2.344529983661081E-003  1.122712586052423E-004
   55920.7517947889      -5.161475986408259E-004  1.123180675415892E-004
   55920.7722274356      -2.575589933019318E-004  1.123271657002948E-004
   55920.7926602827      -2.686138627806534E-004  1.123238455661266E-004
   55920.8130929299      -7.844284981362026E-005  1.123401092681265E-004
   55920.8335256774      -1.276204422501204E-004  1.123268386423021E-004
   55920.8539585251      -4.317863080810502E-004  1.123240041396988E-004
   55920.8743911732      -1.976431301594639E-004  1.123337960577829E-004
   55920.8948239215      -2.658162594485480E-004  1.123272053436878E-004
   55920.9152567699      -4.200824616757970E-004  1.123371161919510E-004
   55920.9356894188      -2.360308777614728E-004  1.123337068601485E-004
   55920.9561222678      -1.591461811019101E-004  1.123362043939108E-004
   55920.9765550171      -2.816398846233747E-004  1.123297920750845E-004
   55920.9969876667      -1.892567954031588E-004  1.123320220159437E-004
   55921.0174205164      -3.314904809355035E-004  1.123401588223678E-004
   55921.0378532664      -3.070627634387257E-004  1.123358674250699E-004
   55921.0582860167      -4.435429890362608E-004  1.123333203370662E-004
   55921.0787187672      -3.437167033666366E-004  1.123359070684629E-004
   55921.0991515180      -3.503782110302334E-004  1.123380478116877E-004
   55921.1195842691      -3.988636143396063E-004  1.123397425667407E-004
   55921.1400170203      -4.286255749893497E-004  1.123365314519035E-004
   55921.1604497719      -1.167523832108497E-004  1.123426563561301E-004
   55921.1808826237      -2.182007789295337E-004  1.123416950038486E-004
   55974.4297287260      -3.516409384751729E-005  1.126924676941606E-004
   55974.4501623896      -9.435292632220538E-005  1.127013028063484E-004
   55974.4705961534      -5.279122099344224E-005  1.126931997749661E-004
   55974.4910297177       1.696079647810489E-004  1.127016939180116E-004
   55974.5114633824       1.222111155234629E-004  1.126998887872582E-004
   55974.5318971473       2.033940876371432E-004  1.127153828262254E-004
   55974.5523308128      -5.594391733110271E-005  1.127047526117883E-004
   55974.5727643787      -1.947348903019730E-006  1.127105992297287E-004
   55974.5931981448       1.350034707736647E-005  1.127083127307743E-004
   55974.6136318114      -4.625961984672244E-005  1.127010520937437E-004
   55974.6340655784       1.853462128211802E-004  1.127148713725119E-004
   55974.6544991457      -1.120513356887010E-004  1.127007712956265E-004
   55974.6749328135      -1.145401089248654E-004  1.126970707775819E-004
   55974.6953665817       1.857619722029913E-004  1.127105290301994E-004
   55974.7158001501       3.191435844418500E-005  1.127035993338069E-004
   55974.7362338191       1.213051586579361E-005  1.127044316996544E-004
   55974.7566675884      -1.666980482124547E-004  1.126936610861587E-004
   55974.7771011583      -1.308764159013709E-004  1.126991968204693E-004
   55974.7975348281       3.645658360595938E-005  1.127037497613697E-004
   55974.8179685987      -8.371444794352811E-005  1.126881754943690E-004
   55974.8384021697       1.011464675015894E-005  1.126999790437958E-004
   55974.8588359407      -6.650205050050539E-004  1.126833317268472E-004
   55974.8792696124      -2.175342509773803E-003  1.126223082788758E-004
   55974.8997031844      -4.730375867384007E-003  1.125373467914127E-004
   55974.9201369570      -6.983495659518058E-003  1.124531374417634E-004
   55974.9405706297      -8.685018038461889E-003  1.123998660275278E-004
   55974.9610042028      -9.955032528746188E-003  1.123282123651193E-004
   55974.9814379763      -1.067788584556040E-002  1.123134102929409E-004
   55975.0018716504      -1.014549073890436E-002  1.123273398852552E-004
   55975.0223053249      -9.239670347329310E-003  1.123802603018443E-004
   55975.0427389994      -7.411988575387940E-003  1.124447335552556E-004
   55975.0631726746      -5.332112757227114E-003  1.125187439161478E-004
   55975.0836063503      -3.009681965492561E-003  1.126059016460277E-004
   55975.1040400259      -9.300206648311660E-004  1.126768432846389E-004
   55975.1244737023      -2.361915326213326E-004  1.126946438795689E-004
   55975.1449073789      -3.933587053027710E-004  1.126903617082815E-004
   55975.1653410560       7.810497262727978E-006  1.127089746120506E-004
   55975.1857748335       3.238046724418631E-005  1.127098470919148E-004
   55975.2062085113      -6.329320301534658E-006  1.127083327877827E-004
   55975.2266420895      -1.888634406403966E-004  1.126975722027912E-004
   55975.2470758682      -1.352501141197449E-004  1.127096665788394E-004
   55975.2675095471      -3.355029460677672E-004  1.126968802360024E-004
   55975.2879431265      -5.026978469483412E-004  1.126980335139838E-004
   55975.3083769064       3.036035014947203E-006  1.127127052156078E-004
   55975.3288105865      -1.061956858390278E-004  1.127094660087557E-004
   55975.3492443670       1.695010925084617E-005  1.127132066408171E-004
   55975.3696779481      -1.119861916500930E-004  1.127071293672804E-004
   55975.3901116293      -8.400660708896002E-005  1.127080921036822E-004
   55975.4105454111      -2.225938504712976E-004  1.127006409250721E-004
   55975.4309789932      -1.271983272362887E-004  1.127115218521138E-004
   55975.4514126757       4.222743364512560E-005  1.127114917666013E-004
   55975.4718464586      -2.134997248770532E-006  1.127107797428041E-004
   55975.4922800419       6.620254524891678E-005  1.127154630542589E-004
   55975.5127137255      -1.506891340459227E-004  1.127072898233474E-004
   55975.5331475095       5.078456751017590E-005  1.127111507974590E-004
   56028.7844670485       4.726942331334527E-006  1.092318218174563E-004
   56028.8049016384       8.384369531100333E-006  1.092338597610413E-004
   56028.8253360286       1.885602095126337E-004  1.092251854370643E-004
   56028.8457705189       8.465853050743100E-005  1.092337343491284E-004
   56028.8662051095       2.427409313621176E-004  1.092074396513862E-004
   56028.8866395001       3.186037396241126E-005  1.092222278061180E-004
   56028.9070739911       2.393967937459607E-004  1.092041162356938E-004
   56028.9275085822       1.040735279205229E-004  1.092300869526609E-004
   56028.9479429734      -5.574219678183834E-005  1.092071574745821E-004
   56028.9683775650      -1.075004338653152E-004  1.092290627553721E-004
   56028.9888120566       6.785119710017717E-005  1.092286133626841E-004
   56029.0092464485      -2.146461776675324E-005  1.092102509684341E-004
   56029.0296810405       1.929668775726423E-004  1.092160826223849E-004
   56029.0501155328       4.882303620392658E-004  1.092402662195929E-004
   56029.0705499252       1.079605709941589E-005  1.092206810591920E-004
   56029.0909845178       2.014719765537354E-004  1.092253108489773E-004
   56029.1114190106       5.054735234089058E-005  1.092181205659699E-004
   56029.1318536036       1.460009267415519E-004  1.092144104635460E-004
   56029.1522879968       3.126017237087275E-005  1.092252690450063E-004
   56029.1727224902       2.079781787633905E-004  1.092277668322719E-004
   56029.1931569838       1.818850630748159E-004  1.092204093333806E-004
   56029.2135914775      -4.415844573424366E-005  1.092114946365706E-004
   56029.2340259714      -1.579717396189784E-003  1.091619987349383E-004
   56029.2544604656      -3.889912684922336E-003  1.090836267403562E-004
   56029.2748949599      -6.235785053294918E-003  1.090188514873331E-004
   56029.2953295544      -8.416213803486117E-003  1.089221275494938E-004
   56029.3157640491      -9.686705382113137E-003  1.088571014726449E-004
   56029.3361984440      -1.041355081581252E-002  1.088217039602233E-004
   56029.3566330391      -1.031556601557837E-002  1.088208156258401E-004
   56029.3770675344      -9.124747721168114E-003  1.089072453358273E-004
   56029.3975019298      -7.322332609385307E-003  1.089721669027487E-004
   56029.4179365254      -5.307368620600439E-003  1.090300967555249E-004
   56029.4383710213      -2.739314018245120E-003  1.091448277538610E-004
   56029.4588054173      -9.279135022975948E-004  1.091740591805640E-004
   56029.4996745098       8.295812094827326E-006  1.092324906809919E-004
   56029.5405435032       1.388383578928565E-004  1.092212872167711E-004
   56029.5609780001      -1.869231595450493E-004  1.092247151423909E-004
   56029.5814125973      -5.891490563481039E-005  1.092298779328061E-004
   56029.6018469946       1.882924147977860E-005  1.092371727257409E-004
   56029.6427160898      -2.525144450118422E-004  1.092162289362833E-004
   56029.6631504877      -1.134512239242547E-005  1.092237222980803E-004
   56029.6835850857       9.170794260437987E-006  1.092149330131831E-004
   56029.7040195840      -1.905475184642569E-004  1.092132190503732E-004
   56029.7244539824      -3.766609832456247E-005  1.092147971502775E-004
   56029.7448885810      -1.295981332047891E-004  1.092058406494965E-004
   56029.7653230799      -1.851096085210280E-004  1.092089027903703E-004
   56029.7857575789      -1.932637332331399E-004  1.092015661934644E-004
   56029.8061920780      -2.561176979266611E-004  1.092218933743502E-004
   56029.8266265774      -1.475834993323044E-004  1.092071365725966E-004
   56029.8470610770      -2.150081582191765E-004  1.092128532656272E-004
   56029.8674955767      -2.750969156105620E-004  1.092031547443614E-004
   56029.8879300766       5.579925204290959E-005  1.092044506674616E-004
   56083.1405349676       4.428071204485295E-004  1.083941015921307E-004
   56083.1609696535       1.500715549493936E-004  1.083790521625803E-004
   56083.1814041391       1.969999862048155E-004  1.083915933538723E-004
   56083.2018387247       1.795937234259082E-004  1.083747986085338E-004
   56083.2222734102       1.984492145816752E-004  1.083755197270330E-004
   56083.2427078955       2.503995950007276E-004  1.083837655603075E-004
   56083.2631425807       4.337966651064562E-004  1.083765021203509E-004
   56083.2835771660       2.639677958704567E-004  1.083805989095063E-004
   56083.3040116509       2.259259493049282E-004  1.083600731597584E-004
   56083.3244463358       3.787466327234146E-004  1.083774009057268E-004
   56083.3448808206       2.856421462824610E-004  1.083667722461069E-004
   56083.3653154052       9.258124974564907E-005  1.083517750715202E-004
   56083.3857500897       1.502156574404445E-004  1.083501238146668E-004
   56083.4061845741       2.347408504363990E-004  1.083620379463942E-004
   56083.4266191584       1.887629541732494E-004  1.083537921131197E-004
   56083.4470538426       1.520282016691521E-004  1.083663124024262E-004
   56083.4674883267      -1.205877508159148E-004  1.083472915956334E-004
   56083.4879230107       2.194254483243174E-004  1.083702419756977E-004
   56083.5083575946       6.557631289361154E-005  1.083649955773405E-004
   56083.5287921783       1.613088409937458E-004  1.083586413737526E-004
   56083.5492267619       1.136276147075677E-004  1.083626232019878E-004
   56083.5696613453      -5.853346443318586E-005  1.083610137491053E-004
   56083.5900959287      -1.480389819012107E-003  1.083157818525123E-004
   56083.6105305119      -4.068797741454078E-003  1.082127873190269E-004
   56083.6309650951      -6.123042966116654E-003  1.081364428170370E-004
   56083.6513996781      -8.419690777369482E-003  1.080732561149110E-004
   56083.6718343610      -9.741151621836308E-003  1.080123059252320E-004
   56083.6922688437      -1.027139765453133E-002  1.079984897128253E-004
   56083.7127035264      -1.034408729236591E-002  1.079899617027468E-004
   56083.7331381090      -9.335322453640660E-003  1.080330511458274E-004
   56083.7535725914      -7.452512706785042E-003  1.080877725438314E-004
   56083.7740072737      -5.178783595879533E-003  1.081797621819581E-004
   56083.7944418559      -3.022577553724592E-003  1.082372844460173E-004
   56083.8148763380      -9.720677569251546E-004  1.083116641613714E-004
   56083.8353110199      -2.275965953435488E-005  1.083462569473518E-004
   56083.8557456018      -3.555528504295413E-005  1.083462883003300E-004
   56083.8761800834       7.380087785069378E-005  1.083602090226641E-004
   56083.8966147650       6.792816065415153E-004  1.084484572053886E-004
   56083.9170493465       6.205478926535335E-005  1.083341024427913E-004
   56083.9374840279      -4.447769027182691E-005  1.083507822272096E-004
   56083.9579185092      -1.125959332473059E-004  1.083314165376563E-004
   56083.9783530902       2.545434203404806E-004  1.083573872546234E-004
   56083.9987876712      -9.711631445608049E-005  1.083342696586752E-004
   56084.0192222521      -2.766457540969158E-004  1.083418152754359E-004
   56084.0396568328      -1.663572936838609E-004  1.083494549511312E-004
   56084.0600914135      -2.249654943788926E-004  1.083469676148583E-004
   56084.0805259940      -3.182054616851504E-004  1.083383664478306E-004
   56084.1009605744       3.649973593811140E-005  1.083455880838162E-004
   56084.1213951546       1.696173429621695E-005  1.083315628515547E-004
   56084.1418297348       3.373576442666781E-005  1.083431739044925E-004
   56084.1622644148      -1.895218831926559E-004  1.083304863993021E-004
   56084.1826989948      -3.572524813779676E-004  1.083110161998213E-004
   56084.2031334746      -6.566992295709007E-005  1.083366524850207E-004
   56084.2235681543      -4.169672877742947E-004  1.083249160201699E-004
   56084.2440027338      -1.771575080169452E-004  1.083510016980572E-004
   56137.4958396927      -2.054353781999474E-004  1.275131807748309E-004
   56191.8490105574       1.265789964877140E-004  1.273379273656483E-004
   56191.8694436268       4.527902199895628E-004  1.273667080488400E-004
   56191.8898766957       2.455762331341482E-004  1.273416986275837E-004
   56191.9103097644       3.293108423068070E-004  1.273476973600191E-004
   56191.9307429326       6.518633599728041E-005  1.273365820616830E-004
   56191.9511759008       5.406608229654442E-004  1.273618892141447E-004
   56191.9716089685      -6.493107096439132E-008  1.273448303187816E-004
   56191.9920421358       3.428903243243298E-004  1.273476311975290E-004
   56192.0124751029       8.925498818324051E-005  1.273451942124771E-004
   56192.0329081697       9.852525161169190E-005  1.273249484905078E-004
   56192.0533413363       3.902454296220714E-004  1.273519758677120E-004
   56192.0737743024       2.001307089884996E-004  1.273367474679082E-004
   56192.0942073681       3.607932520908186E-004  1.273393939675121E-004
   56192.1146405337       3.640349354312455E-004  1.273548208547861E-004
   56192.1350734989       2.070175743111857E-004  1.273353360014528E-004
   56192.1555065639       2.219712645268324E-005  1.273262055778196E-004
   56192.1759397283       7.916036910438073E-005  1.273340568599777E-004
   56192.1963726926       4.103865794389261E-004  1.273452493478856E-004
   56192.2168058566       8.065616699126643E-005  1.273272862318245E-004
   56192.2372389202       1.601099760291103E-004  1.273360968700889E-004
   56192.2576718835      -3.733825451157635E-006  1.273330975038713E-004
   56192.2781050464      -1.791741838029770E-004  1.273264702277800E-004
   56192.2985381092      -1.678190811861935E-003  1.272791309661163E-004
   56192.3189711716      -3.706259984598725E-003  1.272019855026643E-004
   56192.3394042335      -6.191682147626110E-003  1.271346651689916E-004
   56192.3598372952      -8.301765548403672E-003  1.270288051848380E-004
   56192.3802703567      -9.698408916803514E-003  1.269964848084261E-004
   56192.4007035179      -1.067228111336471E-002  1.269650135173037E-004
   56192.4211364787      -1.025301417402691E-002  1.269830538229366E-004
   56192.4415695392      -9.652536493232389E-003  1.270073905922102E-004
   56192.4620025993      -7.996355177837255E-003  1.270440446117234E-004
   56192.4824356591      -5.959770934636843E-003  1.271349849543604E-004
   56192.5028687187      -3.681775555376743E-003  1.271997580321644E-004
   56192.5233017779      -1.637306140532813E-003  1.272761536540619E-004
   56192.5437348368      -6.018460566538097E-004  1.273176816436789E-004
   56192.5641679954      -8.352395478761210E-005  1.273292049440373E-004
   56192.5846009536      -1.055782117388437E-004  1.273302194355521E-004
   56192.6050340116      -1.005417345488757E-004  1.273348618369405E-004
   56192.6254671693      -2.482620207515662E-004  1.273353470285345E-004
   56192.6459001266      -2.783265775563315E-004  1.273286094816264E-004
   56192.6663331837      -1.736116992603343E-004  1.273268010402305E-004
   56192.6867663405      -2.555856030637127E-004  1.273254888175102E-004
   56192.7276323529      -2.463683512586856E-004  1.273394711570838E-004
   56192.7480655088       6.039733540075254E-005  1.273366371970914E-004
   56192.7684985642      -2.365347267180296E-004  1.273248271926093E-004
   56192.7889315194      -1.589507881841756E-004  1.273356888680667E-004
   56192.8093646743       5.459010546826626E-005  1.273371885511755E-004
   56192.8297977288      -4.230740726418603E-004  1.273282014796041E-004
   56192.8502306830      -3.035351307904000E-004  1.273173618583101E-004
   56192.8706638368      -2.161442909348610E-004  1.273204053328545E-004
   56192.8910968904      -6.723840936595504E-005  1.273337922100173E-004
   56192.9115300437      -2.199674907821247E-004  1.273339576162425E-004
   56192.9319629968      -2.841975090045468E-004  1.273241324864632E-004
   56192.9523960494       2.142639642932487E-005  1.273365269262746E-004
   56192.9728292018      -2.487890474990317E-004  1.273183432685798E-004
   56300.5712397977       1.858382422441629E-004  1.125579977216339E-004
   56300.5916726433       1.952192737677549E-004  1.125387712187808E-004
   56300.6121054892       1.710153184857344E-004  1.125444624230986E-004
   56300.6325384353       1.051391798878587E-004  1.125485289929090E-004
   56300.6529711817       1.119432187020042E-004  1.125486186966548E-004
   56300.6734040285       1.641020704041818E-004  1.125444325218500E-004
   56300.6938369755       1.246171196438439E-004  1.125511304015376E-004
   56300.7142698228       1.801105046053131E-004  1.125526553652165E-004
   56300.7347025704       1.892417844273631E-005  1.125413427261608E-004
   56300.7551355184       1.941380940384541E-004  1.125476817908651E-004
   56300.7755683665       2.136168349338163E-004  1.125443328510214E-004
   56300.7960012150      -4.347268893667433E-005  1.125237906932296E-004
   56300.8164340637       5.865950499139849E-005  1.125276678884654E-004
   56300.8368668129       1.696427720832006E-004  1.125361598430693E-004
   56300.8572997622      -1.265200174296321E-004  1.125316746557785E-004
   56300.8777326118       8.051471790659903E-005  1.125393692437529E-004
   56300.8981653617       9.180696821875500E-005  1.125454989997170E-004
   56300.9185983120       4.097664315638738E-005  1.125393094412557E-004
   56300.9390311624       3.300972043840389E-005  1.125182689293205E-004
   56300.9594639133       7.399572434718671E-005  1.125351033322852E-004
   56300.9798968644      -1.136340034257888E-005  1.125480605400141E-004
   56301.0003297198      -7.654577404311302E-004  1.124910986614212E-004
   56301.0207626715      -2.619693650910859E-003  1.124559347930615E-004
   56301.0411954235      -5.139714156512709E-003  1.123672476896984E-004
   56301.0616282757      -7.298000320499320E-003  1.122726102378630E-004
   56301.0820612283      -9.090729396978636E-003  1.122054320993299E-004
   56301.1024939811      -1.016249602742403E-002  1.121882588155477E-004
   56301.1229268342      -1.063318022393300E-002  1.121850394477812E-004
   56301.1433597876      -1.022728208846269E-002  1.121958437656105E-004
   56301.1637925414      -9.068005993076445E-003  1.122316455272738E-004
   56301.1842254954      -7.035765107283654E-003  1.123010762265351E-004
   56301.2046583497      -4.858885064204843E-003  1.123627525353248E-004
   56301.2250912043      -2.297660311985861E-003  1.124522768736488E-004
   56301.2455240591      -5.769096086095660E-004  1.125091689826616E-004
   56301.2659569143       1.593503844876665E-006  1.125136342357867E-004
   56301.2863897698       2.408127166320106E-005  1.125153884423715E-004
   56301.3068226255       1.600682094116124E-005  1.125358807647490E-004
   56301.3272554815       9.615677896857022E-005  1.125357312585059E-004
   56301.3476883379      -5.894178930621052E-005  1.125280167363658E-004
   56301.3681212946      -5.998783186289547E-005  1.125220265195619E-004
   56301.3885540515      -2.307534730653371E-004  1.125065974752816E-004
   56301.4089870087       2.546289997440443E-004  1.125347245831362E-004
   56301.4294198663      -6.663602753587128E-005  1.125140827545158E-004
   56301.4498526240       1.149392626786927E-005  1.125267907851730E-004
   56301.4702855822      -1.727237847071184E-005  1.125235514832407E-004
   56301.4907183405      -9.423311026868220E-005  1.125244784219475E-004
   56301.5111511992       4.553511193217119E-005  1.125253455581571E-004
   56301.5315841582       1.330528456902069E-004  1.125276180530510E-004
   56301.5520169174       9.233547278175713E-005  1.125251462164997E-004
   56301.5724498770      -1.569010942094051E-004  1.125338973152581E-004
   56301.5928827369      -1.693917277889589E-004  1.125238006603124E-004
   56301.6133154971      -5.082706186154695E-005  1.125220564208105E-004
   56301.6337484576      -1.540448239342185E-004  1.125121989758536E-004
   56301.6541813182       1.741587650017085E-004  1.125311962358008E-004
   56301.6746140793      -1.338664973136172E-004  1.125303789350056E-004
   56354.9238154241      -1.354305735790096E-005  1.144960872276523E-004
   56354.9442492400       1.157579419828192E-004  1.145107161832305E-004
   56354.9646830565      -2.238902819378108E-004  1.144734705586130E-004
   56354.9851168733       3.022347714587426E-005  1.144702410521567E-004
   56355.0055506903       2.569835978394330E-005  1.145068589984034E-004
   56355.0259844077       1.946077093117893E-005  1.144803345253134E-004
   56355.0464183257       9.385790465699095E-005  1.145060794623622E-004
   56355.0668521441      -3.432145477688664E-005  1.144916226121437E-004
   56355.1077197816       4.327183709751381E-005  1.144968566398488E-004
   56355.1281536009      -2.597042466750965E-004  1.144822580558047E-004
   56355.1485875207      -1.814590393722781E-004  1.144680340540141E-004
   56355.1690212409       5.428070308099997E-005  1.144773277434402E-004
   56355.1894550614      -1.508699565393457E-004  1.144797473423213E-004
   56355.2098889824      -2.303106913426056E-005  1.144639338969143E-004
   56355.2303227036      -8.112258275760897E-005  1.144715571519665E-004
   56355.2507566252      -1.024196054979498E-004  1.144696336214752E-004
   56355.2711904471      -1.086010676996096E-004  1.144627089117067E-004
   56355.2916242697      -1.840184074508588E-004  1.144926856158362E-004
   56355.3120580923      -3.441034846827229E-004  1.144706055105655E-004
   56355.3324919156       9.085299722788598E-005  1.144768924181185E-004
   56355.3529257391      -2.604785055770886E-004  1.144807091075670E-004
   56355.3733595628      -2.209489343751203E-003  1.143966508250991E-004
   56355.3937933873      -4.502083542607949E-003  1.143312406645517E-004
   56355.4142272117      -6.936652536387644E-003  1.142345680715991E-004
   56355.4346611369      -8.597966263686141E-003  1.142025159793080E-004
   56355.4550948623      -9.994751429871718E-003  1.141607753676478E-004
   56355.4755287881      -1.067054901126885E-002  1.141325399648051E-004
   56355.4959626142      -1.041858422103481E-002  1.141614536652420E-004
   56355.5163963407      -8.903171372529384E-003  1.142058062288325E-004
   56355.5368302677      -7.431878168541406E-003  1.142643524226795E-004
   56355.5572640950      -5.036973191820393E-003  1.143252777200288E-004
   56355.5776978225      -2.731578071762386E-003  1.143765853649219E-004
   56355.5981317506      -8.160591273288498E-004  1.144482115661094E-004
   56355.6185654790      -4.225345857011842E-005  1.144644805845276E-004
   56355.6389994077       1.951207516568410E-004  1.144770746473230E-004
   56355.6594332370       5.707246219821549E-005  1.144690666861725E-004
   56355.6798669666       9.389570529272362E-005  1.144670722887684E-004
   56355.7003008964       4.081794712940123E-005  1.144554096196846E-004
   56355.7207347267      -1.800200435764232E-005  1.144838778709552E-004
   56355.7411684574       7.840700807082435E-005  1.144824909042326E-004
   56355.7616023884       4.477130146396391E-005  1.144653107397922E-004
   56355.7820362198      -1.118081928486170E-005  1.144625671778810E-004
   56355.8024700515      -1.386372325611340E-004  1.144595199006291E-004
   56355.8229038838       5.283928088983814E-005  1.144944269171230E-004
   56355.8433377162       2.676354392201485E-004  1.144886765733386E-004
   56355.8637716493       2.963427170832311E-005  1.144683175216654E-004
   56355.8842053826      -1.251496763265969E-004  1.144553488766165E-004
   56355.9046392161       7.426277807986992E-005  1.144820555789108E-004
   56355.9250731501      -3.051289188311657E-004  1.144728428802422E-004
   56355.9455069845      -1.533114807028557E-005  1.144636504292629E-004
   56355.9659407195      -1.076902720968942E-004  1.144778643072088E-004
   56355.9863746546       9.492083337492296E-005  1.144921186805335E-004
   56356.0068084900      -1.176624127823267E-004  1.144744120761693E-004
   56356.0272423259       1.254568661224198E-005  1.144901445308188E-004
   56409.2788708923       4.462059394672035E-004  1.086448797733261E-004
   56409.2993054490       2.905178857499635E-004  1.086167003728630E-004
   56409.3197400058       1.245934392144488E-004  1.085710537115719E-004
   56409.3401746627       2.385181231718825E-004  1.085834154789481E-004
   56409.3606091198       1.592097315343821E-004  1.086229961040520E-004
   56409.3810436771       2.730717642367431E-004  1.086252095286160E-004
   56409.4014783345       1.794905665823965E-004  1.086701253421737E-004
   56409.4219127920       3.017313394606536E-004  1.086049859277649E-004
   56409.4423473497       7.344873718806433E-005  1.086277048515914E-004
   56409.4627819075       3.530326604881395E-004  1.086403171953334E-004
   56409.4832164655       1.092395389625800E-004  1.086438983492270E-004
   56409.5036511235       3.456017585850013E-004  1.086505803856465E-004
   56409.5240855818       2.013512214216195E-004  1.086093292514377E-004
   56409.5445201402       1.970442572609699E-004  1.086093188107558E-004
   56409.5649547987       3.400850561667834E-004  1.086139962362494E-004
   56409.5853892574       3.405869484078838E-004  1.086404529241981E-004
   56409.6058238163       2.923274733823700E-004  1.086293544793325E-004
   56409.6262584752       4.067028173644349E-004  1.086038165713915E-004
   56409.6466929343      -7.749879340379628E-006  1.086491395715436E-004
   56409.6671275936       1.586292904143249E-004  1.086028664693381E-004
   56409.6875621530       1.785139805987601E-004  1.086463519094748E-004
   56409.7079966126      -2.020956987860423E-004  1.086177966444631E-004
   56409.7284312723      -1.697449009656959E-003  1.085618137080855E-004
   56409.7488658321      -4.070064041093446E-003  1.084597769238224E-004
   56409.7693003921      -6.418763593292631E-003  1.083516218999628E-004
   56409.7897349522      -8.304508927187038E-003  1.083385501662170E-004
   56409.8101695124      -9.708017332320296E-003  1.082839871625785E-004
   56409.8306040728      -1.057513956319689E-002  1.082001171648312E-004
   56409.8510387334      -1.004761878608662E-002  1.082362836869520E-004
   56409.8714731941      -9.163341117831014E-003  1.083085123243747E-004
   56409.8919078549      -7.283237730195236E-003  1.083528643411095E-004
   56409.9123424159      -5.414265973071153E-003  1.084134516182075E-004
   56409.9327768770      -3.104643430926091E-003  1.084864006626816E-004
   56409.9532115383      -8.583045298899972E-004  1.086026576557000E-004
   56409.9736460997       4.212266619307847E-005  1.086153639655791E-004
   56409.9940805612      -1.676468011246879E-005  1.086260761052142E-004
   56410.0145152229      -9.051905173296237E-005  1.086187258651527E-004
   56410.0349497847      -8.522554086842771E-005  1.086349193627882E-004
   56410.0553843466      -1.158229406708067E-004  1.086323927177670E-004
   56410.0758189088       1.626147311337700E-004  1.086533889290791E-004
   56410.0962533710      -7.198653817808154E-005  1.086442011290022E-004
   56410.1166880334      -2.277977635261053E-004  1.086246979352026E-004
   56410.1371225959      -5.643900340412955E-006  1.086363392955273E-004
   56410.1575570586      -2.236665554801176E-004  1.085814735121136E-004
   56410.1779917214      -9.557020517525494E-005  1.086098930482605E-004
   56410.1984262843      -3.372610052122527E-004  1.085590364866986E-004
   56410.2188608474      -1.347835850208368E-004  1.086246561724750E-004
   56410.2392954107      -2.217857195673245E-004  1.086118976591864E-004
   56410.2597299740      -1.630433089272465E-005  1.085939083642631E-004
   56410.2801646375      -1.056726808449371E-004  1.086157920335372E-004
   56410.3005991012      -2.632542148124362E-004  1.086000370445417E-004
   56410.3210336650      -3.055721142229961E-004  1.085813586646127E-004
   56410.3414683289       1.897523979033089E-005  1.086376234994017E-004
   56410.3619028929      -4.181449883354782E-004  1.086060926400469E-004
   56410.3823373572      -2.514232938292116E-004  1.086092039632548E-004
