   55083.3462198795       4.158340698250385E-004  3.367864631467025E-004
   55083.3666530848       1.849845288734997E-004  3.367620947156517E-004
   55083.3870863898       1.141017818264700E-004  3.367898059955774E-004
   55083.4075197945       2.040672932313026E-004  3.365727082681775E-004
   55083.4279529991      -4.913354241276036E-005  3.363242127546162E-004
   55083.4483863031      -2.701044606781000E-004  3.363123409548735E-004
   55083.4688197072       4.078197635637437E-005  3.368275145805496E-004
   55083.4892529108       8.489810902889694E-005  3.368201415680778E-004
   55083.5096862142      -1.928814634309939E-004  3.367817144268054E-004
   55083.5301195173      -4.029646953943589E-004  3.366890206640776E-004
   55283.3461841977       1.586668180972861E-004  3.109909452374780E-004
   55283.3666182247       1.753724318587224E-004  3.109841230488322E-004
   55283.3870524518       9.804767968546457E-005  3.110110498097320E-004
   55283.4279206069      -5.105697230662898E-004  3.108441150304204E-004
   55283.4483548347      -3.728147792544378E-004  3.109833990614657E-004
   55283.4687889629       2.815392712258724E-004  3.110005798385859E-004
   55283.4892229911      -3.234626760847403E-004  3.109321073411168E-004
   55283.5096571196       5.623426321177405E-005  3.109221942833295E-004
   55283.5300913484      -6.373292439876277E-005  3.108426949013553E-004
   55683.3347890985       6.547638546099410E-004  3.409927998990131E-004
   55683.3552235491      -1.426151658402430E-004  3.410157897282818E-004
   55683.3756577999       2.982395827633155E-005  3.410094683569922E-004
   55683.3960922507       1.063529930753759E-004  3.410489602923640E-004
   55683.4369608526      -5.841890157418650E-004  3.408414862325675E-004
   55683.4573953038       7.543002594001535E-005  3.407847269724629E-004
   55683.4778295550      -3.828636913516537E-004  3.409850811719648E-004
   55683.4982639064       2.131736179979971E-004  3.410314268046294E-004
   55683.5186983578      -1.784318506812266E-004  3.409023044784476E-004
   55683.5391326094      -1.991229055009480E-005  3.410012505743159E-004
   56083.3439963691       2.324351278315540E-004  3.126393769371845E-004
   56083.3644307787       4.161736951895367E-004  3.126721627811116E-004
   56083.3848652882       3.849041966332845E-004  3.126867281602242E-004
   56083.4052995977       3.311033614512571E-004  3.126548492172607E-004
   56083.4257340071      -3.782297116832201E-004  3.125664675960790E-004
   56083.4461685166      -2.166115307091765E-004  3.125212874389824E-004
   56083.4666028260       1.571589836046883E-005  3.125610811539920E-004
   56083.4870373355      -7.581138478707228E-005  3.125828742589663E-004
   56083.5074717449      -3.453572047592557E-004  3.126072231757470E-004
   56083.5279061542      -1.266470725710400E-004  3.126064811658677E-004
