   55082.4264107556      -2.605196883598282E-005  2.699259755307160E-004
   55082.4468438995      -1.797436370326588E-004  2.699102439916089E-004
   55082.4672770431       1.732553149129679E-004  2.699746561891908E-004
   55082.4877101863      -2.381989121041928E-004  2.699314585101442E-004
   55082.5081433295       6.048928388751040E-004  2.700017892509407E-004
   55082.5285764725       2.694808266214821E-004  2.699920531192457E-004
   55082.5490097150       1.140814917182098E-004  2.699634596377416E-004
   55082.5694427574       6.487483814494599E-004  2.700053506254291E-004
   55082.5898758997      -1.406030234851752E-004  2.699424757117990E-004
   55082.6103091415      -3.774656544578425E-004  2.699076562302899E-004
   55082.6307421833      -1.883607501901308E-004  2.699329701726969E-004
   55082.6511753248      -1.543309248644986E-004  2.699566443455551E-004
   55082.6716083659      -3.930360953019463E-005  2.699187502961424E-004
   55082.6920416070      -2.406125533163106E-004  2.699447560163276E-004
   55082.7124747479      -6.409775429152553E-004  2.698968696212279E-004
   55082.7329078883       1.644534282647658E-004  2.699485479834088E-004
   55082.7533410286      -1.745689480956436E-004  2.699663804772501E-004
   55082.7737741688       5.012621478153179E-004  2.699757066665579E-004
   55082.7942073085       2.631246573074897E-004  2.699887479587493E-004
   55082.8146403482       7.317414628313923E-004  2.700124221316075E-004
   55082.8350735877      -1.705597429069172E-006  2.699680971109963E-004
   55082.8555067267      -1.340069596916793E-004  2.699302543043820E-004
   55082.8759397657      -2.385739545097687E-004  2.699538259916434E-004
   55082.8963730044      -1.490503873716742E-004  2.699218504854453E-004
   55082.9168061427      -3.280420251126070E-004  2.699258986665184E-004
   55082.9372391810       3.093658565560542E-004  2.699701468229321E-004
   55082.9576723191      -2.795242403920151E-004  2.699309973249587E-004
   55082.9781055567      -2.080841578722570E-003  2.697769102301864E-004
   55082.9985385943      -6.412387558547672E-003  2.694457536455619E-004
   55083.0189717316      -1.134073184201911E-002  2.691021706823267E-004
   55083.0394048685      -1.470197488493430E-002  2.688327104269693E-004
   55083.0598380054      -1.547651687173091E-002  2.687889746985395E-004
   55083.0802711421      -1.545816907542896E-002  2.687482622952151E-004
   55083.1007041783      -1.622314945984749E-002  2.687377319001450E-004
   55083.1211374145      -1.645255219406161E-002  2.686807242869311E-004
   55083.1415705505      -1.621819967305393E-002  2.686924845091627E-004
   55083.1620036860      -1.597089940036900E-002  2.687324538919104E-004
   55083.2028699567      -1.570779178715964E-002  2.687556925009823E-004
   55083.2233030916      -1.495073652275225E-002  2.688278679825209E-004
   55083.2437361264      -1.235122472132177E-002  2.690264594476989E-004
   55083.2641693609      -7.623621328820218E-003  2.693829299747302E-004
   55083.2846024950      -3.590494908057962E-003  2.696906429790892E-004
   55083.3050355291      -3.858129868172799E-004  2.699422451192062E-004
   55083.3254687630       5.039321880591086E-004  2.700608465760903E-004
   55083.3459018967       4.067486622927330E-004  2.699957938435285E-004
   55083.3663349298       1.004439924188194E-004  2.699545946336193E-004
   55083.3867680630      -1.295085797491380E-004  2.699502133743566E-004
   55083.4072012959      -2.395962245291816E-004  2.699251812673409E-004
   55083.4276343284       1.485542963044484E-004  2.700127295883979E-004
   55083.4480674609      -1.189790997152551E-004  2.700733241974994E-004
   55083.4685006931      -4.396617059162500E-004  2.699063495389309E-004
   55083.4889337252       5.278408995224027E-006  2.699560550533736E-004
   55083.5093668567      -1.235672637318608E-004  2.699550045760065E-004
   55083.5297999882      -1.542699213297194E-005  2.700286917200978E-004
   55083.5502331195      -5.750958174927101E-004  2.699035055636200E-004
   55083.5706662506      -1.232794855199337E-004  2.699188784031384E-004
   55083.5910993815      -2.612096044815049E-004  2.699095778352298E-004
   55083.6115326119       2.327627687599421E-004  2.699444741809364E-004
   55083.6319656422       9.481402384103887E-006  2.698750658105111E-004
   55083.6523987724       2.632479220892048E-004  2.699481636624209E-004
   55083.6728318023       3.694071111310926E-004  2.699750917529771E-004
   55083.6932650320      -2.695970465975694E-004  2.699113200903752E-004
   55083.7136981614       3.143549564497139E-004  2.699745793249932E-004
   55083.7341312904      -9.076112373940237E-005  2.699154451356459E-004
   55083.7545644194      -1.360614221587175E-004  2.698821116952903E-004
   55083.7749975481       3.254172233422281E-004  2.699335082220800E-004
   55083.7954306767       1.376675718682829E-004  2.699363265759917E-004
   55083.8158637049      -5.748340662650175E-004  2.699063239175317E-004
   55083.8362969330      -4.157402065821936E-004  2.698987143619702E-004
   55891.4516012855      -9.245904368115898E-005  2.765404636720366E-004
   55891.4720340618       3.157708921359692E-004  2.765396206102650E-004
   55891.4924669381       3.522683064958176E-004  2.766006898973440E-004
   55891.5128996145      -1.600181835119674E-004  2.764715960635706E-004
   55891.5333323909       7.890190327652924E-005  2.765554280184822E-004
   55891.5537652673      -6.544106495964819E-005  2.765107193989080E-004
   55891.5741979438      -5.484343155955917E-004  2.765084800160773E-004
   55891.5946307203       1.518396366617658E-005  2.764984686575397E-004
   55891.6150634969       3.896888374055330E-004  2.765224695723494E-004
   55891.6354962735      -6.258731942271334E-004  2.764215656165633E-004
   55891.6763619268       1.532416278486881E-004  2.765966853539289E-004
   55891.6967946035       9.566713340847244E-005  2.765880439707703E-004
   55891.7172274802       1.827283722639628E-004  2.766009270084672E-004
   55891.7376602570       9.963501058729562E-005  2.765704977476492E-004
   55891.7580929339      -9.180032890654388E-005  2.765084273247165E-004
   55891.7785258107       1.160376516540218E-004  2.765972122675362E-004
   55891.7989585876      -2.694315467414166E-004  2.765688379697864E-004
   55891.8193913646       3.841966999669211E-004  2.764997069045167E-004
   55891.8398241416      -3.890159393731274E-004  2.764793153479166E-004
   55891.8602569186       1.899672808955311E-003  2.770434554015062E-004
   55891.8806897957      -1.375008839105130E-004  2.764006734920363E-004
   55891.9011224728      -5.166753533512036E-004  2.764245953698049E-004
   55891.9215552500      -6.762246904434832E-006  2.765215211278564E-004
   55891.9419881271       1.232864432507697E-004  2.765859099706609E-004
   55891.9624208044      -1.250799689778148E-004  2.765556914752858E-004
   55891.9828535817      -7.034043396075829E-004  2.765051341146713E-004
   55892.0032864590      -4.017534848383963E-003  2.762956069187530E-004
   55892.0237191363      -8.947938853453907E-003  2.758911480338370E-004
   55892.0441520137      -1.315276010202038E-002  2.756188390816162E-004
   55892.0645847912      -1.487338806743399E-002  2.755771075239230E-004
   55892.0850174686      -1.520064203290172E-002  2.754955939888833E-004
   55892.1054503462      -1.563262422891021E-002  2.754564969992262E-004
   55892.1258831237      -1.611734543322396E-002  2.753593868214122E-004
   55892.1463159013      -1.608943147328279E-002  2.753644978834024E-004
   55892.1667486790      -1.612106443418204E-002  2.754207722566554E-004
   55892.1871814567      -1.576619132144719E-002  2.754279119360335E-004
   55892.2076142344      -1.523972734281132E-002  2.754693536912428E-004
   55892.2280470122      -1.530724742818690E-002  2.754845814944920E-004
   55892.2484797900      -1.326371843472018E-002  2.756072206365766E-004
   55892.2689125679      -9.593264718445349E-003  2.758122163754727E-004
   55892.2893453458      -5.353786502021785E-003  2.761647215787150E-004
   55892.3097781237      -1.394866531619354E-003  2.764587920629147E-004
   55892.3302110017       3.282427518094266E-004  2.765471554748485E-004
   55892.3506436798       1.779027627517582E-004  2.764900380398239E-004
   55892.3710764579      -1.320451639613696E-004  2.765728425132014E-004
   55892.3915093360      -3.204315210602049E-004  2.764826612493226E-004
   55892.4119420141       1.054621450969906E-003  2.768870410971976E-004
   55892.4323748923       1.740648956194413E-004  2.765180171523682E-004
   55892.4528076706      -4.926867694228232E-004  2.764505458649614E-004
   55892.4732403489      -2.624268810912378E-004  2.764979680896129E-004
   55892.4936732272      -4.022950992651486E-004  2.765463387587573E-004
   55892.5141060056      -2.741901082446985E-004  2.766067494038272E-004
   55892.5345386840      -2.946863697322888E-004  2.765697600685990E-004
   55892.5549715625       4.010356426098483E-005  2.765845399952821E-004
   55892.5754043410       1.824035365083354E-005  2.765182806091719E-004
   55892.5958372196       7.234412984291616E-005  2.765605127347920E-004
   55892.6162698981       5.182557085083861E-004  2.766196324415241E-004
   55892.6367026768       1.560031552203522E-004  2.765775583899862E-004
   55892.6571355555      -3.929818121706230E-005  2.765049233492284E-004
   55892.6775682342      -2.366433517870803E-004  2.765554807098429E-004
   55892.6980010130      -4.498855385698386E-004  2.764961502376679E-004
   55892.7184338918       1.387334965421427E-004  2.765862261188253E-004
   55892.7388665707       2.422134479056481E-004  2.766117287374156E-004
   55892.7592993496      -3.689248983721471E-004  2.765819054272459E-004
   55892.7797322286       2.072222006652691E-004  2.766739572344304E-004
   55892.8001650076      -1.896409793036291E-004  2.765650441918143E-004
   55892.8205977866      -4.806713570618681E-004  2.765337718692247E-004
   55892.8410305657       6.178107109899855E-006  2.765250514490249E-004
   55892.8614633449       1.674668183568873E-004  2.765654657227001E-004
