   55006.2710098116       6.982137270650224E-005  2.121808441749150E-004
   55006.2914439021       8.815236671988469E-005  2.121977689132180E-004
   55006.3118780921      -3.331513884956561E-004  2.121774442274864E-004
   55006.3323121820      -2.896221835649859E-004  2.121762692456544E-004
   55006.3527464716       3.310055955674240E-005  2.121876690693858E-004
   55006.3731806609       3.877679744634932E-006  2.121873190747975E-004
   55006.3936147499       2.130226254289935E-004  2.121890690477388E-004
   55006.4140490388      -3.170742725366882E-005  2.122002438749491E-004
   55006.4344832271       3.954693799734788E-005  2.121759192510662E-004
   55006.4549174152       2.780278696224991E-004  2.122013938571676E-004
   55006.4753515031       9.295187091529211E-005  2.122083937489325E-004
   55006.4957857908      -7.169808080675910E-005  2.122110937071847E-004
   55006.5162199780      -2.433586904307949E-004  2.122123186882435E-004
   55006.5366540652      -3.454066761854335E-005  2.121956939453019E-004
   55006.5570883519       3.845298381964790E-004  2.122267934644287E-004
   55006.5775225384       3.611243756030946E-004  2.122104187176216E-004
   55006.5979566245      -1.167041525648171E-004  2.121677693770828E-004
   55006.6183908105       1.348435770364143E-004  2.122162186279411E-004
   55006.6388250961      -4.577306743447362E-005  2.122559680133202E-004
   55006.6592591814      -3.813276195319126E-005  2.121856940999235E-004
   55006.6796933665      -2.236770758281548E-004  2.121773942282595E-004
   55006.7001276512       1.498736801789358E-004  2.121812941679571E-004
   55006.7205618356       3.938567684013128E-004  2.122087937427476E-004
   55006.7409959200      -4.918106731839345E-004  2.121734192897216E-004
   55006.7614301037      -1.263501712165382E-004  2.121865440867807E-004
   55006.7818643874      -4.065690475566486E-004  2.121662194010491E-004
   55006.8022984706      -3.961832768684115E-005  2.121941189696548E-004
   55006.8227326539      -3.400278383133282E-004  2.121701943395870E-004
   55006.8431669366       1.416540885120776E-004  2.121993938880919E-004
   55006.8636010190      -7.631793086886329E-004  2.121598444996204E-004
   55006.8840352013       5.420604730754786E-005  2.121750692642090E-004
   55006.9044693831       4.701052749644941E-005  2.121904440264783E-004
   55006.9249035647       3.124811621538770E-004  2.121939189727473E-004
   55006.9453377461      -7.424195177851978E-006  2.121442447408301E-004
   55006.9657719272      -2.606437957278773E-004  2.121167951652664E-004
   55006.9862061079       1.924078312273148E-004  2.121470946967630E-004
   55007.0066403884      -2.106389490585947E-005  2.121366198587291E-004
   55007.0270744686       7.705833399718198E-005  2.121474196917378E-004
   55007.0475086486       1.675878535226660E-004  2.121555195664942E-004
   55007.0679428283      -1.700472530906660E-004  2.121544695827295E-004
   55007.0883770076       6.656945582517171E-005  2.121636944400911E-004
   55007.1088111866       3.457536707779374E-004  2.121725193036375E-004
   55007.1292453655       2.883795376033005E-004  2.121542445862085E-004
   55007.1496795438      -1.063875983091656E-004  2.121389948220065E-004
   55007.1701137222      -1.427708209462697E-004  2.121389698223930E-004
   55007.1905479000      -1.326067007456633E-004  2.121442197412167E-004
   55007.2109820777       5.514705862741387E-006  2.121273700017541E-004
   55007.2314162551       1.354937373049259E-004  2.121257700264935E-004
   55007.2518504321      -1.384161217672375E-004  2.121141452062412E-004
   55007.2722846088       8.799686044647093E-005  2.121172951575354E-004
   55007.2927187853       1.401012723939443E-004  2.121014704022241E-004
   55007.3131529615       8.277291208103055E-005  2.121001204230980E-004
   55007.3335870376       1.213778467779036E-005  2.121093702800730E-004
   55007.3540213131       7.794127260229988E-005  2.121333949085946E-004
   55007.3744554884       6.808625620002839E-005  2.121227450732666E-004
   55007.3948895635       3.837026486347428E-004  2.121390948204602E-004
   55007.4153238382       8.948012803011718E-005  2.121193201262245E-004
   55007.4357580128       2.120247789422214E-004  2.121164451706782E-004
   55007.4561921869      -1.715750138324701E-004  2.121117202437369E-004
   55007.4766262609       9.784786743038953E-005  2.121238450562582E-004
   55007.4970605346       5.617325115906402E-004  2.121423947694351E-004
   55007.5174947078      -8.528008094155215E-005  2.121178451490312E-004
   55007.5379287808      -3.370065181880211E-004  2.121027953817367E-004
   55007.5583630536      -2.916707185360856E-004  2.121128452263420E-004
   55007.5787972261       1.168000829950833E-004  2.121181701440060E-004
   55007.5992312984      -4.739307396894876E-005  2.121204451088295E-004
   55007.6400997418      -1.825699316304608E-004  2.121206201061237E-004
   55007.6605338132       9.350089060367051E-005  2.121123452340731E-004
   55007.6809679841      -2.250841770665701E-004  2.120922455448625E-004
   55007.7014022550      -3.223211211657029E-004  2.120886456005263E-004
   55007.7218363254      -1.690873137905058E-004  2.120899705800389E-004
   55007.7422704956       6.642946238522018E-005  2.121162701733841E-004
   55007.7627046654      -3.384933537263768E-004  2.121106952595856E-004
   55007.7831389351      -3.956383396938046E-004  2.120935955239886E-004
   55007.8035730044      -1.913234649286721E-004  2.121186951358883E-004
   55007.8240071734       5.385672095703509E-005  2.121297699646449E-004
   55007.8444414422      -3.722309873747109E-004  2.120889455958876E-004
   55007.8648755105       3.509792208977736E-006  2.120986704455181E-004
   55007.8853096787      -2.142549015704542E-005  2.121057703357368E-004
   55007.9057437468      -6.758949096252742E-005  2.120878206132826E-004
   55007.9261780142      -2.124645873147202E-004  2.120864456345430E-004
   55007.9466121816       1.149732388966429E-004  2.120901955765599E-004
   55007.9670463485       1.351626809065198E-005  2.120976954605937E-004
   55007.9874805152      -3.816425315614769E-004  2.120666709403073E-004
   55008.0079146817      -1.489582369976761E-004  2.120931705305600E-004
   55008.0283488480       3.461921641251253E-004  2.120878206132826E-004
   55008.0487829137      -5.535947367756311E-004  2.120489212147606E-004
   55008.0692171793      -5.453988997836667E-004  2.120459962599874E-004
   55008.0896513446      -8.899464057872120E-004  2.120242715959029E-004
   55008.1100854094      -7.731694967930691E-004  2.120358214173149E-004
   55008.1305196743      -9.207980508002533E-004  2.120317214807098E-004
   55008.1509538387      -8.518726982520430E-004  2.120587710624583E-004
   55008.1713879028      -1.501190656060469E-003  2.120147467431800E-004
   55008.1918220667      -1.987158360877928E-003  2.119993469812972E-004
   55008.2122563302      -1.410857148007705E-003  2.120147717427934E-004
   55008.2326904934      -2.055647887611922E-003  2.120004469642889E-004
   55008.2531245564      -2.439214829065062E-003  2.119843222136162E-004
   55008.2735588191      -2.208218231081527E-003  2.119718724061201E-004
   55008.2939929814      -2.672129209037255E-003  2.119693224455486E-004
   55008.3144270435      -3.012946701388852E-003  2.119387229186907E-004
   55008.3348612053      -3.097334978606425E-003  2.119339229929091E-004
   55008.3552954669      -3.167473425039979E-003  2.119283980783376E-004
   55008.3757295282      -3.594038918027453E-003  2.119141482986733E-004
   55008.3961636891      -3.510279718195841E-003  2.119058984262362E-004
   55008.4165979498      -3.357345027699910E-003  2.119155482770263E-004
   55008.4370320100      -4.104262337703668E-003  2.118659990431764E-004
   55008.4574661702      -4.374037236347883E-003  2.118669740281008E-004
   55008.4779003299      -4.567594392879903E-003  2.118378744780497E-004
   55008.4983344894      -4.392531191652616E-003  2.118675240195966E-004
   55008.5187686486      -4.382599187816139E-003  2.118731989318488E-004
   55008.5392028077      -4.882349829844812E-003  2.118305495913100E-004
   55008.5596370662      -4.520599827930405E-003  2.118599991359494E-004
   55008.5800711246      -4.612359125082399E-003  2.118662490393109E-004
   55008.6005052827      -4.719155674744790E-003  2.118457743558986E-004
   55008.6209393403      -4.922312284324271E-003  2.118275996369234E-004
   55008.6618077548      -5.086236526086307E-003  2.118286246210746E-004
   55008.6822418118      -4.803681021440021E-003  2.118386744656799E-004
   55008.7026760685      -4.501279050474594E-003  2.118501992874785E-004
   55008.7231102247      -4.696435030363988E-003  2.118437743868229E-004
   55008.7435443807      -4.816760919866270E-003  2.118304245932428E-004
   55008.7639784365      -4.362308916755708E-003  2.118662240396974E-004
   55008.7844126920      -3.981830582269752E-003  2.118641240721679E-004
   55008.8048468471      -4.102894401466939E-003  2.118749489047901E-004
   55008.8252809019      -3.721397729987475E-003  2.118681990091596E-004
   55008.8457151565      -3.446566962769348E-003  2.118756738935800E-004
   55008.8661493106      -3.584671725797461E-003  2.118733739291429E-004
   55008.8865833648      -3.147656153963063E-003  2.119103733570430E-004
   55008.9070175185      -2.580231137292888E-003  2.119149732859171E-004
   55008.9274517717      -2.793824427317237E-003  2.119238981479173E-004
   55008.9478858249      -1.936798650125859E-003  2.119577726241366E-004
   55008.9683199776      -1.408025241779742E-003  2.119891721386247E-004
   55008.9887542301      -1.269483717843967E-003  2.119665224888427E-004
   55009.0091882824      -1.543264505416087E-003  2.119522477095650E-004
   55009.0296224344      -9.981479870150300E-004  2.119852971985406E-004
   55009.0500565860      -4.095027429438236E-004  2.120123717799026E-004
   55009.0704908373      -6.723450490905281E-004  2.119913721046080E-004
   55009.0909248885      -4.107176629191134E-004  2.120258715711634E-004
   55009.1113590391      -8.659162902134865E-004  2.119906221162046E-004
   55009.1317932897      -2.977899051024302E-004  2.120381713809788E-004
   55009.1522273399      -2.556980266067432E-004  2.120398463550797E-004
   55009.1726614896      -2.418643737318593E-004  2.120255715758021E-004
   55009.1930956393      -1.813960286578542E-004  2.120410963357520E-004
   55009.2135297886      -3.949434415598807E-004  2.120086468374991E-004
   55009.2339639376      -2.094112430545136E-004  2.120417713253151E-004
   55009.2543980864      -2.321555128601549E-004  2.120169217095498E-004
   55009.2748322349       1.083674672409662E-004  2.120653959600215E-004
   55009.2952663830       1.511816192153459E-004  2.120197716654826E-004
   55009.3157005309       2.023578453935748E-005  2.120243215951298E-004
   55009.3361345785      -5.155458635621724E-004  2.119911721077004E-004
   55009.3565688256      -3.905772540455654E-004  2.120040719082385E-004
   55009.3770029726       2.726805123568488E-004  2.120402463488949E-004
   55009.3974370193       7.979888244957767E-005  2.120366964037855E-004
   55009.4178712657       9.518866025326478E-005  2.120542211328112E-004
   55009.4383054117       1.972092915073498E-004  2.120343464401216E-004
   55009.4587394577       2.525431189909222E-004  2.120173467029783E-004
   55009.4791736032       2.975612225400992E-004  2.120232466117516E-004
   55009.4996078483       5.361518525973663E-004  2.120562961007272E-004
   55009.5200418933       2.046244936121377E-004  2.120330964594493E-004
   55009.5404760379       2.158146343417267E-004  2.120295715139534E-004
   55009.5609102823       2.759640298318766E-004  2.120421213199033E-004
   55009.5813444262       3.608753858156399E-004  2.120438462932311E-004
   55009.6017784700       1.042758906454333E-004  2.120400213523738E-004
   55009.6222126135       4.479259736539509E-004  2.120432213028949E-004
   55009.6426468567       8.322386542969351E-005  2.120373463937351E-004
   55009.6630808994       7.708377661320709E-004  2.120662709464921E-004
   55009.6835150421      -1.506072301871164E-004  2.119696224409100E-004
   55009.7039492844       9.953784592753312E-005  2.120316714814829E-004
   55009.7243833264      -1.881229303792864E-004  2.119970220172468E-004
   55009.7448174680      -1.361543215515626E-004  2.119922720906920E-004
   55009.7652516095       9.526624088718183E-005  2.119939720644063E-004
   55009.7856857506      -2.623224086284459E-004  2.119885471482886E-004
   55009.8061198913      -5.353433944899066E-005  2.119701974320192E-004
   55009.8265540319      -1.185239036085584E-004  2.119805972712128E-004
   55009.8469882721      -6.923140483205970E-005  2.120178466952473E-004
   55009.8674223120      -1.228883094415156E-004  2.119732723844731E-004
   55009.8878564517      -3.414011596353239E-004  2.119639975278846E-004
   55009.9082904912       1.620646479084664E-004  2.119715724107587E-004
   55009.9287247302       2.369583882969595E-004  2.119671474791788E-004
   55009.9491588690       1.850200793419576E-004  2.119752473539353E-004
   55009.9695929073      -2.165017458621854E-005  2.119539226836659E-004
   55009.9900271456      -4.039764680061619E-004  2.119546976716827E-004
   55010.0104612834      -1.164350615066034E-004  2.119457728096825E-004
   55010.0308954210      -2.706400801105735E-004  2.119641225259518E-004
   55010.0513294584       1.309075105615509E-005  2.119608225769770E-004
   55010.0717636953       4.932240898514184E-005  2.119737973763554E-004
   55010.0921978320      -3.781057839636892E-004  2.119500727431952E-004
   55010.1126318684      -7.850214921789611E-005  2.119557476554475E-004
   55010.1330661044       7.388334542834940E-006  2.119423978618673E-004
   55010.1535002404       3.605989847443869E-005  2.119667474853637E-004
   55010.1739342759      -1.774916943287908E-004  2.119614975665400E-004
   55010.1943684111       3.087643602933676E-004  2.119736973779017E-004
   55010.2148026460      -5.242432750740544E-005  2.119534726906239E-004
   55010.2352366805      -4.737967997303638E-005  2.119690724494141E-004
   55010.2556708149      -1.027995550795247E-005  2.119650225120359E-004
   55010.2761050490       2.179537438679047E-004  2.119771473245572E-004
   55010.2965391826       9.424192361551231E-005  2.119342229882705E-004
   55010.3169732163      -8.678533703787572E-005  2.119279980845224E-004
   55010.3374073492      -1.886298940557696E-004  2.119354479693293E-004
   55010.3578415822       2.519523074884233E-005  2.119388479167580E-004
   55010.3782756147       8.195575785008291E-005  2.119683474606242E-004
   55010.3987097472       2.652770664798298E-004  2.119404978912454E-004
   55010.4191439789       2.110636057451876E-004  2.119542976778676E-004
   55010.4395780107       1.778728539135743E-004  2.119439228382875E-004
   55010.4600121420       1.827433100379805E-004  2.119575476276156E-004
   55010.4804462731      -4.858376502755446E-004  2.119044984478832E-004
   55010.5008804040       1.793491738233399E-005  2.119366729503882E-004
   55010.5213145344       1.440301586611570E-004  2.119412478796488E-004
   55010.5417486648      -1.293634819048428E-004  2.119349729766738E-004
   55010.5621827947       1.820140947575988E-004  2.119270980984384E-004
   55010.5826169241      -1.988270155283134E-004  2.119286980736989E-004
   55010.6030510536       4.359613290551012E-004  2.119633725375485E-004
   55010.6234850826      -1.400042065343721E-004  2.119129733168414E-004
   55010.6439193113      -1.204379116581666E-004  2.119166982592448E-004
   55010.6643534396       3.703868091414764E-004  2.119274730926401E-004
   55010.6847874679       4.964743669274574E-004  2.119319230238334E-004
   55010.7052216958       1.250603623582647E-004  2.119256731204719E-004
   55010.7256558231       3.165059806883308E-004  2.119153482801187E-004
   55010.7460898505       7.894786611395421E-005  2.119146732905557E-004
   55010.7665239774       3.742989080189885E-004  2.119241481440517E-004
   55010.7869582040      -6.395054181747017E-004  2.118689489975630E-004
   55010.8073923305      -1.831613909315521E-004  2.119101233609085E-004
   55010.8278263564       1.212673891352045E-004  2.119293980628754E-004
   55010.8482605822      -8.448268629346334E-005  2.119051734374462E-004
   55010.8686947077       1.935649801266814E-004  2.119116483373287E-004
   55010.8891287327       1.492916628363927E-004  2.119396479043883E-004
   55010.9095628577       3.311403425809711E-005  2.119058234273958E-004
   55010.9299970823       6.872368575583376E-005  2.119091233763707E-004
