   55010.4386908035       2.370288554232047E-005  2.287193714681187E-004
   55010.4591247264       5.827947860748139E-006  2.287431292590039E-004
   55010.4795586494       2.399529277696821E-005  2.287133291493795E-004
   55010.4999925721      -4.249699612324243E-005  2.287266915531864E-004
   55010.5204264943      -8.282928414971025E-005  2.287155165120772E-004
   55010.5408604166      -2.484838901987141E-004  2.286927982598998E-004
   55010.5612943388       6.117573902637563E-004  2.287736873656029E-004
   55010.5817282606       3.328231313126651E-004  2.287637034625964E-004
   55010.6021621821       9.274833113703806E-005  2.287290521723354E-004
   55010.6225960036       3.032594892560248E-005  2.287300483969304E-004
   55010.6430300249       4.589607058780310E-005  2.287363722574030E-004
   55010.6634639460       5.123729203020400E-004  2.287749867889877E-004
   55010.6838977669       1.476528764119411E-004  2.287457497628299E-004
   55010.7043317875       3.901731648170426E-005  2.286796957407698E-004
   55010.7247657078       6.989461638484684E-005  2.286856081171706E-004
   55010.7451995282       3.027416351697454E-005  2.287446669100093E-004
   55010.7656334481      -4.311255484880094E-004  2.286746279895692E-004
   55010.7860674680      -1.541607485422425E-005  2.286949206514283E-004
   55010.8065013877      -3.561745514270021E-004  2.286903076984123E-004
   55010.8269352072       4.848898504106192E-004  2.287370436261519E-004
   55010.8473692264      -1.613249987884036E-004  2.286697334948198E-004
   55010.8678031456      -1.731434701621737E-004  2.286950505937668E-004
   55010.8882369643      -9.619613261702131E-005  2.286789594008518E-004
   55010.9086708831      -3.004203458172316E-004  2.286630414643881E-004
   55010.9291049016      -6.295577715675904E-005  2.286798040260519E-004
   55010.9495387199      -4.119348966894476E-004  2.286622834674137E-004
   55010.9699726379      -9.524570134350485E-004  2.286430520013188E-004
   55010.9904066557      -1.198683511169696E-003  2.286202687779722E-004
   55011.0108404733      -7.188281333818658E-004  2.286215465443006E-004
   55011.0312743909      -1.631824629887313E-003  2.285784273449820E-004
   55011.0517083082      -1.629849051217991E-003  2.285486705494703E-004
   55011.0721422253      -9.832530383294680E-004  2.286281086323938E-004
   55011.0925761422      -1.021549599396265E-003  2.286162622225358E-004
   55011.1130100589      -1.453398082499002E-003  2.286139016033867E-004
   55011.1334440753      -1.384264117564538E-003  2.285766514663561E-004
   55011.1538778915      -9.637130064812371E-004  2.286147245715304E-004
   55011.1743118077      -1.235571798720803E-003  2.285945185378970E-004
   55011.1947457236      -1.232126345432571E-003  2.285713238304785E-004
   55011.2151796391      -9.117722627293157E-004  2.286129486929045E-004
   55011.2356135548      -7.055253989565191E-004  2.286282169176758E-004
   55011.2560474701       9.720768495169452E-005  2.286851966330988E-004
   55011.2764813851       3.266936639811924E-005  2.286836373250370E-004
   55011.2969152999      -4.024939359535962E-004  2.286645791153935E-004
   55011.3173492147      -2.811395771648018E-004  2.286074261435192E-004
   55011.3377831292       3.003487025947660E-004  2.287015693677471E-004
   55011.3582170435      -3.408221562171132E-004  2.286222828842186E-004
   55011.3786509576      -2.582307030732922E-004  2.285917247776197E-004
   55011.3990847715       3.539047483402946E-005  2.286686722990556E-004
   55011.4195187851      -1.443369678701956E-004  2.286512167115866E-004
   55011.4399526985       9.613822931919813E-005  2.286778548909747E-004
   55011.4603866119      -3.499725171024481E-004  2.286700366936096E-004
   55011.4808204251      -1.842591358154344E-004  2.286542920135972E-004
   55011.5012544380      -4.393460419183093E-005  2.286299711392453E-004
   55011.5216883507      -1.137209735497802E-004  2.286255097856242E-004
   55011.5421221631       6.931843991075937E-005  2.286806703083084E-004
   55011.5625561753      -1.178800891360465E-004  2.286667231639784E-004
   55011.5829900873      -2.996285743450677E-005  2.286349306051639E-004
   55011.6238578111       3.545453149012001E-004  2.286817748181855E-004
   55011.6442918226      -3.244229446344171E-004  2.286679359591375E-004
   55011.6647257339      -7.730091776025905E-005  2.286852399472116E-004
   55011.6851595450       1.354079002968689E-005  2.286544652700485E-004
   55011.7055935558       1.427307377821485E-004  2.286649256282961E-004
   55011.7260274664      -4.525198948938103E-004  2.286190343257566E-004
   55011.7464612770      -6.974333475140426E-005  2.286517364809405E-004
   55092.7447338653      -4.976434188619372E-005  2.225056013757361E-004
   55092.7651669360      -3.947825352634826E-005  2.224315714939563E-004
   55092.7855999068       1.946107932500052E-004  2.224156831496736E-004
   55092.8060330771      -2.382876900850484E-004  2.223848867188532E-004
   55092.8264661474       4.390505914009246E-005  2.224409043645696E-004
   55092.8468991177      -3.547922815638760E-005  2.223709588900605E-004
   55092.8673321876      -2.707806052781869E-004  2.223342400686977E-004
   55092.8877653574       7.689589706094679E-005  2.224586511141604E-004
   55092.9081983270       2.020791670949151E-004  2.225521636186210E-004
   55092.9286313967      -4.631125000490455E-004  2.224485013620930E-004
   55172.7601400419       1.480770322903613E-004  2.223785558875838E-004
   55172.7805730810       7.319295770691348E-005  2.223829262033634E-004
   55172.8010060202      -7.232976900539700E-005  2.223249276201207E-004
   55172.8214391596       3.036671516287726E-004  2.223884605752150E-004
   55172.8418721992      -4.442364463286275E-005  2.223425109934207E-004
   55172.8623051389      -2.722296160324600E-004  2.223760848211851E-004
   55172.8827381787       7.028894404781383E-005  2.223785354655475E-004
   55172.9031712188      -4.023820051654026E-004  2.223627083873739E-004
   55172.9236042590      -2.219359159116863E-006  2.223704687611880E-004
   55172.9440372993      -1.418761183369366E-004  2.223744919023496E-004
   55172.9644704399      -7.335384758466734E-005  2.223668132166808E-004
   55172.9849033805      -8.027049953152066E-005  2.223830487355815E-004
   55173.0053364214      -1.362604919413757E-004  2.223641991960276E-004
   55173.0257695624      -4.828656460147407E-004  2.223172285124156E-004
   55173.0462025035       1.121735704798787E-004  2.223825177626363E-004
   55173.0666355449       4.671091923920123E-004  2.224212175215253E-004
   55173.0870684863       4.737471844238339E-004  2.223961188388474E-004
   55173.1075016280      -9.580896580085874E-005  2.223827424050362E-004
   55173.1279346698      -1.270845364016449E-004  2.223626675433011E-004
   55173.1483677118       2.755254228139492E-004  2.224073305368052E-004
   55173.1688007539       7.163990693781486E-005  2.223692842830795E-004
   55173.1892337962      -1.021145743888008E-004  2.223642400401003E-004
   55173.2096668387      -7.137957070291190E-005  2.223641379299186E-004
   55173.2300998813       1.758404259522006E-004  2.223681814931165E-004
   55173.2505329240       3.859454465127143E-006  2.223851726273622E-004
   55173.2709659670      -4.325873365510491E-004  2.223491481552354E-004
   55173.2913989101      -7.972334377417400E-004  2.223367111350964E-004
   55173.3118320534      -5.415436625123560E-004  2.223213946078317E-004
   55173.3322650968      -1.130270427748603E-003  2.222884130191215E-004
   55173.3526980404      -8.839930587501987E-004  2.222783245331631E-004
   55173.3731311841      -1.193016826160576E-003  2.223273169983740E-004
   55173.3935642281      -1.140947573393003E-003  2.222974395591895E-004
   55173.4139971721      -1.254916253721094E-003  2.222449753477986E-004
   55173.4344303164      -1.491814497201149E-003  2.222922115178832E-004
   55173.4548633608      -9.759243560627517E-004  2.223121638474001E-004
   55173.4752964054      -1.395588541237336E-003  2.222660304672786E-004
   55173.4957293501      -1.082944914562622E-003  2.223096927810014E-004
   55173.5161624950      -8.969408294169368E-004  2.223112040116915E-004
   55173.5365955401      -1.227064056982807E-003  2.223011767918422E-004
   55173.5570284853      -4.510118228002735E-004  2.223235593436851E-004
   55173.5774616307      -7.597050620140600E-004  2.223233755453579E-004
   55173.5978946762       1.564391603634530E-004  2.223996110070638E-004
   55173.6183276220      -1.212349293581161E-004  2.223524361030883E-004
   55173.6387607679      -3.457381058449283E-004  2.223467179329094E-004
   55173.6591938139      -1.225911145923408E-004  2.223346893534975E-004
   55173.6796267601      -7.576066112047197E-005  2.223744919023496E-004
   55173.7000599065       2.892581281290774E-004  2.223744919023496E-004
   55173.7204929530       1.087094288902968E-004  2.223919935875041E-004
   55173.7409258997       1.111567313474282E-004  2.223531100302879E-004
   55173.7613589466       2.718099788179273E-004  2.224007342190632E-004
   55173.7817919936      -1.688963246397890E-004  2.223804347149283E-004
   55173.8022250408      -8.946026206235747E-005  2.223607274498476E-004
   55173.8226580882      -1.226937870767442E-004  2.223738792412590E-004
   55173.8430912357       3.950262400032045E-005  2.224013877242265E-004
   55173.8635241834       4.224619142825237E-004  2.224035933041526E-004
   55173.8839572312      -1.260441598621709E-004  2.223823339643091E-004
   55173.9043903793      -4.401347091670393E-004  2.223508840283254E-004
   55173.9248233275       6.299968318310700E-004  2.224147845800741E-004
   55173.9452563758      -2.002323656121741E-004  2.223330555905892E-004
   55173.9656894243      -1.994853454286849E-004  2.223697948339884E-004
   55173.9861224730      -3.182388439589845E-004  2.223863162613980E-004
   55174.0065555219      -2.090709212761999E-004  2.224065544994238E-004
   55174.0269885709       7.397719030244332E-006  2.223908703755047E-004
   55174.0474216200       1.999449073475379E-004  2.224254653050868E-004
   55174.0678546693       4.019817672440418E-005  2.223430623884022E-004
   55174.0882877189      -2.033818067670445E-005  2.224132325053113E-004
   55335.1070017810      -3.620323840580753E-005  2.411742592195710E-004
   55335.1274359235      -1.478718158829384E-004  2.411575739334713E-004
   55335.1478702660       9.559434716188697E-005  2.411218716994964E-004
   55335.1683045084       1.760112663247160E-004  2.411345781866031E-004
   55335.1887386507      -2.120026269736286E-005  2.411886128438953E-004
   55335.2091729929      -2.305453268274249E-004  2.411239038817778E-004
   55335.2296072350      -9.445633968907519E-005  2.411791792398312E-004
   55335.2500415771       1.488329248633402E-004  2.411178287263261E-004
   55335.2704757190      -1.070913269995977E-004  2.411347065349577E-004
   55335.2909099609       3.113884280754320E-004  2.411417229116766E-004
   55335.3113443027      -2.011272743569492E-004  2.410653770320741E-004
   55335.3317785445       1.307768659852826E-005  2.411655957056346E-004
   55335.3522126862       3.171737752705184E-004  2.411388564650902E-004
   55335.3726470278      -1.695778769161826E-005  2.411323962645747E-004
   55335.3930812693       5.419026854616149E-004  2.411929552965597E-004
   55335.4135154108       7.369316241989665E-005  2.411436267456033E-004
   55335.4339497521      -1.810877871637473E-004  2.411246739719054E-004
   55335.4543839935       3.707242384443088E-004  2.411709435537435E-004
   55335.4748181347      -1.935597079432139E-004  2.411064271141579E-004
   55335.4952524758      -2.239985425164237E-004  2.411224492670921E-004
   55335.5156866169      -1.151945867227111E-004  2.411551353147337E-004
   55335.5361208577       3.274567014923679E-004  2.411507928620692E-004
   55335.5565551987      -2.782359404117640E-004  2.411039457126354E-004
   55335.5769893395      -2.424719264118025E-004  2.411411881268657E-004
   55335.5974235802      -2.221131058131043E-004  2.411409314301565E-004
   55335.6178579210      -3.908818494321453E-004  2.411139782756877E-004
   55335.6382920615      -5.162584293783024E-004  2.411049724994723E-004
   55335.6587264020      -9.759377073800257E-004  2.411061490260563E-004
   55335.6791606425      -1.291943501091519E-003  2.410297603636689E-004
   55335.6995947828      -7.508515751484257E-004  2.410785327384220E-004
   55335.7200291231      -1.463588562906071E-003  2.410371190026668E-004
   55335.7404633633      -7.003012075111892E-004  2.411281607688724E-004
   55335.7608976034      -1.139006698356315E-003  2.410442423363478E-004
   55335.7813318435      -9.997250619102616E-004  2.410680295647361E-004
   55335.8017660834      -1.234022600481111E-003  2.410912392255287E-004
   55335.8222003233      -1.240900845717485E-003  2.410135242968104E-004
   55335.8426345632      -1.651526636616163E-003  2.410332257692435E-004
   55335.8630688029      -4.730819908810302E-004  2.411265778058322E-004
   55335.8835030425      -7.209418722908811E-004  2.411126947921415E-004
   55335.9039373820      -5.848098637709631E-004  2.410951324589520E-004
   55335.9243715215      -2.297052488885454E-004  2.411221497875980E-004
   55335.9448057610       1.066271732241830E-006  2.411603120317030E-004
   55335.9652401003      -1.705583814135547E-004  2.411468140630762E-004
   55335.9856742396      -1.624451417463479E-004  2.410588098745964E-004
   55336.0061085788      -2.101322024860020E-004  2.411237327506383E-004
   55336.0265428178      -1.312345899867617E-004  2.410822120579209E-004
   55336.0469769568       7.944901626588674E-006  2.411563546241025E-004
   55336.0674112958       3.121893398336795E-004  2.411790936742615E-004
   55336.0878455347      -1.204370149237022E-004  2.410988331698433E-004
   55336.1082796735       9.445331896396070E-006  2.410953249814839E-004
   55336.1287140121       1.684204957448365E-004  2.411448246635797E-004
   55336.1491482508       9.789643269364490E-006  2.411219572650661E-004
   55336.1695824893       1.405097874762617E-005  2.410968865531317E-004
   55336.1900167277       1.184344088320799E-004  2.410930361024933E-004
   55336.2104509662       1.671203938204968E-004  2.411210802179763E-004
   55336.2308852045      -8.292334205917129E-005  2.411557556651143E-004
   55336.2513194427      -3.120667575627900E-004  2.410950682847747E-004
   55336.2717536808      -6.490935981534607E-004  2.410915814878077E-004
   55336.3126221569       3.635602465672516E-004  2.411520121714381E-004
   55336.3330563947       5.846362510886216E-005  2.410994107374391E-004
   55336.3534905326       1.413333229673963E-004  2.411420651739556E-004
   55336.3943591080       6.521833798678323E-005  2.410974427293350E-004
   55416.2910726557      -5.451026654953450E-004  2.297465829850013E-004
   55416.3115061038       3.300049892906998E-006  2.298091491430077E-004
   55416.3319397519      -2.183229219294702E-004  2.297908296320331E-004
   55416.3523732995       9.807339821144012E-006  2.297823038453027E-004
   55416.3728068469       1.528957354028915E-004  2.298573526295221E-004
   55416.3932403942       1.024784276058011E-004  2.298332180947775E-004
   55416.4136739412       1.636970376999169E-004  2.298386396206983E-004
   55416.4341074881      -5.380966871452175E-004  2.297514798471234E-004
   55416.4545410345       1.327350679130035E-004  2.298147674178531E-004
   55416.4749744810       1.055213995690973E-004  2.298665779679842E-004
   55416.4954081270      -1.298559340364713E-004  2.298489361477497E-004
   55416.5158416729       3.719343342687420E-004  2.298439518416612E-004
   55416.5362751185      -4.666595880866709E-004  2.297570762609772E-004
   55416.5567087640      -2.410826788680209E-004  2.298070504878125E-004
   55416.5771423093      -1.143774280438770E-004  2.298417657424995E-004
   55416.5975757541       3.451558231086782E-004  2.298697478117686E-004
   55416.6180093989      -1.012863498782712E-004  2.298559753870502E-004
   55416.6384429435      -1.587539547692751E-004  2.298063290750892E-004
   55416.6588764876       3.475912175723295E-004  2.298063072140976E-004
   55416.6793100317       3.794611787890645E-004  2.298667091339339E-004
   55416.6997435756      -4.953387861187375E-004  2.297988307549647E-004
   55416.7201772193       2.386277002637271E-004  2.298738358172009E-004
   55416.7406106627       1.762593057330619E-004  2.298488924257665E-004
   55416.7610442059      -3.672471536073640E-004  2.297875067613074E-004
   55416.7814778486      -8.430116778068708E-005  2.298421155183654E-004
   55416.8019112913      -4.853989778530465E-004  2.298265286313428E-004
   55416.8223448338      -8.488070207579579E-004  2.297541906100839E-004
   55416.8427784761      -8.987401336436607E-004  2.297332696411069E-004
   55416.8632120181      -1.100638414592514E-003  2.296897662677901E-004
   55416.9040791014      -8.158431582260262E-004  2.297530756995114E-004
   55416.9245126428      -1.302200866800662E-003  2.297026642528438E-004
   55416.9449460841      -1.237519130919407E-003  2.296599041532420E-004
   55416.9653797250      -1.110449920452061E-003  2.296975269198140E-004
   55416.9858132656      -1.167195174673230E-003  2.296049018983349E-004
   55417.0062467060      -8.949569197727048E-004  2.297426261455188E-004
   55417.0266803461      -1.421032618499685E-003  2.296468312802553E-004
   55417.0471138861      -8.651382469792024E-004  2.296930891385158E-004
   55417.0675475260      -6.554081486815910E-004  2.297304932951716E-004
   55417.0879809655      -5.597632342227987E-004  2.297515017081150E-004
   55417.1084145047      -5.249284174302371E-005  2.297949176374654E-004
   55417.1288480439      -1.773116208503289E-005  2.298322999331296E-004
   55417.1492815827      -4.892187546512439E-005  2.297622791769820E-004
   55417.1697150212       1.147247976194254E-004  2.298471872684204E-004
   55417.1901486598       3.129456201012015E-004  2.298362130506289E-004
   55417.2105821978      -1.465174101455968E-004  2.298060448821982E-004
   55417.2310157359       1.119817913755039E-004  2.298304636098338E-004
   55417.2514492735      -1.567226345108308E-004  2.297903049682343E-004
   55417.2718828111       4.766799702813351E-004  2.298505538611293E-004
   55417.2923163482      -4.305876980197354E-004  2.297427135894852E-004
   55417.3127499854       1.101232657028106E-004  2.298488705647749E-004
   55417.3331834220       5.754954013443836E-004  2.298531115971485E-004
   55417.3536170587      -1.618951270603297E-004  2.298002298584282E-004
   55417.3740505952       4.676797000691124E-005  2.298066132679802E-004
   55417.3944840311      -3.621161368728698E-004  2.297307556270710E-004
   55417.4149176671       9.859756454977386E-005  2.298452416401665E-004
   55417.4353512028      -1.026794289268329E-004  2.297454024914540E-004
   55417.4557846381       4.955622354994027E-004  2.298162539652831E-004
   55417.4762182734      -3.264097079532791E-004  2.297512175152240E-004
   55417.4966518084       7.517847734117566E-005  2.297674820929867E-004
   55417.5170852432      -4.276516212670112E-004  2.297935403949935E-004
   55417.5375188778      -1.313087854840633E-004  2.297832875899254E-004
   55417.5579524121       1.623301179147774E-004  2.297663015994394E-004
   55417.5783858460      -1.510984888207778E-004  2.297606177416191E-004
   55417.5988194799       2.451653370028062E-004  2.298155544135514E-004
   55497.4719940709       1.113065855007367E-004  2.239840213301117E-004
   55497.4924270705      -5.307175956537069E-005  2.240576256496277E-004
   55497.5128598700      -2.367319894529540E-004  2.240417017372331E-004
   55497.5332927695       1.330551391938162E-004  2.240468105732924E-004
   55497.5537257689       2.642777995229828E-004  2.240204217870344E-004
   55497.5741585683       3.666040643155455E-004  2.240419489389780E-004
   55497.5945914677       2.519625095431799E-005  2.240949531130935E-004
   55497.6150243670       3.825735650127005E-004  2.240798532065149E-004
   55497.6354572663       1.160934637831623E-004  2.240495709927761E-004
   55497.6558901656      -1.693901453314606E-004  2.240008928491947E-004
   55497.6763231648      -1.708638946453789E-004  2.240355628939038E-004
   55497.6967559640      -5.918996197973314E-004  2.240288678466486E-004
   55497.7171889632       2.037871500093491E-004  2.240388589171679E-004
   55497.7376218622       2.978182277579844E-004  2.240470783751827E-004
   55497.7580546613      -4.756432653296727E-005  2.240563072403221E-004
   55497.7784876604      -2.077989159565696E-005  2.240738585642033E-004
   55497.7989205593       7.927334835966526E-005  2.240435969506100E-004
   55497.8193533583       2.433786344502309E-005  2.240309484613341E-004
   55497.8397863572      -6.058461739077980E-005  2.239853397394173E-004
   55497.8602192560       1.515181709024205E-004  2.240050746787110E-004
   55497.8806520549       4.948186246132025E-004  2.240708921432657E-004
   55497.9010850536      -2.125914140721497E-004  2.239724440483966E-004
   55497.9215179524       2.082136068486395E-004  2.240346564875062E-004
   55497.9419509510       1.990447749242730E-004  2.238963059109964E-004
   55497.9623837497      -5.015945632954599E-004  2.239593423559219E-004
   55497.9828166483      -9.235054752805283E-004  2.239102522094325E-004
   55498.0032496469      -8.996825168051670E-004  2.239619997746786E-004
   55498.0236824455      -1.010169890502066E-003  2.238381723006761E-004
   55498.0441153440      -1.173089116299431E-003  2.238666417016196E-004
   55498.0645483425      -1.093868181304081E-003  2.238108153075843E-004
   55498.0849811408      -1.168977423961826E-003  2.238931128884593E-004
   55498.1054140393      -1.015431988572901E-003  2.238451763501123E-004
   55498.1258470377      -9.461672117321296E-004  2.238766121719935E-004
   55498.1462799359      -9.962589058044591E-004  2.238813708055810E-004
   55498.1667127343      -1.246655937911623E-003  2.238158211429166E-004
   55498.1871457325      -1.378497040193993E-003  2.238150589375368E-004
   55498.2075785307      -8.314731466425584E-004  2.239345397808597E-004
   55498.2280115288      -9.356084531756403E-004  2.238560532268838E-004
   55498.2484444271      -1.305795023869072E-003  2.238127517212519E-004
   55498.2688773251       3.117697014398679E-005  2.240752799742360E-004
   55498.2893102231      -4.358668049357917E-004  2.239191514722455E-004
   55498.3097431212       1.294604215420492E-004  2.240783699960460E-004
   55498.3301759191       5.179446546741406E-004  2.239799425013224E-004
   55498.3506089171       3.924129958394751E-004  2.241046351814317E-004
   55498.3710418150      -4.388918179232260E-004  2.239992654377081E-004
   55498.3914746129      -4.211634327144775E-005  2.240173729655151E-004
   55498.4119076107      -8.571370000376444E-005  2.240564102410491E-004
   55498.4323405085      -9.512073581219305E-005  2.240295270513014E-004
   55498.4527733063      -2.750068759772573E-004  2.240506834006278E-004
   55498.4732063040      -2.937080294064254E-004  2.239881825594826E-004
   55498.4936392016      -5.589340736911197E-007  2.240966011247255E-004
   55498.5140721993       9.096169848055169E-005  2.240559982381411E-004
   55498.5345049969      -8.002640628479440E-005  2.240109045198594E-004
   55498.5549378945      -9.546756164080517E-005  2.240364899004468E-004
   55498.5753708921       2.533683847838475E-006  2.240236766100077E-004
   55498.5958036896      -4.254236884487783E-004  2.240458423664587E-004
   55498.6162365870      -2.810358156071224E-004  2.240405069287999E-004
   55498.6366695845      -2.198740635228624E-004  2.240411867335981E-004
   55498.6571024819       1.798206940173408E-005  2.240708303428294E-004
   55498.6775352792      -2.177512644124802E-004  2.241193436852476E-004
   55498.7184011738      -7.807424246661920E-004  2.239457874602484E-004
   55498.7388340711       6.885004095491531E-005  2.240974251305415E-004
   55498.7592669684       7.648742772148331E-005  2.240943557088768E-004
   55498.7796998655      -1.504388801976120E-006  2.240728697572241E-004
   55659.7749187476      -3.389676198229941E-004  2.439693604700258E-004
   55659.7953530672      -1.809117176311270E-004  2.440020407583241E-004
   55659.8157872870      -4.625797981960833E-004  2.439686064752398E-004
   55659.8362215069       1.612213565369558E-004  2.439834709438791E-004
   55659.8566557269       1.066277337553601E-004  2.440025793260284E-004
   55659.8770899470      -3.231412361324182E-004  2.439622513763288E-004
   55659.8975241671       3.945874655981729E-004  2.439836217428363E-004
   55659.9179583874       5.734286949721223E-006  2.439829108334666E-004
   55659.9383925078      -2.592785585044943E-004  2.439773959001743E-004
   55659.9588268283       8.995217544915945E-005  2.439540005190986E-004
   55659.9792610488       6.988920618944405E-005  2.440006404822928E-004
   55659.9996953695      -1.629716767589384E-004  2.439509414545381E-004
   55660.0201294903      -6.364042656770152E-005  2.439065850184102E-004
   55660.0405637111      -2.265570193100697E-004  2.439486579274717E-004
   55660.0609980321       5.909308289675508E-005  2.440451261746698E-004
   55660.0814321532       7.858257079562669E-005  2.439907308365333E-004
   55660.1018663743       1.950698089299152E-004  2.439955348604559E-004
   55660.1223006956      -1.043799218395369E-004  2.439988093520981E-004
   55660.1427348169      -4.077929182186857E-004  2.439415703764829E-004
   55660.1631690384       5.942820905469048E-005  2.440255223102325E-004
   55660.1836033599      -3.367883592824139E-004  2.439992832916779E-004
   55660.2040374816      -2.843858037836489E-004  2.439042153205112E-004
   55660.2244718033       3.586342544215082E-004  2.439931867052650E-004
   55660.2449060251       3.007515544981576E-004  2.439831262605483E-004
   55660.2653402471       2.689786868808053E-004  2.439540220618068E-004
   55660.2857744691      -1.290236642554898E-004  2.438890061685411E-004
   55660.3062086912      -6.160043966366713E-004  2.439038706371804E-004
   55660.3266429135      -1.384883047265917E-003  2.438286435002408E-004
   55660.3470771358      -1.204633448938175E-003  2.438218144617500E-004
   55660.3675113582      -1.363016960852725E-003  2.438021244264800E-004
   55660.3879455807      -1.063930544215830E-003  2.438717504592947E-004
   55660.4083798033      -1.509140488475502E-003  2.438469117167714E-004
   55660.4288140260      -2.932236101024221E-004  2.439190151610259E-004
   55660.4492483489      -1.463840863810795E-003  2.438123356701540E-004
   55660.4696825718      -1.396845645143863E-003  2.437619688184459E-004
   55660.4901166948      -1.387356668382411E-003  2.437711029267111E-004
   55660.5105510178      -1.005579209341079E-003  2.437662989027886E-004
   55660.5309851410      -9.271421472399899E-004  2.438128526951501E-004
   55660.5514193643      -9.670012396648664E-004  2.438108707659982E-004
   55660.5718536877      -8.257556467997640E-004  2.438954043528685E-004
   55660.5922878112      -5.941959023311183E-004  2.439217295422557E-004
   55660.6127221348       1.362287736765833E-004  2.440097530478499E-004
   55660.6331563584       2.710882558676353E-005  2.439789254324546E-004
   55660.6535904822      -1.031244596361169E-005  2.439879302844709E-004
   55660.6740248061       2.912908011325488E-004  2.440202874321465E-004
   55660.6944590300      -1.373418973100726E-004  2.439683910481581E-004
   55660.7148931541       4.268444493764623E-004  2.439914632886112E-004
   55660.7353274782       9.759238558770811E-005  2.438479457667637E-004
   55660.7557617025       7.271485961179991E-005  2.439955779458722E-004
   55660.7761958268       8.008638275502911E-005  2.439104627058813E-004
   55660.7966301512       3.214460503675465E-004  2.439651380992240E-004
   55660.8170643758      -7.601185301964186E-005  2.439584814023986E-004
   55660.8374987004      -1.231064995352860E-004  2.439396315327473E-004
   55660.8579328251       9.849443737786068E-005  2.438653091895510E-004
   55660.8783670499       1.242412259390147E-004  2.439387698244204E-004
   55660.8988013748      -1.371928197392291E-004  2.439255426016023E-004
   55660.9192354998      -5.407498320453286E-005  2.439354307046536E-004
   55660.9396697249       2.922033456258522E-004  2.439386190254632E-004
   55660.9601040501      -2.840105185566433E-004  2.439473222795650E-004
   55660.9805382754       1.919363486480030E-004  2.439188212766523E-004
   55661.0009725008       5.945436670540261E-005  2.439312083338517E-004
   55661.0214067262       1.258560967109412E-003  2.440838168785482E-004
   55661.0622751775       2.573724315242387E-004  2.439052924559198E-004
   55661.0827094032      -5.437590874506348E-004  2.438098798014222E-004
   55661.1031436291       1.350967042068607E-004  2.439349352223656E-004
   55740.9600557851       2.312283661649595E-004  2.349707726862738E-004
   55740.9804897156       1.354869222465194E-004  2.349416482315972E-004
   55741.0009238456       1.178470194924675E-004  2.349630254037417E-004
   55741.0213578756       4.611635260138858E-004  2.350254920313787E-004
   55741.0417918054      -4.837208918387903E-004  2.349601617950120E-004
   55741.0622259353      -2.451673828854917E-004  2.350273123097960E-004
   55741.0826599646       2.863378833573016E-005  2.350095312974516E-004
   55741.1030940939       1.559487206399535E-004  2.349507940207182E-004
   55741.1235280233       3.043461629326227E-004  2.350292657793170E-004
   55741.1439620521      -3.210220173741618E-004  2.349576533625590E-004
   55741.1643961810       7.554313373225874E-005  2.350053135791676E-004
   55741.1848301097       2.310298111274367E-004  2.349461545306059E-004
   55741.2052641381       1.223815169431042E-004  2.349765664992849E-004
   55741.2256982662       9.869563549247395E-005  2.350035376977849E-004
   55741.2461321944       4.915608441755648E-004  2.350187436821244E-004
   55741.2665662224       2.210920316760845E-004  2.350509315321861E-004
   55741.2870002501      -2.486160488547329E-004  2.349827154885725E-004
   55741.3074342778       4.585463656485711E-004  2.350726638806071E-004
   55741.3278684053      -1.192686449579261E-004  2.349785199688059E-004
   55741.3483024325       1.014732203523661E-004  2.350357477463639E-004
   55741.3687363595      -1.279891088062923E-004  2.350099974663145E-004
   55741.3891704865       9.736253968073427E-005  2.350717981384331E-004
   55741.4096045131       9.507047362911081E-006  2.350105302307293E-004
   55741.4300384396      -6.454873420491669E-005  2.350039150725787E-004
   55741.4709065922      -8.799152515260866E-004  2.349331018024429E-004
   55741.4913405183      -1.246643236380907E-003  2.349414040479071E-004
   55741.5117746442      -1.156239508644519E-003  2.349732367216923E-004
   55741.5322086698      -8.917782363710991E-004  2.349365647711392E-004
   55741.5526427954      -1.257369121357210E-003  2.349229792785614E-004
   55741.5730767208      -7.780080460770833E-004  2.349534578427923E-004
   55741.5935107459      -1.430507033154949E-003  2.348686151097330E-004
   55741.6139448708      -1.141027956072294E-003  2.349419590108392E-004
   55741.6343787958      -8.340121013097335E-004  2.349395837694898E-004
   55741.6548128204      -1.827711870259430E-003  2.348584037917824E-004
   55741.6752469449      -1.196079604721012E-003  2.348953421245429E-004
   55741.6956808691      -1.551366770825346E-003  2.348942543971960E-004
   55741.7161148933      -2.181322034686684E-004  2.350041148592343E-004
   55741.7365490173      -9.456770391699232E-004  2.349435129070491E-004
   55741.7569829411      -1.037626732472652E-003  2.349747906179022E-004
   55741.7774170646       1.818107033817462E-004  2.349827154885725E-004
   55741.7978510881      -1.580367072384625E-005  2.349764333081812E-004
   55741.8182851114      -3.125926611123875E-004  2.349540572027589E-004
   55741.8387191344       1.003531698628990E-005  2.349945029012503E-004
   55741.8591531573       4.326034658650446E-004  2.350712431755009E-004
   55741.8795871801       2.531763223896366E-004  2.350165904259479E-004
   55741.9000212027       6.677865943571781E-005  2.350514420980837E-004
   55741.9204552250      -6.031391715743961E-005  2.349974109070145E-004
   55741.9408892472       4.023745459074135E-004  2.350722865058133E-004
   55741.9613232693      -2.426700588324948E-004  2.349923718435910E-004
   55741.9817572912      -1.553948181491904E-004  2.350715317562256E-004
   55742.0021914128      -3.027325615713172E-004  2.349987206195343E-004
   55742.0226253342      -2.606794730597439E-005  2.350288884045232E-004
   55742.0430593557      -2.431308860936232E-004  2.350126168913540E-004
   55742.0634934769      -5.032080291197394E-004  2.350310416606997E-004
   55742.0839273978       2.946532775096600E-004  2.350225396285800E-004
   55742.1043614185      -2.622562178649090E-004  2.349795189020836E-004
   55742.1247955393      -7.998037493039956E-005  2.350012956475392E-004
   55742.1452294598      -2.596369047775937E-004  2.348966518370626E-004
   55742.1656634800       2.450384100303182E-004  2.350449823295540E-004
   55742.1860976003       7.327797653378099E-005  2.350314634325281E-004
   55742.2065315201       1.981900755518851E-004  2.350261357883799E-004
   55742.2269656399      -2.152342963808174E-004  2.349634693740873E-004
   55742.2473996594      -1.355371462007371E-004  2.349909733370022E-004
   55742.2678335790      -1.989182215048624E-004  2.350487116804577E-004
   55822.1224049870      -1.274430218592970E-004  2.333599816765980E-004
   55822.1428381789      -2.859110045128066E-004  2.333681063339239E-004
   55822.1632714703       3.771296217491837E-005  2.333589827433202E-004
   55822.1837045616      -1.813333280896723E-004  2.333698600167893E-004
   55822.2041377528      -2.789477400866325E-005  2.333381161370733E-004
   55822.2245710437       1.661414947931039E-004  2.333550758042782E-004
   55822.2450041344       3.209748927446299E-004  2.333740555365560E-004
   55822.2654373248      -2.862701460787376E-004  2.333206903010054E-004
   55822.2858706153       3.360382753483382E-004  2.334219377383375E-004
   55822.3063038053      -1.111245152761731E-004  2.333560969360733E-004
   55822.3267369953      -2.115599464632689E-004  2.333117442985399E-004
   55822.3471701850      -1.829347768667056E-005  2.333800047391881E-004
   55822.3676033748      -1.987503078383357E-004  2.333650207400214E-004
   55822.4084697533      -1.523072619469268E-005  2.333801157317745E-004
   55822.4289029422      -5.758409372529361E-004  2.332898565604980E-004
   55822.4493362310      -3.623176977818332E-005  2.333431552004967E-004
   55822.4697693198       6.154659076962332E-005  2.333966092301165E-004
   55822.4902025082       9.408737172944548E-005  2.333698822153066E-004
   55822.5106357963      -5.734270567225863E-005  2.333403581873190E-004
   55822.5310688844      -3.459588750742704E-005  2.333053955225967E-004
   55822.5515020723      -2.445066723244516E-004  2.333026651049708E-004
   55822.5719353599       2.526510441569485E-004  2.333763641823535E-004
   55822.5923684474       3.555556464434062E-004  2.333649097474350E-004
   55822.6128016346       2.644870458214932E-004  2.333802267243609E-004
   55822.6332349218      -8.562542174944676E-004  2.332824644542424E-004
   55822.6536680085      -8.145922774180914E-004  2.332333169369757E-004
   55822.6741012952      -7.092350192889896E-004  2.332789126914770E-004
   55822.6945344817      -9.632206996423864E-004  2.332722531362918E-004
   55822.7149675682      -1.373567239427276E-003  2.331970445597337E-004
   55822.7354008542      -1.640560965707416E-003  2.332021280201917E-004
   55822.7558339402      -1.032719381446001E-003  2.332986027763078E-004
   55822.7762671258      -9.244770839427208E-004  2.332403982639893E-004
   55822.7967004114      -1.332575799461999E-003  2.332406646461967E-004
   55822.8171334967      -1.156322539789145E-003  2.332137156462140E-004
   55822.8375666820      -6.578732142448196E-004  2.332400208891955E-004
   55822.8579999669      -1.530502547269386E-003  2.331479636380189E-004
   55822.8784331518      -1.110806205028902E-003  2.331718936396510E-004
   55822.8988662364      -1.327844604969264E-003  2.330970180408522E-004
   55822.9192995208      -1.069312550316615E-003  2.331779760333868E-004
   55822.9397327049      -5.770709504853144E-004  2.331774432689720E-004
   55822.9601657889       1.808512548917562E-004  2.333433327886350E-004
   55822.9805990728       6.822916811977109E-006  2.333103235934338E-004
   55823.0010322563       6.213490298012658E-005  2.332534731906695E-004
   55823.0214655397       3.442453355988473E-004  2.333262843273609E-004
   55823.0418986230      -1.506988085946404E-004  2.332719201585325E-004
   55823.0623318062      -7.566247873458387E-005  2.332842403356251E-004
   55823.0827650890      -1.468169024498867E-004  2.333002010695523E-004
   55823.1031981717      -5.032763833223708E-005  2.332626855753424E-004
   55823.1236313543       6.052321957561446E-005  2.333204461173152E-004
   55823.1440646363      -2.240660472070388E-004  2.333117442985399E-004
   55823.1644977186      -1.796976981226495E-004  2.333423338553572E-004
   55823.1849309005      -1.986118617680610E-005  2.333502809245449E-004
   55823.2053641823      -3.694667889476699E-004  2.332958945571992E-004
   55823.2257972637       3.146945526404377E-004  2.333807150917412E-004
   55823.2462304451      -2.067816386489563E-004  2.332997349006893E-004
   55823.2666637262       1.071334183060380E-004  2.333709699426535E-004
   55823.2870969071       4.751495583710241E-004  2.333975415678424E-004
   55823.3075299880       3.180544024050658E-004  2.333229989468029E-004
   55823.3279632684      -1.689284273505010E-004  2.332990689451708E-004
   55823.3483964489       2.681989724329092E-005  2.333507248948905E-004
   55823.3688296291      -2.313973577250383E-005  2.333720354714831E-004
   55823.3892628091       2.609317283541746E-004  2.333784508429782E-004
   55823.4096958890       4.638927182027963E-004  2.333182484641041E-004
   55823.4301291685      -1.181509555455706E-004  2.333622681238782E-004
   55823.4505623481       3.406389162674550E-005  2.333694382449609E-004
   56065.6485875857      -2.192204951501076E-004  2.465858982410113E-004
   56065.6690218626       7.582900134095460E-005  2.465884720534747E-004
   56065.6894561396      -6.128660191762059E-005  2.466113984502080E-004
   56065.7098904165      -2.690833678336002E-004  2.465546880613074E-004
   56065.7303246935      -7.878416848894343E-005  2.466098628142004E-004
   56065.7507589703      -4.675179545164942E-004  2.465970370092354E-004
   56065.7711932472       1.074368041085183E-004  2.466411811372850E-004
   56065.7916275240      -8.518537922308500E-005  2.465344003630661E-004
   56065.8120619007      -3.619061843845861E-004  2.465682492412619E-004
   56065.8324960775       2.666390216774506E-004  2.466241593691444E-004
   56065.8529304542      -6.928430067898450E-005  2.466226886191653E-004
   56065.8733647309      -3.534418968326181E-004  2.465562669546673E-004
   56065.8937989075      -1.005470541972642E-004  2.465955662592563E-004
   56065.9142332842      -1.337912242392880E-004  2.465953499724947E-004
   56065.9346675608       8.928795294460556E-005  2.465835190866333E-004
   56065.9551017373      -3.958645362031055E-004  2.465486536606578E-004
   56065.9755361139      -2.813524095923725E-007  2.465526333370719E-004
   56065.9959703904       4.390237339475522E-004  2.466311238028690E-004
   56066.0164045669      -3.074507462963449E-005  2.465712339985724E-004
   56066.0368389434      -2.332166561730409E-004  2.465767276823180E-004
   56066.0572732198      -3.023120288005998E-004  2.465910242372620E-004
   56066.0777074961       1.850530442395470E-004  2.465728128919324E-004
   56066.0981417725      -4.003842149428172E-004  2.465655240280653E-004
   56066.1185759489       9.879401652224118E-005  2.465900509468346E-004
   56066.1390103251      -1.198892387603845E-004  2.466065536267474E-004
   56066.1594446015      -2.932757365763372E-004  2.465861145277729E-004
   56066.1798788777      -4.184065507596424E-004  2.465249270029065E-004
   56066.2003131539      -4.850342797343421E-004  2.465574997892087E-004
   56066.2207474301      -6.851286112827815E-004  2.465344436204184E-004
   56066.2411818063      -1.306010520732537E-003  2.464792472388493E-004
   56066.2616159823      -1.256206109104152E-003  2.464615982390999E-004
   56066.2820502585      -9.915384107085368E-004  2.464613386949860E-004
   56066.3024846345      -7.086579388527747E-004  2.465240834845361E-004
   56066.3229189105      -1.082563788752600E-003  2.464850437240611E-004
   56066.3433530866      -1.303283640906372E-003  2.464808477608854E-004
   56066.3637874626      -1.157849197301219E-003  2.464561478127067E-004
   56066.3842217385      -6.276750738353210E-004  2.465369741755295E-004
   56066.4046560144      -1.214032492864892E-003  2.464969394959510E-004
   56066.4250902903      -8.170754302000427E-004  2.465255974918675E-004
   56066.4455245661      -8.433411000534630E-004  2.465443495541013E-004
   56066.4659589419       1.469398892841589E-004  2.465793447521337E-004
   56066.4863931177       1.856163647033782E-004  2.465447172415960E-004
   56066.5068273935      -4.726355331097221E-005  2.465546015466027E-004
   56066.5272617691       2.137289350334637E-004  2.466249812588386E-004
   56066.5476959448       5.535394142905936E-004  2.465770088551081E-004
   56066.5681302205       2.014346079377560E-004  2.465980102996628E-004
   56066.5885645962      -2.085804361788846E-004  2.465703255941736E-004
   56066.6089987717      -6.189361803776716E-005  2.465256407492199E-004
   56066.6294331473       1.022137729356221E-004  2.465735915242743E-004
   56066.6498673228      -1.483925395885377E-004  2.464745321874456E-004
   56066.6703015983       1.545648344165595E-004  2.465720558882666E-004
   56066.6907359737      -1.666544086993405E-004  2.465617390097367E-004
   56066.7111702492       3.441963287604821E-004  2.465934033916400E-004
   56066.7316044246      -3.955698150444054E-004  2.464944521981922E-004
   56066.7520387999      -6.583072657806444E-005  2.465316318925172E-004
   56066.7724729753       2.487361773448882E-004  2.465876934211328E-004
   56066.7929073506      -3.933060626593043E-005  2.465768141970226E-004
   56066.8133416259       1.463044387661760E-004  2.465377528078714E-004
   56066.8337758011       1.151971086066350E-004  2.465486104033055E-004
   56066.8542101763      -1.120293297203201E-004  2.465738510683882E-004
   56066.8746444515      -6.390588376568029E-004  2.465315237491364E-004
   56066.8950787266       6.831055618272686E-005  2.466203959794919E-004
   56066.9155130017       1.375983273936843E-004  2.465707149103445E-004
   56066.9359472768       6.789641120494849E-004  2.466107928472754E-004
   56066.9563816519      -2.302689326898477E-004  2.465320212086881E-004
   56066.9768159269      -1.604481245791600E-004  2.465440467526350E-004
   56146.7922096381       8.555861604886417E-005  2.327439952852354E-004
   56146.8126433375      -1.719172412747438E-004  2.327220562652487E-004
   56146.8330771367      -1.668510279128066E-004  2.327221231525048E-004
   56146.8535107356       1.402501142335755E-004  2.327264931199005E-004
   56146.8739444343      -5.329391742233680E-004  2.326745217219443E-004
   56146.8943782328       2.405306368633564E-004  2.327626122381713E-004
   56146.9148118311       5.448323182710713E-004  2.327324460856896E-004
   56146.9352456291      -1.092785006617802E-005  2.327379977279423E-004
   56146.9556793271      -3.841290146234799E-004  2.326852905701694E-004
   56146.9761129247       1.123790705417349E-004  2.327325798602017E-004
   56146.9965467220      -2.110002062771787E-005  2.327018786096715E-004
   56147.0169804193      -2.729326637128660E-004  2.326927150555918E-004
   56147.0374140162       1.339074395856343E-005  2.327358796315005E-004
   56147.0578478130       2.552365575714255E-005  2.327233048273618E-004
   56147.0782815094      -3.097489998646896E-004  2.327122907258644E-004
   56147.0987151058      -2.142010998463784E-004  2.327186004236858E-004
   56147.1191489018       2.271064424848035E-004  2.327310637490644E-004
   56147.1395825977       6.022537219263491E-005  2.327227028420573E-004
   56147.1600162934      -9.686360798832894E-005  2.327366376870691E-004
   56147.1804499886       3.018539951653576E-004  2.327333825072744E-004
   56147.2008836838      -1.701138135062896E-004  2.327263816411404E-004
   56147.2213174788       9.646480980896044E-006  2.327216326459604E-004
   56147.2417510736      -6.320477988730477E-005  2.327132271474492E-004
   56147.2621847681      -2.828165492831936E-004  2.326759263543215E-004
   56147.2826185624      -5.411675601437738E-004  2.326809874900298E-004
   56147.3030522565      -2.702292344046731E-004  2.326999611749979E-004
   56147.3234858503      -6.333188922739152E-004  2.326811881517980E-004
   56147.3439196439      -1.060319257749742E-003  2.326306882734749E-004
   56147.3643532373      -1.305315749435376E-003  2.326072108465990E-004
   56147.3847869304      -1.325627342051550E-003  2.326291721623377E-004
   56147.4052207235      -1.040777429178075E-003  2.326207220723225E-004
   56147.4256543162      -1.040101039409658E-003  2.326489039028745E-004
   56147.4460880086      -1.642306389122106E-003  2.326461615253761E-004
   56147.4665218011      -1.333343044214730E-003  2.326198971294978E-004
   56147.4869553930      -1.097166630957269E-003  2.326415017132042E-004
   56147.5073891850      -1.380713630300678E-003  2.326182695396004E-004
   56147.5278228765      -1.334473028850036E-003  2.326515125058607E-004
   56147.5482564680      -1.304402831487694E-003  2.326242448011415E-004
   56147.5686902590      -1.094308135323185E-003  2.326913104232145E-004
   56147.5891239501      -6.872789654902567E-004  2.326811212645419E-004
   56147.6095575409      -3.447956528567220E-004  2.327299266657114E-004
   56147.6299913312      -5.818550068122930E-004  2.327203171965912E-004
   56147.6504250216       2.648175023780563E-004  2.327824777532202E-004
   56147.6708587117       4.082721681792911E-004  2.327971260622966E-004
   56147.6912924015      -1.504096619386885E-005  2.327218778992326E-004
   56147.7117260912      -4.973003982534641E-004  2.327070512241399E-004
   56147.7321597806       1.533954085892741E-004  2.327730466501161E-004
   56147.7525934698      -3.228865739124398E-005  2.327200273518150E-004
   56147.7730271587      -2.555733041887942E-004  2.327262701623803E-004
   56147.7934609474       1.118750318571671E-004  2.327457566496449E-004
   56147.8138946359      -1.190375065073246E-004  2.327544074014283E-004
   56147.8343282241       1.882283816261321E-004  2.327250438960193E-004
   56147.8547620124       4.636997250018204E-005  2.326920238872792E-004
   56147.8751957002      -1.221027455333701E-004  2.327335162817865E-004
   56147.8956292877      -2.024118378356476E-004  2.327142527520421E-004
   56147.9160630752      -1.147193688459947E-004  2.326821468691348E-004
   56147.9364967623       3.253086356971302E-004  2.327604718459774E-004
   56147.9569303492      -2.128818837654478E-006  2.327066499006036E-004
   56147.9773641360       7.553199907772701E-005  2.327334048030264E-004
   56147.9977978224       1.907874103643792E-004  2.327361025890207E-004
   56148.0182314088      -2.344264239581006E-004  2.326694382904839E-004
   56148.0386651949      -8.696841874722416E-005  2.327009198923347E-004
   56148.0590988806       5.559098600471657E-005  2.327363478422929E-004
   56148.0795325663      -1.727724299493971E-004  2.326907753251661E-004
   56148.0999662517      -4.162701178954675E-004  2.326957918693704E-004
   56148.1203998369      -3.025576101008953E-004  2.327241520659385E-004
   56227.9736002017       6.043523670538065E-004  2.245751586422006E-004
   56227.9940331484       2.980082300900744E-004  2.245248869229053E-004
   56228.0144660950      -3.515792143260477E-005  2.245675524209265E-004
   56228.0348990415       3.359071827837568E-004  2.245490564183747E-004
   56228.0553320878       1.259816080414478E-004  2.245272145097433E-004
   56228.0757649342       6.896672574800977E-004  2.245754703725807E-004
   56228.0961979804       3.372954266021022E-004  2.245599461996524E-004
   56228.1166309265       1.326856428540690E-004  2.245287315975930E-004
   56228.1370637725       1.655050764852728E-004  2.245601332378805E-004
   56228.1574968184      -1.322527785078131E-004  2.245160961261869E-004
   56228.1779297642       2.510576795444752E-004  2.245546052191403E-004
   56228.1983626099       2.841531113604301E-004  2.245681135356107E-004
   56228.2187956556       7.867722730670046E-005  2.245318489013939E-004
   56228.2392286011      -4.235847848461649E-004  2.244956258312278E-004
   56228.2596614466       3.487988716299739E-005  2.245301447753161E-004
   56228.2800944919       4.570805746813011E-004  2.245457105122951E-004
   56228.3005274371       2.979056667846702E-004  2.245289809818971E-004
   56228.3209602823       2.898016734853570E-004  2.245447545391295E-004
   56228.3413933274       3.544124441074992E-004  2.245284198672130E-004
   56228.3618262723       7.450733078366856E-004  2.245710438011835E-004
   56228.3822593172       6.446821129602043E-006  2.245381666370970E-004
   56228.4026921619       4.440974448627344E-005  2.245388732259585E-004
   56228.4231251066       1.356722565011292E-004  2.245248869229053E-004
   56228.4435581512       1.042662768677705E-004  2.245259675882229E-004
   56228.4639909958       5.144647753478893E-004  2.245662639353555E-004
   56228.4844239401      -4.000695016177502E-004  2.245111707861815E-004
   56228.5048569845      -3.671733776328123E-004  2.245029618861725E-004
   56228.5252899286      -6.655543672640096E-004  2.244618758220771E-004
   56228.5661558168      -7.442568296621710E-004  2.244975377775590E-004
   56228.5865887607      -7.444981878349521E-004  2.244894120056514E-004
   56228.6070217046      -9.521636140040757E-004  2.244726201291774E-004
   56228.6274546482      -1.089529797991595E-003  2.244451670737044E-004
   56228.6478875919      -1.518151329851225E-003  2.244309729503978E-004
   56228.6683205355      -1.046793529383749E-003  2.244560152909314E-004
   56228.6887534790      -1.429431530349801E-003  2.243931081002299E-004
   56228.7296193656      -1.335400350884752E-003  2.244381219671144E-004
   56228.7500523087      -8.518370452847979E-004  2.244812862337438E-004
   56228.7704851519      -6.690353555505180E-004  2.244828241036189E-004
   56228.7909181949      -2.736324271452872E-004  2.245267780872112E-004
   56228.8113511378      -8.440608897053448E-005  2.245669081781410E-004
   56228.8317839807      -1.980344304541859E-006  2.245421983500128E-004
   56228.8522170233       1.910516692202879E-004  2.245456066021684E-004
   56228.8726499660       2.102093056208787E-004  2.245465210112833E-004
   56228.8930830085      -4.211916707094199E-004  2.245105057613706E-004
   56228.9135158510       2.099527218910602E-004  2.245381874191223E-004
   56228.9339487933      -2.948528460602340E-004  2.245237231294863E-004
   56228.9543818356       2.559056895621303E-004  2.245589278804108E-004
   56228.9748146777       2.457706597207565E-004  2.245524023244543E-004
   56228.9952476197       3.634852337119909E-005  2.245098823006105E-004
   56229.0156806618       5.408827231878632E-005  2.245499292634390E-004
   56229.0361136037      -2.509027044361734E-005  2.245467080495114E-004
   56229.0565464455       1.808168741246341E-005  2.245405357879857E-004
   56229.0769794871      -2.467416876587025E-004  2.245209799021416E-004
   56229.0974124288       3.257196768042814E-004  2.245510722748326E-004
   56229.1178452702      -3.048014748578964E-004  2.245234529631569E-004
   56229.1382783117       1.755893075530146E-004  2.245577848690171E-004
   56229.1587112531      -5.784138986053566E-005  2.245431335411531E-004
   56229.1791441943      -2.146323821813345E-004  2.245377094325395E-004
   56229.1995771354       2.509095892753166E-004  2.245674069467491E-004
   56229.2200100765      -5.493121502944120E-004  2.245221852596112E-004
   56229.2404430175      -3.551315691304735E-004  2.245308513641776E-004
   56229.2608759583      -4.630697468466227E-005  2.245404318778590E-004
   56229.2813088992      -1.074729574496169E-004  2.245421152219114E-004
   56229.3017418399      -6.564026029021175E-005  2.245287108155677E-004
