   54974.9449253392       5.757817974885171E-004  5.906462823610390E-004
   54974.9653598805      -7.063643187186219E-004  5.905443267963826E-004
   54974.9857943219       6.921503836223586E-004  5.907445123874009E-004
   54975.0062289630      -2.922122930100191E-004  5.909598485008163E-004
   54975.0266635041       7.308453837262530E-004  5.907360057416288E-004
   54975.0470980449      -4.050504882185946E-004  5.911551908920519E-004
   54975.0675324856       3.804866733347900E-005  5.910163524982812E-004
   54975.0879671262       8.502793856477453E-004  5.908850272734041E-004
   54975.1084016666      -9.867863377205133E-003  5.897522152626915E-004
   54975.1288361070      -2.031795509121226E-002  5.889044069314994E-004
   54975.1492707472      -2.100704090431760E-002  5.890849092618622E-004
   54975.1697052871      -1.283139078635598E-002  5.897698494772849E-004
   54975.1901397271       6.874325696792916E-006  5.910398854818408E-004
   54975.2105742670      -2.358042007104544E-004  5.910019470835430E-004
   54975.2310089065      -2.573379892925054E-004  5.907794082627583E-004
   54975.2514433462      -9.786173130709175E-004  5.909843749612544E-004
   54975.2718778854       1.047097142090392E-003  5.909474921321400E-004
   54975.2923125247      -3.328457529878648E-004  5.906518085761756E-004
   54975.3127469637       2.849130564053226E-004  5.910618661577776E-004
   54975.3331815027       1.629400625946964E-003  5.912413129189572E-004
   54994.5824397873       1.877724495902289E-004  5.898118238754017E-004
   54994.6028742545       4.558263539058416E-004  5.897954315069063E-004
   54994.6233086214      -3.018288234768463E-004  5.895330294263719E-004
   54994.6437428884       3.468201323075792E-004  5.896464720674359E-004
   54994.6641773551       6.012645205306644E-004  5.897227214178610E-004
   54994.6846117213       8.024575462783901E-006  5.895214802576592E-004
   54994.7050459876       3.288933622058732E-005  5.896646651127735E-004
   54994.7254803536      -9.019355012295116E-003  5.888464127187167E-004
   54994.7459148191      -2.030242714487640E-002  5.877075156621233E-004
   54994.7663490847      -2.171273181511280E-002  5.875834552369202E-004
   54994.7867834500      -1.701717412850934E-002  5.879199334372081E-004
   54994.8072179151      -1.488601061689576E-003  5.893545140497659E-004
   54994.8276522799      -3.053139229443058E-004  5.893861190329633E-004
   54994.8480865445      -2.333389034333555E-004  5.895059571814327E-004
   54994.8685209089      -3.811626210056263E-004  5.894429334919526E-004
   54994.8889553728      -8.716891618749667E-004  5.893151475284553E-004
   54994.9093896368      -2.713465237965673E-004  5.893850013714750E-004
   54994.9298240004       9.879332235007698E-004  5.895782947166487E-004
   54994.9502582641      -1.800940649833160E-004  5.894705024753311E-004
   55033.8159072692       3.246993718961644E-004  5.901125465706158E-004
   55033.8363409848      -1.131744719046202E-004  5.900772152428455E-004
   55033.8567747999      -7.666772057733917E-004  5.899983944855806E-004
   55033.8772087148       1.262318821535491E-004  5.900949422458413E-004
   55033.8976424295      -1.560970484614232E-004  5.900857413792345E-004
   55033.9180762437      -3.380449304520861E-004  5.900836558494704E-004
   55033.9385101577      -6.905291534153868E-005  5.901028549911232E-004
   55033.9589439712      -2.732414226163549E-003  5.898567011398358E-004
   55033.9793776845      -1.921149955923174E-002  5.883962782528926E-004
   55033.9998114973      -2.193707330426864E-002  5.881046107814568E-004
   55034.0202454098      -2.037902156291127E-002  5.883316268302020E-004
   55034.0406791220      -4.826474327756403E-003  5.896418302350114E-004
   55034.0611129341       6.933665386552601E-004  5.901326657989293E-004
   55034.0815468455      -2.698215510565927E-004  5.901262865314152E-004
   55034.1019805567      -1.238365307281275E-003  5.899696877817674E-004
   55034.1224143676      -6.505813951904749E-004  5.900037309882125E-004
   55034.1428481781       7.388324278168046E-004  5.902032057762481E-004
   55034.1632819883      -2.030645532082875E-004  5.900616964478354E-004
   55034.1837157983      -6.491159886672371E-004  5.900306588578152E-004
   55053.4322097033      -2.881314359141074E-004  5.894990941243844E-004
   55053.4526430900      -2.751220021113276E-005  5.894967632381774E-004
   55053.4730766763       1.586210049602244E-003  5.896824367263028E-004
   55053.4935101625       1.353977710283338E-005  5.895020997408094E-004
   55053.5139435482       1.078336628987486E-003  5.896000583006165E-004
   55053.5343771336      -3.503145814154340E-005  5.894774414183031E-004
   55053.5548106186       2.175477255397240E-004  5.894944323519704E-004
   55053.5752440033      -1.646415324011441E-004  5.894354854665761E-004
   55053.5956774876      -1.487103452220673E-002  5.881441131687553E-004
   55053.6161110717      -2.189409198973691E-002  5.874753941837725E-004
   55053.6365444553      -2.047377770823200E-002  5.875740888129082E-004
   55053.6569779386      -8.964277236721330E-003  5.886384450619837E-004
   55053.6774115217      -3.315285883004337E-004  5.894119925871733E-004
   55053.6978450041      -7.403967825049262E-004  5.893447035827222E-004
   55053.7182783866      -2.754222752776592E-004  5.894348720754689E-004
   55053.7387119685      -5.392571189837270E-004  5.894154889164839E-004
   55053.7591454500       1.858176956492930E-004  5.894621679797358E-004
   55053.7795788313       8.340440070053745E-004  5.897834622416455E-004
   55053.8000123121       1.647294552613587E-004  5.894267139737443E-004
   55053.8204457926      -1.479472292037487E-004  5.895680392848248E-004
   55073.0481962084      -7.553256875566516E-004  5.874853311197078E-004
   55073.0686294705       6.021290905211529E-005  5.875312127745205E-004
   55073.0890625320       1.563143753300356E-004  5.875831056621829E-004
   55073.1094956932      -1.198478033091366E-003  5.874576058416660E-004
   55073.1299287540       4.627320745096419E-004  5.875805907586437E-004
   55073.1503620147       2.366608459862807E-004  5.875161233532853E-004
   55073.1707951749       1.447737927901871E-003  5.876932093659110E-004
   55073.1912283348      -5.936833668694907E-004  5.874377933089060E-004
   55073.2116614943      -1.244188687220604E-002  5.863573662128240E-004
   55073.2320946536      -2.212515576232810E-002  5.854585642235603E-004
   55073.2525278126      -2.135549476267784E-002  5.855629020508816E-004
   55073.2729608711      -1.401756394295295E-002  5.861818136779661E-004
   55073.2933941294       7.144163112238200E-004  5.875568525227982E-004
   55073.3138272875       2.824525205034067E-004  5.874783998001974E-004
   55073.3342603452      -8.650413280575364E-005  5.874379159871274E-004
   55073.3546936026       6.729709581554388E-004  5.875867246697149E-004
   55073.3751267595       1.144227884983806E-004  5.875311514354098E-004
   55073.3955598162       1.105135841094951E-003  5.875683842756120E-004
   55073.4159929726       1.417196609182048E-003  5.876448128075592E-004
   55073.4364262286       2.396674414750777E-004  5.875355678513811E-004
   55092.7456388391      -9.675219331295448E-005  6.631855199497841E-004
   55092.7660717120       7.415688456102743E-005  6.630695119544495E-004
   55092.7865044846      -3.406674672139509E-004  6.632738198330666E-004
   55092.8069374568       6.732428014992742E-004  6.632945851379986E-004
   55092.8273703289      -6.841684227293476E-003  6.624837283827950E-004
   55092.8478031006      -1.853285963014584E-002  6.610903069937834E-004
   55092.8682359721      -1.979982833311622E-002  6.610004923162201E-004
   55092.8886689433      -1.511220355858922E-002  6.615906309214318E-004
   55092.9091017144      -1.547708813361748E-003  6.631918315926207E-004
   55092.9295345851      -1.063402132518432E-004  6.634755399381208E-004
   55092.9499675554      -7.554073462614497E-004  6.633232399964763E-004
   55092.9704003258      -7.817025127976329E-006  6.635076030837301E-004
   55092.9908331956      -3.546547699613267E-004  6.634118554619006E-004
   55093.0112661652       7.452646328169887E-004  6.636096623483962E-004
   55093.0316989346      -1.092122597767364E-003  6.633855359112725E-004
   55093.0521318037      -1.588454372170811E-003  6.634013150183637E-004
   55112.2997839827       1.456096805287910E-004  6.688904876768294E-004
   55112.3202167390      -6.368914136477555E-004  6.689638289665894E-004
   55112.3406493951      -1.714116466146942E-003  6.686947636324699E-004
   55112.3610819512       7.623763191455524E-004  6.690279552578082E-004
   55112.3815147068       1.258384934318624E-003  6.690214542656866E-004
   55112.4019473625      -5.998875012916960E-004  6.688566572712258E-004
   55112.4223799179       1.306819472078447E-003  6.690073793021612E-004
   55112.4428125733      -4.260966769776053E-003  6.684999863345359E-004
   55112.4632453282      -1.732337142914242E-002  6.668494286163658E-004
   55112.4836778832      -2.035711902992843E-002  6.666142568042782E-004
   55112.5041105379      -1.837244286768769E-002  6.667276770260499E-004
   55112.5245432924      -3.439858816236541E-003  6.685993315927822E-004
   55112.5449758468       3.305865073335301E-004  6.689789769093970E-004
   55112.5654085011      -8.300650514564412E-004  6.690410834749081E-004
   55112.5858412551       2.452857916064310E-004  6.689752530401234E-004
   55112.6062739089       2.375345063112544E-004  6.692049968393716E-004
   55112.6267064624      -1.533852045105033E-003  6.688462430605456E-004
   55112.6471391159      -1.407672697856022E-003  6.690253043678168E-004
   55112.6675717693       5.588081390486277E-004  6.691172650039445E-004
   55131.9354986577       9.127710957372859E-004  6.751511955556275E-004
   55131.9559310972       6.189751652738718E-004  6.752549589638594E-004
   55131.9763637367       6.848598111135473E-004  6.752634796816886E-004
   55131.9967962762       2.277354593243075E-004  6.751564973356102E-004
   55132.0172287155       2.893330224684743E-005  6.752001739040387E-004
   55132.0376612548       2.091289690773213E-004  6.750498305716736E-004
   55132.0580938941      -3.240093543658285E-004  6.751044893986375E-004
   55132.0785263333      -1.649256765756490E-002  6.732513279454161E-004
   55132.0989588724      -2.143850153688054E-002  6.726920532736749E-004
   55132.1193915115      -2.119547336398064E-002  6.727029724157820E-004
   55132.1398240505      -7.818423352754622E-003  6.744281968687078E-004
   55132.1602564894       8.295735581784758E-004  6.751433691185103E-004
   55132.1806890282       3.065690378956099E-004  6.751470929877838E-004
   55132.2011216671       3.975836899030583E-004  6.751653336355812E-004
   55132.2215541059       1.305183018325273E-004  6.751683001077144E-004
   55132.2419866446       1.109038608133606E-003  6.753626355906499E-004
   55132.2624192833      -2.305260703255874E-004  6.751342172363974E-004
   55132.2828517218       3.225888887810058E-004  6.750032506475402E-004
   55151.5302938519      -1.681232370388863E-003  6.814749567463621E-004
   55151.5507263964      -1.671039683719511E-003  6.815004557834216E-004
   55151.5711588409       2.893887217656488E-004  6.818112410766902E-004
   55151.5915914855      -4.599251226984347E-004  6.817190279748491E-004
   55151.6120240302       1.501149472404872E-004  6.817057104084642E-004
   55151.6324564750      -1.290567627874384E-003  6.816208188123134E-004
   55151.6528890198      -9.861165812408146E-005  6.817339865683716E-004
   55151.6733216647      -3.115439849457058E-004  6.815802349488748E-004
   55151.6937541097      -1.254440253855393E-002  6.801746320891888E-004
   55151.7141866547      -2.227805332794497E-002  6.790285639829392E-004
   55151.7346192998      -2.369850250887362E-002  6.788822601019893E-004
   55151.7550517450      -1.271290630198796E-002  6.802367386546998E-004
   55151.7754842903      -2.707212944679238E-004  6.816537655879198E-004
   55151.7959169356      -3.137929102348114E-005  6.817336709862298E-004
   55151.8163493811       2.354706112921434E-004  6.816950437320704E-004
   55151.8367819266      -2.384278700362508E-004  6.816396275079661E-004
   55151.8572144721       5.011000575898539E-004  6.817976710445918E-004
   55151.8776471178       2.823717108870749E-004  6.823643303384518E-004
   55151.8980795635       4.268269399794189E-004  6.817390358826408E-004
   55151.9185121093       1.183371520522059E-003  6.818727164779176E-004
   55171.1455902930       4.406598627069158E-004  6.844688845258505E-004
   55171.1660228697       1.845393852641708E-003  6.844364426816709E-004
   55171.1864555466      -6.525228829801222E-005  6.843217601313319E-004
   55171.2068882236       1.155235687164247E-003  6.844594170615958E-004
   55171.2273209009       1.179383634163811E-003  6.843138074613580E-004
   55171.2477535784       6.537900889873605E-004  6.844615630201601E-004
   55171.2681861561       1.867432491753362E-006  6.841352510855137E-004
   55171.2886189340      -5.509629383556591E-004  6.842284109337802E-004
   55171.3090516121      -7.206892609486704E-003  6.835262406682209E-004
   55171.3294841904      -2.109933583790435E-002  6.817640299882733E-004
   55171.3499169689      -2.317051416565463E-002  6.817072883191733E-004
   55171.3703496476      -1.785533496728819E-002  6.823453954099423E-004
   55171.3907823265      -3.027488201938766E-004  6.842073300467064E-004
   55171.4112150057       3.093998866690040E-004  6.844064623781976E-004
   55171.4316476850       1.236987303383730E-003  6.843761664925825E-004
   55171.4520803645      -4.177275759957855E-004  6.842958823957023E-004
   55171.4725130442      -1.937626777802626E-004  6.842224779895139E-004
   55171.4929457241       5.132824051177209E-004  6.844584703151703E-004
   55171.5133784042       9.900495820591715E-005  6.843379179369934E-004
   55171.5338109846      -9.578870563686781E-004  6.842829435278876E-004
   55190.7815081126      -1.060615172348900E-003  5.459983499358084E-004
   55190.8019409358      -7.783280822039051E-004  5.460251408146732E-004
   55190.8223738593       4.087488352815249E-004  5.461506820376833E-004
   55190.8428067831      -6.774400457211227E-004  5.460305109240225E-004
   55190.8632397072      -3.297913166976363E-004  5.461044394293977E-004
   55190.9041054563      -2.029818569136976E-004  5.461142249619898E-004
   55190.9245384814      -5.295330464495374E-003  5.456786494258808E-004
   55190.9449714067      -2.040770273309434E-002  5.441200646890723E-004
   55190.9654042323      -2.134379932114505E-002  5.437754230046113E-004
   55190.9858372583      -1.867831202113901E-002  5.442837336884623E-004
   55191.0062701846      -4.172105339471210E-003  5.457737600292449E-004
   55191.0267030111      -6.295579417856523E-004  5.460991886558118E-004
   55191.0471359380      -1.329666620042413E-004  5.462113642733303E-004
   55191.0675689651      -3.998544027322692E-004  5.461375551037183E-004
   55191.0880017927      -6.105544788483908E-004  5.461111819000252E-004
   55191.1084347206      -2.780204809054165E-004  5.461664940263228E-004
   55191.1288677486      -6.923198762849303E-004  5.461162536699661E-004
   55191.1493005770      -9.234125782286995E-005  5.461797402960511E-004
   55210.3972651919      -8.225028033238546E-004  5.486008242622369E-004
   55210.4176984434       8.873641983186964E-005  5.487834676479944E-004
   55210.4381316953      -7.824405865900497E-004  5.486631175306886E-004
   55210.4585649475      -1.479214314226929E-003  5.486414580896465E-004
   55210.4789981001      -8.369054561985223E-005  5.487147302483235E-004
   55210.4994314529       1.267637309805281E-004  5.487792908962783E-004
   55210.5198647062       1.753325550817308E-004  5.487632402361120E-004
   55210.5402979600      -1.282139825280471E-003  5.487143125731519E-004
   55210.5607312140      -1.774533786951460E-002  5.470538747623519E-004
   55210.5811644685      -2.330286536506887E-002  5.464981281125823E-004
   55210.6015977232      -2.070659260726981E-002  5.467028486145534E-004
   55210.6220310784      -7.189015420290823E-003  5.480564145099824E-004
   55210.6424642340       3.000929495797777E-004  5.488832920140094E-004
   55210.6628974899      -2.781607481635584E-004  5.488188507018180E-004
   55210.6833308463      -1.220146780064324E-003  5.487244561130338E-004
   55210.7037640028       1.055937496598158E-003  5.489788202925451E-004
   55210.7241972599      -5.247073669889524E-004  5.488242208111673E-004
   55210.7446304172       4.342242346797587E-004  5.488424195150732E-004
   55210.7650637749       5.065435614612923E-004  5.489241048450641E-004
   55249.6298060338       2.794014870488581E-004  5.472663520889388E-004
   55249.6502400059       2.031856936832721E-004  5.473448750212017E-004
   55249.6706739780      -1.098277312861495E-003  5.470786966011219E-004
   55249.6911079505      -2.086538276809824E-004  5.473043605295554E-004
   55249.7115419235       3.743741901891529E-004  5.473312110763018E-004
   55249.7319758967       2.893583309984127E-004  5.472669487677554E-004
   55249.7524097702       2.057028009416761E-004  5.473266166494140E-004
   55249.7728438441       6.754778663973227E-004  5.473862248631912E-004
   55249.7932778185      -1.005836922540804E-002  5.462978230338538E-004
   55249.8137117931      -2.104202812700351E-002  5.451634769356391E-004
   55249.8341457680      -2.062821138894988E-002  5.452973119941997E-004
   55249.8545797433      -1.400233051684208E-002  5.458825345775088E-004
   55249.8750136191      -8.194390542595187E-004  5.472380098451509E-004
   55249.8954475951       1.392486512442170E-003  5.474909419955023E-004
   55249.9158816714       3.722260790586240E-004  5.473799597356170E-004
   55249.9363156481       1.117610711185435E-004  5.474259636723759E-004
   55249.9567495253      -7.567295816788278E-004  5.471713608213380E-004
   55249.9771836027      -5.839163838060601E-004  5.471992257220726E-004
   55249.9976175803      -5.276142978238862E-004  5.471841297480129E-004
   55250.0180514584      -5.158263268272290E-004  5.472625930123943E-004
   55269.2670028827       6.939751732759625E-004  5.438167728466009E-004
   55269.2874371564       2.717821489379713E-004  5.437908173180793E-004
   55269.3078713305       4.937931542670082E-004  5.437922493472391E-004
   55269.3283057048       7.290017328160925E-004  5.438161164999026E-004
   55269.3487399793      -2.675462093918446E-004  5.437516751877112E-004
   55269.3691741541       3.108793373809426E-004  5.437761986870729E-004
   55269.3896085292      -2.337438398636316E-005  5.437292997320891E-004
   55269.4100428046      -6.166379094968977E-003  5.431366186635727E-004
   55269.4304769802      -1.975012803451026E-002  5.417409272436926E-004
   55269.4509113561      -2.089001747864216E-002  5.415650859964443E-004
   55269.4713456324      -1.676447853433172E-002  5.419980958136419E-004
   55269.4917798089      -4.817873853989463E-004  5.436354421542399E-004
   55269.5122141856       9.050589940620135E-004  5.439025155925445E-004
   55269.5326484626       3.398504281504344E-004  5.436862195215315E-004
   55269.5530826399       2.072030551347748E-004  5.437121750500530E-004
   55269.5735170174       2.671280463839576E-004  5.437097883347867E-004
   55269.5939512953      -1.788359806553785E-005  5.437221395862901E-004
   55269.6143855734       1.067321554693024E-006  5.437010171561829E-004
   55269.6348198518       5.001663529471401E-004  5.437165904732958E-004
   55288.8839955017       5.379095309607784E-004  5.973353715500601E-004
   55288.9044299929       8.142495558645102E-004  5.973994810496376E-004
   55288.9248645842      -1.305592819227819E-003  5.972702029042311E-004
   55288.9452989756       7.861721944733002E-004  5.973633454716445E-004
   55288.9657334673      -5.232198376508013E-004  5.972346280507240E-004
   55288.9861680591      -3.361427716056520E-004  5.973647784342200E-004
   55289.0066025511      -6.284045099581581E-004  5.973113226998784E-004
   55289.0270369432      -4.552803546747475E-003  5.969110277195232E-004
   55289.0474715356      -1.985122906750081E-002  5.951491067787529E-004
   55289.0679060281      -2.097267167240757E-002  5.949107365694394E-004
   55289.0883404208      -1.715959951883961E-002  5.953609983317783E-004
   55289.1087750137      -2.076132274936193E-003  5.972579292682575E-004
   55289.1292095067       5.578886637445102E-004  5.973980480870621E-004
   55289.1496438999      -4.554213992865597E-004  5.972957470197090E-004
   55289.1700784933      -5.105500552149422E-004  5.973189859345219E-004
   55289.1905129869       2.212193240247462E-005  5.974178603522376E-004
   55289.2109473806      -5.106277684224780E-004  5.973521932846432E-004
   55289.2313819745       5.842060949845518E-005  5.974403516344023E-004
   55289.2518164686      -1.244861523708174E-004  5.975561723921425E-004
   55308.7872525886       9.147545538092938E-004  5.956401145204152E-004
   55308.8076870964       7.925619870345901E-004  5.959318158586290E-004
   55308.8281217042       4.487270288253686E-004  5.959463946952677E-004
   55308.8485564121      -2.454768836783749E-004  5.959322519776737E-004
   55308.8689909201      -9.311883560679801E-004  5.959896327834181E-004
   55328.1184061904      -8.783378739278813E-004  5.955027993240412E-004
   55328.1388407063      -5.768351214597844E-004  5.955573142046343E-004
   55328.1592753222      -3.442835796477750E-004  5.959062094404304E-004
   55328.1797100379      -1.292103496165153E-003  5.955158828953836E-004
   55328.2001446537      -5.825370722968293E-004  5.955427353679957E-004
   55328.2205791695      -1.543872149525116E-003  5.954570691270636E-004
   55328.2614485008      -2.136969848763548E-003  5.953862309336529E-004
   55328.2818830163      -1.847910295221966E-002  5.938785050932484E-004
   55328.3023177319      -2.262496406193160E-002  5.933752860183332E-004
   55328.3227523474      -2.109927457215188E-002  5.936421285709965E-004
   55328.3431868627      -7.905927071280794E-003  5.949623232221606E-004
   55328.3636215781       8.686582708481438E-004  5.957442846693886E-004
   55328.3840561935      -1.664520779925960E-004  5.956816704351074E-004
   55328.4044907089       7.185807774472419E-004  5.955751950854689E-004
   55328.4249254241       1.935355895956725E-004  5.956264702245867E-004
   55328.4453600393      -5.162508180444059E-004  5.955183750042107E-004
   55328.4657945544       4.093557737228082E-007  5.956761877956877E-004
   55328.4862292695      -9.688072438344131E-004  5.956570608604396E-004
   55347.7356037506       9.202524784868160E-005  5.946576006153252E-004
   55347.7560382735      -6.568926311925072E-004  5.946931754688323E-004
   55347.7764727962       1.135691407200268E-003  5.947468804140566E-004
   55347.7969073190       2.226567298646565E-004  5.946806526219760E-004
   55347.8173418417      -2.200072308178314E-003  5.945025291435580E-004
   55347.8377763639       1.830090729004752E-005  5.948305529679269E-004
   55347.8582108861      -5.197686482977248E-004  5.946375391392669E-004
   55347.8786454082      -9.019220181194498E-004  5.945996590850948E-004
   55347.8990800302      -1.427731367670626E-002  5.933006473589612E-004
   55347.9195144519      -2.251163402726153E-002  5.922580113284170E-004
   55347.9399489735      -2.146269379229793E-002  5.924061671981890E-004
   55347.9603835950      -1.229261886082689E-002  5.934665595041264E-004
   55347.9808180163      -8.618681946209739E-004  5.944712531777776E-004
   55348.0012525377      -1.094146400253404E-004  5.945840834049253E-004
   55348.0216870587      -6.424129492843544E-005  5.945946748674405E-004
   55348.0421215796       2.651526966879203E-005  5.946351093331605E-004
   55348.0625562004       2.782745331448844E-004  5.946511834350954E-004
   55348.0829906210      -2.123538064764396E-004  5.945761709593992E-004
   55348.1034251414       3.627615520636063E-004  5.946741108363049E-004
   55348.1238597618       5.150198792880367E-006  5.946757307070424E-004
   55367.3526679516       3.840204427070226E-004  5.926166257886388E-004
   55367.3731022920       8.716138323487943E-004  5.925427970646355E-004
   55367.3935366322      -8.849583764588553E-004  5.924366955313211E-004
   55367.4139709719      -4.668142877584103E-006  5.924897774493387E-004
   55367.4344053116       5.482842881578964E-004  5.925703971698959E-004
   55367.4548396508       4.342387756042232E-004  5.926226691525446E-004
   55367.4752739901       1.562382329599821E-003  5.926760002814448E-004
   55367.4957083291       4.156952869376340E-004  5.925839168602829E-004
   55367.5161426676      -1.058984237181815E-002  5.910895861048242E-004
   55367.5365770061      -2.124018873827027E-002  5.900758585366745E-004
   55367.5570113442      -2.179895802063192E-002  5.900004722446543E-004
   55367.5774456823      -1.426025983221801E-002  5.907279188112891E-004
   55367.5978800201      -6.510601037583719E-004  5.923350797938955E-004
   55367.6183143575      -3.838219036280677E-004  5.924515235788424E-004
   55367.6387487949       4.857688320960563E-004  5.925308349422654E-004
   55367.6591830320       4.166251461690251E-005  5.924844817180810E-004
   55367.6796173687       1.791117006699761E-004  5.924155126062906E-004
   55367.7000518054       2.509185636665467E-004  5.924857900752152E-004
   55367.7204860418       2.048553985101176E-005  5.924593737216479E-004
   55367.7409203778      -4.576462176285601E-004  5.923776948548392E-004
   55465.4544261659      -5.692414821686365E-004  6.750767951225011E-004
   55465.4748590196       3.707560561063694E-004  6.751681736967615E-004
   55465.4952919732       2.626016347173632E-004  6.752949016911920E-004
   55465.5157248263       4.355390860406594E-004  6.752584536601574E-004
   55465.5361575794      -1.594929596575367E-003  6.751211273020928E-004
   55465.5565905320      -9.444918664841540E-004  6.751052943808100E-004
   55465.5770233846      -2.644578079671334E-004  6.751288175781444E-004
   55465.5974561367      -1.665417408958092E-004  6.752351243353285E-004
   55465.6178890886      -9.499001635239313E-003  6.741371597124968E-004
   55465.6383219403      -1.969646102421174E-002  6.724636522449952E-004
   55465.6587546918      -1.925981255372544E-002  6.724838149855675E-004
   55465.6791876430      -1.297023907695938E-002  6.737320954243326E-004
   55465.6996204940      -7.233076306835118E-004  6.751533101380063E-004
   55465.7200532445       8.383960667768253E-004  6.754598871933750E-004
   55465.7404861950       3.022586458729659E-004  6.754235037865089E-004
   55465.7609189451      -1.554689222555528E-003  6.752608447543919E-004
   55465.7813518949       1.857964152166991E-003  6.755104879173112E-004
   55465.8017847445       2.909139320041998E-004  6.754492242055724E-004
   55465.8222174938      -2.877548663929863E-004  6.753272137754424E-004
   55465.8426504429      -4.502553341708682E-004  6.753895114738774E-004
   55485.0902952919       7.309481547821406E-004  6.803171043220776E-004
   55485.1107278371      -2.328216692065732E-004  6.800549886946376E-004
   55485.1311604818       1.122325754798315E-003  6.803408213919175E-004
   55485.1515932265      -8.336945627324122E-004  6.800772194086019E-004
   55485.1720257712       1.182801487538132E-003  6.804963071413309E-004
   55485.1924584154       1.617613612827640E-004  6.803139377378211E-004
   55485.2128911597      -6.449158746612005E-004  6.803633106025558E-004
   55485.2333238037      -7.372295065042556E-003  6.793430888544308E-004
   55485.2537563474      -1.938416441877833E-002  6.779991646462842E-004
   55485.2741890912      -2.004480394327390E-002  6.777322668303752E-004
   55485.2946217347      -1.670055079101407E-002  6.782506172859215E-004
   55485.3150543780      -2.470045059222103E-003  6.800075545549579E-004
   55485.3354870211      -5.549409551951490E-004  6.802702517999144E-004
   55485.3559196642      -2.723792928724933E-004  6.801114702179075E-004
   55485.3763524070       1.012946038658757E-003  6.804173364074226E-004
   55485.3967849496       6.845712391463366E-004  6.802807855393801E-004
   55485.4172175922       9.604703508234724E-004  6.804025374728360E-004
   55485.4376503346      -8.244891118712738E-004  6.801256875349777E-004
   55485.4580828767       2.314382176695773E-004  6.803642153409148E-004
   55504.7055780109       1.054880921273149E-003  6.881483903093642E-004
   55504.7260105488      -7.709773615571791E-005  6.881465162084777E-004
   55504.7464429865       6.328432492743730E-004  6.882769924046811E-004
   55504.7668756242       1.741591616810645E-004  6.880497092040631E-004
   55504.7873081618       1.050166881409131E-003  6.880878374634788E-004
   55504.8077405994       1.286364327330869E-004  6.880540390233527E-004
   55504.8281732368       1.125355467505917E-003  6.879476676420001E-004
   55504.8486056743      -2.246653551504552E-003  6.876341758006018E-004
   55504.8690383118      -1.926742135473181E-002  6.858736195781295E-004
   55504.8894708492      -2.028310366415376E-002  6.856394215914819E-004
   55504.9099032864      -1.998962550693706E-002  6.857672481967768E-004
   55504.9303359238      -4.525193681500173E-003  6.873776824758214E-004
   55504.9507684609       5.652760904597542E-004  6.881437373692321E-004
   55504.9712009981       1.944731634224706E-004  6.881650633448374E-004
   55504.9916335353      -1.432962484083311E-003  6.879294436264829E-004
   55505.0120660723       6.848034950410753E-004  6.881101974257801E-004
   55505.0324986093      -6.682574737792990E-005  6.880765282339911E-004
   55505.0529311463      -3.732411042127737E-004  6.879269232839113E-004
   55505.0733636832      -1.672335021278504E-003  6.878417486298270E-004
   55524.3208153796      -4.627691719911731E-004  6.933790058836656E-004
   55524.3412478313       1.041129541763386E-004  6.933805568637096E-004
   55524.3616804830      -1.365246918106688E-003  6.932261697251607E-004
   55524.3821130348      -3.770008423726878E-004  6.934193959889786E-004
   55524.4025454866      -1.788990151280534E-003  6.932738623615144E-004
   55524.4229781386       7.250013215425177E-004  6.935105806907335E-004
   55524.4434106906      -2.362145978006547E-004  6.934984959712239E-004
   55524.4638431427      -1.644031135152324E-003  6.933621389756867E-004
   55524.4842757949      -1.642922080778875E-002  6.916263984339188E-004
   55524.5047083472      -2.431460799924701E-002  6.907130004363258E-004
   55524.5251407996      -2.165109049786806E-002  6.910924089295952E-004
   55524.5455734520      -9.279914376702947E-003  6.925704282873812E-004
   55524.5660060045      -3.941768051171080E-004  6.936272919390463E-004
   55524.5864386571      -7.666504040712008E-004  6.936955996851518E-004
   55524.6068711098       6.268451293123256E-004  6.936013776474775E-004
   55524.6273036626       2.513900466316610E-004  6.935929118814038E-004
   55524.6477363154      -4.600569338438776E-004  6.935907792838433E-004
   55524.6681687684      -6.277370834562035E-004  6.935660928514759E-004
   55524.6886013214      -9.015923983974883E-004  6.936842904556642E-004
   55524.7090339745      -1.485712112848758E-003  6.936753076962426E-004
   55543.9361268274      -1.256867895912395E-004  6.959204805583038E-004
   55543.9565594187       4.226256534527462E-004  6.959295279418939E-004
   55543.9769921103      -5.225385713109043E-004  6.959722445172732E-004
   55543.9974248020      -5.269338397584367E-004  6.959970601979775E-004
   55544.0178574939       7.333503980648803E-004  6.960840443287798E-004
   55544.0382901861      -3.147588130725243E-004  6.959859448409954E-004
   55544.0587228784      -1.020009971653191E-003  6.959848462301309E-004
   55544.0791555710      -5.038678957735021E-004  6.960026178764686E-004
   55544.0995883638      -1.124359050852930E-002  6.947632555729567E-004
   55544.1200210567      -2.212667487814024E-002  6.933192285278021E-004
   55544.1404536499      -2.137413262575183E-002  6.934701259612519E-004
   55544.1608864433      -1.264000111356078E-002  6.946228272548040E-004
   55544.1813191369       4.375180537554701E-004  6.960088864208132E-004
   55544.2017517308       7.979783164739906E-004  6.961360667844231E-004
   55544.2221845248      -3.364466318922510E-005  6.960135393609452E-004
   55544.2426172190       9.110365828675082E-004  6.960374503032907E-004
   55544.2630498135       1.449028825206700E-005  6.960483071635988E-004
   55544.2834826081       1.591991059666231E-003  6.961005234917476E-004
   55544.3039153030       3.445169844076279E-004  6.959799347933248E-004
   55544.3243480981       2.977357219167143E-004  6.960843674496223E-004
   55583.1878324728      -4.110282566999190E-004  5.499764866616358E-004
   55583.2082657462       6.641973045917737E-005  5.499893473130633E-004
   55583.2286990200       5.040374539195813E-004  5.499518420644819E-004
   55583.2491322942      -1.781677727598074E-004  5.499964655340859E-004
   55583.2695656687      -5.276971613263903E-004  5.499700862444137E-004
   55583.2899989435       9.394644040394695E-005  5.500118384988154E-004
   55583.3104321189      -2.307529129996766E-004  5.501025210456246E-004
   55583.3308654946      -3.029862576222286E-003  5.497018070739392E-004
   55583.3512987705      -1.947115732193838E-002  5.481015831344666E-004
   55583.3717319468      -2.181370900833901E-002  5.479284129675716E-004
   55583.3921653237      -1.983593345115375E-002  5.480749047598775E-004
   55583.4125986007      -3.508965555157673E-003  5.496788373523200E-004
   55583.4330319783       3.221585105408487E-004  5.500693226198468E-004
   55583.4534651562       2.415686670855788E-004  5.500578975760206E-004
   55583.4738984345       3.446434948226607E-004  5.501415217187905E-004
   55583.4943318129      -2.758335704475812E-004  5.500169827593863E-004
   55583.5147649921      -4.930108334419980E-004  5.500680066462124E-004
   55583.5351982715       9.867170751403087E-004  5.501110748742484E-004
   55583.5556315511       3.903999064893693E-004  5.500989320266216E-004
   55602.8039378593       2.510951469487654E-004  5.500916941716322E-004
   55602.8243714977      -1.156030283079978E-003  5.500651952479934E-004
   55602.8448052366      -6.349608491107439E-005  5.500089074666296E-004
   55602.8652387757      -1.254930355090167E-004  5.499098505421467E-004
   55602.8856724153       3.991816120567648E-004  5.501266871069115E-004
   55602.9061061553       1.881111327342033E-004  5.500363634620025E-004
   55602.9265396956      -3.895132759804687E-004  5.500683655481126E-004
   55602.9469734364      -7.469764259447897E-004  5.498215606746727E-004
   55602.9674070773      -1.749276368790764E-002  5.484120332782264E-004
   55602.9878407190      -2.168156539905997E-002  5.478114707650571E-004
   55603.0082743607      -2.014626193462388E-002  5.480167028350455E-004
   55603.0287080031      -7.442280284915670E-003  5.492706462577117E-004
   55603.0491415457       6.510995861048752E-004  5.501809411108402E-004
   55603.0695752888      -5.089021383783976E-004  5.500413880886067E-004
   55603.0900089321      -5.670533370106812E-004  5.500117188648486E-004
   55603.1104425758       4.849120256658068E-004  5.500450369245931E-004
   55603.1308762201      -1.896195521217114E-004  5.500985731247214E-004
   55603.1513098645      -4.632194636159381E-004  5.500363036450192E-004
   55603.1717436095       3.677656984562017E-004  5.500822430882577E-004
   55622.4204075380       1.769720379907191E-004  5.484025223778684E-004
   55622.4408415282      -1.081863975730402E-004  5.484630571650524E-004
   55622.4612755189       1.242663458163040E-004  5.484295596543577E-004
   55622.4817095098       6.442222525393504E-005  5.483951648889123E-004
   55622.5021435012      -2.817034662815354E-004  5.483200347577827E-004
   55622.5225774928       4.674282691818910E-005  5.483919347718096E-004
   55622.5430114849       2.011903922098934E-004  5.484583316233652E-004
   55622.5634454772      -1.285449432344432E-004  5.483865512433051E-004
   55622.5838795700      -1.453107110561425E-002  5.464754584411889E-004
   55622.6043134630      -2.054824990198256E-002  5.459371654077217E-004
   55622.6247475563      -2.046972177230799E-002  5.458236327732601E-004
   55622.6451814502      -1.011640982231199E-002  5.469489696816519E-004
   55622.6656154442       8.836588305276560E-004  5.484431381095857E-004
   55622.6860495386       1.233013947448125E-004  5.483311607166921E-004
   55622.7064834335      -5.671140224565718E-004  5.483175224444807E-004
   55622.7269174286      -4.968837360441736E-005  5.484498376117248E-004
   55622.7473515239       9.076324594110563E-004  5.484620402763349E-004
   55622.7677854197      -2.141146598946264E-004  5.483626842669352E-004
   55622.7882194158       6.288276725403552E-004  5.484640142367866E-004
   55622.8086535123       1.160434061508342E-003  5.484811218940342E-004
   55642.0371553904       2.214755063068008E-004  5.911827968239152E-004
   55642.0575895777      -1.379412002796232E-003  5.911503556205701E-004
   55642.0780239653      -1.537941470858728E-003  5.911391497850635E-004
   55642.0984581531      -2.896213264725889E-004  5.911086897239073E-004
   55642.1188925412      -5.489998120081774E-004  5.912162285983549E-004
   55642.1393268296       9.012378173922642E-005  5.911694241141394E-004
   55642.1597610182      -3.267750929815127E-004  5.911055941892371E-004
   55642.1801954071       1.537472934676209E-005  5.911195860059470E-004
   55642.2006296963      -1.101342116155379E-002  5.901139706129413E-004
   55642.2210639857      -2.093070687982956E-002  5.892868437490273E-004
   55642.2414982753      -2.170216838019623E-002  5.893058503319031E-004
   55642.2619325653      -1.312280786646092E-002  5.898863869039781E-004
   55642.2823668556      -8.274035590952744E-004  5.911179144172250E-004
   55642.3028011460       8.292268807499337E-004  5.913690861003762E-004
   55642.3232354368       2.273349089590981E-003  5.914018368571883E-004
   55642.3436698279       1.039841086376558E-004  5.912352970919242E-004
   55642.3641041193       6.598892346449947E-004  5.913621521027145E-004
   55642.3845383108       1.902017489401331E-004  5.913049466220068E-004
   55642.4049727026      -7.733371854490301E-005  5.913220958840804E-004
   55642.4254069947       8.466850879622623E-004  5.913692099217629E-004
   55661.6541855004      -9.382786040568192E-006  5.912006890143099E-004
   55661.6746200997      -3.214281399751551E-004  5.911769772187350E-004
   55661.6950545991       4.125671799684039E-004  5.911987697828142E-004
   55661.7154889988      -1.980638123707523E-004  5.912138140813121E-004
   55661.7359235986       5.337326851218016E-004  5.911515938344383E-004
   55661.7563580985      -3.298874441916011E-004  5.912470601236715E-004
   55661.7767924987      -5.177858353156983E-004  5.911494888708624E-004
   55661.7972270990      -5.598771293270355E-004  5.911398308026909E-004
   55661.8176615994      -4.285291780343869E-003  5.907408782943780E-004
   55661.8380961001      -2.013477657034668E-002  5.889571073959429E-004
   55661.8585306009      -2.163216557625147E-002  5.887634507469667E-004
   55661.8789650018      -1.650232663258022E-002  5.896737855828194E-004
   55661.8993996030      -1.186719661213975E-003  5.911032415828876E-004
   55661.9198341044       4.778235574436351E-004  5.911838493057031E-004
   55661.9402685058       1.086145853685938E-004  5.912531892823187E-004
   55661.9607031074      -7.850901192963944E-004  5.911214433267491E-004
   55661.9811376093       1.990510786167299E-004  5.911913404996054E-004
   55662.0015722112       7.305637062799963E-004  5.912447075173220E-004
   55662.0220066134      -4.024445999496473E-004  5.911796393785516E-004
   55662.0424411157      -5.880329517631289E-004  5.911707861493943E-004
   55681.2918058779      -3.192817330153197E-004  5.901340296776051E-004
   55681.3122404875      -5.293617343208323E-004  5.901170042369182E-004
   55681.3326750971      -1.080095611839860E-003  5.900790529818599E-004
   55681.3531097068      -5.410881522418531E-004  5.900337962649795E-004
   55681.3735443166      -8.934330122498668E-004  5.900828295341577E-004
   55681.3939789264       1.067765523630193E-004  5.901856012852129E-004
   55681.4144136364      -3.066191254107453E-004  5.902252241289932E-004
   55681.4348481463      -6.230934123269916E-003  5.895290383816344E-004
   55681.4552828563      -2.090243728324781E-002  5.878158456736831E-004
   55681.4757174664      -2.222513639631318E-002  5.875879524112529E-004
   55681.4961519765      -1.775498497081163E-002  5.880279517092946E-004
   55681.5165866867      -2.010953923255565E-003  5.898876870285396E-004
   55681.5370211969      -8.299890566998425E-005  5.900385633883718E-004
   55681.5574558072       1.429496958912813E-003  5.901530362604810E-004
   55681.5778905176       2.900131136525097E-004  5.900368298889565E-004
   55681.5983250280      -6.892473329982440E-004  5.899830914070795E-004
   55681.6187596385       1.311696232935589E-003  5.901604655436898E-004
   55681.6391943490       1.388094552383645E-004  5.901870871418547E-004
   55681.6596288596       5.137315858045888E-004  5.901700617011678E-004
   55700.9090462382      -3.846242462567373E-004  5.890691038403158E-004
   55700.9294808515       1.984870474958766E-003  5.893670800076824E-004
   55700.9499155649       9.709688317294241E-004  5.891793048745798E-004
   55700.9703501782       6.605973049889080E-005  5.890697229472498E-004
   55700.9907847915      -7.796692375592329E-004  5.889518449870034E-004
   55701.0112194047      -3.013175317475580E-004  5.889412582584309E-004
   55701.0316540178      -7.611080022940087E-005  5.890192657321234E-004
   55701.0520886309      -3.374919620117156E-003  5.887120029607457E-004
   55701.0725232439      -1.757538244962220E-002  5.874244462699657E-004
   55701.0929578570      -2.151098753587888E-002  5.870692646218912E-004
   55701.1133925699      -1.891366010689477E-002  5.873245224108073E-004
   55701.1338270827      -4.298724519197661E-003  5.885699179193772E-004
   55701.1542616956       1.059709475958126E-003  5.890744281599488E-004
   55701.1746964083      -4.300016891081171E-004  5.888999638259285E-004
   55701.1951309211      -7.102596197985367E-004  5.889358101174110E-004
   55701.2155656337       8.753939307746261E-004  5.891576361318874E-004
   55701.2360002464      -3.600154699556768E-004  5.890532547028036E-004
   55701.2564347590       6.048626724484141E-004  5.890301620141629E-004
   55701.2768694715      -2.822446430977843E-004  5.889447871679551E-004
   55720.5262404905       2.092635117090236E-005  5.874500772970361E-004
   55720.5466750065      -9.107789931052102E-004  5.873634023262666E-004
   55720.5671095225      -5.170703889934014E-004  5.873811087845809E-004
   55720.5875440382       2.821890116020409E-004  5.875195410950385E-004
   55720.6079785537      -6.269652875976472E-004  5.873812326059678E-004
   55720.6284131692      -3.864989294671828E-004  5.874199267893470E-004
   55720.6488475844      -3.597009415796659E-004  5.873625355765589E-004
   55720.6692821994      -2.159678538574461E-003  5.871530917007639E-004
   55720.6897167145      -1.728422017838160E-002  5.857838128946871E-004
   55720.7101511293      -2.150650230722340E-002  5.854455947766061E-004
   55720.7510202584      -6.777341162849781E-003  5.867550059421587E-004
   55720.7714546727      -3.124247619552545E-004  5.873308373015347E-004
   55720.7918892870       9.617915934465593E-004  5.874112592922701E-004
   55720.8123238011      -1.250183764587742E-003  5.872272607114653E-004
   55720.8327582150       3.766079806832856E-004  5.874272941618625E-004
   55720.8531928286       8.748760325114624E-004  5.873523203121469E-004
   55720.8736273422       1.260277912369379E-004  5.873767131253492E-004
   55720.8940619556       8.704331117401765E-004  5.874398001219306E-004
   55838.2449773089       1.658412722743918E-003  6.835741319665139E-004
   55838.2654100536       3.429800111134362E-004  6.832103387097659E-004
   55838.2858429978      -6.094609426967601E-004  6.833812202143732E-004
   55838.3062758418      -5.164178672356634E-006  6.828811924298511E-004
   55838.3267085856      -3.968731546354354E-004  6.834208354369409E-004
   55838.3471415291      -1.014336971744467E-003  6.827710411921835E-004
   55838.3675743724      -2.042458614216480E-004  6.828934169292243E-004
   55838.3880071155      -3.327073837730010E-004  6.828728902297421E-004
   55838.4084400581      -1.377414882334926E-002  6.812413444791732E-004
   55838.4288729007      -1.984561777739158E-002  6.805450709881359E-004
   55838.4493058428      -1.948609554283420E-002  6.805267015532490E-004
   55838.4697385847      -9.373559535284293E-003  6.818200143639410E-004
   55838.4901714266      -5.559542614859136E-004  6.828191547298234E-004
   55838.5106043681       2.625416694197469E-004  6.829238147485214E-004
   55838.5310371093       5.922385664278718E-004  6.836146623922433E-004
   55838.5514699503       4.297326781714794E-004  6.829637568293611E-004
   55838.5719028908       2.403116539102523E-004  6.829329014084833E-004
   55838.5923356313      -3.914953565903323E-004  6.829190426177500E-004
   55838.6127684715      -6.880365633372687E-004  6.828721711415436E-004
   55838.6332014114      -9.157619367117231E-004  6.829285215076383E-004
   55857.8604068231      -8.458236076526182E-004  6.867859067189459E-004
   55857.8808394626      -1.545497868478130E-003  6.866854958577842E-004
   55857.9012720022       1.798795653054075E-004  6.869006339724217E-004
   55857.9217047416       2.784108308220290E-004  6.868738315941168E-004
   55857.9421373807       1.534712910631564E-003  6.871717955948818E-004
   55857.9625700195      -5.422953268018338E-004  6.868355238046371E-004
   55857.9830026584       6.106363232707412E-004  6.870741303432050E-004
   55858.0034352971       6.907697923381750E-004  6.869378304437766E-004
   55858.0238679355      -9.186225255671698E-003  6.858284734685721E-004
   55858.0443005739      -1.924767912999847E-002  6.844395219274895E-004
   55858.0647332121      -2.082583983044195E-002  6.843402223844527E-004
   55858.0851658500      -1.335703671350574E-002  6.853808083792262E-004
   55858.1055984877       7.801038414096961E-004  6.871558449112077E-004
   55858.1260311254      -1.010661199331908E-003  6.868895861628277E-004
   55858.1464637629       4.087756046329272E-004  6.871194328997057E-004
   55858.1668964004      -2.277604903466734E-005  6.869842443184021E-004
   55858.1873290374       5.195750944513300E-004  6.870724960518449E-004
   55858.2077617744       1.412180566054522E-003  6.871670234641105E-004
   55858.2281943114       3.186143830604671E-004  6.870951800159225E-004
   55858.2486269480      -7.581466712511808E-004  6.870866817008502E-004
   55877.4961191896      -7.233084337222584E-004  6.959829140334755E-004
   55877.5165517262      -1.569492601428690E-004  6.958799536777922E-004
   55877.5369843626      -1.126211868472393E-003  6.957009007163847E-004
   55877.5574167992      -9.793907660663459E-004  6.956659922529339E-004
   55877.5778493355       2.456414595595202E-004  6.958279178408880E-004
   55877.5982819719      -1.683417763766237E-003  6.956021895182374E-004
   55877.6187145082       3.227315253289120E-004  6.958710631327934E-004
   55877.6391470444      -7.068563446996357E-003  6.949609589602067E-004
   55877.6595795806      -2.069687799534126E-002  6.936411052578274E-004
   55877.6800121168      -2.147589927823901E-002  6.934819252793580E-004
   55877.7004446530      -1.761134422603872E-002  6.940352309622178E-004
   55877.7208771891      -2.000399216736892E-003  6.955997707670245E-004
   55877.7413097250       4.459482006222704E-004  6.960170380370734E-004
   55877.7617422611       4.647291327186664E-004  6.959722584538079E-004
   55877.7821747970      -1.737926172916682E-004  6.958472678505911E-004
   55877.8026074329      -5.415791826164362E-004  6.958715861060287E-004
   55877.8230399688      -6.828383192919452E-004  6.958172622612205E-004
   55877.8434724046      -5.522363102385963E-004  6.959625834489564E-004
   55877.8639050404      -6.930301202972000E-004  6.958688404965438E-004
   55897.1113579292       3.085254097046075E-004  7.001612740678976E-004
   55897.1317904841      -4.466157503391077E-004  7.001443428094076E-004
   55897.1522229391      -5.263710214797879E-004  7.000856390637544E-004
   55897.1726555941      -7.261205252528935E-005  7.003065298839793E-004
   55897.1930881492       2.121850548078008E-004  7.003189504983157E-004
   55897.2135208044      -8.677683703384176E-006  7.002698563858597E-004
   55897.2339532597      -1.085886980384254E-003  7.002354055239897E-004
   55897.2543858151      -2.436437437278727E-004  7.004443333314591E-004
   55897.2748184706      -1.911398496424399E-002  6.977819419626227E-004
   55897.2952509261      -2.346059611306772E-002  6.972754423843149E-004
   55897.3156834818      -1.949912468500414E-002  6.979392261631142E-004
   55897.3361161375      -5.298188954002359E-003  6.999231251309107E-004
   55897.3565485933      -4.443897828536603E-004  7.006494042113185E-004
   55897.3769811492       3.678411957479533E-004  7.005971068877969E-004
   55897.3974137052      -5.166415215774878E-004  7.006383564017246E-004
   55897.4178462613       7.415292192032297E-004  7.007378520597246E-004
   55897.4382789174      -1.109118639700313E-003  7.005771685332042E-004
   55897.4587113737      -6.727917893453172E-004  7.007972748935762E-004
   55897.4791439300       7.266044402280958E-004  7.008672225637865E-004
   55916.7266503814       3.511545708745345E-004  7.048033806186487E-004
   55916.7470831800      -1.202838337590606E-004  7.048658759202572E-004
   55916.7675158787       2.430990175075198E-004  7.049591612710891E-004
   55916.7879486777      -1.857221821639832E-003  7.045709190155947E-004
   55916.8083812770       6.901613328431644E-004  7.048824803204753E-004
   55916.8288139764      -4.358874309661198E-004  7.048229267433149E-004
   55916.8492467760      -2.779176801758210E-004  7.048378314805187E-004
   55916.8696793758      -8.736627158424382E-004  7.048054071399352E-004
   55916.8901120759      -1.558195919124217E-002  7.029192387954699E-004
   55916.9105448761      -2.291578994785570E-002  7.016841721288502E-004
   55916.9309774766      -2.034591566037558E-002  7.025479931701201E-004
   55916.9514102773      -9.493360762347192E-003  7.037764572996453E-004
   55916.9718428782       4.912027149122089E-004  7.048784926495568E-004
   55916.9922756793      -3.687583210048029E-004  7.048581620650378E-004
   55917.0127083806       7.472821215965819E-004  7.050120469395003E-004
   55917.0331410822       1.388963996992398E-003  7.050774185939025E-004
   55917.0535736839       1.216689409987870E-003  7.051210868590431E-004
   55917.0740064859       6.667300553249156E-004  7.049345815290339E-004
   55917.0944391881      -6.371090566346105E-004  7.048337784379457E-004
   55917.1148717905      -6.738614804727705E-004  7.047255229782558E-004
   55936.3421602678      -8.959284664206146E-004  5.617307756523443E-004
   55936.3625933207      -7.116653937755402E-005  5.618018906312718E-004
   55936.3830262738      -1.383183829550827E-004  5.618259603164472E-004
   55936.4034591273       7.250549822568342E-004  5.623578638896045E-004
   55936.4238921811      -2.258359595496140E-004  5.618260818805137E-004
   55936.4443251351       2.854725817631465E-004  5.618737349945984E-004
   55936.4647581895      -6.437228182885057E-004  5.617888832761517E-004
   55936.4851910442       1.459359357807166E-004  5.618525828470201E-004
   55936.5056239992      -1.182341130167930E-002  5.606804621174159E-004
   55936.5260570545      -2.120191273048178E-002  5.595425008905103E-004
   55936.5464899103      -2.165696552952212E-002  5.594839677924700E-004
   55936.5669228661      -1.398342313888135E-002  5.605106371164558E-004
   55936.5873559225      -8.963328715142493E-004  5.618049905149686E-004
   55936.6077887791      -5.795598460299756E-004  5.618469301179258E-004
   55936.6282218360      -1.024822889710841E-003  5.618330718143399E-004
   55936.6486547931       1.237404254550656E-003  5.620088534545606E-004
   55936.6690876506       1.709264144695855E-004  5.619292897730084E-004
   55936.6895207085       1.557306968407168E-004  5.619581004567791E-004
   55936.7099536667       1.935501648231419E-004  5.619450323196257E-004
   55955.9783882188       6.313566041948881E-005  5.641843032073744E-004
   55955.9988215040       2.151375279955126E-004  5.642133570192780E-004
   55956.0192546894       4.354490276470280E-006  5.642599160567639E-004
   55956.0601213617       5.161494265759625E-004  5.642083121105165E-004
   55956.0805545483       8.878847879745244E-004  5.641849110277071E-004
   55956.1009879354       7.991354128589201E-005  5.641942106787976E-004
   55956.1214211229      -6.831011886624827E-003  5.635092579458630E-004
   55956.1418545107      -2.015059249671491E-002  5.620855603805490E-004
   55956.1622877987      -2.216796796411891E-002  5.619161608538218E-004
   55956.1827209874      -1.787502290680421E-002  5.624425332619514E-004
   55956.2031543761      -3.837620818444298E-004  5.640940418879664E-004
   55956.2235876655       8.562506169629280E-005  5.641328816072268E-004
   55956.2440209552       6.227752924514718E-004  5.643186315009039E-004
   55956.2644542453      -2.199479727821307E-004  5.641836953870417E-004
   55956.2848875356       7.900902842705726E-005  5.641342795939920E-004
   55956.3053209264      -2.610788049979607E-003  5.640105273742517E-004
   55956.3257541174       1.490659855307719E-004  5.641625432394632E-004
   55956.3461874089      -1.721560516070308E-004  5.641574983307017E-004
   55975.5945219883       5.457038032186112E-005  5.636663187198362E-004
   55975.6149556384      -2.314399385447974E-004  5.635986683168052E-004
   55975.6353892889       1.176852456687305E-003  5.637444844146230E-004
   55975.6558229397       1.893191515999648E-003  5.638032606407965E-004
   55975.6762565911      -5.589596961629306E-004  5.635520484972861E-004
   55975.6966902426       1.126336252369242E-003  5.637360357119984E-004
   55975.7171238947       9.232669527525772E-005  5.636257771036442E-004
   55975.7375575471      -2.281870372739747E-003  5.633625301175461E-004
   55975.7579912000      -1.873209862490866E-002  5.617503474670577E-004
   55975.7784248531      -2.109375736704888E-002  5.615349967231773E-004
   55975.7988585066      -1.969173214627506E-002  5.616851283453575E-004
   55975.8192921606      -4.477135605207350E-003  5.631804271458653E-004
   55975.8397258149       2.847033003416932E-005  5.636729439614627E-004
   55975.8601595696      -6.173610232743654E-004  5.635812238732564E-004
   55975.8805931245       1.635506775932161E-004  5.636918471738101E-004
   55975.9010268802      -4.132876802084295E-004  5.636275397826090E-004
   55975.9214605358       3.502871285143705E-004  5.637215088060465E-004
   55975.9418940922       1.073570831995552E-003  5.637115405525900E-004
   55975.9623278488       2.908183821854760E-004  5.636971352107048E-004
   56034.4447778605       6.644425239941132E-004  5.938274107271074E-004
   56034.4652122645      -6.501128953640967E-004  5.936093892106649E-004
   56034.4856468685       4.791731180471270E-004  5.937910738077003E-004
   56034.5060813728       1.134024350528895E-003  5.938520300807365E-004
   56034.5265157772      -1.240543148123274E-004  5.936631154963062E-004
   56034.5469503818       3.691450106535488E-004  5.937672023838016E-004
   56034.5673848866       9.781189852535732E-004  5.938194951374596E-004
   56034.5878192915      -1.119950730121833E-005  5.937836568378728E-004
   56034.6286884018      -2.187654166734665E-002  5.916526803807062E-004
   56034.6491228072      -2.050243143929453E-002  5.917929795326536E-004
   56034.6695574128      -1.377301414770238E-002  5.924630622437094E-004
   56034.6899919186      -7.184696418501835E-004  5.937025064621129E-004
   56034.7104265244      -1.476142187449847E-004  5.936924094107510E-004
   56034.7308609306       2.524135730930244E-005  5.937771747802084E-004
   56034.7512954368       4.796286915580428E-004  5.937718146171398E-004
   56034.7717300432       7.100063211866736E-004  5.938562060217318E-004
   56034.7921644497      -6.935652167726625E-004  5.936847431310134E-004
   56034.8125989565       3.541776837294730E-004  5.937349790779123E-004
   56034.8330335634      -7.405771240776016E-005  5.937186492787963E-004
   56054.0619666349       3.934565434995374E-004  5.922929082300193E-004
   56054.0824012459       7.672455957496993E-004  5.923796680787580E-004
   56054.1028359569       5.847679011810047E-004  5.922606225966525E-004
   56054.1232704680       6.011967989727474E-005  5.922480947736665E-004
   56054.1437050791       1.939591634450011E-004  5.923058723453481E-004
   56054.1641397903      -1.076971915708325E-003  5.922909760782155E-004
   56054.1845743015      -1.026350491177830E-003  5.923215788696887E-004
   56054.2050089128      -1.061228649925083E-003  5.921171447433504E-004
   56054.2254435242      -9.624947162276687E-003  5.913628576101352E-004
   56054.2458781356      -2.129373283209934E-002  5.903297173423962E-004
   56054.2663128471      -2.146764787324129E-002  5.900208846911748E-004
   56054.2867473586      -1.532276615877393E-002  5.908277762154357E-004
   56054.3071819702      -7.401618032656376E-004  5.921709956839468E-004
   56054.3276166818       7.360121186759105E-004  5.923173406012158E-004
   56054.3480511935      -8.850825392753281E-004  5.921726161983629E-004
   56054.3684858052       7.612107563781390E-004  5.922839954007308E-004
   56054.3889205170       6.723483811030828E-004  5.923013847669651E-004
   56054.4093551288      -7.801611125626273E-004  5.921362169514783E-004
   56054.4297897407       3.093685165884708E-004  5.923195843904074E-004
   56054.4502243527       3.718582741027987E-004  5.922175543096708E-004
   56073.6996418769       4.577393073363911E-004  5.914521105579755E-004
   56073.7200765887      -6.247202469753521E-004  5.913588063240949E-004
   56073.7405112005       8.039403672044365E-005  5.914891954071131E-004
   56073.7609457121       7.916564921865987E-004  5.915416751432036E-004
   56073.7813804238      -7.449855974533959E-004  5.913123100258485E-004
   56073.8018150353       4.424493585593048E-004  5.912781545681554E-004
   56073.8222495468       3.016414898604491E-005  5.913779408597004E-004
   56073.8426842583      -6.619473371697771E-003  5.907570345284253E-004
   56073.8631188697      -2.079184537178058E-002  5.892950812151963E-004
   56073.8835535810      -2.256314286413252E-002  5.892508910336189E-004
   56073.9039880923      -1.824606217471991E-002  5.895877710497343E-004
   56073.9652919258      -5.607467893298246E-005  5.912494216010084E-004
   56073.9857265369      -6.588877983471075E-005  5.913042697812455E-004
   56074.0061611480       2.959553788381974E-004  5.913545680556221E-004
   56074.0265957589       5.627094102640395E-004  5.913728300065419E-004
   56074.0470304699      -4.658729889935875E-004  5.912127730442136E-004
   56074.0674649807      -3.240532120174500E-004  5.912613884766965E-004
   56093.3168336699       1.455406726263986E-003  5.900019371380020E-004
   56093.3372680817       3.370531800286347E-004  5.899854826839309E-004
   56093.3577025932      -5.479341211789279E-005  5.899889106951957E-004
   56093.3781372048      -5.512688231190666E-005  5.898685563360618E-004
   56093.3985717161       5.859057093697828E-004  5.900832121687170E-004
   56093.4190062271      -8.996379168441093E-004  5.899063891149299E-004
   56093.4394407382       1.084901132490934E-004  5.899873525082571E-004
   56093.4598752490      -4.337927427374044E-003  5.896282839101367E-004
   56093.4803097596      -1.911817613902378E-002  5.881486919207633E-004
   56093.5007442702      -2.111929416405778E-002  5.880115714701706E-004
   56093.5211786806      -1.958507757389549E-002  5.881475076986901E-004
   56093.5416132907      -3.046118862499725E-003  5.896001118902876E-004
   56093.5620478009       1.308123020234309E-003  5.901546394579803E-004
   56093.5824822108       7.893525546398550E-004  5.900475608515629E-004
   56093.6029168205       1.166826378378172E-004  5.899884120753754E-004
   56093.6233513301      -6.124557323787805E-004  5.898967283559109E-004
   56093.6437857396       1.396710452304273E-003  5.901369384543584E-004
   56093.6642203488       3.129623547073468E-004  5.900818409642110E-004
   56093.6846548580       3.420515713565830E-004  5.900226298605460E-004
   56211.0355308238      -4.952544113436819E-004  6.871058897349261E-004
   56211.0559636622       1.138929027492352E-003  6.874223225208962E-004
   56211.0763965004      -2.985089483951153E-004  6.871312519118855E-004
   56211.0968294383      -3.976904744423804E-004  6.870451261859607E-004
   56211.1172621761       2.539740171736415E-004  6.871266946457131E-004
   56211.1376950135      -1.006731057844212E-003  6.870362097956235E-004
   56211.1581279508      -1.080860302785647E-004  6.870433429078933E-004
   56211.1785607876       1.868060822471929E-004  6.871621620650547E-004
   56211.1989935243      -1.649690744599819E-002  6.851492374109086E-004
   56211.2194264607      -1.938635597119287E-002  6.847606148868742E-004
   56211.2398592967      -1.864926667876654E-002  6.849566433796230E-004
   56211.2602920328      -6.486626899938619E-003  6.863764629579995E-004
   56211.2807249684      -3.235985268916775E-004  6.871591899349422E-004
   56211.3011578038       1.225944333844708E-004  6.872148678390485E-004
   56211.3215905390       4.786100965772366E-004  6.871609732130098E-004
   56211.3420234737       1.724844459087826E-004  6.872412867733812E-004
   56211.3624563084       5.873987677362802E-004  6.871917512715073E-004
   56211.3828892428      -4.884245253810038E-004  6.870961807765588E-004
   56211.4033219768      -1.937740680884037E-004  6.872447872821804E-004
   56230.6509552554      -3.762252536894106E-004  6.929710252514626E-004
   56230.6713878912      -7.165578658120397E-004  6.928963917619726E-004
   56230.6918205269      -2.827766292472500E-004  6.929712233934701E-004
   56230.7326857979       7.844650956398969E-004  6.931980959920523E-004
   56230.7531184330       5.191262441339717E-005  6.930698981132028E-004
   56230.7735511682       3.647026086421867E-004  6.932696252567582E-004
   56230.7939837031      -1.462712469734617E-003  6.928813990167388E-004
   56230.8144163378      -1.313435755307724E-002  6.916928111611096E-004
   56230.8348490724      -2.159115819556590E-002  6.905320292338654E-004
   56230.8552816069      -2.059192013321187E-002  6.907378987796532E-004
   56230.8757142411      -1.102854211076620E-002  6.918352092171629E-004
   56230.8961469751       5.016019464469945E-004  6.931558917444558E-004
   56230.9165795091       6.313700847992987E-004  6.934782687906510E-004
   56230.9370121428       4.882154148806439E-004  6.931747152351679E-004
   56230.9574448764      -3.584393216565784E-004  6.931519289043059E-004
   56230.9778774099       1.693276701248969E-004  6.930994212723196E-004
   56230.9983101432       5.348928572539435E-004  6.932550948428752E-004
   56231.0187427765      -1.037248433483406E-003  6.929475123999064E-004
   56231.0391753093      -1.269341036590488E-004  6.931143479702176E-004
   56269.9018900435       1.763077039607097E-004  7.078829285462259E-004
   56269.9223226005       7.437374520988804E-004  7.080306103891457E-004
   56269.9427552575       9.434770764307210E-004  7.080012853720364E-004
   56269.9631878146      -8.807811373534591E-004  7.079018841316095E-004
   56269.9836202718       2.708336245349496E-005  7.080139004131803E-004
   56270.0040529337      -4.053981995312261E-004  7.079528066275359E-004
   56270.0244854911       9.558906879323370E-004  7.080609261162925E-004
   56270.0449179485      -4.957633068018330E-003  7.074808984130176E-004
   56270.0653506061      -2.072137129452389E-002  7.056475564649981E-004
   56270.0857831637      -2.195232998044083E-002  7.054996764800707E-004
   56270.1062156215      -1.963058946352048E-002  7.057573271371506E-004
   56270.1266482793      -3.027956014670541E-003  7.077398700168141E-004
   56270.1470808372      -8.520261266492524E-004  7.080218260934802E-004
   56270.1675134952       5.950223782051900E-004  7.081464574161948E-004
   56270.1879459533      -3.626433078762759E-004  7.080835803524828E-004
   56270.2083785115       4.339806230293508E-004  7.082614458278779E-004
   56270.2288111698       3.889408339474709E-004  7.082045130243909E-004
   56270.2492436282      -1.233154818444104E-004  7.081508165403597E-004
   56270.2696761867      -7.295405613442218E-004  7.080699085539656E-004
   56289.5172102434      -1.284819405235837E-003  7.101196215741701E-004
   56289.5376429468       4.049933934242578E-004  7.104590388330098E-004
   56289.5580757504      -4.554638298073233E-004  7.100866639535901E-004
   56289.5785083542       4.978327536344640E-004  7.102608968255143E-004
   56289.5989410582       3.020482732756236E-004  7.104019078875153E-004
   56289.6193738624      -1.876221478750772E-003  7.099189697679131E-004
   56289.6398064669       9.837979173354938E-005  7.101274151597983E-004
   56289.6602391716      -2.567937811828735E-003  7.098439399944082E-004
   56289.6806719764      -1.702359846004509E-002  7.081452025168140E-004
   56289.7011045816      -2.251327038295581E-002  7.075404070626020E-004
   56289.7215372869      -2.084019135691184E-002  7.077277833543569E-004
   56289.7419700924      -6.030298385273802E-003  7.094781038012358E-004
   56289.7624026981       1.260753541852955E-003  7.102807110262639E-004
   56289.7828355041      -3.478445459176305E-004  7.100575370784882E-004
   56289.8032682103       1.407504940435400E-003  7.102953735348185E-004
   56289.8237008167       1.768420563188489E-004  7.101897638448235E-004
   56289.8441336233       6.370695934569959E-004  7.102299206250092E-004
   56289.8645662301       2.638575929445608E-004  7.101783376557246E-004
   56289.8849989372       4.338096162204153E-004  7.101786018450679E-004
   56309.1327137197      -6.891294003334991E-004  5.675124750491558E-004
   56309.1531466794      -2.432548451151151E-004  5.675246201251833E-004
   56309.1735796394      -5.113061561675680E-004  5.674272141618916E-004
   56309.1940126999      -1.386887820665206E-003  5.674264167579100E-004
   56309.2144455605       1.527844688331559E-004  5.675570069945902E-004
   56309.2348786215      -9.331627243835960E-005  5.675217372030961E-004
   56309.2553115827      -9.617878955736625E-005  5.675311833733396E-004
   56309.2757444443       3.457573590657237E-004  5.675755313024706E-004
   56309.2961775062      -1.357874865218722E-002  5.659841583102524E-004
   56309.3166104685      -2.122829816687810E-002  5.652858164386673E-004
   56309.3370433310      -2.156572006345547E-002  5.652845896633110E-004
   56309.3574763939      -1.059807551911018E-002  5.663058801474473E-004
   56309.3779093571      -7.557586134698813E-005  5.675579270761075E-004
   56309.3983424205       9.541716715941728E-004  5.676630003853762E-004
   56309.4187752844      -1.146044406329816E-003  5.674323666183881E-004
   56309.4392082485      -3.523067885726761E-004  5.675103895310500E-004
   56309.4596413129       3.868720888560162E-004  5.675864496031418E-004
   56309.4800741777      -4.621669123653360E-004  5.675271963534316E-004
   56309.5005071427       8.579024598085461E-004  5.675798250162178E-004
   56309.5209402082      -8.865727979057159E-005  5.675111255962639E-004
   56328.7485104085      -5.097966420486433E-004  5.715513262160002E-004
   56328.7689437011       6.150638443593870E-004  5.715811368571587E-004
   56328.7893769945      -1.848055550019989E-004  5.715046474136921E-004
   56328.8098102879      -3.632259466046506E-005  5.716081872537656E-004
   56328.8302435819       2.444398258183433E-005  5.715535344116415E-004
   56328.8506768762       1.274293068121990E-003  5.717238108310988E-004
   56328.8711101707       3.264373683520283E-005  5.715366049117243E-004
   56328.8915434657       4.981675413111564E-004  5.716723476049011E-004
   56328.9119768612      -1.049110585017254E-002  5.705193627862638E-004
   56328.9324101569      -2.089517002918961E-002  5.696278651348261E-004
   56328.9528433530      -2.113846894641391E-002  5.695554853888033E-004
   56328.9732767497      -1.512032497416371E-002  5.701390624258046E-004
   56328.9937100465       1.394316169407439E-004  5.715727334459679E-004
   56329.0141432424       8.472738605036501E-004  5.715698505238806E-004
   56329.0345766400       5.972461476868585E-004  5.716540073133241E-004
   56329.0550099380       1.282565196689678E-003  5.716685446012966E-004
   56329.0754431365       5.070442966328415E-004  5.716629014346574E-004
   56329.0958765352       9.237599578337807E-004  5.716783588041470E-004
   56329.1163098344       8.004772744207855E-005  5.716027281034299E-004
   56329.1367432338       9.129103510669978E-004  5.717936756876412E-004
   56348.3850847156      -8.263472185622289E-004  5.720499490595764E-004
   56348.4055184736      -1.033108079931178E-003  5.721875319157877E-004
   56348.4259520322      -1.482677438770397E-003  5.720077479873190E-004
   56348.4463856911      -4.927859102530352E-004  5.720435084889557E-004
   56348.4668194503       1.174422218200633E-003  5.722245191927808E-004
   56348.4872531099      -1.094723971911682E-003  5.719663443190431E-004
   56348.5076867700      -1.325618806012452E-003  5.720333262534983E-004
   56348.5281204303      -6.060304740882483E-003  5.715059355278163E-004
   56348.5689877523      -2.186691923537432E-002  5.701941446393034E-004
   56348.5894214137      -1.728948293708477E-002  5.706912953524520E-004
   56348.6098549757      -1.857064657042495E-003  5.722005357345647E-004
   56348.6302887381      -1.216723847764500E-003  5.722313277960083E-004
   56348.6507224007       6.420198144097000E-004  5.723749831902334E-004
   56348.6711561638      -6.258774699414715E-004  5.723811784057827E-004
   56348.6915897271      -1.397002081172105E-003  5.723070811742611E-004
   56348.7120233909       4.039310204662083E-004  5.724321509218378E-004
   56348.7324571552      -1.135575820953028E-004  5.724127065324402E-004
   56348.7528907197       8.143043666777317E-004  5.725462410299757E-004
   56368.0015722605      -3.104243141368590E-004  5.714335557817934E-004
   56368.0220062680      -2.950725792688624E-004  5.713928268399636E-004
   56368.0424402759      -5.729481551711713E-004  5.713605626480924E-004
   56368.0628742840      -2.743039273717107E-004  5.713652243944464E-004
   56368.0833083925      -7.608330743313907E-006  5.713763880501889E-004
   56368.1037423014       3.225710546239657E-004  5.714882699626853E-004
   56368.1241763106      -7.272256893400275E-004  5.713086700505200E-004
   56368.1446104201      -3.865400201450542E-003  5.710877278088468E-004
   56368.1650443300      -2.025188187608051E-002  5.684244598490440E-004
   56368.1854784403      -2.160448371556889E-002  5.683315316158029E-004
   56368.2059124509      -2.039702844292057E-002  5.684886815389474E-004
   56368.2263463618      -3.268639948106222E-003  5.711252057959824E-004
   56368.2467804730       1.244244627931490E-004  5.714379108343084E-004
   56368.2672144846       2.828837022279540E-004  5.714620783088279E-004
   56368.2876483965       5.628921008777876E-004  5.715021938629795E-004
   56368.3080825088      -3.171942468152000E-004  5.714543496240830E-004
   56368.3285165214       4.631738176077427E-004  5.714613422436141E-004
   56368.3489506344      -1.045990981515255E-004  5.714704203812509E-004
   56368.3693845476      -3.894990986469393E-004  5.715348874262254E-004
   56387.6183709475      -5.214832385082024E-004  5.683368067498350E-004
   56387.6388053477      -2.480933073593095E-004  5.684842651476646E-004
   56387.6592395483      -7.293476439935720E-004  5.683508533276648E-004
   56387.6796739491       4.214923264802550E-004  5.684956128197106E-004
   56387.7001082502      -1.111331663010251E-003  5.683757568673982E-004
   56387.7205424515      -5.961565910284072E-005  5.684126214668555E-004
   56387.7409768531      -6.076580024360068E-004  5.683488291483269E-004
   56387.7614111550      -1.875798350045699E-003  5.682357204604742E-004
   56387.7818453571      -1.744725800745928E-002  5.667730975419018E-004
   56387.8022797595      -2.244242359254855E-002  5.661024807933695E-004
   56387.8227139622      -1.977429662000785E-002  5.661816691426199E-004
   56387.8431483651      -6.646830961832717E-003  5.677228056839968E-004
   56387.8635826683       3.217022725918728E-004  5.683865524905337E-004
   56387.8840168717       3.580165808345637E-004  5.684207795229751E-004
   56387.9044512754       6.213842181597151E-004  5.683999856806854E-004
   56387.9248855793      -3.468747276640372E-004  5.683492585197016E-004
   56387.9453197835      -4.323811267736843E-005  5.683701137007591E-004
   56387.9657541881       4.331973148110624E-004  5.684080210592694E-004
   56387.9861884929       1.173928139619473E-004  5.683890060412464E-004
   56407.2353633652      -8.781802434798536E-004  6.032209041496162E-004
   56407.2557977722       9.844736224782213E-004  6.034628605686079E-004
   56407.2762322795       9.158628615701936E-004  6.036729939095276E-004
   56407.2966668869      -1.409517209406519E-003  6.032839188954810E-004
   56407.3171013945      -8.414529152297456E-004  6.034654493507526E-004
   56407.3375359022       1.244225646843677E-004  6.034812346077328E-004
   56407.3579704102      -1.141072177661573E-003  6.035138785191678E-004
   56407.3784049182      -1.467651095862554E-003  6.036750775634490E-004
   56407.3988394264      -1.622032932633477E-002  6.022756829616451E-004
   56407.4192739349      -2.156332357109270E-002  6.012373918985192E-004
   56407.4397084434      -2.003305987314929E-002  6.009363986184217E-004
   56407.4601429521      -1.075056852353362E-002  6.025564711128080E-004
   56407.4805774610      -4.383644973093848E-005  6.034280698622237E-004
   56407.5010119701      -1.238848806605963E-003  6.035144467884190E-004
   56407.5214464793       1.000029182690376E-003  6.036253224334476E-004
   56407.5418809886      -3.763833829517615E-005  6.037797653877413E-004
   56407.5623155982      -6.664971545100595E-004  6.034744785177453E-004
   56407.5827500079      -8.737500357037797E-004  6.033183938967256E-004
   56407.6031845177       1.150873522393070E-004  6.032547477405817E-004
   56407.6236191277      -8.661858097492869E-004  6.033737054371841E-004
