   55008.3340386281       1.750524848496138E-004  1.481104158658762E-004
   55008.3544729929      -1.962626059124339E-004  1.481078202714080E-004
   55008.3749071574      -2.464534153160391E-004  1.480934454333414E-004
   55008.3953414219      -4.309553962326129E-004  1.480970118990229E-004
   55008.4157757859       5.875078003325651E-005  1.481317056846255E-004
   55008.4362099497      -3.420835886511764E-004  1.480928708360927E-004
   55008.4566442135      -2.215281844224481E-004  1.480967741346442E-004
   55008.4770784771      -2.403042093185315E-004  1.480968732031353E-004
   55008.4975127404       1.642891648316880E-004  1.481095242494558E-004
   55008.5179470035       3.369513387481149E-004  1.481065720084194E-004
   55008.5383812664      -1.090261868597064E-004  1.480921773566546E-004
   55008.5588156290       9.658230751052876E-005  1.481314084791520E-004
   55008.5792497916      -2.757552832725052E-004  1.481097322932873E-004
   55008.5996840538      -1.067290629717110E-004  1.480898393402633E-004
   55008.6201182160       6.489251991759204E-005  1.481253454874933E-004
   55008.6609868396       1.078406798133980E-004  1.481181432081863E-004
   55008.6814210011      -2.896589869347821E-004  1.481076023207274E-004
   55008.9266322232      -1.081333462450540E-003  1.480519357355474E-004
   55008.9470663818      -2.570293706354310E-004  1.481045708248981E-004
   55008.9675006405      -1.986025388748258E-004  1.481057299262446E-004
   55008.9879349990       5.906335639827009E-005  1.481191735204944E-004
   55009.0083691572      -1.897345752088775E-005  1.481094053672664E-004
   55009.0288034152       9.829709837005929E-005  1.481136256849897E-004
   55009.0492376731       1.460701445314960E-004  1.481130709014392E-004
   55009.0696720306       3.349546806648007E-004  1.481273565778638E-004
   55009.0901061882      -5.119944096132478E-006  1.480946936963299E-004
   55009.1105404452      -3.072600347586718E-005  1.481072853015557E-004
   55009.1309748023      -2.376393420422396E-005  1.481055813235079E-004
   55009.1514089591      -2.197732987829770E-005  1.481158943534371E-004
   55009.1718432156       7.572104610131802E-005  1.481181927424319E-004
   55009.1922774720      -3.108644302762809E-004  1.481088307700178E-004
   55009.2127117284      -4.643204702879933E-004  1.480959914935641E-004
   55009.2331459842       8.046041143605631E-005  1.481217889286608E-004
   55009.2535802399      -2.212620929309406E-004  1.481120504959803E-004
   55009.2740144955      -1.647938570368268E-004  1.481108220466900E-004
   55009.2944487510      -6.096094741214753E-005  1.480987455976182E-004
   55098.0174329057      -1.717804639026488E-004  1.497958907894888E-004
   55098.0378660378       8.902224745566123E-005  1.498032089350765E-004
   55098.0582990695      -1.296728302839778E-004  1.497916376789562E-004
   55098.0787320007       5.433480916017253E-005  1.497800664228359E-004
   55098.0991650319       5.097246396583710E-004  1.498088198461546E-004
   55098.1195981628       1.714793559344230E-004  1.497970988326212E-004
   55098.1400311933       6.353477983433997E-005  1.497936743797746E-004
   55098.1604641238       6.235355525374686E-005  1.497900202988945E-004
   55098.1808972539      -2.968752840115663E-005  1.497851082557443E-004
   55098.2013302837       4.431076793376398E-005  1.498066733232333E-004
   55098.2217632132       9.879009805224825E-005  1.497972585738619E-004
   55098.2421962426       1.453032484737271E-004  1.498164075550859E-004
   55098.2626293717       1.630615932124435E-005  1.498164574742236E-004
   55098.2830623003      -4.156093322339460E-004  1.497791678783572E-004
   55098.3034953289       4.414217230783724E-004  1.498055751022037E-004
   55098.3239284571       5.196815511314679E-004  1.498123740887593E-004
   55098.3443613850       6.989490133129106E-004  1.498121344768983E-004
   55098.3647944130       3.276395887881201E-004  1.498127335065508E-004
   55098.3852274404      -1.397587013610480E-003  1.497241669724327E-004
   55098.4465265212      -0.147473841610191       1.417794064167571E-004
   55098.4669596475      -0.212453941670894       1.381262740002907E-004
   55098.4873925738      -0.259519174978540       1.354275855129365E-004
   55098.5078255997      -0.272980030327728       1.346440746951575E-004
   55098.5282587253      -0.245966568343127       1.361876143683387E-004
   55098.5486916506      -0.190329996447903       1.393946394187811E-004
   55098.5691246758      -0.123983880781015       1.431211629515029E-004
   55098.6304237496      -5.634806872512055E-005  1.497980872315478E-004
   55098.6508567738       1.931858121562158E-005  1.498252731939425E-004
   55098.6712897975       1.541895113110758E-005  1.498160681049495E-004
   55098.6917228210      -4.382643337956793E-004  1.498040974957276E-004
   55098.7121558443      -2.763621316089759E-004  1.498069029512667E-004
   55098.7325887674       1.858783997277236E-005  1.498104871453540E-004
   55098.7530218902      -8.572061240785800E-005  1.498199518138631E-004
   55098.7734548128       2.753041891923047E-004  1.498202712963444E-004
   55098.7938878351       3.493867683899143E-004  1.498349674904851E-004
   55098.8143209570       1.675737167581293E-004  1.498227972047123E-004
   55098.8347538789      -3.152869749907250E-004  1.498155289782623E-004
   55098.8551869003      -1.747756839020065E-004  1.498210899702028E-004
   55098.8756199215       2.009171353012373E-005  1.498411674473881E-004
   55098.8960529424      -4.440058357361165E-004  1.498117051723140E-004
   55098.9164859631       1.373193650284765E-004  1.498249836629438E-004
   55098.9369189836       2.304290422003863E-004  1.498303349945059E-004
   55098.9573520039       2.565513763430616E-006  1.498076617221598E-004
   55098.9777850236       2.546291831324599E-004  1.498241350376028E-004
   55187.7172045355       1.035642064040054E-004  1.608514983870429E-004
   55187.7376373649      -7.540343194267773E-005  1.608268808126597E-004
   55187.7580700946       1.930988951697188E-004  1.608599055956718E-004
   55187.7785029245       3.573049882310553E-004  1.608481216401142E-004
   55187.7989358546       3.274637962344951E-004  1.608337234288700E-004
   55187.8193685849       2.183256681751455E-004  1.608611037961949E-004
   55187.8398014154       1.333323702390476E-005  1.608283463802416E-004
   55187.8602343460       2.747928091728635E-004  1.608541126427296E-004
   55187.8806670769       7.294510866828752E-005  1.608678275826012E-004
   55187.9215328394       1.367952213768842E-004  1.608573705598543E-004
   55187.9419656709      -2.860855828212827E-004  1.608595689112273E-004
   55187.9623984027      -8.591245679268056E-005  1.608450419676954E-004
   55187.9828313347       1.622041260807006E-004  1.608436952299174E-004
   55188.0032641668       4.040332086852061E-005  1.608478740780227E-004
   55188.0236968992       6.460168672550726E-005  1.608493990605066E-004
   55188.0441297318       1.500504221130239E-004  1.608599551080901E-004
   55188.0645626646      -4.819760962770925E-005  1.608519241938403E-004
   55188.0849953976      -2.315036248446534E-003  1.607352927412717E-004
   55188.1462938978      -0.154917858738045       1.530618383467790E-004
   55188.1667267317      -0.219333617464435       1.496012966013606E-004
   55188.2484581692      -0.186905670483502       1.512332457137919E-004
   55188.3301894100       4.647382643052644E-006  1.608662530876990E-004
   55188.3506222457       7.256859684334760E-005  1.608605195496588E-004
   55188.3710550817      -1.699296401923567E-004  1.608653123517511E-004
   55188.3914879178       1.691701236228305E-005  1.608756109347594E-004
   55188.4119207542      -2.048392599468540E-004  1.608596778385475E-004
   55188.4323534908      -2.600866372082233E-005  1.608640844437770E-004
   55188.4527864275       2.652856092022482E-006  1.608751653229946E-004
   55188.4732192646      -3.778800580811481E-005  1.608521915608992E-004
   55188.4936521018      -7.796061986364844E-005  1.608705111556736E-004
   55188.5140849392      -2.995839947514956E-004  1.608640151263914E-004
   55188.5345177768      -1.296472855479847E-004  1.608604997446915E-004
   55188.5549506147      -8.223920149774688E-005  1.608816118398584E-004
   55188.5753833528      -5.125650491011324E-005  1.608971884466584E-004
   55188.5958162910       2.576197316319639E-004  1.609040508678361E-004
   55188.6162491295      -1.541255952338672E-004  1.608798690027340E-004
   55188.6366818682      -5.626593604812768E-005  1.608860481525389E-004
   55188.6571148071      -6.619667576091004E-005  1.608763734260013E-004
   55188.6775476462       4.645102195577344E-004  1.609057342900586E-004
   55277.4201276806       3.041740529610149E-004  1.539279576778626E-004
   55277.4609958773      -1.990736475849797E-004  1.539025503755536E-004
   55277.4814300260      -3.298967386039520E-004  1.538639625959897E-004
   55277.5018642751      -5.636565422608708E-004  1.538637718655497E-004
   55277.5222983243      -5.303444577345884E-004  1.538643039030931E-004
   55277.5427324738      -1.504422814946338E-005  1.538834773315444E-004
   55277.5631667235      -5.211143131472751E-004  1.539073989441096E-004
   55277.5836008734      -3.881023594239918E-004  1.538961759634768E-004
   55277.6040349237      -1.841746184397808E-004  1.539008739553696E-004
   55277.6244691743       1.373350476627788E-004  1.539081317505373E-004
   55277.6449033250      -1.466478262858173E-004  1.539280379854164E-004
   55277.6653373760       6.928932009311328E-004  1.539289012916189E-004
   55277.6857716272       1.813595741932961E-004  1.538812889507055E-004
   55277.7062057788       5.189166512009624E-004  1.538945497355139E-004
   55277.7266398305       4.226191281833103E-004  1.539323143626521E-004
   55277.7470740826      -1.369737112222325E-005  1.539010345704771E-004
   55277.7675082348      -3.613685979665382E-004  1.539026909137726E-004
   55278.0331522373      -1.477503678232184E-004  1.539855281554377E-004
   55278.0535862931      -5.146027057093550E-004  1.539368417009932E-004
   55278.0740205492      -5.429719551207635E-004  1.539650497292384E-004
   55278.0944547054      -4.889387486506358E-005  1.539487774111653E-004
   55278.1148887620       1.189117553459518E-004  1.539889613033594E-004
   55278.1353230188       1.169547174280083E-004  1.540015796277381E-004
   55278.1557571759       1.501442278555309E-004  1.539604721986762E-004
   55278.1761913332       9.733835089071885E-004  1.540149407969887E-004
   55278.1966254908       1.218142052443749E-004  1.539639756157074E-004
   55278.2170596485       3.836832595749406E-006  1.539698882593502E-004
   55278.2374937066       4.379488447203705E-005  1.539700087206808E-004
   55278.2579279650       2.355828710676189E-005  1.539300657511479E-004
   55278.2783621235      -1.504329897217271E-005  1.539660234583273E-004
   55278.2987961823       7.456742722067311E-005  1.539644574610297E-004
   55278.3192303413       2.417541458492600E-004  1.539792440893589E-004
   55278.3396646006       5.381667268944401E-005  1.539840123503612E-004
   55278.3600986602       1.466095763429376E-004  1.539773167080696E-004
   55278.3805328201       4.981772754708569E-004  1.539940206792439E-004
   55367.1272023959      -1.538217367493822E-004  1.525531726656812E-004
   55367.1476366624       1.007752568153997E-004  1.525548290089767E-004
   55367.1680711286      -1.204637687509669E-004  1.525427929143625E-004
   55367.1885054946       2.214552951760318E-004  1.525715430185953E-004
   55367.2089397606       1.436686899880524E-005  1.525421203386001E-004
   55367.2293742264       3.624727469824229E-004  1.525751468200686E-004
   55367.2498085920       7.068524486808503E-005  1.525248341376613E-004
   55367.2702428575       1.238446620179801E-004  1.525146953090037E-004
   55367.2906773226       1.189409136321817E-004  1.525322023557153E-004
   55367.3111116879       1.206942669089717E-004  1.525013441781973E-004
   55367.3315459528       7.818001904758010E-005  1.524884548158248E-004
   55367.3519804176       5.530854205026969E-005  1.525154281154315E-004
   55367.3724147822      -1.165703624157466E-004  1.525270425953886E-004
   55367.3928491468       3.305623719163098E-005  1.525372015009346E-004
   55367.4132835112      -1.598635000864546E-004  1.525405643797467E-004
   55367.4337178754      -1.897169311617652E-004  1.525357559649675E-004
   55367.4541522393      -2.092664075166173E-004  1.525206581448677E-004
   55367.4745866032      -3.377760703578980E-004  1.524881837778310E-004
   55367.5563240573      -0.199033563890170       1.419782338376795E-004
   55367.6380616087      -0.208319703526244       1.415222174323085E-004
   55367.6584958710      -0.142355723342503       1.451023582926058E-004
   55367.7197989574      -1.047895069211657E-003  1.524158768641478E-004
   55367.7402333192       1.924342653967237E-004  1.524835058628266E-004
   55367.7606677811       1.257908398302199E-004  1.524828533639526E-004
   55367.7811020424      -2.251897706799788E-004  1.524646637030344E-004
   55367.8015364038      -2.398770014910845E-004  1.524836062472688E-004
   55367.8219708651       4.162188263376887E-004  1.524952608810028E-004
   55367.8424051260       8.762521234639831E-005  1.524825220952935E-004
   55367.8628394869      -1.433209413784775E-004  1.524620537075384E-004
   55367.8832739476      -1.632050021675990E-004  1.524267183839003E-004
   55367.9037082082       2.118149139711534E-004  1.524916370026411E-004
   55367.9241426686      -1.214232180201114E-004  1.524431212017483E-004
   55367.9445770288       3.282609590509189E-004  1.524768403358676E-004
   55367.9650113888       3.072831552415334E-004  1.524735176108323E-004
   55367.9854457488       3.010348310643618E-004  1.524660188930035E-004
   55368.0058801085       2.007638754120133E-004  1.524289669954046E-004
   55368.0263144682      -4.930892411725285E-005  1.524213879700220E-004
   55368.0467488275       3.956431407068361E-004  1.524175934381086E-004
   55368.0671831867       1.008771819068777E-004  1.524785267944958E-004
   55368.0876175460       4.496526454511596E-006  1.524393266698348E-004
   55456.8112659285       2.351991621820648E-004  1.493311476045414E-004
   55456.8316991278      -2.546717996465553E-005  1.493153114455365E-004
   55456.8521322270       2.165820351864856E-004  1.493291718266694E-004
   55456.8725655259      -3.973658465339369E-005  1.493064803171690E-004
   55456.8929987243       2.868344297681791E-004  1.493321155361252E-004
   55456.9134319226      -1.037891494591880E-004  1.493058616392494E-004
   55456.9338651205       4.547080133154857E-004  1.493276850039272E-004
   55456.9542983182      -9.957238808777635E-005  1.492839784025149E-004
   55456.9747315156       1.904673162536064E-004  1.493206500372616E-004
   55456.9951647128       6.194428754957571E-005  1.493188738329119E-004
   55457.0155978096       1.878634505707577E-004  1.493200014233137E-004
   55457.0360311061       2.217932955279611E-004  1.493200313593420E-004
   55457.0564643023       1.538003503058771E-004  1.493220470519186E-004
   55457.0768973981       1.345033229245285E-004  1.493221169026514E-004
   55457.0973306939      -1.029354748235400E-004  1.493024389533397E-004
   55457.1177638893       5.881839668777644E-004  1.493215381394364E-004
   55457.1381969844       1.128273712940331E-004  1.493090647942844E-004
   55457.1586302790       2.081867571464002E-004  1.493140241963169E-004
   55457.1790634737      -1.837269764726313E-003  1.491839321957202E-004
   55457.2403630555      -0.153291787454897       1.414499393103624E-004
   55457.2607963488      -0.217675876444448       1.379968084598247E-004
   55457.3220959271      -0.245582105378354       1.364814965973870E-004
   55457.3425291194      -0.188367315309866       1.395136570383850E-004
   55457.4242617854      -1.837796939896386E-005  1.492791886379765E-004
   55457.4446950761       3.709979326504964E-005  1.492972201057282E-004
   55457.4651282665       9.063624773253398E-005  1.493000640284228E-004
   55457.4855613568      -1.079542223461072E-004  1.492723033514527E-004
   55457.5059946467       3.344616310829718E-004  1.493035366077131E-004
   55457.5264278363      -3.966369790153745E-005  1.492845372083777E-004
   55457.5468609255      -1.391579256538877E-004  1.492840981466283E-004
   55457.5672942146      -3.352905525799699E-005  1.492867524744767E-004
   55457.6081604920      -1.201937508102935E-004  1.492998544762242E-004
   55457.6285937801      -9.594173729665645E-005  1.492985971630329E-004
   55457.6490268680      -8.414780238197306E-005  1.492869919627036E-004
   55457.6694601557      -3.314933522279295E-004  1.492682919236518E-004
   55457.6898933429       2.218664739896958E-004  1.492776319645016E-004
   55457.7103264301      -2.709250857678702E-004  1.492748678712159E-004
   55457.7307597168      -7.109685545481081E-005  1.493048438142850E-004
   55457.7511929033      -2.198315314695387E-004  1.492785001093241E-004
   55457.7716260893      -1.374052672350468E-004  1.492749077859204E-004
   55546.5112934517       2.468287559473925E-004  1.539974686170581E-004
   55546.5317261745       7.569726253442433E-005  1.539949177477420E-004
   55546.5521587974       9.555001721706091E-005  1.539679210474805E-004
   55546.5725916204      -6.857117064995588E-005  1.539915874461350E-004
   55546.5930242436       1.009492428172276E-005  1.539939156205107E-004
   55546.6134569669       5.311285256317522E-004  1.540253358520862E-004
   55546.6951879615      -2.204787641824080E-005  1.540158409496320E-004
   55546.7156205855       3.857488660274910E-006  1.539916684261133E-004
   55546.7360534096       1.104487467478155E-004  1.539888847393596E-004
   55546.7564861339       5.089587481810209E-005  1.539978633944522E-004
   55546.7769187583       2.610853477833519E-004  1.540003940187737E-004
   55546.7973515828       1.643815397884829E-004  1.539823557286102E-004
   55546.8177843075       2.561468105950482E-004  1.539957376700222E-004
   55546.8382170323       1.266858264739046E-004  1.540142719625527E-004
   55546.8586497573      -2.008979921475085E-005  1.540042506902397E-004
   55547.1242753946      -3.712465666556586E-004  1.539777398698478E-004
   55547.1447080216       3.171672233202028E-004  1.540163976869827E-004
   55547.1651407486      -1.047054794114377E-004  1.539877004071772E-004
   55547.1855735759      -1.186555721561788E-004  1.540009305111299E-004
   55547.2060062032      -2.910332011019090E-005  1.539631128612697E-004
   55547.2264389307       3.526622428202675E-004  1.539848762304344E-004
   55547.2468716583      -1.049307534556343E-004  1.539837931232248E-004
   55547.2673043861      -1.855479140834282E-004  1.539832768758632E-004
   55547.2877370141      -2.342031158922842E-004  1.539500447172736E-004
   55547.3081698421      -2.394394263195432E-004  1.539957477925195E-004
   55547.3286025703      -2.044846834964309E-004  1.539676781075456E-004
   55547.3490353987      -1.244649791953822E-005  1.539962336723892E-004
   55547.3694680272      -3.248020455529632E-004  1.539747031206621E-004
   55547.3899007558      -2.827062125284607E-004  1.539676882300429E-004
   55547.4103335846      -1.711401108051014E-006  1.539944723578614E-004
   55547.4307662135      -2.263153175833255E-004  1.539699961594241E-004
   55547.4511989426      -1.168551114094640E-005  1.539982379268518E-004
   55547.4716317717      -5.450387058025807E-005  1.539656637305857E-004
   55725.9202587497      -1.104687619607470E-004  1.537983935106181E-004
   55725.9406930986       1.482458356472094E-004  1.538356803044149E-004
   55725.9611275475      -3.084171985467954E-005  1.538214062952616E-004
   55725.9815620962       3.104287771324987E-004  1.538016173280263E-004
   55726.0019964449      -1.003875685513522E-004  1.537654761045664E-004
   55726.0224308934       1.375202835041112E-004  1.537939126071765E-004
   55726.0428654418       1.214349627853828E-005  1.537985151641052E-004
   55726.0632997902      -5.612120908160545E-005  1.537840890880930E-004
   55726.0837343384       4.706926772268805E-005  1.538038375041659E-004
   55726.1041687866       2.704702706561868E-004  1.537551963849063E-004
   55726.1246031345       6.191491406259964E-005  1.537985253018958E-004
   55726.1450376825       2.605635466070844E-004  1.538086022657441E-004
   55726.1654721304       4.795306275706679E-005  1.537939126071765E-004
   55726.1859065781       6.798447809504005E-004  1.538187603319171E-004
   55726.2063410257       1.334309277565282E-004  1.537721062196135E-004
   55726.2267754732       2.610186810485526E-004  1.537930103438139E-004
   55726.2472099206      -1.519761232460226E-005  1.537559060302477E-004
   55726.2676443680      -2.037149070717170E-004  1.537670474621082E-004
   55726.3493821561      -0.200711825138862       1.430091789087230E-004
   55726.4311200428      -0.207007445808759       1.427101951885886E-004
   55726.4515543891      -0.140857084412205       1.463473404570120E-004
   55726.5128577277      -7.657834023854226E-004  1.537487791634617E-004
   55726.5332921737       1.026186171420029E-004  1.537926859345149E-004
   55726.5537267195       1.942822206604244E-004  1.537966498106363E-004
   55726.5741610653       5.077255668992642E-004  1.538330140654892E-004
   55726.5945955109      -3.016303732598091E-004  1.537844134973920E-004
   55726.6150300566      -1.421201218080315E-004  1.537963254013374E-004
   55726.6354644020       8.985182474174902E-005  1.538100418320081E-004
   55726.6558989473      -1.755815426679463E-004  1.537708085824177E-004
   55726.6763333926       1.704384220844180E-004  1.537929393792797E-004
   55726.6967678377      -7.460256622449091E-005  1.538317772550370E-004
   55726.7172022828       6.193033086243638E-006  1.538353052061630E-004
   55726.7376367277      -6.905005768231831E-005  1.537959401652949E-004
   55726.7580711726       7.495284162817306E-005  1.538182635801781E-004
   55726.7785056173       1.703534787866889E-005  1.537745595649367E-004
   55726.7989400619       7.911569590446366E-005  1.537925034542843E-004
   55726.8193745064       4.038012166656113E-004  1.538162765732221E-004
   55726.8398090508       2.586309505325790E-005  1.537780571026909E-004
   55726.8602433951       1.747501137461249E-006  1.537746508050520E-004
   55726.8806778393      -2.011905648996448E-004  1.537740019864542E-004
   55815.6050523526       1.046960219472926E-004  1.510914261804754E-004
   55815.6254858447       6.878955900146977E-005  1.510894874167123E-004
   55815.6459191363      -4.035297455388109E-004  1.510718577254983E-004
   55815.6663525279       7.203151303669664E-005  1.510800849147315E-004
   55815.6867860191       3.544994755799724E-005  1.510900700503820E-004
   55815.7072193100       1.145915943012721E-004  1.510967201105437E-004
   55815.7276527004       9.227962741120699E-005  1.510803460953421E-004
   55815.7480861907       2.108567861798250E-004  1.510842236228684E-004
   55815.7685194806       3.313998687095587E-004  1.510956653426932E-004
   55815.8093863597       1.308335271206218E-004  1.510829579014479E-004
   55815.8298196487       1.343577822376929E-004  1.510851076187811E-004
   55815.8502530373      -9.407075430634126E-005  1.510715563632554E-004
   55815.8706864259       1.612243264750290E-004  1.510738969433425E-004
   55815.8911198140      -1.863036834612863E-004  1.510717170897849E-004
   55815.9115533017      -1.689551444842285E-004  1.510655391638040E-004
   55815.9319865894       2.478349951058334E-004  1.510991109176712E-004
   55815.9524199765      -3.189460197567939E-004  1.510637008541219E-004
   55816.0341536223      -0.156947555384565       1.431200734007715E-004
   55816.0545870081      -0.221138409626830       1.397182361296399E-004
   55816.1158871631      -0.243078250372386       1.385421097039879E-004
   55816.1363204478      -0.184560776395764       1.416658599427118E-004
   55816.2180540826      -2.007990133545690E-005  1.510986789651230E-004
   55816.2384874656       5.296959332379281E-006  1.510784776494356E-004
   55816.2589209481       7.330662834059698E-005  1.510657099357417E-004
   55816.2793542307       6.289306498952207E-005  1.510541376256115E-004
   55816.2997876127      -3.743045439000836E-004  1.510269346604791E-004
   55816.3202210943      -7.160484085277918E-005  1.510653884826825E-004
   55816.3406543757      -3.636432561928693E-004  1.510394311481544E-004
   55816.3610877568      -1.039921894793183E-004  1.510385170160174E-004
   55816.3815212377      -1.277701168541645E-004  1.510831588096098E-004
   55816.4019545182       1.181419324705058E-004  1.510907631835409E-004
   55816.4428213784      -2.245050276629135E-004  1.510627766765767E-004
   55816.4632546581      -8.205948632622473E-005  1.510602150975115E-004
   55816.4836880374      -1.427120753827449E-004  1.510552225296862E-004
   55816.5041214164      -2.201886718394830E-004  1.510585776959913E-004
   55816.5245547950       1.313621755056893E-004  1.510660715704332E-004
   55816.5449882736      -6.175584752291519E-004  1.510389590139737E-004
   55816.5654216517      -2.396134840432218E-005  1.510572215658979E-004
   55905.3054222561      -1.021959751034140E-004  1.542972528861369E-004
   55905.3258548152       1.487794776344753E-004  1.542915226791462E-004
   55905.3462874745      -1.879633324303187E-004  1.542803082847851E-004
   55905.3667202338       1.184471432480461E-004  1.542824712072807E-004
   55905.3871527932       1.310889001597815E-004  1.543272467781848E-004
   55905.4075855526       6.602507525406143E-004  1.543421104635811E-004
   55905.4280182121       2.173871251116566E-004  1.543015274770405E-004
   55905.4484507717       1.681945552447495E-004  1.543065196251701E-004
   55905.4688835313       4.929748107318499E-004  1.543189948700855E-004
   55905.4893161909      -7.178789264371543E-004  1.543502393618702E-004
   55905.5097487506       5.411868357096949E-004  1.543198456879392E-004
   55905.5301815104       2.490852483569839E-004  1.543330692425331E-004
   55905.5506141703       4.269259048299556E-004  1.543649082817337E-004
   55905.5710467302       1.759427637282318E-004  1.543111529946868E-004
   55905.5914794901       3.037703722024165E-004  1.543690291103746E-004
   55905.6119121502       2.467079103414260E-004  1.543386149348085E-004
   55905.6323449102       7.410634188276255E-005  1.543570971587875E-004
   55905.6527774704      -9.870604261549287E-004  1.543616485217640E-004
   55905.9184021577       2.161398889535260E-004  1.543834520106177E-004
   55905.9388348187      -1.276468967387201E-004  1.543544729495037E-004
   55905.9592673798      -2.451598527934973E-004  1.543492962866588E-004
   55905.9797001409       1.978687671801982E-004  1.543822731666035E-004
   55906.0001328020      -8.402792753081645E-005  1.543803767653633E-004
   55906.0205655633      -2.083849233690538E-004  1.543827549550267E-004
   55906.0409981246      -2.164123981804877E-004  1.543753743664161E-004
   55906.0614307859      -1.809921433448825E-005  1.543877266015213E-004
   55906.0818635474      -8.373772047876038E-006  1.544187968294083E-004
   55906.1022961089       1.525454821247330E-004  1.543887516832728E-004
   55906.1227287704      -2.893143728499581E-005  1.543918269285272E-004
   55906.1431615320       5.066582743940007E-005  1.543830112254646E-004
   55906.1635940937       6.534259763790740E-005  1.543961425227009E-004
   55906.1840267555      -6.008970684479031E-005  1.543811660783119E-004
   55906.2044595172      -5.459701221899316E-005  1.543922574628628E-004
   55906.2248920791       1.464503743531242E-004  1.544066803631060E-004
   55906.2453248411       1.307721000352036E-004  1.543928007561911E-004
   55906.2657575030       2.010498006850270E-004  1.544319076250096E-004
   56084.7132308247       9.982664356389392E-005  1.551997676517351E-004
   56084.7336654199      -2.281922181079921E-005  1.551742003963710E-004
   56084.7540999151       8.943426460239490E-005  1.551794265688102E-004
   56084.7745343102      -4.341468204771548E-005  1.551858824288821E-004
   56084.7949689054      -2.839981609734643E-004  1.551832693426625E-004
   56084.8154034005      -7.108352019435937E-005  1.551700399532136E-004
   56084.8358379955       9.658938451218013E-005  1.551909343955732E-004
   56084.8562723905       3.511872087680334E-005  1.551771311518957E-004
   56084.8767068855       1.359228953368152E-004  1.551983740057513E-004
   56084.8971414804       2.192346334963791E-004  1.551837612177156E-004
   56084.9175758753       1.235381987128026E-004  1.551777562431090E-004
   56084.9380103700       1.198478646780021E-004  1.551644961114693E-004
   56084.9584449649       8.622057359752855E-005  1.551871428587056E-004
   56084.9788793597       1.950372623134022E-004  1.551831668686931E-004
   56084.9993138543       8.225437914621825E-005  1.551469218257180E-004
   56085.0197484491       5.207710135417543E-004  1.551849294209667E-004
   56085.0401828436       1.159174459191004E-004  1.551118449859941E-004
   56085.0606174383      -1.036219967030738E-003  1.551513384537990E-004
   56085.1423554162      -0.202167646328590       1.443811398172336E-004
   56085.2240933935      -0.206997033927137       1.441666515518928E-004
   56085.3058314701      -5.986471989232189E-004  1.551192231117906E-004
   56085.3262658642       6.046218592825614E-005  1.551533366962022E-004
   56085.3467003583       7.718307227666532E-005  1.551831463738992E-004
   56085.3671348522      -6.809854119094183E-005  1.551576713451076E-004
   56085.3875693462       2.851691406065004E-004  1.551531522430573E-004
   56085.4080039400       1.573702477974948E-005  1.551370945720531E-004
   56085.4284383339       4.049522076032819E-005  1.551575073867566E-004
   56085.4488728277       1.568880717928156E-004  1.551486331410070E-004
   56085.4693074214       5.308753418233891E-004  1.551832488478686E-004
   56085.4897418151       7.080865238362488E-005  1.551442165129260E-004
   56085.5101764089       1.543465650830633E-004  1.551777255009182E-004
   56085.5306109025       2.980407653461192E-004  1.551797442381153E-004
   56085.5510452961       9.600427189893068E-005  1.551681031951920E-004
   56085.5714798896       6.134519478806499E-005  1.551788322197877E-004
   56085.5919143830      -1.728078093718999E-004  1.551614218923875E-004
   56085.6123487765      -5.568067888883643E-005  1.551616165929293E-004
   56085.6327833700      -2.929449997223221E-004  1.551437143904760E-004
   56085.6532178634      -2.231083670063416E-004  1.551805025454888E-004
   56085.6736523566      -3.903777056265545E-004  1.551412755100044E-004
   56174.3986756353      -8.734694608480975E-005  1.514456960437090E-004
   56174.4191092295       1.284568106838524E-004  1.514512162172947E-004
   56174.4395427235       1.614646829075639E-004  1.514515541871061E-004
   56174.4599764172      -2.187552720271935E-004  1.514379739455948E-004
   56174.4804100104      -1.245798797779862E-004  1.514436477418220E-004
   56174.5008435034       3.343148836312260E-004  1.514698967305048E-004
   56174.5212771960      -1.118702528311033E-004  1.514376154927645E-004
   56174.5417107885       3.789094272066418E-005  1.514286541720086E-004
   56174.5621443806      -8.620161050543196E-005  1.514275583304990E-004
   56174.5825779722      -2.147271442772825E-004  1.514365298927644E-004
   56174.6030115639      -8.289929843530164E-005  1.514357208135190E-004
   56174.6234451550      -4.046524035739019E-006  1.514309585116315E-004
   56174.6438787457       2.414462808373319E-004  1.514511854927664E-004
   56174.6643123364      -3.629184840248101E-005  1.514168457116296E-004
   56174.6847460266       3.329403907998962E-004  1.514462286021997E-004
   56174.7051796166       3.493539759793496E-004  1.514387215757835E-004
   56174.7256131061       9.039416084843932E-005  1.514333243003111E-004
   56174.7460467954      -1.513858861841300E-004  1.514227550625738E-004
   56174.8277811498      -0.160084206186039       1.429210015595043E-004
   56174.8482146374      -0.223323790745182       1.393566592722160E-004
   56174.9095153990      -0.240121927339752       1.383893179815154E-004
   56174.9299490857      -0.181330483033829       1.417332117782070E-004
   56175.0116833289      -5.882483185548626E-005  1.514089290248360E-004
   56175.0321170138      -2.397711392408963E-004  1.513901768210598E-004
   56175.0525505987      -2.894886011683973E-005  1.513921227078525E-004
   56175.0729841831      -7.702915114649045E-006  1.514011045116274E-004
   56175.0934177672      -2.588893996704478E-004  1.513871965418141E-004
   56175.1138513509       5.829700302117935E-005  1.513976223984193E-004
   56175.1342849346       4.113555173435035E-005  1.513903816512485E-004
   56175.1547185176       6.100801209896201E-005  1.513917130474751E-004
   56175.1751521006       3.820455641601050E-005  1.513898798172862E-004
   56175.1955856832       6.849160990107794E-005  1.514008075078537E-004
   56175.2160193655      -1.348920189948588E-004  1.513672460814340E-004
   56175.2364528476       1.623966175685609E-004  1.513983597870987E-004
   56175.2568864292      -2.599524813103882E-004  1.513814100889831E-004
   56175.2773201105       1.675428209857444E-004  1.514043203455901E-004
   56175.2977535917      -1.393711017155796E-004  1.513713734097364E-004
   56175.3181872724      -6.498526410825267E-005  1.513842674701156E-004
   56175.3386208528       3.199839699941087E-004  1.514030503984201E-004
   56175.3590543330       2.549167888892256E-004  1.513955536135134E-004
   56264.0996122517      -4.206664460715270E-005  1.552616857022341E-004
   56264.1200448999      -1.821636558031470E-004  1.552586526840678E-004
   56264.1404774482      -2.143482306959932E-004  1.552678029719816E-004
   56264.1609101963      -1.401055343546176E-004  1.552700982289724E-004
   56264.1813428445      -3.611580519776725E-004  1.552795661640591E-004
   56264.2017755926      -5.597449591052683E-004  1.552776910210711E-004
   56264.2222081407      -4.955979600748117E-004  1.552792280235203E-004
   56264.2426407888      -3.400563017006419E-004  1.552843923517494E-004
   56264.2630735369      -6.674600760535609E-004  1.552674955714918E-004
   56264.2835060850      -2.521626222431461E-004  1.552758466181321E-004
   56264.3039387330      -1.823218299168428E-004  1.552708872235629E-004
   56264.3243714810      -5.602177798050834E-004  1.552649543941092E-004
   56264.3448040289      -3.526553514046071E-004  1.552637350388329E-004
   56264.3652366769       2.134122750940826E-004  1.553006845777103E-004
   56264.3856694249      -3.067526343453197E-004  1.552802731851857E-004
   56264.4061019728      -1.500427516356595E-004  1.552897411202724E-004
   56264.4265347206       1.513876247749568E-005  1.552990656017972E-004
   56264.4469673685      -4.529063319291815E-004  1.552819843812457E-004
   56264.7125917888      -5.225686413293795E-004  1.552707335233180E-004
   56264.7330244363      -4.876691409307909E-004  1.552925384647298E-004
   56264.7534570839      -4.692891908456565E-004  1.552871077227429E-004
   56264.7738898314      -6.580780005231990E-004  1.552816872274389E-004
   56264.7943223789      -2.450740265719231E-004  1.553028876145541E-004
   56264.8147551264      -7.122414339070238E-004  1.552653130280140E-004
   56264.8351877738      -3.207288394114771E-004  1.552961657905098E-004
   56264.8556203213      -1.933394558213397E-004  1.552800170181108E-004
   56264.8760530687       1.622925471669312E-004  1.553055722454986E-004
   56264.8964857161       4.861250566190467E-005  1.552986352411114E-004
   56264.9169182635      -1.472766570824735E-004  1.552915342897964E-004
   56264.9373510109      -3.099097417724739E-004  1.552965346710976E-004
   56264.9577836582      -1.369260370494008E-004  1.553055005187176E-004
   56264.9782162055      -1.966997542055537E-004  1.552976208194950E-004
   56264.9986489528       1.139680867172643E-004  1.552992193020421E-004
   56265.0190816001       2.029141645254473E-004  1.553072834415586E-004
   56265.0395143474      -1.580765004345341E-004  1.553053878052046E-004
   56265.0599468946      -1.276752942036552E-006  1.553128166503755E-004
   56353.8003103987       2.447255126687420E-004  1.663357315881841E-004
   56353.8207440483       1.310076356286771E-005  1.663416543999531E-004
   56353.8411775982       2.175588328867661E-005  1.663311146741489E-004
   56353.8616110485       1.254791092901719E-004  1.663681733783426E-004
   56353.8820446991       6.553968615374828E-005  1.663648520793818E-004
   56353.9024782500       1.006052165963833E-004  1.663490373493458E-004
   56353.9229118013       1.324813783591949E-004  1.663495000690152E-004
   56353.9433453528       7.189838638754775E-005  1.663443176087173E-004
   56353.9637789048       1.844309453542525E-004  1.663449551335953E-004
   56353.9842125570       5.449729990030239E-004  1.663754123705047E-004
   56354.0046460096       3.995172555191218E-004  1.663626413076277E-004
   56354.0250795626       4.943628898215202E-004  1.663460553781426E-004
   56354.0455132159       5.870327863586322E-004  1.663553303368504E-004
   56354.0659467695       5.586603159326575E-004  1.663631451579345E-004
   56354.0863802235       3.817693293404201E-004  1.663613868231905E-004
   56354.1068138777       5.744953884201376E-004  1.663685538367374E-004
   56354.1272474323       1.353650652680116E-007  1.663708263044474E-004
   56354.1476809873      -3.831342187113895E-004  1.663374282269721E-004
   56354.2498487672      -0.235252402841052       1.547030002287311E-004
   56354.4133172323      -2.675261682338892E-005  1.663443587393546E-004
   56354.4337508921       1.835545630159974E-004  1.663603791225771E-004
   56354.4541843520      -2.135276954292609E-004  1.663474949504476E-004
   56354.4746179123      -1.682488824187311E-004  1.663350220846910E-004
   56354.4950515730       2.059520556707550E-004  1.663510424679134E-004
   56354.5154850340      -1.744404107667519E-004  1.663260658884222E-004
   56354.5359186953      -1.416273527343748E-004  1.663523586483065E-004
   56354.5563522570      -3.672647819077390E-004  1.663383228183331E-004
   56354.5767858191      -1.196837749396495E-004  1.663569755623418E-004
   56354.5972193814      -2.287197536726682E-004  1.663572737594621E-004
   56354.6176529441      -1.570087834970035E-004  1.663383331009924E-004
   56354.6380865071       1.920212422772405E-004  1.663356493269096E-004
   56354.6585200704       1.303676613073623E-004  1.663471350573714E-004
   56354.6789536342       2.629887890619464E-004  1.663454075706054E-004
   56354.6993872982       2.447771563942602E-004  1.663489756533899E-004
   56354.7198208625      -1.176419510295901E-005  1.663720190929287E-004
   56354.7402543272       1.201579829097632E-004  1.663345387997029E-004
   56354.7606879923       1.246916714341406E-004  1.663579010016807E-004
