   55057.4768902788      -1.031781055912395E-004  2.943530148519458E-004
   55057.4973238347       9.681487670465394E-005  2.943934689552945E-004
   55057.5177572903       2.890035219185183E-004  2.944087992241701E-004
   55057.5381907460       5.199215458724371E-004  2.944055161538846E-004
   55057.5586242012       6.926761597392250E-005  2.943633092248749E-004
   55057.5790576564      -3.899891803545996E-004  2.943105575192703E-004
   55057.5994911111      -3.210177248703650E-004  2.943106409871590E-004
   55057.6199244658      -1.831049120385453E-004  2.943530426745753E-004
   55057.6403580203      -3.363144414186836E-004  2.943414406380578E-004
   55057.6607914745      -1.658842853284881E-004  2.943208518921995E-004
   55057.6812248285      -6.039879589603281E-004  2.942954498314310E-004
   55057.7016583823       1.091655015302839E-003  2.944025391325240E-004
   55057.7220918359       4.336540184781690E-004  2.943955278298804E-004
   55057.7425251892      -4.774364924697849E-005  2.943053825101762E-004
   55057.7629586423      -2.226497975956754E-004  2.943368499041841E-004
   55057.7833921953      -7.042974667377244E-003  2.937941695150392E-004
   55057.8038255480      -2.159975254910784E-002  2.926515497651596E-004
   55057.8242590006      -3.534818329396927E-002  2.913234643667775E-004
   55057.8446925530      -4.340504524121536E-002  2.906846846152073E-004
   55057.8651260051      -4.373377509541287E-002  2.906448704323380E-004
   55057.8855593568      -3.893443950815156E-002  2.910637679426669E-004
   55057.9059928085      -2.670101117109258E-002  2.922603914164804E-004
   55057.9264263599      -1.209195719936607E-002  2.934036789094689E-004
   55057.9468597114      -1.973450564320411E-003  2.942303170556818E-004
   55057.9672931624       1.939844356924070E-006  2.944114423739763E-004
   55057.9877267131      -3.711193898934262E-004  2.943464208887452E-004
   55058.0081600639       4.245882890163699E-004  2.944389867772192E-004
   55058.0285935142       2.683613142082653E-004  2.944175633524747E-004
   55058.0490269645      -1.177720854634856E-004  2.943816999829998E-004
   55058.0694604143      -6.114118604885199E-004  2.943924116953721E-004
   55058.0898938641       1.090789215092425E-004  2.943916048391154E-004
   55058.1103273137       6.343581046386326E-004  2.944547622081674E-004
   55058.1307607631       4.747657735801880E-004  2.944269395786291E-004
   55058.1511942122      -2.221978978617090E-004  2.943965850898028E-004
   55058.1716276611      -1.894025889367379E-004  2.943431934637188E-004
   55058.1920611100      -1.114832087811823E-004  2.943465600018929E-004
   55058.2124945584       3.523065008406157E-004  2.943809487720023E-004
   55058.2329279066       1.106560799344347E-004  2.943776657017168E-004
   55058.2533613548      -1.151398606975551E-004  2.943558527601587E-004
   55457.1576744168      -1.849055676239608E-004  2.946170348926247E-004
   55457.1781075977       1.096812691379068E-004  2.946057609055011E-004
   55457.1985407786       2.088013738772432E-004  2.946289523082938E-004
   55457.2189739595       3.467958721772302E-004  2.946911131008214E-004
   55457.2394071400      -1.501113581529046E-004  2.946651801329218E-004
   55457.2598404204      -2.036881292077908E-006  2.946347151900493E-004
   55457.2802735006      -4.928120749746467E-004  2.946194127807277E-004
   55457.3007066806       6.158258978206099E-005  2.946242804575503E-004
   55457.3211399606       2.055376257292796E-004  2.946489825186672E-004
   55457.3415731403       1.544992247402011E-004  2.946335122584207E-004
   55457.3620062198      -1.850314972701161E-004  2.945850592914280E-004
   55457.3824394991      -5.933373148165888E-004  2.945654207332126E-004
   55457.4028726784       2.884877412645537E-004  2.946825527036507E-004
   55457.4233057572      -2.943639789970698E-004  2.946115517624107E-004
   55457.4437390362      -1.004667608671350E-003  2.945016094065900E-004
   55457.4641722148      -8.121297066465250E-003  2.939526809318026E-004
   55457.4846052934      -2.229199672404181E-002  2.928338985669215E-004
   55457.5050385715      -3.601668208133701E-002  2.915910743685268E-004
   55457.5254717498      -4.305489026526688E-002  2.910523568250052E-004
   55457.5459048277      -4.328766614599611E-002  2.909944482559088E-004
   55457.5663381056      -3.809933528547305E-002  2.914019063761451E-004
   55457.6072043606      -1.023461286707650E-002  2.937632891381878E-004
   55457.6276376378      -8.400929582056404E-004  2.945119042633183E-004
   55457.6480707150       6.812953380808118E-005  2.945440197402857E-004
   55457.6685039919       1.681120388918877E-005  2.945686378759403E-004
   55457.6889371686       1.517537036228589E-004  2.946628581951271E-004
   55457.7093702454       8.168236767569503E-004  2.946892947158015E-004
   55457.7298035216       8.562376134380045E-005  2.946321135007131E-004
   55457.7502366979      -1.211402520353566E-004  2.945889478378552E-004
   55457.7706698741      -1.103266363104982E-004  2.945530836902313E-004
   55457.7911030499      -3.481219815137937E-005  2.945561889323422E-004
   55457.8115362257      -2.822888138732660E-004  2.944832017551574E-004
   55457.8319694012       2.071103327720980E-004  2.945503701002784E-004
   55457.8524025768       2.454471527491009E-005  2.945713514658930E-004
   55457.8728357519      -2.421467280691036E-004  2.945679105219322E-004
   55457.8932689269       4.185118323829506E-005  2.945300601383635E-004
   55457.9137022018       1.893635902117108E-004  2.946081667687582E-004
   55656.9958473910      -1.266969468364243E-004  3.340901874280464E-004
   55657.0162816413       7.997808780877413E-004  3.341750704558760E-004
   55657.0367156917       2.136823499960805E-004  3.340836853990886E-004
   55657.0571499422      -1.014394384296624E-004  3.340856606990251E-004
   55657.0775840928      -7.359369054276144E-004  3.340179792414764E-004
   55657.0980181435       4.148481694690176E-004  3.341700224671493E-004
   55657.1184523943      -3.758476349814410E-004  3.339829176676024E-004
   55657.1593205963      -7.859802512917291E-004  3.339959491602394E-004
   55657.1797548475       1.463690013152608E-004  3.341471967789934E-004
   55657.2001889988       1.269260574212616E-004  3.341228621811638E-004
   55657.2206232501       1.129809542443905E-004  3.341373202793106E-004
   55657.2410573016      -3.126600743585950E-005  3.341637124812408E-004
   55657.2614914532      -4.759843306016975E-004  3.341033835290115E-004
   55657.2819257049      -6.766460731001400E-004  3.340785825409191E-004
   55657.3023597568      -6.913856919148031E-003  3.335209443949381E-004
   55657.3227939087      -2.123719302701732E-002  3.322880554525863E-004
   55657.3432280607      -3.526535826625254E-002  3.311675391288481E-004
   55657.3636622129      -4.325173987187958E-002  3.305066092570176E-004
   55657.3840963652      -4.383457022016701E-002  3.304098195601258E-004
   55657.4045305175      -3.841423287695400E-002  3.308066628043261E-004
   55657.4249646700      -2.590592976158168E-002  3.319143945479193E-004
   55657.4453989226      -1.168247130346345E-002  3.331313164824505E-004
   55657.4658330753      -1.227186765499488E-003  3.339338369511230E-004
   55657.4862671281      -3.309074359985065E-004  3.340648926149698E-004
   55657.5067013810       2.114827711250378E-004  3.341045357873079E-004
   55657.5271355341      -1.900627268114352E-004  3.340778143687216E-004
   55657.5475695872       8.136338031983215E-005  3.340337816409689E-004
   55657.5680038405      -5.886055906356713E-005  3.341222037478516E-004
   55657.5884379938      -4.731389601975167E-005  3.340922724668683E-004
   55657.6088722473      -2.775934235563771E-004  3.340518611223328E-004
   55657.6293063009      -9.257564514497663E-005  3.341484862108965E-004
   55657.6497404545      -5.047523116086250E-005  3.340155101165557E-004
   55657.6701747083       3.024755831573245E-004  3.341156742841724E-004
   55657.6906087622      -2.578763475500345E-004  3.340919158154909E-004
   55657.7110429163       9.970641127288182E-005  3.340750708965874E-004
   55657.7314771704       3.502305794464977E-004  3.340994877985811E-004
   55657.7519112246       1.896570135264675E-004  3.340971284125457E-004
   55856.8381475681       4.049157701910833E-004  3.090554971500631E-004
   55856.8585804638      -4.127911291835762E-004  3.090703476327478E-004
   55856.8790134594      -7.169092096181995E-005  3.090961721853576E-004
   55856.8994465550       1.027869022202754E-003  3.091845926144308E-004
   55856.9198794503       8.374007081091150E-007  3.091125240955196E-004
   55856.9403124456      -2.317944460641375E-004  3.091193760645525E-004
   55856.9607455409      -3.192111045527968E-004  3.090679726474655E-004
   55856.9811785360      -3.464856686233864E-004  3.090928417462261E-004
   55857.0016114311       1.284726148875759E-004  3.090528491779667E-004
   55857.0220445260       2.932303910294642E-004  3.091034882319744E-004
   55857.0424775208       4.480907031347847E-004  3.091006218704268E-004
   55857.0629105156       3.341181492100276E-005  3.091005126757011E-004
   55857.0833435102       1.974956062023026E-005  3.091372839995546E-004
   55857.1037765048      -3.530523153971732E-005  3.090556609421515E-004
   55857.1242095993      -4.408471262701275E-004  3.089782418816849E-004
   55857.1446424936      -9.200500504823572E-003  3.082994328698501E-004
   55857.1650754879      -2.439969717491131E-002  3.067714710742088E-004
   55857.1855085820      -3.703133396313141E-002  3.056736546014776E-004
   55857.2059414762      -4.307933388203944E-002  3.051680284244808E-004
   55857.2263744701      -4.362308280312255E-002  3.051022659009744E-004
   55857.2468075641      -3.675799005052049E-002  3.057060854349876E-004
   55857.2672404579      -2.392395376987677E-002  3.068213730638185E-004
   55857.2876734516      -9.054392470566719E-003  3.083536753498033E-004
   55857.3081065452      -6.946831601464254E-004  3.090019371371451E-004
   55857.3285394387       2.055537734597657E-004  3.091025054794437E-004
   55857.3489725322       1.561322303540447E-004  3.090957354064551E-004
   55857.3898384188      -4.752582072234945E-004  3.090601379259020E-004
   55857.4102715119       1.891820743944450E-004  3.090574626551243E-004
   55857.4307044049       5.173261855584421E-005  3.091262553322667E-004
   55857.4511374979      -6.372255237629965E-005  3.090154772831223E-004
   55857.4715704907       5.854900871336000E-004  3.091744375049479E-004
   55857.4920033835      -8.843368873845403E-005  3.090519756201618E-004
   55857.5124363763      -3.714302495350097E-006  3.089922734039274E-004
   55857.5328694688       7.277048717821977E-004  3.091221878287373E-004
   55857.5533024613       3.019584072783132E-006  3.090640143386617E-004
   55857.5737354537       3.424160934484277E-005  3.090787829253022E-004
   55857.5941684460       4.164345280168735E-004  3.091316604711850E-004
   56056.6778478728      -2.759242929358807E-004  3.440829065816785E-004
   56056.6982822081      -8.662603248787981E-005  3.440654360703913E-004
   56056.7187163433       3.289550590963586E-004  3.440699347960466E-004
   56056.7391505786       2.203973987657815E-004  3.440468339778043E-004
   56056.7595849138       1.002813694945814E-004  3.440360425561403E-004
   56056.7800190491      -2.911069561625235E-004  3.440431356389221E-004
   56056.8004532844      -3.774662732346501E-004  3.440682788234128E-004
   56056.8208875197      -8.582209248553241E-005  3.440870189137193E-004
   56056.8413218550       1.561529990208310E-004  3.440663468553399E-004
   56056.8617560903      -3.835954196156344E-004  3.440517466966181E-004
   56056.8821902257      -2.209002795782178E-004  3.439897305214801E-004
   56056.9026244610      -1.541913986340404E-004  3.440118377561422E-004
   56056.9230587964      -1.948962019240330E-004  3.440288114756392E-004
   56056.9434930318      -4.887708592989926E-004  3.440341381876114E-004
   56056.9639271672      -5.505486683781147E-004  3.440457851951362E-004
   56056.9843615026      -1.048784293236005E-002  3.432177988782076E-004
   56057.0047957380      -2.403945864175860E-002  3.421658422625498E-004
   56057.0252299735      -3.804549734377649E-002  3.412595560395835E-004
   56057.0456642090      -4.413882206132336E-002  3.408485160323163E-004
   56057.0660984444      -4.399721370077059E-002  3.408614326188604E-004
   56057.0865327799      -3.731313448420881E-002  3.412928686890680E-004
   56057.1069669154      -2.321343281792532E-002  3.422781724062131E-004
   56057.1274011509      -8.109915831273073E-003  3.434731222588045E-004
   56057.1478354865       2.808353531489338E-004  3.440219667887526E-004
   56057.1682696220       2.418437886930747E-005  3.440790702450767E-004
   56057.1887038575       3.223540036607631E-004  3.440801742268326E-004
   56057.2091381931      -1.656286504339022E-004  3.440054346619579E-004
   56057.2295723287       9.730776236576144E-004  3.441022262624069E-004
   56057.2500066642      -1.822541935879718E-004  3.439710456302614E-004
   56057.2704408999       3.351717883393057E-004  3.440875433050533E-004
   56057.2908750354       1.188234082238893E-004  3.440767518833893E-004
   56057.3113093711      -7.353402611212090E-004  3.439494903864774E-004
   56057.3317436068       3.996014468818920E-004  3.440847833506636E-004
   56057.3521778424      -1.253295988116188E-004  3.440586465825925E-004
   56057.3726120781      -6.337480806706264E-005  3.439605026044926E-004
   56057.3930463137       2.079997661248445E-004  3.440610753424555E-004
   56057.4134806494      -2.862615422899450E-004  3.440280110888661E-004
   56057.4339147851      -1.453459448207406E-004  3.440121689506689E-004
   56256.5184602946      -1.535113353819950E-004  3.120460271372538E-004
   56256.5388933313      -2.624379278876043E-004  3.120315189948829E-004
   56256.5593261681       6.976565181382455E-005  3.120673577266131E-004
   56256.5797591048       5.228926978806392E-005  3.120588366295583E-004
   56256.6001921416      -1.692623202567134E-004  3.120609808271832E-004
   56256.6206250785      -1.974871220342678E-004  3.120489788898283E-004
   56256.6410579153       4.276016422464224E-004  3.120563582712647E-004
   56256.6614909521       7.217477824721374E-004  3.121073456199809E-004
   56256.6819238889      -4.621269292625074E-004  3.120175399402376E-004
   56256.7023568258       6.781214484119502E-005  3.120147552679975E-004
   56256.7227897626       7.537098663412678E-005  3.120490067365508E-004
   56256.7432226994      -8.621453089545650E-004  3.119858225234228E-004
   56256.7636556364       6.181385941819162E-004  3.120677475807267E-004
   56256.7840885732       6.694537966254188E-004  3.121210740541247E-004
   56256.8045214101      -5.633170082935957E-004  3.119801696387754E-004
   56256.8249544470      -1.112533546148686E-002  3.111530105965752E-004
   56256.8453873839      -2.603151423731997E-002  3.097740130565538E-004
   56256.8658202209      -3.798209684775444E-002  3.088537067279221E-004
   56256.8862532579      -4.435140911405788E-002  3.083109462616036E-004
   56256.9066861948      -4.294857980945888E-002  3.084253405972270E-004
   56256.9271192318      -3.594059090726631E-002  3.089628380330118E-004
   56256.9475520687      -2.177156923412937E-002  3.101186162462665E-004
   56256.9679850057      -7.607377212452193E-003  3.114669266982021E-004
   56256.9884180428      -5.544572192069941E-004  3.120116921285334E-004
   56257.0088508798      -1.932697549192897E-004  3.120263395045163E-004
   56257.0292838168      -4.653446230769021E-004  3.119941208466983E-004
   56257.0497168539      -1.781457959139088E-004  3.120344429007350E-004
   56257.0701496909       4.420025913742798E-005  3.120410982673889E-004
   56257.0905826279       2.434298127518275E-004  3.120339973531766E-004
   56257.1110156650       2.133236281223194E-004  3.120388705295968E-004
   56257.1314486022      -8.004162029787709E-004  3.119281519613303E-004
   56257.1518815393      -6.551329135506823E-005  3.120609808271832E-004
   56257.1723144764      -3.883135859722442E-004  3.119927563573007E-004
   56257.1927474135      -2.355894676406844E-004  3.120327442506685E-004
   56257.2131803507       1.639437777087860E-004  3.120665223249410E-004
   56257.2336132878      -3.000475723846652E-004  3.120504826128380E-004
   56257.2540462250      -3.777757650398339E-004  3.120432424650137E-004
   56257.2744792622       1.066965552301014E-004  3.120376452738111E-004
