   55022.7403539796       4.534247653409373E-005  8.228029766627931E-005
   55022.7607880254      -8.904684166932686E-005  8.228246496156430E-005
   55022.7812219707       2.845395374895254E-005  8.228030557611612E-005
   55022.8016558157      -2.238876180038485E-005  8.227756086274427E-005
   55022.8220898605       3.001167927196846E-005  8.228700520789123E-005
   55022.8425238051      -1.400882405736548E-004  8.228089090403981E-005
   55022.8629576492      -2.055547700585691E-005  8.228144459261626E-005
   55022.8833915934       1.942422240435171E-004  8.229594332348257E-005
   55022.9038256370      -2.273802525343260E-005  8.228196664184549E-005
   55022.9242594805       7.074303577714325E-005  8.229435344628446E-005
   55022.9446934236       7.976441048596072E-005  8.229012168359298E-005
   55022.9651274666       7.266957731966173E-005  8.228273389601572E-005
   55022.9855613091       5.816852848883336E-005  8.228395992072072E-005
   55023.0059952516      -1.239229787123319E-004  8.228066942860923E-005
   55023.0264291936       1.363613124127916E-004  8.229516024963872E-005
   55023.0468631354       8.690148106826889E-005  8.228997139669366E-005
   55023.0672970770      -7.354698055916931E-005  8.227841512511938E-005
   55023.0877310183       7.710960491236207E-006  8.228671254392938E-005
   55023.1081650594       7.217348410670787E-005  8.229326979864197E-005
   55023.1285989000      -1.312670985931241E-005  8.229069910167985E-005
   55023.1490328404      -3.497962062737336E-005  8.229213869197864E-005
   55023.1694666806       1.165600737929040E-006  8.228784365059271E-005
   55023.1899007205       1.475979838625463E-004  8.229727217606606E-005
   55023.2103346602      -9.779719974611911E-005  8.227449184606335E-005
   55023.2307685997       1.893214018888756E-006  8.228606393731125E-005
   55023.2512025387       5.790536164340665E-006  8.228789901945036E-005
   55023.2716364777      -4.916845641022016E-004  8.226277737775293E-005
   55023.2920704162      -5.265901557919284E-004  8.227127254248311E-005
   55023.3125042545      -6.205799227188002E-004  8.226507123042682E-005
   55023.3329382924      -6.981431734607302E-004  8.225973209058244E-005
   55023.3533722302      -5.909248573805481E-004  8.225629922140841E-005
   55023.3738060676      -6.794410868636858E-004  8.226136942680138E-005
   55023.3942401050      -6.269060544339400E-004  8.226870184552100E-005
   55023.4146740419      -5.865026730267342E-004  8.227975979737648E-005
   55023.4351078785      -6.718863134164144E-004  8.226813233727094E-005
   55023.4555418147      -6.561351423407524E-004  8.227127254248311E-005
   55023.4759758510      -5.834884475233171E-004  8.227611336260868E-005
   55023.4964096867      -7.619048545680629E-004  8.227524328055997E-005
   55023.5168436224      -4.195919843003049E-004  8.229208332312099E-005
   55023.5577114928      -4.739531373004757E-004  8.228028975644252E-005
   55023.5781454273      -4.506936416219798E-004  8.229470147910395E-005
   55023.5985793619      -2.620555088914678E-004  8.229445627416294E-005
   55023.6190133960      -5.840186193095676E-006  8.228331131410259E-005
   55023.6394472301      -9.923081211904439E-005  8.228334295344982E-005
   55023.6598811638       6.744420799909001E-005  8.229348336423574E-005
   55023.6803151970       1.698032143453432E-004  8.231064771010584E-005
   55023.7007490301       7.292993753482691E-005  8.231465008752992E-005
   55023.7211829631       1.872335135038039E-004  8.230870189025144E-005
   55023.7416168956       5.817196033608418E-005  8.229957393857675E-005
   55023.7620508278       5.287896063643771E-005  8.230631311953588E-005
   55023.7824847598       6.352328826042530E-005  8.230601254573723E-005
   55023.8029186916      -5.090523267581304E-005  8.230413000457728E-005
   55023.8233526232      -4.712275746665551E-005  8.230348139795915E-005
   55023.8437865543      -2.711582037728810E-005  8.230276951264657E-005
   55023.8642204853      -8.034139284729402E-005  8.229777840562167E-005
   55023.8846543160       1.204729441814933E-004  8.231241951355049E-005
   55023.9050883463      -6.160910146346676E-005  8.229420315938513E-005
   55023.9255222765      -9.173303039922143E-005  8.229635463499650E-005
   55023.9459561062      -7.773497510243921E-005  8.230031746323656E-005
   55023.9663901359       8.616144382567192E-005  8.230788717706037E-005
   55023.9868240651       1.444481528658503E-004  8.230951660344251E-005
   55024.0072578941      -1.008761586538398E-004  8.230038074193101E-005
   55024.0276918228      -1.762526019755128E-005  8.231186582497405E-005
   55024.0481258514      -7.913670846515508E-005  8.230674025072342E-005
   55024.0685597794      -5.757912625015127E-005  8.230939795589041E-005
   55024.0889936075      -8.998821056693806E-005  8.230471533250097E-005
   55024.1094276351       1.610680337482684E-005  8.231143078394968E-005
   55024.1298615624       5.261959848579245E-005  8.231230877583520E-005
   55157.9258010206      -9.616039832061052E-005  8.415772979296633E-005
   55157.9462336281      -1.013500286074498E-004  8.414837436587766E-005
   55157.9666664356       2.348665149742857E-005  8.414372480710101E-005
   55157.9870990432      -1.692539262876380E-005  8.415617725863434E-005
   55158.0075317509       6.423613381389970E-005  8.414362827646897E-005
   55158.0279643587       2.602625724545948E-004  8.414556693332913E-005
   55158.0483971666      -1.385026654181498E-004  8.415320089747973E-005
   55158.0688298746      -1.960773182718700E-005  8.414253426263917E-005
   55158.0892625827       8.560871864293773E-005  8.417846779041653E-005
   55158.1096952909      -1.084143633632850E-004  8.415239647554606E-005
   55158.1301279992       6.315087869968039E-005  8.416122902837783E-005
   55158.1505607076      -9.727012850735406E-007  8.414938793751410E-005
   55158.1709934161       5.258918857631301E-005  8.417732551127071E-005
   55158.1914261247       4.387313728981823E-006  8.416373882481090E-005
   55158.2118588334       4.853260185977426E-005  8.415506715636586E-005
   55158.2322914422       1.982544256917684E-005  8.417233005106258E-005
   55158.2527242511      -3.251975138995888E-005  8.415364332954325E-005
   55158.2731569601       9.084726318220326E-005  8.419157986793547E-005
   55158.2935895692      -5.782341607296626E-005  8.418324605670258E-005
   55158.3140223783      -7.184801198301116E-005  8.417787251818561E-005
   55158.3344550876       6.909385563291792E-005  8.417552360613927E-005
   55158.3548876970       1.971323863636520E-005  8.418143610735180E-005
   55158.3753205065      -8.064916929173549E-006  8.416566139323238E-005
   55158.3957532161       2.076411031493031E-005  8.418696248603617E-005
   55158.4161859258       1.123289232103364E-004  8.418035818196068E-005
   55158.4366185356      -1.403770388357373E-004  8.417299772126752E-005
   55158.4570513455      -3.165271128932057E-004  8.417372170100783E-005
   55158.4774840555      -5.188237519444527E-004  8.415202644145656E-005
   55158.4979166656      -7.072821690273789E-004  8.414214814011100E-005
   55158.5183494758      -5.520614855113459E-004  8.413742618336032E-005
   55158.5387821861      -6.187472114274062E-004  8.417388258539457E-005
   55158.5592147965      -6.262385895928757E-004  8.416364229417886E-005
   55158.5796476070      -6.891166943309157E-004  8.416853317953562E-005
   55158.6000803176      -7.160308279303695E-004  8.418106607326231E-005
   55158.6205129283      -7.065115059790017E-004  8.416455933518325E-005
   55158.6409457391      -6.585908401856022E-004  8.415262171368748E-005
   55158.6613784500      -5.905154268377455E-004  8.415888011633149E-005
   55158.6818111610      -6.035743115506698E-004  8.415686101727795E-005
   55158.7022437722      -6.780181133769769E-004  8.416258850144575E-005
   55158.7226765834      -5.788583997833330E-004  8.416227477689161E-005
   55158.7431092947      -5.284149733282284E-004  8.417058445546649E-005
   55158.7635419061      -3.467034775649358E-004  8.419262561644925E-005
   55158.7839747176      -3.821400136059250E-004  8.417808166788836E-005
   55158.8044074293      -8.732370036768078E-005  8.419009973157751E-005
   55158.8248400410       2.352430149499263E-005  8.420656624855988E-005
   55158.8452728528       7.426814224276157E-006  8.419033301393828E-005
   55158.8657055648       6.869529673103614E-005  8.419227971501777E-005
   55158.8861381768       9.456164746635132E-005  8.421865671022304E-005
   55158.9065708889      -7.442645153510341E-006  8.420309114580639E-005
   55158.9270037012      -2.378828923443876E-005  8.420185233602853E-005
   55158.9474363135       5.194595609059327E-005  8.421035507586749E-005
   55158.9678690260      -1.947320116424400E-005  8.420683975201733E-005
   55158.9883017385      -5.676487340688929E-005  8.418388959424952E-005
   55159.0087344512      -1.829539898244859E-004  8.421131233796857E-005
   55159.0291671640      -1.302222589861790E-004  8.421335556968011E-005
   55159.0495999768      -1.808668564748928E-004  8.419729126366457E-005
   55159.0700325898       9.770615939652671E-006  8.421325903904807E-005
   55159.0904653029       6.753845032592132E-005  8.420876232043882E-005
   55159.1108979161       1.432994942700550E-004  8.422300058866490E-005
   55159.1313307294       3.119064503120939E-006  8.419885988643525E-005
   55159.1517634428       2.873659781910121E-006  8.420815095976923E-005
   55159.1721960563       4.315671635835017E-005  8.420928519469571E-005
   55159.1926288699       4.989889802309300E-005  8.420687192889467E-005
   55159.2130615836       1.045534541443960E-004  8.422637916078635E-005
   55159.2334941974       9.453224915523251E-006  8.421139278016194E-005
   55159.2539270113       4.523967976743926E-005  8.419540087212044E-005
   55159.2743597253       1.221579469918854E-004  8.421938068996336E-005
   55159.2947924394      -5.331174143563544E-005  8.421736159090983E-005
   55159.3152250537       3.049925260123487E-006  8.422422331000409E-005
   55293.1141164119       9.272067531318484E-005  8.266955292156566E-005
   55293.1345508114      -3.729336808777628E-005  8.265726112669541E-005
   55293.1549851110      -6.392613068517683E-005  8.266136668571078E-005
   55293.1754196108       1.569679154582726E-004  8.266339873007193E-005
   55293.1958540107      -1.205401880897128E-004  8.265498855463438E-005
   55293.2162883107      -5.800734170080535E-005  8.266885622064185E-005
   55293.2367228109      -6.340184712760877E-005  8.266986809579310E-005
   55293.2571571112      -8.624518071242981E-005  8.265958346310815E-005
   55293.2775915117      -7.743810823690467E-006  8.266427790028531E-005
   55293.2980260122       6.842253902794582E-006  8.265756800686423E-005
   55293.3184604129      -5.101847564636941E-006  8.266552200907785E-005
   55293.3388947137       3.587298667584449E-005  8.267080532441682E-005
   55293.3593292147       5.138747017463530E-005  8.266047922143877E-005
   55293.3797635158      -2.151633930325136E-005  8.266459307451275E-005
   55293.4001979170      -1.037287460928793E-004  8.265778365238828E-005
   55293.4410667199      -6.181134472371674E-005  8.265527055262735E-005
   55293.4615011216      -2.934002200272179E-005  8.266659194263943E-005
   55293.4819356233      -3.943385472582328E-005  8.266725546732878E-005
   55293.5023700252      -1.250773738153965E-004  8.266263567667917E-005
   55293.5228043272       4.698352895138314E-005  8.264813766221682E-005
   55293.5432387294      -2.219237918321681E-006  8.266261908856194E-005
   55293.5636732317      -1.381887531993753E-004  8.264506886052856E-005
   55293.5841075341      -7.173001551175062E-005  8.264179270737489E-005
   55293.6045419367      -1.125553731537998E-004  8.265133916884295E-005
   55293.6249764394      -5.244444742102949E-005  8.266951974533120E-005
   55293.6454107422      -3.011230055548486E-004  8.266644264958433E-005
   55293.6658451451      -5.515671586150406E-004  8.263786961764909E-005
   55293.6862796482      -5.110540873448643E-004  8.264667790790025E-005
   55293.7067139514      -7.818605835211434E-004  8.263075331535579E-005
   55293.7271483548      -5.330909555578689E-004  8.263377235269233E-005
   55293.7475828582      -5.718066639731623E-004  8.264643738020036E-005
   55293.7680171619      -6.872721814249472E-004  8.263220477561375E-005
   55293.7884515656      -7.212696683503994E-004  8.264056518669959E-005
   55293.8088860695      -6.467181749304496E-004  8.263420364374042E-005
   55293.8293204735      -6.613389460481400E-004  8.263613615939815E-005
   55293.8497547776      -6.939983180067610E-004  8.263849996610398E-005
   55293.8701892819      -7.818453503009026E-004  8.263164907368642E-005
   55293.8906236863      -7.058608891753471E-004  8.264165170837840E-005
   55293.9110579908      -6.681505801532373E-004  8.263001514413889E-005
   55293.9314924954      -5.619751320673494E-004  8.263887319874174E-005
   55293.9519269002      -4.028891398409895E-004  8.262887056404975E-005
   55293.9723612051      -6.921960882059208E-004  8.262632428805435E-005
   55293.9927957102      -1.532882723187523E-005  8.265030241151584E-005
   55294.0132301153      -6.798467830138044E-005  8.265820664937774E-005
   55294.0336644206      -3.659180265225270E-005  8.265416744283131E-005
   55294.0540989261       1.775030704798120E-005  8.265140552131188E-005
   55294.0745333316       6.030239145426997E-005  8.266557177342956E-005
   55294.1154020431      -1.018862779699203E-004  8.266419495969915E-005
   55294.1358364491      -5.074582867259370E-005  8.266022210562165E-005
   55294.1562708552       9.708430746258045E-005  8.265110693520167E-005
   55294.1767052614      -3.160435344196078E-005  8.264532597634568E-005
   55294.1971397677      -1.311646586570347E-004  8.264867677602692E-005
   55294.2175740742       9.018352014877884E-005  8.266222926780694E-005
   55294.2380084808       3.726259202996296E-005  8.265076687879838E-005
   55294.2584429875      -7.826299316704421E-005  8.265091617185349E-005
   55294.2788772943      -3.201369273486687E-005  8.265750165439530E-005
   55294.2993117013      -2.470016584821266E-005  8.266070316102143E-005
   55294.3197462084       1.244459085891769E-004  8.266869033946951E-005
   55294.3401805157       1.575094680505984E-005  8.266178138864163E-005
   55294.3606149230       3.615789090005705E-005  8.265641513271649E-005
   55294.3810494305      -4.843021270684034E-007  8.267340136476391E-005
   55294.4014837382      -9.199372252499671E-005  8.265231786775974E-005
   55294.4219181459      -1.610531183859898E-005  8.266016404721133E-005
   55294.4423526538       8.321411788991817E-005  8.265794123950199E-005
   55294.4627869618       6.052775068887684E-005  8.266867375135228E-005
   55294.4832213699       5.150282604016176E-005  8.264934030071626E-005
   55294.5036558782      -4.669618469088643E-005  8.265765094745041E-005
   55428.3066052611      -1.582221741980305E-005  8.248988279226908E-005
   55428.3270386112      -2.940746433222063E-005  8.248917640568444E-005
   55428.3474721610       1.566375165964473E-004  8.249553388494629E-005
   55428.3679056106      -1.123499333942624E-004  8.246454117354478E-005
   55428.3883390597       9.061138337207453E-006  8.247582730465862E-005
   55428.4087725086       4.998424971680571E-005  8.250140170987104E-005
   55428.4292059573       2.366158761901715E-005  8.249159256888875E-005
   55428.4496394055       1.219515540240579E-005  8.248879913103127E-005
   55428.4700728534       3.453841347567099E-005  8.248746662906477E-005
   55428.4905063012       1.309763144605736E-004  8.247781000336781E-005
   55428.5109397487       3.546014868982539E-005  8.248735424938086E-005
   55428.5313732957       2.658584083969906E-005  8.247237564293817E-005
   55428.5518066425       6.574422302563221E-005  8.248606991013604E-005
   55428.5722400891       1.041006222379792E-004  8.250087994705283E-005
   55428.5926736352      -3.688520001543516E-005  8.247613233522926E-005
   55428.6131069813      -1.302824459835650E-004  8.247532159608097E-005
   55428.6335404269      -3.570401409014323E-005  8.248261824841558E-005
   55428.6539739721      -1.401600861816732E-005  8.248798036476270E-005
   55428.6744073172       4.733652483479567E-005  8.249205011474472E-005
   55428.6948408619      -5.844186408532348E-005  8.248151853293721E-005
   55428.7152743064       3.693167198770553E-005  8.249555796630713E-005
   55428.7357076504      -6.985826775174342E-005  8.248385442493872E-005
   55428.7561411944      -4.900484955494555E-005  8.247972848511475E-005
   55428.7765746379       1.260037529309255E-004  8.248453673016253E-005
   55428.7970079810       7.272489442700092E-005  8.248825328685223E-005
   55428.8378745667      -6.205273883943541E-004  8.246652387225397E-005
   55428.8583080091      -7.285426827897679E-004  8.245560698867302E-005
   55428.8787414512      -5.516076197563669E-004  8.247193415132276E-005
   55428.8991748929      -4.384802302682678E-004  8.246666836041902E-005
   55428.9196083343      -7.135532665270006E-004  8.247577111481665E-005
   55428.9400417755      -6.669200144306942E-004  8.246967853052406E-005
   55428.9604752165      -5.674760822591551E-004  8.246629911288613E-005
   55428.9809086570      -6.310040808219508E-004  8.246824167599391E-005
   55429.0013421973      -5.838428492784820E-004  8.246668441465957E-005
   55429.0217755373      -7.799958668845974E-004  8.246265480027896E-005
   55429.0422090769      -5.916821551910090E-004  8.247398909411447E-005
   55429.0626425163      -5.701617542491766E-004  8.248082017347285E-005
   55429.0830758554      -5.154494308271529E-004  8.246663625193789E-005
   55429.1035093943      -4.787451513499352E-004  8.247663001668663E-005
   55429.1239428327      -6.224430497884237E-004  8.246401941072658E-005
   55429.1443761711      -5.384266536692106E-004  8.246072829141174E-005
   55429.1648097088      -4.861490774857868E-004  8.247591560298170E-005
   55429.1852431465      -5.079714868017060E-005  8.248871083270819E-005
   55429.2056764838      -3.910612222968179E-005  8.248391864190097E-005
   55429.2261100208       3.186664844201381E-005  8.248497019465766E-005
   55429.2465434576      -4.256193745366676E-005  8.248438421487722E-005
   55429.2669768941      -7.853995669448999E-005  8.248736227650113E-005
   55429.2874103302      -7.227326733028061E-005  8.248759506298925E-005
   55429.3078437661      -2.594737838912398E-005  8.249514055605256E-005
   55429.3282772015      -5.706789564141612E-005  8.247353154825850E-005
   55429.3487106369      -3.388007890592348E-005  8.248575685244512E-005
   55429.3691440718       4.050503048080856E-005  8.249291704373497E-005
   55429.3895775065       8.329243985238932E-005  8.248049106154136E-005
   55429.4100109407      -2.828298315538103E-005  8.248058738698472E-005
   55429.4304443749      -6.654491788915529E-005  8.249162467736987E-005
   55429.4508778087      -7.027330324516079E-005  8.249015571435861E-005
   55429.4713112422      -8.553168264957556E-005  8.248467319120729E-005
   55429.4917446753       8.481777228142029E-005  8.248812485292775E-005
   55429.5121782081      -1.850689090557855E-004  8.249160059600904E-005
   55429.5326115407       6.563870596210108E-005  8.246699747235049E-005
   55429.5530449730      -3.456752778552286E-004  8.248196805167291E-005
   55429.5734785049      -1.153766012719215E-004  8.248360558421005E-005
   55429.5939118366      -2.000377863597969E-005  8.248110112268265E-005
   55429.6143452680      -6.600284800928335E-006  8.248401496734433E-005
   55429.6347787992      -4.814531317298698E-005  8.249235514531536E-005
   55429.6552121300      -4.198989388748409E-005  8.248820512413055E-005
   55429.6756455605       2.177327704946386E-004  8.249496395940640E-005
   55429.6960790907       6.907043982096184E-005  8.249237922667621E-005
   55698.6816292314       5.466571977308377E-007  8.262760430776490E-005
   55698.7020638154       4.585252431388298E-005  8.264600516503110E-005
   55698.7224982995      -5.097440809231912E-006  8.264741292640639E-005
   55698.7429326834      -7.143688310051743E-005  8.263745030744288E-005
   55698.7633672674       6.598781181521574E-005  8.266319817969723E-005
   55698.7838016512      -6.279547344556491E-006  8.264895396696511E-005
   55698.8042361350      -7.405107292568491E-005  8.264311467273985E-005
   55698.8246707189       7.522636110279812E-005  8.264700475890704E-005
   55698.8451051027       7.878402853722655E-005  8.264397265748337E-005
   55698.8655396865       2.106157862113989E-004  8.263935786575612E-005
   55698.8859741702      -4.695435960366812E-005  8.264897895681202E-005
   55698.9064085539      -5.309332485103901E-005  8.264250658646532E-005
   55698.9268431376       4.147334986304152E-005  8.263590926688414E-005
   55698.9472776212      -3.470468024879825E-005  8.264324795192332E-005
   55698.9677120048      -1.047984106337108E-004  8.264543039855244E-005
   55698.9881465884       1.009078474396574E-004  8.262537188144197E-005
   55699.0085810720      -6.676515092829405E-005  8.264737127666155E-005
   55699.0290156555       3.522976600911498E-005  8.263381011974468E-005
   55699.0494500390       1.000397291357480E-004  8.265386863685515E-005
   55699.0698845224       1.457319397557555E-005  8.262196493231482E-005
   55699.0903191058      -2.497563579656470E-004  8.263382677964260E-005
   55699.1107534892       3.210875977899263E-005  8.263583429734345E-005
   55699.1311879725       5.803471104615099E-005  8.264009090126515E-005
   55699.1516225559      -1.515883370982740E-004  8.262276460741557E-005
   55699.1720569391      -2.027158996332767E-004  8.265027842885074E-005
   55699.1924914224      -8.163842441699654E-005  8.262782088643801E-005
   55699.2129260056      -5.420881136968259E-004  8.263424327709090E-005
   55699.2333604888      -4.897502832302836E-004  8.263555107907859E-005
   55699.2537949720      -7.021667887541216E-004  8.262789585597871E-005
   55699.2742294551      -6.821590269647793E-004  8.261272701891137E-005
   55699.2946639381      -7.771914768061050E-004  8.262792917577458E-005
   55699.3150984211      -8.045598113132213E-004  8.262727110980626E-005
   55699.3355329042      -5.595099108006707E-004  8.263956611448028E-005
   55699.3559673871      -6.855612358459551E-004  8.261251877018721E-005
   55699.3764019701      -5.558044868505529E-004  8.263685888106628E-005
   55699.3968363530      -7.096004523641231E-004  8.261257707982997E-005
   55699.4172708359      -7.588559248049576E-004  8.262206489170241E-005
   55699.4377053187      -5.510494707408053E-004  8.262468882562675E-005
   55699.4581398015      -6.600935408070940E-004  8.262882048031395E-005
   55699.4785743843      -5.078628895510695E-004  8.262857891179393E-005
   55699.4990087670      -6.951130721224441E-004  8.261501775487706E-005
   55699.5194432497      -4.837531721834099E-004  8.263059475944373E-005
   55699.5398778324      -4.655837936751173E-004  8.262783754633595E-005
   55699.5603122150      -1.469743238299293E-004  8.265235258614330E-005
   55699.5807466977       1.565566166394916E-005  8.265078655573767E-005
   55699.6011812802       5.329664569453385E-006  8.263560938872135E-005
   55699.6216156628       1.225539378708618E-004  8.264643832237734E-005
   55699.6420501452       1.026236715175877E-004  8.263619248514899E-005
   55699.6624847277       1.532909996055931E-004  8.264323962197435E-005
   55699.6829191101      -3.059235963442930E-005  8.263176928224797E-005
   55699.7033536925       4.586693831321043E-005  8.264912056594444E-005
   55699.7237881748      -9.801059853875582E-005  8.264137371340593E-005
   55699.7442226571      -3.458376857856660E-005  8.265418517491586E-005
   55699.7646571394       7.361334737687741E-005  8.264294807376053E-005
   55699.7850916217      -4.811190261255760E-005  8.263836660182915E-005
   55699.8055261039       1.973333976967862E-004  8.264847915987405E-005
   55699.8259605860      -2.127301142518245E-005  8.263929122616439E-005
   55699.8463950682      -1.055356743698832E-004  8.264494726151241E-005
   55699.8668295503      -6.293114077460249E-005  8.265241089578607E-005
   55699.8872641324      -1.184274151105891E-004  8.263939951550096E-005
   55699.9076985143      -3.896178921503068E-005  8.264972032227000E-005
   55699.9281330964      -1.073160272714313E-004  8.264134039361006E-005
   55699.9485675783       2.702511000873820E-005  8.264074896723347E-005
   55699.9690019602      -1.760068540324067E-005  8.264862909895544E-005
   55699.9894365421       9.992445644857462E-005  8.265205270798053E-005
   55700.0098710239       3.336874284376457E-005  8.265190276889914E-005
   55700.0303054058      -1.805377862262869E-005  8.264224835804737E-005
   55700.0507399875      -7.120852677711120E-005  8.264418090620753E-005
   55700.0711744692      -2.975057544074566E-005  8.265280240338748E-005
   55833.8515912230       3.119869983114754E-005  8.545596380531068E-005
   55833.8720241221       8.514638842993527E-005  8.544402522072930E-005
   55833.8924571207      -6.311619729892914E-005  8.542606018237156E-005
   55833.9128902193       5.471392919220719E-005  8.543327886142076E-005
   55833.9333232177      -1.890651522706843E-005  8.545559633861700E-005
   55833.9537561158      -1.518208013029376E-005  8.544988835597515E-005
   55833.9741892137       8.278884494994365E-005  8.545673956833068E-005
   55833.9946222111      -6.197929429441196E-005  8.545023949081579E-005
   55834.0150551086       5.399674156580936E-005  8.545980179077801E-005
   55834.0354882058       1.032582049509401E-005  8.545435511778502E-005
   55834.0559211025      -3.848348965729276E-005  8.546160646054032E-005
   55834.0763541992       5.597537512658235E-005  8.545437961556459E-005
   55834.0967871957       1.939530469008410E-005  8.546288034507841E-005
   55834.1172200918       9.576232874741741E-005  8.546234139392768E-005
   55834.1376531878      -6.011557626783848E-005  8.544725076170717E-005
   55834.1580861834       3.850728237586587E-005  8.545883004552139E-005
   55834.1785190790      -2.440379485935118E-005  8.545776847507298E-005
   55834.1989521743      -7.845309085063867E-005  8.546930692925457E-005
   55834.2193851692       2.479016464507211E-005  8.546777173506764E-005
   55834.2398180641      -9.381038412858977E-005  8.546221890502979E-005
   55834.2602511585      -4.812221492522806E-005  8.545919751221508E-005
   55834.2806841526      -1.251377965914013E-004  8.545871572255003E-005
   55834.3011171468      -2.976832508949645E-005  8.545306490139387E-005
   55834.3215501405      -3.700228100900205E-005  8.546251287838473E-005
   55834.3419831342       8.040999247604930E-005  8.547377369106443E-005
   55834.3624162275       2.506344744723776E-005  8.547098911011898E-005
   55834.3828491205      -3.110319978960607E-004  8.544624635274445E-005
   55834.4032821135      -5.840329585764525E-004  8.544666281499729E-005
   55834.4237152060      -7.023454392639517E-004  8.545277092803892E-005
   55834.4441481984      -4.111235339036012E-004  8.545379166885470E-005
   55834.4645810904      -7.328493804872327E-004  8.544435185779036E-005
   55834.4850141825      -5.762671370200811E-004  8.543661872537000E-005
   55834.5054471741      -6.630738360196009E-004  8.544449884446783E-005
   55834.5258800655      -7.888591444993320E-004  8.543606344236621E-005
   55834.5463131567      -6.112700153175776E-004  8.544391906368447E-005
   55834.5667461476      -5.407204863888682E-004  8.544295548435437E-005
   55834.5871790385      -7.841763913080113E-004  8.543999125302533E-005
   55834.6076121289      -3.988730029065302E-004  8.545491856671532E-005
   55834.6280451191      -6.197183332847800E-004  8.544764272618043E-005
   55834.6484781091      -5.182144966413560E-004  8.544745490987034E-005
   55834.6689110989      -6.935167717023738E-004  8.543494471043211E-005
   55834.6893439884      -6.229825057912919E-004  8.543516519044833E-005
   55834.7097770777      -4.454042763277766E-004  8.543716584244725E-005
   55834.7302100667      -4.684110542115816E-004  8.545010883599136E-005
   55834.7506429558       1.708560167035245E-005  8.545382433256080E-005
   55834.7710760444      -1.117404940411681E-004  8.546210458205842E-005
   55834.7915090327       7.841802950214749E-005  8.545797262323613E-005
   55834.8119420209      -1.020651425264196E-004  8.544868796477579E-005
   55834.8323750087       5.007375722065888E-006  8.546794321952469E-005
   55834.8528079964       5.724627101688640E-005  8.546344379400872E-005
   55834.8732410838       1.238757913588628E-004  8.545858506772561E-005
   55834.8936739710      -7.033180736548683E-005  8.545814410769319E-005
   55834.9141069577       1.754530581421498E-005  8.545512271487848E-005
   55834.9345400445      -3.276068297686230E-005  8.545879738181529E-005
   55834.9549730309      -1.027568946272428E-004  8.545523703784984E-005
   55834.9754059172       4.413768925326522E-005  8.546787789211248E-005
   55834.9958390032       4.479199815610180E-005  8.545281992359807E-005
   55835.0162719890      -3.840248061037776E-005  8.545377533700164E-005
   55835.0367048746      -9.666891282866796E-005  8.544512762081036E-005
   55835.0571379599       2.469992192533077E-005  8.545361201847112E-005
   55835.0775709450       1.474246211203845E-004  8.545324455177744E-005
   55835.0980038299       1.117698212405038E-005  8.545945882186392E-005
   55835.1184369143      -1.288358464240913E-004  8.545132555904377E-005
   55835.1388698987      -1.185049595662235E-004  8.545406931035659E-005
   55835.1593029828      -2.254754739305920E-005  8.545691105278773E-005
   55835.1797358667      -4.595398665374617E-005  8.545014966562399E-005
   55835.2001688504      -2.770793177120368E-007  8.544704661354402E-005
   55835.2206019339       3.078747568663331E-006  8.546478300595903E-005
   55835.2410348169      -6.818095123095613E-005  8.545012516784441E-005
   55835.2614677999       9.162448975530424E-006  8.544491530672067E-005
   55969.0561547825      -9.232397069758314E-005  9.038766099316651E-005
   55969.0765884129       3.619140125588061E-005  9.038120632938083E-005
   55969.0970219437      -1.249944499704947E-004  9.038190697131142E-005
   55969.1174553746       1.134887717135769E-005  9.038141652196000E-005
   55969.1378890061       2.247036858133988E-004  9.040649074505146E-005
   55969.1583225377       4.392815925946536E-005  9.038765223514237E-005
   55969.1787559697      -1.336445813959752E-005  9.037502316434325E-005
   55969.1991896022      -2.031912324208518E-004  9.037248333734482E-005
   55969.2196231348       5.962695890482372E-005  9.037435755450918E-005
   55969.2400567679       1.459387505491350E-004  9.038828281287992E-005
   55969.2604902013      -3.378010865917602E-005  9.037845630980321E-005
   55969.2809237349      -1.441326559828982E-004  9.036454856748074E-005
   55969.3013573690      -1.003411638382801E-004  9.037799213452419E-005
   55969.3217908034      -7.833382553867896E-005  9.037971746527829E-005
   55969.3422243381      -3.219898624473583E-005  9.037675725312150E-005
   55969.3626579731       5.159177742020127E-005  9.038503358592675E-005
   55969.3830915084       4.788951277467923E-005  9.038269519348336E-005
   55969.4035250441      -2.297793766148359E-006  9.037492682607780E-005
   55969.4239585801      -6.224520702080572E-005  9.037935838628886E-005
   55969.4443921165      -3.418102940888623E-005  9.036943554494669E-005
   55969.4648256532       3.874362803246711E-006  9.036491640449430E-005
   55969.4852591902      -2.074403546703518E-005  9.036820066354401E-005
   55969.5056927276       2.431782310245989E-004  9.037698496174894E-005
   55969.5261262652      -1.632290093465105E-004  9.037025879921515E-005
   55969.5465598033       2.322655925843797E-004  9.038094358865685E-005
   55969.5669932416      -2.986903011211739E-004  9.036287578487142E-005
   55969.5874268803      -6.045775051407576E-004  9.035860186909474E-005
   55969.6078604193      -5.677125755436663E-004  9.035169178805417E-005
   55969.6282940587      -6.088712771974425E-004  9.035351345707374E-005
   55969.6487274984      -4.729444520398252E-004  9.036476751808405E-005
   55969.6691610383      -6.326783969488048E-004  9.035095611402704E-005
   55969.6895946787      -5.720683097215629E-004  9.034477294898947E-005
   55969.7100281193      -7.134069020422462E-004  9.033656668037728E-005
   55969.7304616603      -5.838753464483259E-004  9.035194577075402E-005
   55969.7508953017      -8.460200468457524E-004  9.034249586271501E-005
   55969.7713287434      -6.736969717204833E-004  9.034865275368018E-005
   55969.7917623853      -6.043259225888553E-004  9.035176185224723E-005
   55969.8121959277      -7.740598012236921E-004  9.034418616137259E-005
   55969.8326293704      -5.871826234119526E-004  9.035890839993938E-005
   55969.8530630134      -7.686197565101027E-004  9.034768061300147E-005
   55969.8734965567      -6.246630034334455E-004  9.035075467947199E-005
   55969.8939300003      -5.894635781746871E-004  9.034782949941173E-005
   55969.9143636443      -4.464028995337932E-004  9.035812017776745E-005
   55969.9347971887      -1.186391813035037E-004  9.036503025880803E-005
   55969.9552308334      -4.754728767375482E-006  9.037550485567055E-005
   55969.9756642783      -8.012882591035275E-005  9.036512659707349E-005
   55969.9960978236       6.641411117680462E-005  9.036045857021084E-005
   55970.0165314694      -7.570316441130043E-005  9.035917114066336E-005
   55970.0369650154      -5.800097776487156E-005  9.035984550852156E-005
   55970.0573984617       2.301686456398500E-004  9.038313309468998E-005
   55970.0778321083       1.011238937222991E-004  9.037078428066311E-005
   55970.0982656553      -1.015725573922932E-004  9.036651912291056E-005
   55970.1186992027      -3.948955031218837E-005  9.035896094808417E-005
   55970.1391327503       9.869342547830229E-005  9.037546982357401E-005
   55970.1595662982       1.684839157360951E-004  9.036520541929067E-005
   55970.2004333952      -9.043526663710111E-005  9.035290039538446E-005
   55970.2208668442       6.273992626093516E-006  9.035273399292595E-005
   55970.2413004935       1.837978481864511E-004  9.037312267310649E-005
   55970.2617340432       5.436448794116089E-005  9.037684483336282E-005
   55970.2821674931       5.778590729588196E-005  9.036968952764654E-005
   55970.3026011434      -5.039692617170299E-005  9.037880663076851E-005
   55970.3230346940       5.018145140778252E-005  9.036465366377033E-005
   55970.3434683450      -4.560446595958112E-005  9.037025879921515E-005
   55970.3843353479      -1.143931642964002E-004  9.037380579898882E-005
   55970.4047690000      -5.941862497538253E-005  9.037749292714864E-005
   55970.4252024523      -2.116070224333910E-005  9.036631768835550E-005
   55970.4456360049       6.731643381652219E-005  9.037261470770681E-005
   56104.2285977395       3.641595927250663E-005  8.590678278679091E-005
   56104.2490321522       8.345603616355390E-005  8.589252525832191E-005
   56104.2694664646       7.971727995048639E-006  8.591374616030255E-005
   56104.2899006769       9.813618644649580E-005  8.592490791370243E-005
   56104.3103350891      -5.448887513082035E-005  8.591570540425040E-005
   56104.3307694011      -9.247125224853825E-005  8.590205006764415E-005
   56104.3512036129       6.617660525987112E-005  8.591130346654939E-005
   56104.3716380244       8.444603453194865E-005  8.592289778030139E-005
   56104.3920723359      -6.525949128277642E-005  8.591065038523343E-005
   56104.4125065472      -3.105326057895041E-005  8.591387338393553E-005
   56104.4329409583       3.838508636477833E-005  8.591234670033980E-005
   56104.4533751691       1.121420783793958E-004  8.591082849831960E-005
   56104.4738095799       1.283494643988803E-005  8.590281340944202E-005
   56104.4942438905       1.102274665498726E-004  8.591391579181318E-005
   56104.5146781009       5.818696676818114E-005  8.590143091263034E-005
   56104.5351125110      -1.332419128395879E-004  8.588805546801664E-005
   56104.5555468212       8.875151336473763E-005  8.591026023275896E-005
   56104.5759810311      -3.338864093149763E-005  8.590711356823666E-005
   56104.5964154407      -5.224488798061255E-005  8.591250785027491E-005
   56104.6168497502      -1.269860007535595E-005  8.590220273600373E-005
   56104.6372840596      -5.067905654732030E-005  8.590238933066544E-005
   56104.6577183688       1.590529772348415E-004  8.588620648455071E-005
   56104.6781526778      -1.455155118923468E-005  8.591234670033980E-005
   56104.6985869865      -2.604344070078479E-005  8.590417894310265E-005
   56104.7190213953      -4.191169242739878E-005  8.590661315528028E-005
   56104.7394556038       8.202221463049497E-005  8.592040419709503E-005
   56104.7598900120      -1.055035276882332E-004  8.589847084276973E-005
   56104.7803243203      -5.210925004689448E-004  8.587764009326357E-005
   56104.8007585281      -4.602555724085855E-004  8.587963326351355E-005
   56104.8211929359      -6.022411400699035E-004  8.585888732976270E-005
   56104.8416272435      -6.012470448724105E-004  8.587927703734121E-005
   56104.8620614511      -5.401176628951898E-004  8.587155880360725E-005
   56104.8824958582      -6.102634904024962E-004  8.588087157354119E-005
   56104.9029301653      -6.722422365713632E-004  8.583697942016400E-005
   56104.9233643722      -4.962688261803683E-004  8.585186458522235E-005
   56104.9437987790      -5.954227322423344E-004  8.588864069672834E-005
   56104.9642330854      -7.793534996034523E-004  8.588074434990822E-005
   56104.9846674918      -5.359350485865111E-004  8.589524784406763E-005
   56105.0051016980      -7.458861416838047E-004  8.587483269176253E-005
   56105.0255360042      -5.785558207573871E-004  8.586852239956685E-005
   56105.0459704099      -5.173682246443212E-004  8.587319574768489E-005
   56105.0664046156      -6.283587226395548E-004  8.586982008062323E-005
   56105.0868389211      -6.721979621286955E-004  8.584429053827244E-005
   56105.1072732263      -3.252724747733193E-004  8.588205051254012E-005
   56105.1277075316       4.326126868448021E-005  8.589752938788570E-005
   56105.1481418366       1.076048780868089E-004  8.590455213242605E-005
   56105.1685761414       1.749275388447380E-004  8.589680845396549E-005
   56105.1890104459      -8.141292463559324E-005  8.588948037270600E-005
   56105.2094447505       5.838350786491198E-005  8.590051490247290E-005
   56105.2298790545      -3.384487462965158E-005  8.589931051874738E-005
   56105.2503133586       1.117344673498000E-004  8.591642633817060E-005
   56105.2707477627       5.823579381591948E-005  8.590382271693032E-005
   56105.2911820663       7.076237512393391E-005  8.589527328879423E-005
   56105.3116162699       1.180194938155132E-005  8.588702919737730E-005
   56105.3320506733       9.456001841057216E-005  8.589368723416979E-005
   56105.3524849765      -8.402343970670412E-005  8.588573999789646E-005
   56105.3729191796      -1.073004919343035E-004  8.588286474379117E-005
   56105.3933535823       1.385259156472252E-005  8.589079501691343E-005
   56105.4137878850       1.258947805202748E-004  8.587680041728592E-005
   56105.4342220874       2.584448872533507E-005  8.588802154171453E-005
   56105.4546564899      -3.172549828089899E-005  8.590024349205588E-005
   56105.4750907921       2.988428629668860E-005  8.590261833320479E-005
   56105.4955251938       1.333209166536342E-004  8.589180432440171E-005
   56105.5159593958       7.783514422787796E-005  8.588216925459756E-005
   56105.5363936973       6.174245834533743E-005  8.589614689107402E-005
   56105.5568280986      -7.641066868258051E-005  8.589726645904421E-005
   56239.4164220577      -1.703219864923611E-005  8.593678135206718E-005
   56239.4368546721      -2.940363690062675E-005  8.592199265759740E-005
   56239.4572874862      -5.805288857163582E-005  8.593791322421374E-005
   56239.4777202003       6.842314836630337E-005  8.593822717415221E-005
   56239.4981528143      -3.282816574678993E-005  8.592688366716505E-005
   56239.5185856281       1.046196388749809E-004  8.593061801906469E-005
   56239.5390183419      -1.700002770307352E-004  8.593126244262259E-005
   56239.5594510556      -1.419164673572837E-004  8.592220746545003E-005
   56239.5798837692       1.154526301205827E-005  8.592269491403870E-005
   56239.6003164827       2.852912764605975E-005  8.592998185734727E-005
   56239.6207491961      -8.326351846843494E-005  8.592433075845491E-005
   56239.6411819093      -8.378092048988428E-005  8.593093196900315E-005
   56239.6616146225      -1.638877149734430E-005  8.593372447108739E-005
   56239.6820474355      -2.297232147765449E-004  8.591698598226294E-005
   56239.7024801486      -1.658551960682653E-004  8.593492243795784E-005
   56239.7229127615      -1.483851967569727E-004  8.592250489170753E-005
   56239.7433455743      -1.729344783831799E-004  8.591515185367507E-005
   56239.7637782870      -9.624466641533491E-005  8.592137301956097E-005
   56239.7842108995       2.997129640402996E-005  8.591634982054553E-005
   56239.8046437121       4.895645659530601E-006  8.593430279992140E-005
   56239.8250764244       1.501457759478519E-005  8.593231169636429E-005
   56239.8455090368       3.440194113357720E-005  8.593611214298782E-005
   56239.8659418490      -1.076084160602786E-004  8.592514868066301E-005
   56239.8863745611      -3.900816575086452E-005  8.592231486937635E-005
   56239.9068071731       1.148675618731776E-004  8.592983314421853E-005
   56239.9272399850      -1.300185506235563E-004  8.591825830569777E-005
   56239.9476726969      -2.062354876067873E-004  8.591853094643380E-005
   56239.9681054085      -5.355194407645758E-004  8.590928594693008E-005
   56239.9885381202      -4.958083676349645E-004  8.592666885931242E-005
   56240.0089707401      -5.872197196278295E-004  8.591885315821275E-005
   56240.0294035515      -5.819847757039254E-004  8.591754778741598E-005
   56240.0498362629      -5.864725186651709E-004  8.590761705515192E-005
   56240.0702688742      -5.774405351736123E-004  8.591160752410662E-005
   56240.0907016852      -5.694362737183045E-004  8.591780390447105E-005
   56240.1111343963      -7.327177935070317E-004  8.591381343551635E-005
   56240.1315671073      -5.825271340017535E-004  8.591857225563624E-005
   56240.1519998181      -6.217479113834745E-004  8.590946770742077E-005
   56240.1724325288      -7.705426510039581E-004  8.591695293490100E-005
   56240.1928653396      -7.290314852235191E-004  8.589927259626115E-005
   56240.2132979501      -5.696314918337553E-004  8.591032693883130E-005
   56240.2337306606      -8.447087585460311E-004  8.590369268092112E-005
   56240.2541634711      -6.562270835809292E-004  8.590529547797539E-005
   56240.2745961813      -5.792049070848515E-004  8.591459004852202E-005
   56240.2950287916      -4.817304151520929E-004  8.591544927993256E-005
   56240.3154616017       2.415020427637415E-006  8.592989923894242E-005
   56240.3358943116      -9.936758339523788E-005  8.592842036949543E-005
   56240.3563269216      -1.093650492556275E-005  8.594344865733929E-005
   56240.3767597313       3.576005242278413E-005  8.593092370716266E-005
   56240.3971924411       4.877905774280933E-005  8.592581788974237E-005
   56240.4176252507       2.439269217213713E-005  8.594325037316763E-005
   56240.4380578603      -3.484153508337418E-005  8.593580645488984E-005
   56240.4584905697      -2.203216498353200E-006  8.592723892630595E-005
   56240.4789233790      -9.636699762394230E-006  8.592894086544605E-005
   56240.4993559883      -9.975003585882547E-005  8.593153508335862E-005
   56240.5197886975       1.089059043581919E-004  8.594424179402595E-005
   56240.5402215065      -2.139287022079328E-004  8.592759418544685E-005
   56240.5606541156      -4.566849162834785E-006  8.593327833170114E-005
   56240.5810868244      -7.557358733889519E-005  8.593461674985986E-005
   56240.6015196332       1.096508615927583E-005  8.594369651255388E-005
   56240.6219522419       1.813146897646778E-004  8.594765393414663E-005
   56240.6423850505       4.142007810670201E-005  8.594160626691094E-005
   56240.6628176591       9.127923285867645E-005  8.593388144605663E-005
   56240.6832503674       2.179821172099139E-005  8.593955733047043E-005
   56240.7036831758       6.802309306230825E-005  8.593958211599190E-005
   56240.7241157840       3.558443647500020E-005  8.593186555697806E-005
   56240.7445484921       8.356349015636866E-006  8.594042482372146E-005
   56240.7649813002       1.673906675403458E-004  8.594453095844296E-005
   56240.7854140082       5.412249417324766E-005  8.594005304089959E-005
   56240.8058466161      -6.271566781002047E-005  8.594243245095953E-005
   56240.8262794237      -1.909546652933969E-005  8.594171367083727E-005
   56374.6020983266      -1.384939883121161E-004  9.230351268903367E-005
   56374.6225324667      -4.247305066806817E-005  9.230667824481865E-005
   56374.6429665069       4.331870886775668E-005  9.230434386848558E-005
   56374.6634004475      -6.797782362644167E-005  9.231399085552863E-005
   56374.6838345883       5.149546491733936E-005  9.231872150453691E-005
   56374.7042686294       3.585099139513659E-005  9.229734073948642E-005
   56374.7247026708      -1.129265880156494E-004  9.230334468467636E-005
   56374.7451367124      -1.319437357942821E-004  9.230728836590569E-005
   56374.7655707543       4.196482842111493E-005  9.228413029160162E-005
   56374.7860048966       1.033512561998684E-005  9.230509546692616E-005
   56374.8064388391       1.069430643751978E-004  9.229766790586642E-005
   56374.8268728818      -2.163851992561527E-004  9.229052329951375E-005
   56374.8473070249       1.977104105643779E-004  9.231842086516068E-005
   56374.8677409682      -7.160846874354476E-006  9.230025870990274E-005
   56374.8881750118       1.040601594159973E-005  9.230144358273846E-005
   56374.9086090557      -7.667538930922202E-005  9.229076204254781E-005
   56374.9290430998      -1.173087065889922E-004  9.229517436751066E-005
   56374.9494772442      -5.424174381019053E-005  9.228557159214059E-005
   56374.9699111890      -1.596477245803252E-004  9.228507642140328E-005
   56374.9903452339      -9.653460336467301E-005  9.230488325089587E-005
   56375.0107793792      -9.717766690697793E-005  9.231279714035833E-005
   56375.0312133247      -7.676394467415193E-006  9.231070150705933E-005
   56375.0516473705       9.434610763436879E-005  9.230070966896707E-005
   56375.0720815166      -4.661713237086307E-005  9.230651908279593E-005
   56375.0925154629       5.221374492658803E-005  9.231315967607670E-005
   56375.1129496096       1.393485023579721E-004  9.229703125777560E-005
   56375.1333836565      -3.070957257590434E-004  9.229229176643273E-005
   56375.1538176037      -3.949563624672248E-004  9.228952411570451E-005
   56375.1742517512      -5.154380198952868E-004  9.229385685965603E-005
   56375.1946857989      -6.040407927561109E-004  9.227017708761086E-005
   56375.2151198469      -7.233709591660809E-004  9.228610213221629E-005
   56375.2355538952      -7.737166079785363E-004  9.228008050235716E-005
   56375.2559879437      -5.617965673164749E-004  9.229952479613136E-005
   56375.2764219926      -5.401363139332371E-004  9.228573959649790E-005
   56375.2968560417      -8.909909363553625E-004  9.226532264591825E-005
   56375.3172900911      -5.752213147103280E-004  9.227991249799985E-005
   56375.3377242407      -7.945875752897180E-004  9.227999207901120E-005
   56375.3785922409      -7.359607316894667E-004  9.226403166506739E-005
   56375.3990263914      -6.883370281993706E-004  9.228614634388927E-005
   56375.4194604421      -5.503037688431300E-004  9.227143269912333E-005
   56375.4398943932      -5.007480221661531E-004  9.227202513554119E-005
   56375.4603285446      -4.934426565653682E-004  9.228102663215881E-005
   56375.4807625961      -3.397684864158146E-004  9.228904662963639E-005
   56375.5011967480       9.060057795751142E-005  9.230501588591479E-005
   56375.5216307001       5.114469952371969E-005  9.230077156530924E-005
   56375.5420647525       1.490230060570141E-004  9.231117015079286E-005
   56375.5624988052       8.689921000537559E-005  9.229833992329564E-005
   56375.5829328582       1.170066757394395E-005  9.230580285369374E-005
   56375.6033669114      -1.168327055289797E-005  9.230057703394815E-005
   56375.6238009650      -2.151996830228597E-004  9.230409628311693E-005
   56375.6442350188       6.938638619757853E-005  9.231182448355287E-005
   56375.6646689728       2.736495423454333E-004  9.230683740684135E-005
   56375.6851031271       1.849054742459888E-004  9.229715505045993E-005
   56375.7055371817       2.216446327316657E-004  9.232217001502893E-005
   56375.7259713366      -7.593070931222190E-005  9.229686325341829E-005
   56375.7464052918      -9.242251587149308E-005  9.229688978042207E-005
   56375.7668393472       1.292015304856786E-004  9.230978190426146E-005
   56375.7872735029      -1.275054844931400E-004  9.229322021156519E-005
   56375.8077074589      -8.155801704257115E-005  9.231437991825081E-005
   56375.8281415152      -6.459071103770420E-005  9.229689862275668E-005
   56375.8485756716       2.633278364414515E-004  9.231213396526371E-005
   56375.8690097285       1.852185721089583E-004  9.232530904381012E-005
   56375.8894437856      -3.048108284930962E-005  9.230956084589658E-005
   56375.9098778429      -6.124265058826683E-005  9.230082461931681E-005
   56375.9303119005       3.974381526150594E-005  9.232048112912130E-005
   56375.9507459584      -7.234212940032680E-005  9.229635924034639E-005
   56375.9711800166       7.754275641058683E-005  9.230966695391172E-005
   56375.9916140750       2.129246450266464E-007  9.229360043195277E-005
   56376.0120482337      -1.437176640386451E-004  9.230819028403438E-005
