   54971.9607161875       5.789223876706551E-005  1.180828620322031E-004
   54971.9811505092       4.397157985280842E-005  1.180941463490805E-004
   54972.0015849307       1.014196050164173E-005  1.180744647076109E-004
   54972.0220194521      -1.290992462583684E-004  1.180304084143818E-004
   54972.0424537737       4.584386526440554E-005  1.180529243176838E-004
   54972.0628881951      -3.728771701516642E-006  1.179938530280489E-004
   54972.0833227165      -2.871855487182051E-004  1.180564440754014E-004
   54972.1037570380      -8.646764672637364E-005  1.179753446391519E-004
   54972.1241914593      -6.297823868943730E-004  1.179805781365821E-004
   54972.1446258806      -6.021256191394153E-004  1.180018153264063E-004
   54972.1650604019      -7.394270612430809E-004  1.179696629328737E-004
   54972.2876668289      -7.931630516326837E-004  1.179577458505639E-004
   54972.3285356710      -6.680241020313726E-004  1.179398174966466E-004
   54972.3489700919      -2.916309883100876E-004  1.180407699483369E-004
   54972.3694045129      -1.702097807622094E-004  1.179803013017055E-004
   54972.3898389337       1.275660307418214E-004  1.180574459540027E-004
   54972.4102733547       1.905084691040670E-004  1.179786139272191E-004
   54972.4307077755       2.124195515085248E-005  1.180440656016305E-004
   54972.4511422963       8.281938250198628E-006  1.179255143613523E-004
   54972.4715766171      -1.851984119055627E-004  1.178584675907467E-004
   55002.2648447260      -2.792267136340065E-004  1.233860165586932E-004
   55002.2852791043      -2.609367398390683E-004  1.233566931259809E-004
   55002.3057132823      -2.388433106229604E-004  1.234547758976420E-004
   55002.3261476603      -2.542461203313140E-004  1.235095860522444E-004
   55002.3465818380      -1.009594083635212E-004  1.234815369556266E-004
   55002.3670162156       2.957096378786161E-005  1.235184104871354E-004
   55002.3874503931      -1.305172923603548E-004  1.235655198150162E-004
   55002.4078846702      -3.982902895687257E-004  1.235698498172298E-004
   55002.4283190475      -8.164217117612171E-005  1.236010230926599E-004
   55002.4487532243      -2.145824057607770E-004  1.236057093608785E-004
   55002.4691875012      -1.904985883524057E-004  1.236110259458749E-004
   55002.4896218778       1.851608077774181E-005  1.236671789492651E-004
   55031.9760810194      -1.142928560393663E-005  1.241529750520453E-004
   55032.0169489840      -7.588917378709148E-005  1.241776396216164E-004
   55032.0373829659       1.343844817507378E-004  1.241940004527652E-004
   55032.0578168477      -8.275219057862770E-005  1.241833535802337E-004
   55032.0782509291      -4.267130539226116E-005  1.241694180984260E-004
   55032.0986849105       3.928559506172213E-005  1.241828465863036E-004
   55032.1191187914       3.249149590933698E-006  1.241828328837650E-004
   55032.1395528721       2.087898912159769E-004  1.241784206663194E-004
   55032.1599868528      -3.041238382764933E-004  1.241764886083697E-004
   55032.1804208330      -2.479528601373460E-004  1.241827095609171E-004
   55032.2008547130      -1.213750821125181E-004  1.241665542678480E-004
   55032.2212887927      -3.049809500121903E-005  1.241699936050493E-004
   55032.2417226722       2.481281764254994E-005  1.241720215807696E-004
   55032.2621566515       1.570292066648271E-004  1.241847649417147E-004
   55032.2825907305      -3.435304306553810E-005  1.241852034229515E-004
   55032.3030247094      -4.944261273398531E-006  1.241770230073771E-004
   55032.3234585877      -1.687759785723442E-004  1.241777355393869E-004
   55032.3438925661       8.938111614353872E-005  1.241968094731886E-004
   55032.3643265442      -2.278447672554584E-004  1.241681026547155E-004
   55032.3847605221      -2.634307623705645E-006  1.241917395338879E-004
   55032.4051944995       1.554846234785856E-005  1.241978097585101E-004
   55032.4256284769      -1.022267517892805E-004  1.241890812413896E-004
   55032.4460624538      -1.375147258005915E-004  1.241841483274754E-004
   55032.4664964308       3.020331539982379E-004  1.242084566310416E-004
   55032.5073643838      -1.128131322336579E-005  1.241908214637983E-004
   55061.9933131585      -2.213321722779327E-004  1.242964543342558E-004
   55062.0137467464       1.089783777590281E-004  1.243415630914937E-004
   55062.0341804338      -1.438673746767538E-005  1.243314643205081E-004
   55062.0546139210       2.359196828249921E-005  1.243390966345365E-004
   55062.0750475079      -2.158035475896547E-005  1.243159941543716E-004
   55062.0954811947      -2.380257940866048E-004  1.243280523883842E-004
   55062.1159146812      -3.121428335102205E-004  1.243269150776761E-004
   55062.1363482672      -1.455186780974227E-005  1.243261340329730E-004
   55062.1567819530       3.293342849097769E-005  1.243472496450336E-004
   55062.1772154386       2.370732866308067E-005  1.243607329430659E-004
   55062.1976490237      -5.360884583016645E-005  1.243439199281415E-004
   55062.2180826088      -3.235990255081589E-004  1.243102664932157E-004
   55062.2385161934      -9.240943607735641E-005  1.243264354888234E-004
   55062.2589497778      -9.863626358885824E-005  1.243251611527289E-004
   55062.2793833620      -2.053092335840834E-005  1.243040044330523E-004
   55062.2998169457      -9.765275278539320E-005  1.243542790473614E-004
   55062.3406841124       8.001920509208560E-004  1.244841654112306E-004
   55062.3611175954       1.984456049131111E-005  1.243206119098969E-004
   55062.3815512781      -1.029705875406073E-004  1.243370823613549E-004
   55062.4019848604       4.938075548288623E-005  1.243507986025442E-004
   55062.4224183428      -1.753697194550874E-005  1.243283949518504E-004
   55062.4428520246      -5.848087826554327E-006  1.243598833856695E-004
   55062.4632856060      -2.221908571504727E-004  1.243488802471331E-004
   55062.4837190873      -1.066703509072786E-004  1.243068545610916E-004
   55062.5041526682      -1.175984704260280E-005  1.242981260439712E-004
   55122.0055890625       3.409270948040444E-004  1.142137742758538E-004
   55122.0260219228       1.565697831096280E-005  1.142279233962371E-004
   55122.0464546829      -1.473331088936991E-004  1.141885195245463E-004
   55122.0668876427       4.880053573641518E-005  1.142237991574599E-004
   55122.0873205025      -3.450962555888726E-004  1.141869418789899E-004
   55122.1077532621      -5.076679917603855E-005  1.141615256364050E-004
   55122.1281861215      -4.842848353803220E-005  1.142180972731263E-004
   55122.1486190809       2.303780099888186E-005  1.142233395284395E-004
   55122.1690518400      -1.293706889748947E-005  1.142252028893328E-004
   55122.1894846989       1.247941178785794E-004  1.142124202336046E-004
   55122.2099175576      -8.513144553301544E-006  1.141982959580332E-004
   55122.2303504162       1.692968238709014E-005  1.142408799656487E-004
   55122.2507832747      -1.577297046972959E-005  1.142634514772698E-004
   55122.2712161331      -5.807779302635652E-005  1.142239979159552E-004
   55122.2916489911       1.618604120112721E-005  1.142388054238541E-004
   55122.3120818490       1.884819542914418E-004  1.142570663606087E-004
   55122.3325146070       1.702251022772661E-004  1.142454886782582E-004
   55122.3529475645      -2.075625188513452E-005  1.142326439105002E-004
   55122.3733804220       1.793776499159350E-005  1.142019357229782E-004
   55122.3938131793       1.117745132983572E-004  1.142307557047949E-004
   55122.4142461366      -1.000870443077506E-004  1.142389793375375E-004
   55122.4346789936       1.571294575100080E-004  1.142507557783833E-004
   55122.4551117504      -1.260071732674950E-004  1.142310662649438E-004
   55122.4755446070      -5.373022223364998E-005  1.142140227239729E-004
   55122.4959775635       2.497421414915380E-005  1.142428178609777E-004
   55122.5164103199      -1.219244007945042E-004  1.142353519949985E-004
   55152.0213298529       1.694300481367428E-004  1.147433662865484E-004
   55152.0417625776       2.284999647985675E-004  1.147501986098239E-004
   55152.0621953023       6.875891922497601E-006  1.147467203361564E-004
   55152.0826280269      -4.219700443830465E-005  1.147605340515789E-004
   55152.1030607516      -1.498045176788754E-004  1.147522234619947E-004
   55152.1234933762       1.194446098311541E-004  1.147437513811330E-004
   55152.1439262008       1.050029654274809E-004  1.147426582094090E-004
   55152.1643589254       8.436818754753439E-005  1.147510557558349E-004
   55152.1847915500      -5.598436458487122E-005  1.147411054086645E-004
   55152.2052243746       9.110757151042925E-006  1.147552669514538E-004
   55152.2256570992      -9.921485356956250E-005  1.147496644463678E-004
   55152.2460897237      -1.713049277315415E-004  1.147342730853890E-004
   55152.2665225483      -1.899573515522501E-004  1.147467203361564E-004
   55152.2869552728       8.403747236362946E-005  1.147396022975439E-004
   55152.3073878974       5.125852345702064E-004  1.148333045056662E-004
   55152.3278206219      -1.956176903682438E-004  1.147504222131311E-004
   55152.3482534463      -1.627113229687449E-004  1.147393290046129E-004
   55152.3686860708      -6.332939102304813E-005  1.147386457722853E-004
   55152.3891187953       1.367050578511275E-004  1.147479625767519E-004
   55152.4095516198       2.208550120386121E-004  1.147652048762182E-004
   55152.4299843443       1.703071385428245E-005  1.147391178237116E-004
   55152.4504169687      -3.903994860121607E-005  1.147427948558745E-004
   55152.4708497932       8.672520117336546E-005  1.147496768687738E-004
   55152.4912825176       1.080920726586054E-004  1.147558508045337E-004
   55152.5117151420       3.443966884453253E-006  1.147330308447934E-004
   55152.5321478664       1.146174478914297E-004  1.147301985362356E-004
   55212.0326742193       1.543440264466511E-004  1.404898577500286E-004
   55212.0531074695       1.210483811253660E-004  1.404859305954010E-004
   55212.0735405200      -2.538419900238731E-004  1.404477168685539E-004
   55212.0939736708      -3.037831687702219E-004  1.404401931278702E-004
   55212.1144068217       1.118358887925996E-004  1.404494358251249E-004
   55212.1348399730      -2.186218876318868E-004  1.404476110866111E-004
   55212.1552731245       4.720766024979284E-005  1.404479019869539E-004
   55212.1757062763      -1.434419956295452E-004  1.404405369191844E-004
   55212.1961395285      -1.318125985151353E-004  1.404492374839821E-004
   55212.2165725807       1.579475240407469E-004  1.404483383374680E-004
   55212.2370057335      -1.862914996380027E-004  1.404432079132408E-004
   55212.2574389863      -3.143990880283276E-005  1.404312677764439E-004
   55212.2778720395      -4.466286287319043E-005  1.404526753971240E-004
   55212.2983051930      -2.026376399141272E-004  1.404348908079858E-004
   55212.3187384467      -2.399283889006343E-004  1.404241803862744E-004
   55212.3391715008      -1.643563055578889E-004  1.404385138395277E-004
   55212.3596046550      -2.533039066783260E-004  1.404380907117564E-004
   55212.3800379096      -2.239474405346664E-004  1.404349833671858E-004
   55212.4004709644      -1.566536621143699E-004  1.404604371471791E-004
   55212.4209041195      -1.214806016358594E-004  1.404328412828435E-004
   55212.4413373749      -3.977042293586974E-004  1.404329602875292E-004
   55212.4617704305      -3.095910824852943E-004  1.403806114485715E-004
   55212.4822035864      -1.498140454959662E-004  1.404165640863906E-004
   55212.5026367426      -5.600496517865761E-005  1.404382229391850E-004
   55212.5230699991      -1.249849706460582E-004  1.403972059908529E-004
   55212.5435030558      -3.487036857459103E-004  1.404032223388513E-004
   55212.5639362128      -4.716728233855605E-005  1.404195259807899E-004
   55242.0492873340      -1.384957577702517E-004  1.379195681031595E-004
   55242.0697210220       1.199461981997718E-004  1.379154558301320E-004
   55242.0901546105      -1.281015341590974E-004  1.378991521881934E-004
   55242.1105880991      -3.999078180730864E-004  1.378962960757370E-004
   55242.1310217882       3.675393551128003E-005  1.379084213309339E-004
   55242.1514553774       4.076969414179565E-005  1.379154954983606E-004
   55242.1718889671      -1.007940587878231E-004  1.379225696657873E-004
   55242.1923225571      -1.449717966838238E-004  1.378893276902531E-004
   55242.2127561473       1.521271106463828E-005  1.378935457452235E-004
   55242.2331897379       9.872965033119740E-005  1.379255183374437E-004
   55242.2536233287       4.409407453209724E-005  1.378774404444277E-004
   55242.2740569198      -5.724516313820871E-005  1.378866699189396E-004
   55242.2944905113      -3.220459665365105E-005  1.378928713853379E-004
   55242.3149240031      -6.183536748638474E-005  1.378907821919670E-004
   55242.3353576951       5.040478717033281E-005  1.378944448917375E-004
   55242.3557912876      -6.407990364221128E-006  1.378843559389402E-004
   55242.3762247802      -7.188288213866301E-005  1.378684622020300E-004
   55242.3966584733      -2.147830672160067E-004  1.378606078927749E-004
   55242.4170920666       1.173356405193005E-005  1.378566807381474E-004
   55242.4375255602      -2.711257935414935E-004  1.378381556754094E-004
   55242.4579592542      -1.845404209477319E-005  1.378803494478555E-004
   55242.4783927485       7.920438956143805E-006  1.378698638127725E-004
   55242.4988263430       3.919754618753046E-005  1.378823593047693E-004
   55242.5192600377      -2.984272210426742E-005  1.378775330036277E-004
   55242.5396936330      -3.055446188270361E-004  1.378443439190649E-004
   55242.5601271284       7.696493590625408E-005  1.378772553260277E-004
   55272.0461129753      -2.272360766008008E-004  1.342747851492578E-004
   55272.0665469858       5.877029358094532E-004  1.343631924079775E-004
   55272.0869810965      -1.006963471927858E-005  1.342973431485662E-004
   55272.1074150076       4.671474027340139E-005  1.342906524406822E-004
   55272.1278490189      -1.369700119204786E-004  1.342696679477734E-004
   55272.1482831304      -2.909332845603130E-004  1.342707786581732E-004
   55272.1687170422      -2.464441394299799E-004  1.342740446756580E-004
   55272.1891510543       7.727056111139774E-005  1.342947911591954E-004
   55272.2095851665       7.371605344452803E-005  1.342884839108542E-004
   55272.2300190791       8.288602847850157E-006  1.342608748237757E-004
   55272.2504530919      -1.711342645993597E-004  1.342557972905199E-004
   55272.2708871049       1.331802466095766E-004  1.342889070386255E-004
   55272.2913211183       1.317511690110962E-004  1.342711753404587E-004
   55272.3117551318       2.220618600707880E-004  1.342916970373677E-004
   55272.3321891457      -1.796877343076542E-004  1.342670762901741E-004
   55272.3526232598       2.797020542777418E-004  1.342781701714283E-004
   55272.3730571741       2.117774325913757E-004  1.342786065219425E-004
   55272.3934911886      -3.441081944888236E-005  1.342685307918880E-004
   55272.4139253036       1.513258457852551E-004  1.342492123645788E-004
   55272.4343592187       2.892083301389015E-004  1.342587062939478E-004
   55272.4547932339      -1.427210859374917E-004  1.342299203827553E-004
   55272.4752272497      -1.273231597572755E-004  1.342214049363575E-004
   55272.4956612655       3.062440162846514E-004  1.342577278109766E-004
   55272.5160952816      -4.405431611598232E-005  1.342301187238981E-004
   55272.5365292980       3.782071371369877E-004  1.342611260558900E-004
   55272.5569633146       1.441543301792247E-004  1.342457347832083E-004
   55272.5773973315      -7.397034152645254E-006  1.342164992987588E-004
   55302.0639207464       6.848416073701458E-005  1.172511753795258E-004
   55302.0843549558      -1.847956573552967E-005  1.172526169714982E-004
   55302.1047893653       2.171490165518986E-004  1.172539668257995E-004
   55302.1252236749       2.681014278138605E-005  1.172598642475045E-004
   55302.1456578848       1.879949889189714E-004  1.172808459633928E-004
   55302.1660922947       4.119928100632109E-005  1.172691821737985E-004
   55302.1865266048       3.317739828605504E-004  1.172654340346704E-004
   55302.2069608151      -1.658343249877348E-004  1.172504152673949E-004
   55302.2273952254      -2.609863553264535E-004  1.172261572061150E-004
   55302.2478295360      -1.214878952171539E-005  1.172337321166605E-004
   55302.2682637466       4.279510566340683E-005  1.172576101218751E-004
   55302.2886981574       1.206783434637426E-005  1.172540585634705E-004
   55302.3091324684       2.294921086321011E-005  1.172467457605563E-004
   55302.3295666795       1.646639181276388E-004  1.172805445396168E-004
   55302.3500010907      -3.502572074354227E-005  1.172537440343129E-004
   55302.3704354021      -1.324809753185940E-004  1.172256460962339E-004
   55302.3908697137       1.045973383462240E-004  1.172282147510209E-004
   55302.4113040254      -1.474412135273884E-004  1.172404289666411E-004
   55302.4317383372       7.153290937367274E-006  1.172409138657591E-004
   55302.4521726491      -7.652828213777774E-005  1.172418705586134E-004
   55302.4726068612      -5.910745074055868E-005  1.172281754348762E-004
   55302.4930412735       2.131450802329571E-004  1.172641366018953E-004
   55302.5134755859      -1.214901689022829E-004  1.172399833836678E-004
   55302.5339097984       3.135634127862108E-004  1.172738476896362E-004
   55302.5543442111       1.468805106792370E-004  1.172331947960163E-004
   55302.5747785239       8.585794776339029E-005  1.172372574643020E-004
   55332.0615960654      -1.232820206702456E-004  1.168612116456268E-004
   55332.0820305908      -1.573208260777781E-004  1.168433752213145E-004
   55332.1024649162       7.889551238737802E-005  1.168550914324351E-004
   55332.1228993417      -1.254788928293227E-004  1.168483683716914E-004
   55332.1433338671      -3.611008316217745E-005  1.168772657380460E-004
   55332.1637682926      -1.848652708951182E-004  1.168611723294821E-004
   55332.1842026181       1.931051446124599E-005  1.168705819934469E-004
   55332.2046371436       1.053773918489043E-004  1.168721284284718E-004
   55332.2250715691       4.105565770062825E-005  1.168676988095023E-004
   55332.2455058946       8.290545711275854E-005  1.168625352891650E-004
   55332.2659404201       1.513981092626793E-005  1.168707261526442E-004
   55332.2863748456      -4.509235434768666E-005  1.168755751438239E-004
   55332.3068092712       1.308744440309262E-004  1.168660737421880E-004
   55332.3272436967      -1.228834694018133E-004  1.168689831368958E-004
   55332.3476781223      -9.114936837439913E-005  1.168368487412942E-004
   55332.3681126479      -1.535499493887649E-006  1.168725871168267E-004
   55332.3885469734       4.293201769556276E-005  1.168727574867870E-004
   55332.4089813990       1.552776112800913E-006  1.168616179124553E-004
   55332.4294159247      -1.275744442452709E-005  1.168477917349024E-004
   55332.4498502503       5.674032710811794E-005  1.168498623851900E-004
   55332.4702846759      -9.847172106280944E-005  1.168415273625136E-004
   55332.4907192015       1.683541676933409E-005  1.168610674864295E-004
   55332.5111535272       6.891037552825274E-005  1.168558384391844E-004
   55332.5315879529      -2.726184782486651E-004  1.168487222169937E-004
   55332.5520224785      -2.193958127957307E-004  1.168429951652490E-004
   55332.5724568042      -1.490588272434756E-005  1.168657198968857E-004
   55332.5928912299       1.250425910492847E-005  1.168567296051309E-004
   55362.0797378639       1.803014253294322E-004  1.164410793233611E-004
   55362.1001723115      -1.312371145669733E-004  1.164502399850763E-004
   55362.1206065591       3.212806703556392E-004  1.164793208267728E-004
   55362.1410409066       2.420059040453282E-005  1.163973990865993E-004
   55362.1614753539       5.109544759096529E-005  1.164473830118947E-004
   55362.1819096012      -1.293525569773246E-004  1.164258377645990E-004
   55362.2023440482      -8.693741690801726E-005  1.164158907799899E-004
   55362.2227783953      -2.022784690619561E-004  1.163995614745578E-004
   55362.2432126421       5.376316417504690E-005  1.164281312063732E-004
   55362.2636470889       5.101109627414502E-005  1.164170047374231E-004
   55362.2840814354      -1.740198833519724E-004  1.164127716991770E-004
   55362.3045156820       4.993178267609366E-005  1.164335961504865E-004
   55362.3249501285      -7.204906621749441E-005  1.164200451859466E-004
   55362.3453844747      -4.068891170150302E-005  1.164099409367586E-004
   55362.3658188209       1.535336903530915E-004  1.164359813299317E-004
   55362.3862531669      -2.876095706894066E-005  1.164241733811401E-004
   55362.4066875129       1.225993929614422E-004  1.164132565982950E-004
   55362.4271218588      -1.714439106489385E-004  1.164451157808837E-004
   55362.4475562044      -7.347414497205218E-005  1.164149734032802E-004
   55362.4679905500       2.123820330721671E-004  1.164360992783658E-004
   55362.4884248954      -7.315948402786265E-005  1.164383009824690E-004
   55362.5088593409       3.746631438938941E-005  1.164334388859077E-004
   55362.5292935861       1.060692535850283E-004  1.164342907357096E-004
   55362.5497279312       1.998761250843195E-006  1.164157073046480E-004
   55362.5701622763       4.368630996021139E-005  1.164232166882857E-004
   55362.5905966212      -2.519322479710429E-005  1.164316303432515E-004
   55392.0771617743      -2.276125903755144E-005  1.233131197919437E-004
   55392.0975957752       6.755622443210818E-005  1.233168181876358E-004
   55392.1180298755      -2.635841040156128E-004  1.232761358350227E-004
   55392.1384639756      -3.499099018222651E-005  1.233015722830921E-004
   55392.1588980758       1.235408110793479E-004  1.233221662274495E-004
   55392.1793321756      -2.110662376320072E-005  1.233026365696222E-004
   55392.1997662751       3.563653633051889E-004  1.233114701478220E-004
   55392.2202003745       8.436210460183169E-005  1.233126807737500E-004
   55392.2406344737       3.215890380725561E-005  1.233035146060095E-004
   55392.2610685726      -5.498904781198188E-005  1.232950535280952E-004
   55392.2815026714      -2.725906594950311E-004  1.232719185996471E-004
   55392.3019367698      -2.668637001901342E-005  1.233021310335204E-004
   55392.3223708681      -9.597152710805190E-005  1.232937098663510E-004
   55392.3428049661      -9.312467561028992E-005  1.233063482688959E-004
   55392.3632390642      -6.132235755607063E-005  1.232755637810127E-004
   55392.3836731617      -9.381425849541714E-005  1.232999758532969E-004
   55392.4041072590       1.838569457404127E-004  1.232949470994422E-004
   55392.4245414564       1.477317319023008E-004  1.233031554093056E-004
   55392.4449755532       1.135115177968160E-004  1.232954393319624E-004
   55392.4654095501       6.904681532593493E-005  1.233037008561523E-004
   55392.4858437467       2.066908765252506E-006  1.232897986133528E-004
   55392.5062778429      -8.569090863985718E-005  1.232960779038804E-004
   55392.5267118390       9.943879374230136E-005  1.233023838015713E-004
   55392.5471460350      -4.565290839120273E-005  1.233114169334955E-004
   55392.5675801307      -2.813740247756824E-004  1.233083571097215E-004
   55392.5880141261      -3.272392835063087E-005  1.233168714019623E-004
   55392.6084483214       2.179897731813263E-005  1.232872310220990E-004
   55422.0946026904      -2.608399695569474E-006  1.236174259180627E-004
   55422.1150365255       5.334579339311141E-005  1.236481571916194E-004
   55422.1354702601       5.236690438570335E-005  1.236455230824574E-004
   55422.1559039944      -1.268069162829732E-005  1.236396961137051E-004
   55422.1763377285       1.213158481181420E-004  1.236019937633763E-004
   55422.1967714624      -8.842749461290822E-005  1.236381395946548E-004
   55422.2172052960      -4.972124175506298E-005  1.236125168964427E-004
   55422.2376389292       1.931948411564299E-004  1.236283082478331E-004
   55422.2580726624      -1.411001343009088E-004  1.236169336855426E-004
   55422.2785064951      -5.754811786295999E-005  1.236228537793663E-004
   55422.2989401276       9.336695632589098E-005  1.236259668174668E-004
   55422.3193738596       1.807196719971760E-004  1.236177984183483E-004
   55422.3398076916      -3.754902618715583E-004  1.235788987456731E-004
   55422.3602413232      -2.940054427824634E-004  1.235925615240033E-004
   55422.3806750545       2.876554144459753E-005  1.235980559032149E-004
   55422.4011088858      -4.300165064752282E-005  1.236054127838542E-004
   55422.4215425164       3.925211940547513E-005  1.236048806405892E-004
   55422.4419762470       1.289526736336644E-004  1.236179713649094E-004
   55422.4624100774      -2.704929201874373E-004  1.236091776974545E-004
   55422.4828437073      -1.959448044845935E-004  1.236262861034258E-004
   55422.5032775370      -4.486241353607312E-005  1.236565118408807E-004
   55422.5237112665       1.341416903664072E-004  1.236398291495214E-004
   55422.5441449957      -6.969500939801865E-005  1.236603964867156E-004
   55422.5645787245       2.437389495857367E-004  1.236824006107254E-004
   55422.5850124532      -1.737068607066128E-005  1.236643742576218E-004
   55422.6054461815       7.655732605993393E-005  1.236694163150582E-004
   55422.6258799096       1.339566204645593E-004  1.236616337198068E-004
   55452.1114412686      -1.698827477092379E-005  1.238185095543437E-004
   55452.1318745931      -1.272050028263694E-004  1.238134541933257E-004
   55452.1523079172      -8.855372244065407E-005  1.238122568709793E-004
   55452.1727412413      -1.955255650387677E-004  1.238180572325684E-004
   55452.1931745650      -2.237483555848074E-004  1.237958136440893E-004
   55452.2136078884      -3.642439972795231E-005  1.238093699937665E-004
   55452.2340412115       2.223548947233311E-005  1.238220350034746E-004
   55452.2544745345      -7.066697245461384E-005  1.238101016907559E-004
   55452.2749078569       4.501094277853390E-006  1.238254806311158E-004
   55452.2953411794      -1.121570617135248E-004  1.238129619608055E-004
   55452.3157746014       8.190610688219024E-005  1.238223409858520E-004
   55452.3362078232       2.033356445625412E-004  1.238357642997129E-004
   55452.3566411447      -2.932833028899129E-004  1.238088378505014E-004
   55452.3770745660       1.352442031989920E-004  1.238343009057341E-004
   55452.3975077868      -6.693768762688901E-005  1.238247622377080E-004
   55452.4179411077       1.498588149122515E-004  1.238198133053431E-004
   55452.4383745280      -2.318274094608164E-004  1.238027847208615E-004
   55452.4588077482      -1.110770340373435E-004  1.238114852632450E-004
   55452.4792411681      -9.232271015835458E-005  1.238124963354486E-004
   55452.4996744875      -3.344012707007238E-005  1.238247489341264E-004
   55452.5201077070       1.975259165190035E-004  1.238321590290922E-004
   55452.5405411259      -2.058964060620561E-004  1.238132679431830E-004
   55452.5609744447      -2.949365079896182E-004  1.238057248124009E-004
   55452.5814077632      -2.491066005066989E-004  1.238064032950638E-004
   55452.6018410815       5.616754026993576E-005  1.238151437481922E-004
   55452.6222743995      -3.201643643335750E-005  1.238279018829718E-004
   55572.1342868833       4.613434180336107E-004  1.408731526191892E-004
   55572.1547198908       8.799016622518252E-005  1.408437326389355E-004
   55572.1751528986       1.457755044129705E-004  1.408526044993505E-004
   55572.1955860065       1.025076065297448E-005  1.408482144354819E-004
   55572.2160189148       1.907715468016935E-004  1.408481095981358E-004
   55572.2364519233       3.812873191355592E-005  1.408348607785205E-004
   55572.2568850320      -3.362191174242080E-004  1.407979056140147E-004
   55572.2773179410      -6.618848293660218E-005  1.408480833887993E-004
   55572.2977509503       1.115967643128268E-004  1.408349918252031E-004
   55572.3181840597      -3.053074850112303E-005  1.408399060758023E-004
   55572.3386169694       1.383645743855411E-004  1.408289898871380E-004
   55572.3590500792      -9.236489153319205E-005  1.408157541721909E-004
   55572.3794830894       2.387205079656951E-005  1.408122028070912E-004
   55572.3999159997      -8.674150352583343E-005  1.408434050222289E-004
   55572.4203491103       3.179387154403912E-004  1.408625640472315E-004
   55572.4407821213      -1.337897590426573E-004  1.408394605170813E-004
   55572.4612151323      -1.111126546481378E-004  1.408613584177512E-004
   55572.4816481436      -4.687892892218937E-005  1.408234466124621E-004
   55572.5020811551       3.158029539307439E-004  1.408558413524118E-004
   55572.5225141670       1.617120912382752E-004  1.408492759136113E-004
   55572.5429471790      -6.454085124596443E-005  1.408136312159321E-004
   55572.5633801912      -2.811204776476117E-005  1.408633372226591E-004
   55572.5838133038       6.670303032452196E-005  1.408418848807102E-004
   55572.6042463164      -1.728590259846285E-004  1.408293568178494E-004
   55572.6246792295       7.241324327345033E-005  1.408419110900467E-004
   55572.6451123426       1.587021637372565E-004  1.408489089828999E-004
   55572.6655453560      -1.951500205031875E-004  1.408165404522868E-004
   55602.1506522814      -1.021573755312088E-004  1.390731084910534E-004
   55602.1710857958      -1.270709734730868E-004  1.390706841274245E-004
   55602.1915192105      -2.042043740698718E-004  1.390655864114696E-004
   55602.2119525255      -2.092838845246803E-005  1.390630965244994E-004
   55602.2323860409       1.579720023741071E-004  1.390785469283832E-004
   55602.2528194564       4.548089588674031E-005  1.390395998543012E-004
   55602.2732528724       1.309731933987202E-004  1.390539101520460E-004
   55602.2936862886       1.011960086216845E-004  1.390605542188561E-004
   55602.3141197052       3.511707996461944E-005  1.390410151584738E-004
   55602.3345532220      -6.907470339989619E-005  1.390523244871860E-004
   55602.3549865392      -6.468235476086992E-005  1.390164570101463E-004
   55602.3754199567      -2.101619080094874E-004  1.390503587869464E-004
   55602.3958534744      -7.416951662453375E-005  1.390734098984235E-004
   55602.4162867924      -4.372923680528995E-005  1.390491662621343E-004
   55602.4367202108      -2.575557109943949E-004  1.390309638779150E-004
   55602.4571536294       1.863364555765301E-005  1.390504898336290E-004
   55602.4775870485      -9.702335012506946E-005  1.390485503427259E-004
   55602.4980204677      -1.262593248190225E-004  1.390222361688509E-004
   55602.5184539873      -1.147588199501559E-005  1.390507781363308E-004
   55602.5388873072      -1.067703402446440E-004  1.390324971241019E-004
   55602.5593208274       3.207435906382727E-005  1.390506208803116E-004
   55602.5797542479       3.346472318968008E-004  1.390275304548297E-004
   55602.6001875688       1.349380801736189E-004  1.390267048607290E-004
   55602.6206210898      -9.714964735862974E-005  1.389726481041382E-004
   55602.6410545113      -1.418039563950702E-004  1.390123290396429E-004
   55602.6614878330       1.625400785492115E-004  1.390520623938207E-004
   55602.6819213550       3.200069441364750E-004  1.390317501580108E-004
   55632.1676745172       2.642853137544421E-004  1.356802443540476E-004
   55632.1881083740       6.885133406653310E-005  1.356298831139074E-004
   55632.2085422312      -6.129911271801625E-005  1.356378376475439E-004
   55632.2289760887       6.941382845404576E-005  1.356474826833865E-004
   55632.2494099463       2.262371197991886E-004  1.356323074775363E-004
   55632.2698438044      -1.467756485090677E-004  1.356304990333158E-004
   55632.2902777627       1.503689447635015E-004  1.356370906814528E-004
   55632.3107115213       1.343628314249834E-004  1.356268035168652E-004
   55632.3311453801       2.224666865571212E-004  1.356403275345141E-004
   55632.3515793392       1.258754529149808E-004  1.356137905812786E-004
   55632.3720130987      -5.118787505786759E-005  1.356193731699593E-004
   55632.3924470584      -7.620836829325128E-005  1.356122049164186E-004
   55632.4128809184       2.422542631506097E-004  1.356193469606228E-004
   55632.4333146787      -1.197884912587099E-004  1.355999520515914E-004
   55632.4537486392      -3.008664036732167E-004  1.355904642717679E-004
   55632.4741825001      -4.320243456690243E-005  1.355979470373469E-004
   55632.4946162612      -2.078725672971515E-005  1.356035558353641E-004
   55632.5150502226      -2.691909592877906E-005  1.356211291955067E-004
   55632.5354840843       9.388041030167216E-005  1.355863625106011E-004
   55632.5559180462       5.751740942439021E-005  1.355707155366934E-004
   55632.5763518085      -2.390155597331578E-006  1.355993230275147E-004
   55632.5967856710      -3.978082109146186E-005  1.355725239809139E-004
   55632.6172196339       6.187253332479159E-005  1.355565231809630E-004
   55632.6376533970       2.818955041727911E-005  1.355663647868296E-004
   55632.6580872604       7.853350086128863E-005  1.356192159139401E-004
   55632.6785212241       3.500404317424710E-005  1.355709645253904E-004
   55662.1648543450       3.275711701595796E-004  1.210637611634817E-004
   55662.1852886576       3.438072813488624E-005  1.210708838584152E-004
   55662.2057228704       9.597916149606256E-005  1.210353098811317E-004
   55662.2261570835      -1.411378294535748E-005  1.210501477317603E-004
   55662.2465912967      -4.563556906400645E-005  1.210658281932498E-004
   55662.2670255101      -1.563171277545461E-004  1.210716869718920E-004
   55662.2874598237       1.901571547209269E-004  1.210491207997736E-004
   55662.3078939375      -1.282270688226506E-004  1.210245270952712E-004
   55662.3283281515       1.314261510261261E-004  1.210652883956670E-004
   55662.3487624657      -1.002624886070613E-005  1.210349017414960E-004
   55662.3691965800       5.824659531183940E-005  1.210583631876541E-004
   55662.3896308946      -2.928651313427455E-005  1.210560855051707E-004
   55662.4100650094      -7.775551420918791E-005  1.210475277386147E-004
   55662.4304992243       1.187459172542482E-004  1.210440388030188E-004
   55662.4509335395      -1.219122678163265E-004  1.210423009181182E-004
   55662.4713676548      -5.306817562722443E-005  1.210544266150383E-004
   55662.4918018703       2.957351008459064E-005  1.210564936448064E-004
   55662.5122361860      -8.385242125519277E-005  1.210632345316936E-004
   55662.5326703019      -3.550527303830542E-005  1.210540843043761E-004
   55662.5531045179       3.784382670499742E-004  1.210756630418918E-004
   55662.5735388342       1.480201452024321E-004  1.210554403812303E-004
   55662.5939729507      -2.715085066924416E-004  1.210385486666283E-004
   55662.6144072674       2.053303725826350E-004  1.210574415820250E-004
   55662.6348414842      -4.406122389655209E-005  1.210369292738800E-004
   55662.6552756013       1.685079339419637E-005  1.210386276613965E-004
   55662.6757099185      -9.208736662014161E-005  1.210465008066280E-004
   55662.6961441359       1.850024944476392E-004  1.210510561715947E-004
   55692.1828834881       1.204044017977246E-004  1.207325624319710E-004
   55692.2033178914       3.517248492634906E-005  1.207171321205808E-004
   55692.2237522947       7.581089145358710E-005  1.207071129508130E-004
   55692.2441867981       1.042786572580390E-005  1.207041769785946E-004
   55692.2646211016      -7.704725009483049E-005  1.207017544723695E-004
   55692.2850556052       4.415014873626610E-005  1.207278622432625E-004
   55692.3054900088       4.265165892181066E-005  1.206922487685950E-004
   55692.3259243124       2.117908810506108E-004  1.206728160556156E-004
   55692.3463588161       8.324640279133710E-005  1.207217796461104E-004
   55692.3872275238      -1.214469443474586E-004  1.206842439654165E-004
   55692.4076620277       7.605461136539482E-005  1.207010698510450E-004
   55692.4280963317      -7.335725237633817E-005  1.207339975035934E-004
   55692.4485308357       1.272002485042112E-005  1.207103122389254E-004
   55692.4689652399       1.787159974653285E-005  1.207142488115412E-004
   55692.4893995440       1.061954579351099E-004  1.206986210132305E-004
   55692.5098340483       1.898758282425916E-004  1.207039268284952E-004
   55692.5302684526       2.247007686009272E-004  1.207172901101172E-004
   55692.5507027569       3.435310375714540E-004  1.207295606307790E-004
   55692.5711372614       1.291967458063592E-004  1.207302847494876E-004
   55692.5915716659      -8.451633521300295E-005  1.207194756320377E-004
   55692.6120060704       1.191494575978336E-004  1.206993056345550E-004
   55692.6324404750       9.279896241554120E-005  1.206881278748534E-004
   55692.6528748797      -7.167591310186516E-005  1.207074552614752E-004
   55692.6733093845       5.107393395431536E-005  1.206999112611113E-004
   55692.6937436892       2.230176255575422E-004  1.207264798348189E-004
   55722.1806158241       1.211429396679176E-004  1.204731436131728E-004
   55722.2010501242       1.014645557999572E-004  1.204791340497620E-004
   55722.2214846243       3.150011327934799E-005  1.204522099995974E-004
   55722.2419190243       8.090661484438932E-005  1.204693123669147E-004
   55722.2623535243      -3.135189380654158E-005  1.204693913616829E-004
   55722.2827878242      -3.804857084321878E-005  1.204634404224778E-004
   55722.3032222240      -7.180933648753829E-005  1.204519730152928E-004
   55722.3236567238       1.722643841637339E-004  1.204727091419477E-004
   55722.3440910234      -2.668058915411553E-005  1.204521705022133E-004
   55722.3645253231      -1.020937185212123E-004  1.204424541457236E-004
   55722.3849598226       1.197085982336255E-004  1.204868887028412E-004
   55722.4053942221       5.690921545742356E-005  1.204618473613189E-004
   55722.4258285215      -4.649208802509630E-005  1.204668635291002E-004
   55722.4462630209      -2.175053057074106E-004  1.204508275911538E-004
   55722.4666974201      -1.036139901464672E-004  1.204739993898284E-004
   55722.4871319193       2.828036154673974E-004  1.204814117322453E-004
   55722.5075662185      -2.121226146251098E-004  1.204702734699279E-004
   55722.5280006176       1.389618445133411E-004  1.204666923737691E-004
   55722.5484351165      -6.924132023489182E-005  1.204726433129741E-004
   55722.5688694155      -6.812954184531872E-005  1.204595565130409E-004
   55722.5893038143      -2.867095131893205E-004  1.204585690784383E-004
   55722.6097383132       2.303030725030464E-004  1.204793841998613E-004
   55722.6301727119       4.128307673667564E-005  1.204559227537033E-004
   55722.6506070105      -1.855267307138142E-005  1.204763297354906E-004
   55722.6710415091       8.393740799461646E-005  1.204591220418157E-004
   55722.6914759076      -8.468048951049134E-005  1.204719586916497E-004
   55722.7119102061       2.203206655004841E-005  1.204542243661868E-004
   55752.1985866491       3.592928305007348E-005  1.240211421625161E-004
   55752.2190209643      -1.312039288781097E-005  1.239831690010819E-004
   55752.2394550792      -2.858864185565357E-004  1.239971017909890E-004
   55752.2598892941      -1.052327384782892E-004  1.240175958756665E-004
   55752.2803236085      -2.915875731279716E-004  1.240066249657873E-004
   55752.3007578229      -8.656100237658393E-005  1.240217664152574E-004
   55752.3211919371      -9.867187700862701E-005  1.239941930388540E-004
   55752.3416262511      -1.397623220917854E-004  1.240096931016010E-004
   55752.3620604649      -1.437608261614098E-004  1.240214476479002E-004
   55752.3824945786       1.108214810146002E-004  1.240077672154842E-004
   55752.4029288921      -1.079507341306130E-005  1.240229086649543E-004
   55752.4233631054       1.618909875156227E-005  1.240338928568067E-004
   55752.4437974184      -3.190045662204710E-005  1.240083250583594E-004
   55752.4642315312       1.033018456471080E-004  1.240544533513503E-004
   55752.4846657441      -1.527610096979659E-004  1.240140495888170E-004
   55752.5050999566      -2.162950850581602E-005  1.240210359067304E-004
   55752.5255341690      -2.655090166968632E-004  1.240327506071099E-004
   55752.5459683811       1.722222095534853E-005  1.240273979719024E-004
   55752.5664025932       1.474382500858962E-004  1.240365758153970E-004
   55752.5868368051       1.420796037994165E-004  1.240201991424175E-004
   55752.6072710167       2.464272682867197E-005  1.240269729487594E-004
   55752.6277052281      -6.414727661163688E-006  1.240314888196540E-004
   55752.6481394396      -1.285907702063271E-004  1.240194951978369E-004
   55752.6685737505       1.135269898548952E-004  1.240650523659794E-004
   55752.6890078614       1.115768340087531E-005  1.240754919969298E-004
   55752.7094420722      -8.484105374073625E-005  1.240404143056574E-004
   55782.1957953010       6.559059105337717E-005  1.247116321042720E-004
   55782.2162290901      -3.000961802568369E-005  1.247032910250903E-004
   55782.2366630791      -8.024554240204651E-006  1.247039019958584E-004
   55782.2570969680       8.970092415849784E-005  1.247149260336304E-004
   55782.2775307565       2.394480927847553E-005  1.247119508716293E-004
   55782.2979647447      -1.612512586737225E-004  1.247037558941530E-004
   55782.3183986327      -2.692795790203428E-004  1.247029988216794E-004
   55782.3388325205       6.131873274139998E-005  1.247264946323045E-004
   55782.3592664078       6.427295845790049E-005  1.247181933990424E-004
   55782.3797002952      -1.006887581544991E-005  1.247063591609039E-004
   55782.4001341820      -4.335359398066618E-005  1.247095468344766E-004
   55782.4205680688       7.240890551329926E-005  1.247117649240042E-004
   55782.4410019552       1.203824119475616E-004  1.247067044922076E-004
   55782.4614358416       8.323643011620696E-005  1.247200395933199E-004
   55782.4818697275       9.785116998739518E-005  1.247131462492190E-004
   55782.5023036132      -5.283169157466183E-005  1.247101179593250E-004
   55782.5227374987      -1.813315498746526E-004  1.247012721651609E-004
   55782.5431713836       6.786553665327766E-005  1.247203185147575E-004
   55782.5636052686       7.987455939062471E-005  1.247268266816350E-004
   55782.5840391534      -3.689325167666180E-005  1.247201325671324E-004
   55782.6044730377      -1.039273408343089E-005  1.247184988844265E-004
   55782.6249070219      -9.170094299604248E-005  1.247217529678652E-004
   55782.6453409058      -1.104978046684302E-005  1.247273712425370E-004
   55782.6657746894       9.510575358673279E-005  1.247300940470470E-004
   55782.6862086727      -6.998684086279017E-005  1.247120571274150E-004
   55782.7066425558      -2.054164088504118E-004  1.247211552790703E-004
   55782.7270763387       2.899146770785066E-005  1.247219521974635E-004
   55812.2128935036       2.653861511014988E-005  1.249414235229405E-004
   55812.2333270904      -1.980090074860108E-004  1.249215138450847E-004
   55812.2537605773       5.183659301399857E-005  1.249308377902847E-004
   55812.2741941637      -2.738508948021412E-004  1.249288056483821E-004
   55812.2946275501      -1.167173580353120E-004  1.249334012111160E-004
   55812.3150610357      -1.199229670345581E-006  1.249417422902978E-004
   55812.3354946214      -7.179798582446217E-006  1.249354731989382E-004
   55812.3559280069       6.183499392786729E-005  1.249346629985719E-004
   55812.3763614918       3.479718892962502E-005  1.249424595168516E-004
   55812.3967949766      -1.765165683169645E-004  1.249252327975861E-004
   55812.4172284611       2.627465592275335E-005  1.249389530759217E-004
   55812.4376618454      -3.259593646387504E-004  1.249287790844357E-004
   55812.4580954292       3.890447970655853E-004  1.249720650351576E-004
   55812.4785289130      -6.757258110368092E-005  1.249371467275639E-004
   55812.4989623964       1.697237125977136E-004  1.249481442013895E-004
   55812.5193958793      -1.772697919445454E-004  1.249184191453246E-004
   55812.5398293621       8.177090911676288E-005  1.249317808103833E-004
   55812.5602628448       2.662095317202962E-004  1.249407461423063E-004
   55812.5806963270       1.175405106919047E-004  1.249343973591075E-004
   55812.6011298089       6.189548156609881E-005  1.249378772360910E-004
   55812.6215633907      -2.593366204034497E-004  1.249289384681143E-004
   55812.6419968719      -1.721662505098642E-004  1.249251663877200E-004
   55812.6624302532      -7.521703462498586E-005  1.249273844772476E-004
   55812.6828638340      -3.451854886660222E-005  1.249306784066060E-004
   55812.7032973145       1.498882070016805E-006  1.248988415167992E-004
   55812.7237306949       2.026503803054247E-005  1.249039285125422E-004
   55812.7441642747      -9.525995996628733E-005  1.248936349832972E-004
   55932.2564022083       3.526391170072252E-005  1.410835543485499E-004
   55932.2768350927       1.105207907332595E-004  1.410482612883391E-004
   55932.2972679774      -1.960232185516109E-004  1.410656541996306E-004
   55932.3177008622      -4.090273736891969E-004  1.410404925436180E-004
   55932.3381337472      -1.003524447441562E-004  1.410528397753483E-004
   55932.3585667324       5.880564724836113E-005  1.411110519673224E-004
   55932.3789995177      -1.504553070941217E-004  1.411177394949947E-004
   55932.3994324033      -2.422118374072468E-004  1.410942730805277E-004
   55932.4198653890      -1.689246376266329E-004  1.411109718771706E-004
   55932.4402981749      -3.608978560794007E-004  1.410799502917205E-004
   55932.4607310610       6.023410515587635E-006  1.411542873009165E-004
   55932.4811640473       1.402849026461706E-004  1.411297663661180E-004
   55932.5015968338      -2.073532837532088E-005  1.411749372117130E-004
   55932.5220297205      -1.792867356075201E-004  1.411221578017003E-004
   55932.5424627073      -2.466680892674322E-004  1.411236261211494E-004
   55932.5628955944      -5.043972505447414E-005  1.411207161789686E-004
   55932.5833284816       3.377817245657777E-004  1.411497488589832E-004
   55932.6037613690       3.208080996963680E-006  1.411410190324408E-004
   55932.6241942566       4.761823440757595E-005  1.411481203592306E-004
   55932.6446271443       1.964043890791967E-004  1.411596399927260E-004
   55932.6650600323      -8.027610793737150E-005  1.411649526394598E-004
   55932.6854929204       7.844660517397628E-006  1.411520047315912E-004
   55932.7059258087       1.754967983094158E-004  1.411748704699199E-004
   55932.7263586973       2.625631885384561E-004  1.411980031754212E-004
   55932.7467916859       8.250387609853860E-005  1.411743899290093E-004
   55932.7672245748      -8.966372388852228E-005  1.411895403160514E-004
   55962.2521260768      -1.651281994352605E-005  1.405217886757162E-004
   55962.2725593162       2.412117925392199E-004  1.405489792822403E-004
   55962.2929926557       1.930765577979887E-004  1.405560806090300E-004
   55962.3134257957       6.538853337856310E-005  1.405242447737037E-004
   55962.3338590358      -5.099708287881199E-006  1.405116305748008E-004
   55962.3542923763       2.227244499917180E-004  1.405431193528028E-004
   55962.3747255171       6.381710862890522E-005  1.405181178770937E-004
   55962.3951588580       2.993297911468851E-005  1.405133124679879E-004
   55962.4155920994       1.724182303455279E-004  1.405139264924847E-004
   55962.4360253410      -7.511478597521659E-005  1.405063980182189E-004
   55962.4564585830      -1.555109125540577E-004  1.404865757056572E-004
   55962.4768917252       2.231089403947895E-004  1.405387811362489E-004
   55962.4973250676      -1.152062385563202E-004  1.405077595507989E-004
   55962.5177583104       3.445745334529349E-005  1.405037016497761E-004
   55962.5381915535       1.899603691546403E-005  1.405162624552445E-004
   55962.5586246968      -5.604981605300541E-005  1.405064781083706E-004
   55962.5994912843       2.846011314672214E-004  1.405302248383688E-004
   55962.6199245286       1.356356353836574E-004  1.405186384630802E-004
   55962.6403577731      -4.132067808249040E-006  1.405275952117192E-004
   55962.6607910178      -5.211363574708638E-005  1.405124982181116E-004
   55962.6812243630       3.827357456143154E-005  1.405227364091788E-004
   55962.7016575083       2.757223717015922E-004  1.405258999701735E-004
   55962.7220907539       4.922286386621622E-005  1.405213748765988E-004
   55962.7425240999       6.957076794877892E-005  1.405151545414784E-004
   55962.7629572461       7.898507359205276E-005  1.405344028746191E-004
   55962.7833905927       1.690478322524669E-005  1.404908605287766E-004
   55992.2688864383       1.048749993097786E-004  1.376730086741761E-004
   55992.2893201214       2.773231863042458E-004  1.377257747358301E-004
   55992.3097538049       9.465342755143880E-005  1.376982504203405E-004
   55992.3301875887       1.201610707537437E-004  1.376799898657382E-004
   55992.3506211728       3.512612724116959E-004  1.377084886114077E-004
   55992.3710548571       1.731867774128482E-004  1.376938321136348E-004
   55992.3914886418      -1.297938689037714E-005  1.376607148358802E-004
   55992.4119222268       7.784036796310012E-005  1.376762389769639E-004
   55992.4323560120      -1.993480363084998E-004  1.376763724605502E-004
   55992.4527896976       1.752942792911938E-004  1.377047110259161E-004
   55992.4732232835       1.491222401845960E-004  1.376717272317478E-004
   55992.5140907562       1.762645508283089E-004  1.376698851582573E-004
   55992.5345243430      -4.261101465252715E-005  1.376552019637671E-004
   55992.5549581301       2.466303920900526E-004  1.376730887643278E-004
   55992.5753918174      -1.660662600342366E-004  1.376613555570943E-004
   55992.5958255052      -4.584600761015079E-005  1.376582186928169E-004
   55992.6162591931       1.288577536684432E-005  1.376526791239866E-004
   55992.6366928814      -3.636656054900600E-004  1.376366343969164E-004
   55992.6571265700       1.461069356940570E-004  1.376478069730875E-004
   55992.6775602589      -1.793423611500256E-004  1.376427212484505E-004
   55992.6979939481      -3.625759060412737E-004  1.376474599157632E-004
   55992.7184276376      -2.703323721230388E-004  1.376342850857980E-004
   55992.7388613274      -3.026575768411144E-004  1.376432818795129E-004
   55992.7592951175      -3.906008885162793E-004  1.376122736424214E-004
   55992.7797287078       4.147669013288002E-005  1.375987784518492E-004
   56022.2862578351      -7.875639715670957E-005  1.192549756840781E-004
   56022.3066919212       4.113007047701345E-005  1.192456999351689E-004
   56022.3271260074       7.776630689715347E-005  1.192578225637866E-004
   56022.3475601938       2.535018425176006E-006  1.192277498908098E-004
   56022.3679941806       1.834071764550416E-004  1.192446574158390E-004
   56022.3884282675      -1.177662277975777E-004  1.192625406320358E-004
   56022.4088624546       1.592401260499532E-004  1.192461810979365E-004
   56022.4292965420      -5.650607969009958E-005  1.192357826359027E-004
   56022.4497305297       5.578345500634185E-006  1.192115774755646E-004
   56022.4701647176       3.709192184326859E-004  1.192860641451199E-004
   56022.4905988056      -6.042309115961153E-005  1.192445103938822E-004
   56022.5110329940       5.384573711508800E-005  1.192500571313424E-004
   56022.5314669826       6.501473368691890E-005  1.192310912989184E-004
   56022.5519010714       1.200684620854542E-004  1.191838705195286E-004
   56022.5723352605       5.212548741440060E-005  1.192258252397393E-004
   56022.5927692496       2.187603131884597E-004  1.192256113896204E-004
   56022.6132033392      -5.467220492805236E-005  1.192330426812538E-004
   56022.6336375289      -5.622200058541527E-005  1.192468493795582E-004
   56022.6540715189      -2.044380536414536E-006  1.192535455614077E-004
   56022.6745056091       1.260063533965461E-004  1.192653474148470E-004
   56022.6949396996      -9.326573795376270E-005  1.192348336759999E-004
   56022.7153737902      -2.211524692263822E-007  1.192493086559261E-004
   56022.7358079811       3.232812535971519E-004  1.192570473571054E-004
   56022.7562419722      -8.089030464975000E-005  1.192189820359331E-004
   56022.7766760636      -1.155075211496381E-004  1.192416367829089E-004
   56022.7971102553       2.888929706199583E-004  1.192539999929104E-004
   56052.2837182384       7.489028037910295E-005  1.189165846021112E-004
   56052.3041525874      -1.218363316068949E-004  1.189183755968574E-004
   56052.3245870366       2.678347522100388E-006  1.189058653648991E-004
   56052.3450212858      -2.802507077018790E-004  1.189005592088227E-004
   56052.3654556352       1.463313912208886E-004  1.189371275791625E-004
   56052.3858900847       3.259675217015534E-005  1.189340401180702E-004
   56052.4063243343      -3.259951566836339E-005  1.189192710942305E-004
   56052.4267586840       6.711607156240085E-005  1.189280389491073E-004
   56052.4471931338      -9.473176609708922E-006  1.189256865977989E-004
   56052.4676273838       2.602665442197338E-004  1.189252856288258E-004
   56052.4880617338      -2.782157261972396E-004  1.188972178007142E-004
   56052.5084961841      -8.037099626645450E-005  1.188948119868760E-004
   56052.5289305344       6.222261623034520E-005  1.189034729166934E-004
   56052.5493648848       5.398998375971686E-005  1.189304180316805E-004
   56052.5697992353      -1.220303111922894E-004  1.189083914694291E-004
   56052.5902335860       1.928653236604738E-005  1.189028313663365E-004
   56052.6106679367      -1.022284601570611E-005  1.188840392871342E-004
   56052.6311022876       2.522747194166897E-005  1.189189369534196E-004
   56052.6515366386      -9.203245851885367E-005  1.188982469544116E-004
   56052.6719710898       1.909804783295499E-005  1.188990756236225E-004
   56052.6924053410       3.903233205315715E-005  1.188973514570385E-004
   56052.7128397924      -2.264686601428645E-004  1.189046357267151E-004
   56052.7332741438      -8.050520006508410E-005  1.189127352999702E-004
   56052.7537083954       2.162023358440734E-004  1.189121605777755E-004
   56052.7741428471       9.720953160274881E-005  1.189226258679714E-004
   56052.7945771990      -8.453993956270001E-005  1.188654610580507E-004
   56052.8150114509       4.886729341180285E-005  1.189007463276768E-004
   56082.3018643349       1.111277770506902E-004  1.185475327593405E-004
   56082.3222988595       1.361245876851935E-004  1.185222717140400E-004
   56082.3427332840       9.969946117482920E-005  1.185222316171427E-004
   56082.3631678087       2.359401919058701E-004  1.185419191937181E-004
   56082.3836021332       1.657671632688817E-004  1.185092268567843E-004
   56082.4040365577       1.120033235608719E-004  1.185095877288600E-004
   56082.4244710822      -6.302235360777786E-005  1.185182620243097E-004
   56082.4449055068      -5.840847257043702E-005  1.185124613398333E-004
   56082.4653398313       3.439223368073563E-005  1.184991892668263E-004
   56082.4857743557       9.681271849903972E-005  1.184796888091049E-004
   56082.5062087802       7.871195812203524E-005  1.185392460672313E-004
   56082.5266431046       2.810550442733373E-005  1.184862513346300E-004
   56082.5470776291      -1.662488470010048E-004  1.184799561217536E-004
   56082.5675120535       9.238125290655930E-005  1.185179813460286E-004
   56082.5879464779       1.598284595036858E-004  1.185179679803962E-004
   56082.6083809023       1.840316052763580E-004  1.184967433560908E-004
   56082.6288153266       1.292578444649362E-004  1.185104832262331E-004
   56082.6492497510       1.782836450174852E-004  1.185063131489136E-004
   56082.6696841753       6.608833158483485E-005  1.185226593173806E-004
   56082.6901184996      -1.794386579255791E-004  1.184664701986276E-004
   56082.7105530239      -1.090169078709069E-004  1.185315340973168E-004
   56082.7309874482      -6.590262292283100E-005  1.184934955074093E-004
   56082.7514217725       8.120039196191087E-005  1.184937093575283E-004
   56082.7718562967       2.625620866258949E-005  1.185126350930550E-004
   56082.7922907210       2.018547607618437E-004  1.185201064815856E-004
   56082.8127252452       2.966010530136565E-004  1.185059522768379E-004
   56112.2994927256       3.864692757860055E-005  1.241026591162404E-004
   56112.3199271355       8.004592686217116E-005  1.241030099605480E-004
   56112.3403613450      -1.074855634476402E-004  1.240888817301585E-004
   56112.3607957546       3.316329339653201E-005  1.240942928289037E-004
   56112.3812300638       1.133935551138610E-004  1.241028750204297E-004
   56112.4016643730       1.941051670262262E-005  1.240972750055189E-004
   56112.4220986822       5.488138145604005E-006  1.240955477720042E-004
   56112.4425329912      -2.009118825918588E-004  1.240983005504182E-004
   56112.4629672999       1.519026531024981E-004  1.241061270772816E-004
   56112.4834016084       3.609207100891965E-004  1.241259902627003E-004
   56112.5038359169      -1.885731402750945E-005  1.241029694785126E-004
   56112.5242702255      -2.191719371577028E-004  1.240921877630577E-004
   56112.5447045337      -3.436686627591445E-004  1.240923496911997E-004
   56112.5651388418      -4.746651402420810E-005  1.241072875622992E-004
   56112.5855732498      -1.324753529016176E-004  1.240978552480277E-004
   56112.6060074576       8.650005577459652E-005  1.241132114334941E-004
   56112.6264417652       3.458818625090565E-005  1.241142504724053E-004
   56112.6468761728       5.263430353585896E-005  1.241181097597896E-004
   56112.6673103803       8.043716231354026E-005  1.241098379305358E-004
   56112.6877446874       8.105507768307874E-006  1.241085290113879E-004
   56112.7081790945       8.059907422475199E-005  1.241172191550086E-004
   56112.7286133016      -1.667967608097731E-004  1.241036711671279E-004
   56112.7490476085       2.192703999768231E-004  1.241240336309845E-004
   56112.7694820152       8.023489705277775E-005  1.241137916760029E-004
   56112.7899162218       2.418022674866016E-005  1.241169087927364E-004
   56112.8103506282      -4.986573088505697E-005  1.241099863646659E-004
   56112.8307849344       1.528259387169051E-004  1.241203497657540E-004
   56142.3173152602      -2.065112527871449E-005  1.245302708572290E-004
   56142.3377491947       2.271871448034091E-005  1.245366130427907E-004
   56142.3581832289      -3.220510950903144E-004  1.245591480425525E-004
   56142.3786173629      -2.456639374318614E-004  1.245290159141285E-004
   56142.3990512967      -2.709638549662774E-004  1.245288809740102E-004
   56142.4194853302       3.025991833194297E-005  1.245329966476194E-004
   56142.4399194635       2.063873101278979E-004  1.245614420245642E-004
   56142.4603533966      -8.303439010648450E-005  1.245450602941984E-004
   56142.4807875294      -2.112304817596389E-004  1.245360867763292E-004
   56142.5012215620      -1.254669592346547E-004  1.245467605396895E-004
   56142.5216554944       6.688605998084185E-005  1.245550323689433E-004
   56142.5420896265      -5.403319957797414E-006  1.245515509138903E-004
   56142.5625235584      -8.790317333950970E-005  1.245428337822459E-004
   56142.5829575901      -1.993019851163069E-004  1.245207036028391E-004
   56142.6033917215      -2.413156990206389E-004  1.245265060279275E-004
   56142.6238256527      -3.917369254458070E-005  1.245538853779375E-004
   56142.6442596837       8.906097206540231E-005  1.245528328450145E-004
   56142.6646938144      -5.432621868073362E-005  1.245512135635945E-004
   56142.6851278449       1.251246363092040E-004  1.245359383421991E-004
   56142.7055617752       7.201732007966477E-006  1.245414304050152E-004
   56142.7259959052      -8.001576553073875E-005  1.245471113839971E-004
   56142.7464299350      -4.704992639181782E-005  1.245354120757375E-004
   56142.7668640648      -2.354869397036552E-006  1.245368424409919E-004
   56142.7872979942       2.396942739335550E-005  1.245360193062701E-004
   56142.8077320233       2.138486806224638E-004  1.245380029260096E-004
   56142.8281661521       1.805829590877384E-004  1.245508222372513E-004
   56172.3142135936       1.615777741992286E-004  1.247536642231310E-004
   56172.3346472481      -1.103368212566069E-004  1.247303465706829E-004
   56172.3550810021       4.581374594048171E-005  1.247514242171666E-004
   56172.3755145559       1.302901577402427E-004  1.247516401213560E-004
   56172.3959483095       2.191419071644329E-004  1.247677114894496E-004
   56172.4163819625       1.369622084725908E-004  1.247537451872020E-004
   56172.4368155156      -3.932288750541080E-005  1.247487119207881E-004
   56172.4572492682      -2.901231856263786E-004  1.247119677265658E-004
   56172.4776829206       2.116552086257606E-004  1.247545413339002E-004
   56172.4981165728       1.180460545100459E-004  1.247592372500182E-004
   56172.5185502247       2.840653960485273E-004  1.247467957711078E-004
   56172.5389838762       1.712560879130187E-005  1.247445962471789E-004
   56172.5594175274      -5.886466909821308E-005  1.247420728669661E-004
   56172.5798511784       2.621243416860430E-004  1.247579148368585E-004
   56172.6002848291       5.356682175983174E-005  1.247537721752257E-004
   56172.6207184797      -6.370057408533469E-005  1.247565384476515E-004
   56172.6411521297       3.804270341065674E-004  1.247610589416157E-004
   56172.6615857795       1.025773909346661E-005  1.247461480585398E-004
   56172.6820195294      -8.111957075795928E-005  1.247474974597231E-004
   56172.7024531785       2.775124085174774E-005  1.247251918581625E-004
   56172.7228867276       1.604607236431743E-004  1.247559986871782E-004
   56172.7433204765       2.148217842068423E-004  1.247482531243858E-004
   56172.7637541249       1.490851485805855E-004  1.247578473667993E-004
   56172.7841876731       1.039066552654955E-004  1.247407639478183E-004
   56172.8046214211      -1.139307593959193E-004  1.247260689689317E-004
   56172.8250550688       1.646882957255791E-004  1.247403996094988E-004
   56172.8454886161       1.203342627027482E-004  1.247285113850735E-004
   56202.3309558645       5.847149881343938E-005  1.247175407534530E-004
   56202.3513892110       5.654485601103154E-005  1.247243822174525E-004
   56202.3718223574       2.954949822342456E-005  1.247314935616887E-004
   56202.3922556035       8.117882363900542E-005  1.247279986126239E-004
   56202.4126889493      -6.422485172885573E-005  1.247213190767663E-004
   56202.4331221950      -5.483278993201335E-005  1.247143831546840E-004
   56202.4535553404       5.530527305541710E-005  1.247245846276300E-004
   56202.4739886853      -1.772939646011995E-004  1.247120756786604E-004
   56202.4944219302       2.583555632473811E-004  1.247333422413099E-004
   56202.5148550747      -3.423251219125678E-005  1.247078115709211E-004
   56202.5352884189       1.170788641042808E-004  1.247179050917725E-004
   56202.5557216629       1.463154134997424E-004  1.247293884958427E-004
   56202.5761548067       3.975452442817051E-005  1.247063407236313E-004
   56202.5965881500      -4.740172904982298E-005  1.247134790558911E-004
   56202.6170213933      -1.271055308957880E-004  1.247079060290039E-004
   56202.6374547361       1.476638352306825E-004  1.247172573792045E-004
   56202.6578878790      -5.884657298649287E-005  1.247192814809795E-004
   56202.6783211213       2.783769070124897E-005  1.247092824182109E-004
   56202.6987544635       3.016944950839928E-005  1.247140323103763E-004
   56202.7191876054       1.067859276682182E-005  1.246981903404839E-004
   56202.7396208468      -3.031076698523094E-005  1.246894057387803E-004
   56202.7600541883      -2.838277478933726E-006  1.247045055380219E-004
   56202.7804873292       2.071939537522383E-004  1.247219532953225E-004
   56202.8009205702       1.978742633101938E-005  1.246810934274910E-004
   56202.8213539107       6.828096815492124E-005  1.247117518223764E-004
   56202.8622202911      -2.195793571369009E-005  1.246956804542829E-004
   56322.3741180724       2.022361982383369E-004  1.266405375802481E-004
   56322.3945510491      -1.070592749239374E-004  1.266399973118318E-004
   56322.4149841261      -1.997327429790197E-004  1.266346891746419E-004
   56322.4354173033      -1.480668537889862E-004  1.266402944594608E-004
   56322.4558502807       3.260279471517524E-004  1.266533419417138E-004
   56322.4762834584      -2.021067710971103E-004  1.266488712205691E-004
   56322.4967165363      -2.137885260105055E-004  1.266394030165739E-004
   56322.5171495145      -4.117897555078187E-005  1.266456836369131E-004
   56322.5375826930      -6.620786394873068E-005  1.266583259178540E-004
   56322.5580157718       6.376160376420081E-005  1.266392679494699E-004
   56322.5784487507       9.393158423098846E-005  1.266492359017501E-004
   56322.5988819300       2.522440877594789E-005  1.266411588889268E-004
   56322.6193150095      -4.383923356887642E-005  1.266372824630400E-004
   56322.6397481893       6.145006144242515E-005  1.266550437872251E-004
   56322.6601811692       1.715988681283420E-005  1.266424690398363E-004
   56322.6806142496      -1.144099356749084E-004  1.266538957168405E-004
   56322.7010474300      -6.136027075898109E-005  1.266680507493469E-004
   56322.7214804108      -2.921197191985136E-005  1.266596765888947E-004
   56322.7419134918       1.813629792790650E-006  1.266563539381346E-004
   56322.7623466731       4.734188084998259E-005  1.266500057842433E-004
   56322.7827797547       3.797999316912382E-005  1.266563539381346E-004
   56322.8032127365       2.085565749772034E-004  1.266693473935460E-004
   56322.8236458184      -2.434714527427273E-004  1.266671998265913E-004
   56322.8440790007       1.908083036754604E-004  1.266403079661712E-004
   56322.8645120833       3.783118705569244E-005  1.266515860693609E-004
   56322.8849451662       6.585708624462505E-005  1.266715489873423E-004
   56352.3701834281       1.703319910117962E-005  1.267953650016423E-004
   56352.3906169279      -1.095402392596867E-004  1.267909753207601E-004
   56352.4110504280      -3.304721698705881E-004  1.267722280067153E-004
   56352.4314840284       1.141956726782301E-004  1.267966616458413E-004
   56352.4519174291       8.834926524259323E-006  1.268061703699678E-004
   56352.4723509301       1.297847730512558E-004  1.268192313589312E-004
   56352.4927845314      -8.145370919576678E-005  1.267941899178369E-004
   56352.5132179330       1.476465930527748E-004  1.268021588769769E-004
   56352.5540850371       2.775171282487499E-005  1.268269707039944E-004
   56352.5745184397       1.173509411527274E-004  1.268009702864611E-004
   56352.5949519426       9.796741237622086E-005  1.267856536768597E-004
   56352.6153855457       2.722632365359523E-005  1.267884900860452E-004
   56352.6358189491      -7.895986357953078E-005  1.267897867302442E-004
   56352.6562525529      -4.014692923037799E-005  1.267940143306016E-004
   56352.6766860570      -1.066433495315877E-004  1.267742405065659E-004
   56352.6971195613      -1.616645929123361E-004  1.267874230559230E-004
   56352.7175530661       2.106004494157876E-004  1.268075345477189E-004
   56352.7379865710      -2.364832168949560E-004  1.267929743139003E-004
   56352.7584200763       8.485845243910717E-005  1.267743080401179E-004
   56352.7788535819      -1.181853813184697E-004  1.267778197848237E-004
   56352.7992870878       1.400031234370935E-004  1.267893004886696E-004
   56352.8197206940      -1.445693314907626E-004  1.268120187755740E-004
   56352.8401542005       2.583313806621135E-004  1.268047116452438E-004
   56352.8605876074      -1.834811830041527E-004  1.268086285912618E-004
   56352.8810212145       1.726106495982815E-004  1.267943925184930E-004
   56352.9014547219       1.897469065914592E-005  1.267886251531492E-004
   56382.3873275941       3.972840763419860E-004  1.266566510857635E-004
   56382.4077615277       1.887185290476712E-004  1.266384710535559E-004
   56382.4281955617      -1.778401249935557E-004  1.266265716416874E-004
   56382.4486293960       6.942106385632307E-005  1.266306776816511E-004
   56382.4690633304       9.619236268387787E-005  1.266503704654243E-004
   56382.4894973651      -3.824574225608224E-005  1.266477771770262E-004
   56382.5099312002       1.765004590710273E-004  1.266526666061935E-004
   56382.5303651354      -5.523761214620837E-005  1.266562864045825E-004
   56382.5507991711       6.967532602830673E-005  1.266405781003793E-004
   56382.5712331069       2.744610909681811E-004  1.266355400973975E-004
   56382.5916669430       3.505547746240900E-005  1.266124841427330E-004
   56382.6121009793       2.085305476631216E-004  1.266371744093568E-004
   56382.6325348160       2.616404373578796E-005  1.266571103139174E-004
   56382.6529688529       6.589958933833628E-005  1.266496816231936E-004
   56382.6734027901       1.228933826420420E-004  1.266565700455011E-004
   56382.6938366275       3.202603225465062E-004  1.266674834675099E-004
   56382.7142706653       1.926338526168081E-004  1.266378362381667E-004
   56382.7347046032       1.344071822371173E-004  1.266513969754152E-004
   56382.7551384415       1.332706433221365E-005  1.266410643419540E-004
   56382.7755724801       3.870504157259536E-004  1.266732103127224E-004
   56382.7960064188       2.261560990501899E-005  1.266466155999312E-004
   56382.8164404579      -4.053425420191825E-005  1.266494385024062E-004
   56382.8368742973      -3.243699880295381E-005  1.266264500812937E-004
   56382.8573082369       1.123453429776600E-004  1.266308937890176E-004
   56382.8777422768      -1.280310748940083E-004  1.266207097293708E-004
   56382.8981761169      -1.483095329890549E-005  1.266219928668594E-004
   56412.3845902509      -7.704953857323726E-005  1.186038044890520E-004
   56412.4050246132       2.096827325652750E-004  1.186275941447928E-004
   56412.4254588758       2.415550545307177E-004  1.185743053159333E-004
   56412.4458932385      -8.723242540009668E-005  1.185786343631470E-004
   56412.4663274013       1.319616618100650E-004  1.185973042169200E-004
   56412.4867616644       8.325831908151393E-005  1.185774683349501E-004
   56412.5071960276      -6.024791858072476E-005  1.186039519179044E-004
   56412.5276301909      -1.074830741700783E-004  1.184636666634598E-004
   56412.5480644545       4.770436602830053E-005  1.185506496864220E-004
   56412.5684988182       1.125164223418906E-004  1.185645482064239E-004
   56412.5889329820       1.882273923645705E-004  1.185983228162644E-004
   56412.6093672461       3.246553737401570E-005  1.185206144083853E-004
   56412.6298016103       2.120508155762924E-004  1.184855933546102E-004
   56412.6502357747      -2.715273784537064E-005  1.186085490175772E-004
   56412.6706701393       1.208063433024709E-004  1.185486392929791E-004
   56412.6911043039       3.911434411474346E-005  1.185610769270791E-004
   56412.7115385689       3.166667196352613E-005  1.186043137887242E-004
   56412.7319729339      -7.739231817027736E-005  1.185491888005202E-004
   56412.7524070991       9.542693871522623E-005  1.185078417087115E-004
   56412.7728413645       9.279966175124166E-005  1.184715742110018E-004
   56412.7932757301       2.133218893862754E-006  1.185496310870776E-004
   56412.8137099958      -1.901424206032232E-004  1.184656234464108E-004
   56412.8341442617       1.134954229888852E-004  1.184732629414938E-004
   56412.8545785278      -4.899917267986442E-005  1.185100799467446E-004
   56412.8750127940      -7.819947471809918E-005  1.185541209657667E-004
   56412.8954470604       1.645830758578715E-004  1.184532260201797E-004
   56412.9158813270      -1.751061936745568E-004  1.185419111762569E-004
