   54989.2483092782      -2.483724199454640E-004  1.407156615430024E-004
   54989.2687435090      -1.281213809939397E-004  1.406786473000081E-004
   54989.2891779396      -1.044819916979911E-004  1.407562799089063E-004
   54989.3096122701      -1.096055851546041E-004  1.407355785417810E-004
   54989.3300466005       1.307320972676607E-005  1.407204968263550E-004
   54989.3504809308      -3.970040481210413E-004  1.407400266053168E-004
   54989.3709152609       2.390423334206471E-004  1.407001528929066E-004
   54989.3913495910       1.643168265896833E-004  1.408100736772923E-004
   54989.4117838209      -4.794370606224785E-004  1.407181933648811E-004
   54989.4322182507      -1.684984832229786E-004  1.406916737717916E-004
   54989.4526525804       2.284103980887409E-004  1.407169820618646E-004
   54989.4730868100       5.406717687235219E-004  1.408352727515196E-004
   54989.4935212394       2.945354254171306E-004  1.407225222838579E-004
   54989.5139555688       5.640391063792549E-004  1.406479080037876E-004
   54989.5343897979       3.967096536201531E-004  1.405519271328043E-004
   54989.5548241270       4.782506603537851E-004  1.407285688702268E-004
   54989.5752585560      -2.749000824182612E-004  1.407403741102805E-004
   54989.5956927849       5.759195207222234E-005  1.407087511585808E-004
   54989.6161271136       9.926320898812069E-004  1.407615619843551E-004
   54989.6365615423       7.328324385469376E-004  1.407141325211620E-004
   54989.6569958708       5.100776353101910E-004  1.407572529228048E-004
   54989.6774300991       1.551474312655454E-004  1.407569550614073E-004
   54989.6978644274       2.961785132000738E-004  1.407081752932123E-004
   54989.7182988556       3.532172211477835E-004  1.407003415384584E-004
   54989.7387330836      -4.269652690259695E-004  1.407313786960765E-004
   54989.7591674114      -9.273048308866549E-005  1.407279433612921E-004
   54989.7796017393       3.985305697236097E-004  1.407747076006974E-004
   54989.8000360670       3.043858762870055E-004  1.407404436112733E-004
   54989.8204703945       2.408466976522305E-004  1.408075617128402E-004
   54989.8409047219      -3.228102298568070E-004  1.407443158094406E-004
   54989.8613390493       1.169280141839479E-004  1.407460533342593E-004
   54989.8817733764      -2.701041635707613E-004  1.406742190938989E-004
   54989.9022077036      -3.659217492174571E-004  1.407053257525097E-004
   54989.9226419305      -3.407283963473562E-004  1.407176174995126E-004
   54989.9430763574       3.507153586261857E-004  1.407235350126093E-004
   54989.9635106840       2.140034543405278E-004  1.406998550315092E-004
   54989.9839449107      -4.997416932872589E-005  1.406760956207030E-004
   54990.0043793371       2.165251824233216E-004  1.406971544215053E-004
   54990.0248136635      -1.876331906469630E-004  1.405930022195176E-004
   54990.0452478897      -2.662896533226489E-004  1.407017414870266E-004
   54990.0656822158      -3.237885852757083E-004  1.407372366368937E-004
   54990.0861166419      -1.176448610389347E-004  1.407150062479280E-004
   54990.1065508678       1.670655594379067E-004  1.406868682745788E-004
   54990.1269851935       8.371235054793758E-005  1.407128715745793E-004
   54990.1474196192      -2.571568347944364E-004  1.407409896905020E-004
   54990.1678539447      -4.439260452637761E-005  1.406339879478117E-004
   54990.1882881701      -2.114024957242666E-004  1.405787445872913E-004
   54990.2087224954      -1.655673353599951E-004  1.406978295740063E-004
   54990.2291569205      -5.497347500338368E-005  1.406249726761811E-004
   54990.2495911456       2.808768140938334E-004  1.407063484099744E-004
   54990.2700254705       1.767182462080186E-004  1.406821819219250E-004
   54990.2904598953      -3.179185160736564E-004  1.406933219381910E-004
   54990.3108941200      -9.243383120145499E-004  1.405797970308957E-004
   54990.3313284445      -6.179740357961094E-004  1.406329255754940E-004
   54990.3517627690      -8.878747699638811E-004  1.405967552731259E-004
   54990.3721970933      -1.000418666573522E-003  1.406469449186024E-004
   54990.3926314175      -1.174859069839829E-003  1.405894477401743E-004
   54990.4130657415      -1.483146142475245E-003  1.405830735062681E-004
   54990.4334999655      -1.294743480209748E-003  1.405956829720950E-004
   54990.4539343894      -1.749978358527526E-003  1.405088464460145E-004
   54990.4743687130      -2.311140366748954E-003  1.405053217528109E-004
   54990.4948029367      -1.525518452269115E-003  1.405257947595315E-004
   54990.5152373601      -1.817805204918699E-003  1.405047458874424E-004
   54990.5356716835      -2.199337681722424E-003  1.405398438887796E-004
   54990.5561059066      -2.370848967754746E-003  1.405305803993178E-004
   54990.5765402298      -1.751626746930079E-003  1.405772751377304E-004
   54990.5969746528      -1.713462678724631E-003  1.405628288599523E-004
   54990.6174089756      -1.992215026538346E-003  1.405217041296727E-004
   54990.6378431984      -1.957049492669394E-003  1.405126590719023E-004
   54990.6582776210      -1.861856211395563E-003  1.404932285800730E-004
   54990.6787119435      -1.576195939093306E-003  1.405074564261596E-004
   54990.6991461658      -1.837397497587934E-003  1.405033360101610E-004
   54990.7195804881      -2.289447551938495E-003  1.403754938983599E-004
   54990.7400149102      -1.367102751334781E-003  1.404368831323819E-004
   54990.7808834541      -1.625093057709082E-003  1.403679182901505E-004
   54990.8013178759      -1.347179543196519E-003  1.405363191955760E-004
   54990.8217521975      -5.817702968872185E-004  1.404870429917185E-004
   54990.8421864189      -4.835601271344636E-004  1.406111816934775E-004
   54990.8626207404      -4.438965236603920E-004  1.405813955537289E-004
   54990.8830551617      -2.333819021457240E-004  1.403690898783140E-004
   54990.9034894828       1.373711368128916E-004  1.404520740636537E-004
   54990.9239237038       1.258786276170376E-005  1.405688059453285E-004
   54990.9443580247      -1.654120115973656E-004  1.406480271483466E-004
   54990.9647924455      -8.823431407023463E-005  1.405055203270759E-004
   54990.9852266661      -1.328015442663144E-004  1.406782501514782E-004
   54991.0056609866      -2.170836810481136E-004  1.406444627402900E-004
   54991.0260954071      -1.642841935513006E-004  1.406752715375033E-004
   54991.0465296274       4.484917095903818E-005  1.406390416628557E-004
   54991.0669639475      -2.552155902258990E-004  1.406029507901937E-004
   54991.0873982676      -6.255172176772295E-005  1.406192835234891E-004
   54991.1078325875      -2.858032539956312E-004  1.406664548401377E-004
   54991.1282669073      -2.666772363935088E-005  1.407118290596881E-004
   54991.1487012268      -2.684947254398828E-004  1.406316844863378E-004
   54991.1691356464      -5.028057105649353E-005  1.406463591245206E-004
   54991.1895698658       2.068080754522583E-004  1.407079469328075E-004
   54991.2100041852      -5.326826254026251E-005  1.406439464472010E-004
   54991.2304384043       3.239428415264811E-004  1.406184296541497E-004
   54991.2508728234       2.471095317400085E-004  1.406269187039781E-004
   54991.2713071422       4.268165435981075E-004  1.405609225470083E-004
   54991.2917414611       1.373779788012008E-004  1.406489008751125E-004
   54991.3121757797      -1.131453190722498E-004  1.406074782834355E-004
   54991.3326100982      -2.518921256636775E-004  1.406345638131802E-004
   54991.3530444166      -5.560788674030537E-005  1.405826366428851E-004
   54991.3734786349      -2.317962266917828E-004  1.405711888365084E-004
   54991.3939130531      -4.567425227881561E-004  1.405770567060389E-004
   54991.4143473711      -1.391356404819577E-004  1.405365773421205E-004
   54991.4347815891       1.585316700383199E-004  1.406457733304389E-004
   54991.4552160069      -1.365567279305591E-004  1.405147540303980E-004
   54991.4756503246      -2.929607343493679E-005  1.406018983465892E-004
   54991.4960845421       6.811634846859427E-005  1.406242180939742E-004
   54991.5165188595       4.004406402355887E-004  1.406516312712562E-004
   54991.5369532768       3.363689760311761E-004  1.406155900421603E-004
   54991.5573874940      -2.745240591500719E-004  1.406413947678959E-004
   54991.5778218110      -5.665563265458973E-004  1.406217160582353E-004
   54991.5982561279      -2.006378422204635E-004  1.406887745875227E-004
   54991.6186905447       3.172590937801090E-004  1.406165531273455E-004
   54991.6391247613       2.873874390294517E-004  1.407184812975653E-004
   54991.6595590778      -6.565358468124671E-005  1.405617565589213E-004
   54991.6799934943       2.204539282193441E-004  1.405275521417767E-004
   54991.7004277106       5.495948699476561E-004  1.406754601830550E-004
   54991.7208620267       3.735358426262270E-004  1.406852101794661E-004
   54991.7412962428       8.758780220041729E-005  1.406125617846192E-004
   54991.7617306587       1.386447904647703E-004  1.406003494673223E-004
   54991.7821649745       3.380490517508328E-004  1.405681605789673E-004
   54991.8025992901       3.473004266612012E-004  1.406595643131425E-004
   54991.8230336056       2.023906713262136E-004  1.405474393544155E-004
   54991.8434679211      -1.114445367400574E-005  1.406083321527749E-004
   54991.8639022363       4.889393477272019E-004  1.406252208940124E-004
   54991.8843364515       2.204646233283647E-004  1.406951686788554E-004
   54991.9047708665       5.896748458522616E-005  1.405830536488416E-004
   54991.9252051814       2.674579923427345E-004  1.406851605358999E-004
   55092.7454284244       3.243155051817492E-004  1.372045639363287E-004
   55092.7658615679       4.900048787404021E-004  1.372251733876046E-004
   55092.7862946110       2.018342288876429E-004  1.372313077189719E-004
   55092.8067278542       6.159197754573853E-005  1.372428250449964E-004
   55092.8271609970       7.690177712205148E-005  1.371863701752348E-004
   55092.8475940394      -2.311051473306014E-004  1.371759180354322E-004
   55092.8680271817       1.411079296986806E-005  1.372004743820839E-004
   55092.8884604237      -2.683813254642509E-004  1.371657797451414E-004
   55092.9088934655      -3.233601310870249E-005  1.371794274436097E-004
   55092.9293266071      -2.506848138190687E-004  1.371795510812962E-004
   55092.9497598484      -1.524060301316688E-005  1.372428250449964E-004
   55092.9701928895      -3.455250668964460E-004  1.371729602415481E-004
   55092.9906260301      -4.483751800352653E-004  1.371731124110084E-004
   55093.0110592707      -4.598847609078582E-004  1.371628314618486E-004
   55093.0314923111      -1.861838208220279E-004  1.371750240398531E-004
   55093.0519254511       2.479646977362471E-004  1.372266570398423E-004
   55093.0723585910      -8.348255517454106E-005  1.372059429720625E-004
   55093.0927918307      -2.465796985262614E-005  1.372191056303762E-004
   55093.1132248699       4.829638359409305E-004  1.372208460685781E-004
   55093.1336580089       7.599657307679752E-004  1.372475422982649E-004
   55093.1540912479       3.049478835348562E-004  1.371855807961596E-004
   55093.1745242864       1.332749629248120E-004  1.372057337390546E-004
   55093.1949574247       4.860015161598508E-004  1.372270945270406E-004
   55093.2153904630       2.977320395602945E-005  1.371785239374394E-004
   55093.2358237008      -4.195326744611538E-004  1.371665881453991E-004
   55093.2562568384      -4.505342366296627E-004  1.371793608694709E-004
   55093.2766899758      -6.061195243017847E-004  1.371771258805231E-004
   55093.2971231129      -5.344714222443869E-004  1.371424883071282E-004
   55093.3175562498      -8.806747928845615E-004  1.371759941201623E-004
   55093.3379892865      -1.187893252202477E-003  1.371355550860945E-004
   55093.3584224229      -1.739976781395591E-003  1.371084023480269E-004
   55093.3788556589      -2.190049806068406E-003  1.370410198088993E-004
   55093.3992887949      -1.845178510274104E-003  1.371022965484334E-004
   55093.4197218306      -2.086840768465437E-003  1.371341094762219E-004
   55093.4401550659      -1.970734229298055E-003  1.371254928805339E-004
   55093.4810212362      -1.555577996046553E-003  1.371148505289060E-004
   55093.5014544708      -1.509123926732636E-003  1.371193490385753E-004
   55093.5218875053      -1.276610247415433E-003  1.371421173940688E-004
   55093.5423206394      -1.032110637419037E-003  1.371344328363250E-004
   55093.5627537733      -1.645987316017727E-003  1.370772551616271E-004
   55093.5831869072      -1.783047424954276E-003  1.371249983297880E-004
   55093.6036200406      -1.696414834953752E-003  1.370911501354683E-004
   55093.6240531738      -1.678061312206047E-003  1.371150026983663E-004
   55093.6444864067      -1.431736665575611E-003  1.371198721210950E-004
   55093.6649194394      -1.491057134737850E-003  1.371278324859856E-004
   55093.6853525719      -1.717482922946711E-003  1.370978360811291E-004
   55093.7057856044      -1.542864946571743E-003  1.371034283087942E-004
   55093.7262188364      -1.178155790837132E-003  1.371553085841563E-004
   55093.7466519679      -1.247085922468805E-003  1.371250649039269E-004
   55093.7670849995      -5.330684388169526E-004  1.371646670059632E-004
   55093.7875182308      -3.743712831056900E-004  1.371399965322162E-004
   55093.8079513619      -1.784615093148867E-004  1.372132090637906E-004
   55093.8283844927       7.470475172843827E-005  1.372043071503645E-004
   55093.8488175231       1.360743311722423E-004  1.371937313728755E-004
   55093.8692507535       2.330624846904605E-004  1.371948060696887E-004
   55093.8896838836       5.764886436561145E-004  1.372259912984536E-004
   55093.9101169133       3.976673940575548E-004  1.372199806047728E-004
   55093.9305501430       2.743406784124769E-004  1.372258676607671E-004
   55093.9509832722       2.146209856044301E-004  1.372044498092335E-004
   55093.9918495302      -3.770028835298200E-004  1.371882722934882E-004
   55094.0122826589      -1.721305576380949E-004  1.371907165154438E-004
   55094.0327156872      -2.983818923514292E-004  1.371786285539433E-004
   55094.0531488153       1.090627628033136E-004  1.371847058217630E-004
   55094.0735820431      -3.253571033053904E-004  1.371854096055168E-004
   55094.0940151709      -3.867783359564614E-004  1.371721613518817E-004
   55094.1144481982      -9.582438577904195E-005  1.371687850919818E-004
   55094.1348814254      -4.114510093679025E-004  1.372017107589486E-004
   55094.1553145523      -2.355526885184922E-004  1.371868742365719E-004
   55094.1757475789      -6.666368822860758E-005  1.371910588967294E-004
   55094.1961807053       2.427453968512072E-004  1.372208080262130E-004
   55094.2166139315       1.093006095609361E-005  1.372077119420382E-004
   55094.2370469575       1.490681224691759E-004  1.372053723365864E-004
   55094.2574800830       8.162055405858126E-005  1.372065706710861E-004
   55094.2779133085       6.473883142521508E-005  1.371912395979635E-004
   55094.2983463337       3.837886784650024E-004  1.372071222853796E-004
   55094.3187794587       3.222283751114219E-004  1.372375561774344E-004
   55094.3392125835       1.126905059432026E-004  1.371975641411562E-004
   55094.3596457079       2.471696841004345E-004  1.372083586622443E-004
   55094.3800788322       1.778829708867224E-004  1.372047446375628E-004
   55094.4005119561      -1.712417164440039E-004  1.372008357845520E-004
   55094.4209451799      -6.807663716723589E-005  1.372124006635329E-004
   55094.4413782033      -1.678483856990542E-004  1.371897844774996E-004
   55094.4618113267      -2.585053720548514E-004  1.372054579319079E-004
   55094.4822445496      -4.020241921357526E-004  1.371897083927695E-004
   55094.5026775726      -3.692087814703982E-004  1.372105651194183E-004
   55094.5231106950      -5.950405460142250E-006  1.371903836447495E-004
   55094.5435437173      -5.924459584735198E-004  1.371676057786647E-004
   55094.5639769393      -3.294943937243167E-004  1.371853430313779E-004
   55094.5844100613      -9.905966687162593E-005  1.372036984725234E-004
   55094.6048431828      -1.311496601830164E-005  1.372018058648613E-004
   55094.6252763041      -3.170589777512500E-004  1.372038791737575E-004
   55094.6457094252      -7.381684216423157E-005  1.372161573470834E-004
   55094.6661425460      -1.066894350566505E-004  1.372260008090448E-004
   55094.6865755666      -3.603957938490554E-004  1.372236516930019E-004
   55094.7070087870      -5.090950615327383E-004  1.371802263332762E-004
   55094.7274419071      -5.180161585306431E-004  1.372061997580267E-004
   55094.7478749270      -7.063849585331461E-005  1.372212740451851E-004
   55094.7683081467      -4.248458410496259E-004  1.371973453975570E-004
   55094.7887411661      -1.481655750035227E-005  1.372159481140755E-004
   55094.8091742853      -2.182670364686556E-004  1.372175173616346E-004
   55094.8296074043      -2.810401835933174E-004  1.372012637611591E-004
   55094.8500405228      -2.609149139847222E-004  1.372100610580811E-004
   55094.8704736413      -2.111341678333600E-004  1.372167279825594E-004
   55195.1549277289       3.159964078744970E-004  1.480544020021826E-004
   55195.1753607194       5.294214807263220E-004  1.480660066515193E-004
   55195.1957937101      -3.514315639852050E-005  1.480487950419812E-004
   55195.2162267010      -9.148613094722702E-005  1.480381476785325E-004
   55195.2366595921      -7.014462245791275E-005  1.480260253133584E-004
   55195.2570926834      -1.690018915321279E-004  1.480558476992380E-004
   55195.2775256749      -4.535855338692052E-004  1.480272268048301E-004
   55195.2979585667      -3.382872505819368E-005  1.480365847627969E-004
   55195.3183916587       4.056082759522628E-004  1.480424163921353E-004
   55195.3388246510       5.592610528459829E-006  1.480610346258355E-004
   55195.3592576434      -1.595477349313201E-004  1.480348362508177E-004
   55195.3796905361      -3.933031696151668E-004  1.480262597507187E-004
   55195.4001236290      -1.210709167029922E-004  1.480400427138619E-004
   55195.4205566221       1.334955103280411E-004  1.480447412292920E-004
   55195.4409895154      -5.122676889072197E-004  1.480080029412824E-004
   55195.4614226090      -3.077451071110682E-004  1.480263378965055E-004
   55195.4818556028      -4.759399132252540E-004  1.480309680343721E-004
   55195.5022884968      -6.142272428735218E-004  1.480050431696081E-004
   55195.5227215910      -8.266601000980200E-004  1.480029332333651E-004
   55195.5431545854       3.366290358739477E-004  1.480558086263446E-004
   55195.5635874801      -3.118727045461345E-004  1.480119688399614E-004
   55195.5840204750      -3.161535606658328E-004  1.480279398851344E-004
   55195.6044535701      -2.482767292562027E-004  1.480473981860425E-004
   55195.6248864655       8.699655339303725E-004  1.480763218953742E-004
   55195.6453194610       3.733395347633728E-004  1.480572152505066E-004
   55195.6657525568       2.364512088264270E-004  1.480303428680779E-004
   55195.6861855528      -4.874847096347779E-005  1.480320913800571E-004
   55195.7066184491       3.178947731941051E-005  1.480390072821871E-004
   55195.7270515455       2.324623723219954E-004  1.480502114343665E-004
   55195.7474845422       5.076462601485421E-004  1.480616500239064E-004
   55195.7679174391       2.414290383572215E-004  1.480426703659423E-004
   55195.7883505362       5.811672817390701E-004  1.480795161044088E-004
   55195.8087835335       1.106390055731765E-004  1.480316127371131E-004
   55195.8292164311       4.624793660119586E-004  1.481006740761793E-004
   55195.8496494289       3.671440929811087E-004  1.480671593018743E-004
   55195.8700825269       8.164064672731008E-004  1.481312583834800E-004
   55195.8905154251       1.241416457702371E-004  1.480473688813724E-004
   55195.9109484236       1.246205475868845E-004  1.480294637279766E-004
   55195.9313815223      -2.397384209540387E-004  1.480193145439187E-004
   55195.9518144212      -4.029765790807271E-004  1.480128186753927E-004
   55195.9722474204       1.907785220200964E-005  1.480581139270546E-004
   55195.9926805198       2.435906838764712E-004  1.480948326786175E-004
   55196.0131134193      -4.065211096382360E-005  1.480556230301010E-004
   55196.0335464191      -2.860824453977395E-004  1.480600089623840E-004
   55196.0539795192      -2.908069214491160E-004  1.480811278612611E-004
   55196.0744124195      -1.211543325603248E-004  1.480833159432909E-004
   55196.0948454199       1.684962778876198E-004  1.481151212785101E-004
   55196.1152783206       5.146733686278715E-005  1.480979780465354E-004
   55196.1357114216      -5.768155838892230E-005  1.480717210621775E-004
   55196.1561444228      -6.071413913177892E-005  1.480838825002451E-004
   55196.1765773241      -5.258206073653904E-004  1.480717601350709E-004
   55196.1970104257      -3.828341327882789E-004  1.480824270349663E-004
   55196.2174434275      -6.302020605711833E-004  1.480425726837089E-004
   55196.2378764296      -6.377029345638885E-004  1.480597940614704E-004
   55196.2583094319      -2.437806210339177E-004  1.480752669272527E-004
   55196.2787424344      -8.915049432243194E-004  1.480450049713224E-004
   55196.2991754372      -1.345395367978286E-003  1.480340254882799E-004
   55196.3196084401      -1.264057987525491E-003  1.480381672149792E-004
   55196.3400414433      -1.533664001922008E-003  1.480161789442242E-004
   55196.3604744467      -1.291012566796645E-003  1.480383137383294E-004
   55196.3809073504      -1.231684756965001E-003  1.480533177293910E-004
   55196.4013404542      -1.377396263574804E-003  1.480246772985364E-004
   55196.4217734583      -1.433861939312164E-003  1.480215319306186E-004
   55196.4422063626      -1.627011383180998E-003  1.480150262938692E-004
   55196.4626394672      -1.146573027017594E-003  1.480424652332520E-004
   55196.4830724719      -1.584693043723218E-003  1.480197931868627E-004
   55196.5035054769      -1.480576910298348E-003  1.480399645680751E-004
   55196.5239384822      -1.746767273149263E-003  1.479962517685955E-004
   55196.5443714876      -1.803559018171197E-003  1.480123009595552E-004
   55196.5648044933      -2.394820987142499E-003  1.479919439820992E-004
   55196.5852374991      -1.703384510550077E-003  1.480293074364031E-004
   55196.6056705053      -1.873944486360801E-003  1.480265137245257E-004
   55196.6261035117      -1.832687645513698E-003  1.480161594077775E-004
   55196.6465364182      -1.727791772850429E-003  1.480093607243277E-004
   55196.6669695250      -2.261456639252146E-003  1.479710985934759E-004
   55196.6874025321      -1.718954450116272E-003  1.480248531265567E-004
   55196.7078354393      -1.228344838909989E-003  1.480451710311193E-004
   55196.7282685468      -7.298792252504738E-004  1.480722485462383E-004
   55196.7487015545      -4.771266339274050E-004  1.480825637900932E-004
   55196.7691344624      -6.345509175026409E-004  1.480612202220791E-004
   55196.7895675706      -2.835126157914036E-004  1.480865199205489E-004
   55196.8100005790       2.526166725136392E-006  1.481037217618636E-004
   55196.8304334877      -1.512463393020802E-004  1.481088793837911E-004
   55196.8712996056      -2.634246661256112E-004  1.480820363060324E-004
   55196.8917325149       5.747427321201037E-005  1.481257393372887E-004
   55196.9121655245      -7.315484921199822E-005  1.481085277277506E-004
   55196.9325986342       1.247170195211034E-004  1.481073555409489E-004
   55196.9530315442       8.876540446589587E-005  1.481183838651081E-004
   55196.9734645544       1.020248791989697E-004  1.481134802169877E-004
   55196.9938976648       2.651819844248227E-004  1.481196537341433E-004
   55197.0143305759       3.185350202958848E-004  1.481285330491661E-004
   55197.0347635868      -1.494889450820436E-004  1.480994921211542E-004
   55197.0551966979       2.050042736152502E-004  1.481032724235897E-004
   55197.0756296093       7.268341538302359E-005  1.481227404927211E-004
   55197.0960626209      -2.618522444328697E-004  1.481130894880538E-004
   55197.1164956327       2.383644486652070E-004  1.481306820583025E-004
   55197.1369286448       1.065575639671579E-004  1.481339641813472E-004
   55197.1573616570      -6.280811694181487E-005  1.481127573684600E-004
   55197.1777946695      -4.695444393687520E-005  1.480998730818648E-004
   55197.1982276822       2.251356925531134E-004  1.481466335670288E-004
   55197.2186606952      -1.000164906643786E-004  1.481202789004375E-004
   55197.2390937084       3.801692734319850E-004  1.481277906641917E-004
   55197.2595268218       3.928187617441292E-004  1.481213534050057E-004
   55197.2799597355       3.822511602362688E-004  1.481338958037838E-004
   55197.3003927493       9.234212766262573E-005  1.481401181620561E-004
   55197.3208258635      -1.976533081828880E-004  1.481055191149596E-004
   55197.3412587778       7.491221698963102E-005  1.481039073581073E-004
   55197.3616917923      -8.541184561294823E-005  1.481100124976994E-004
   55197.3821248072      -1.863845097611616E-004  1.481010061957731E-004
   55197.4025578222      -3.334593985898637E-004  1.481012504013568E-004
   55197.4229908374      -8.781409250557815E-005  1.480693180792341E-004
   55197.4434238529       2.150432077521192E-004  1.481144472710991E-004
   55197.4638568686      -4.403286496768022E-005  1.481159125046012E-004
   55197.4842898846      -3.229737331555960E-004  1.481023346741483E-004
   55197.5047229007       4.098441519495566E-006  1.481146621720127E-004
   55197.5251560171       1.168199040586515E-004  1.481312681517034E-004
   55197.5455889337       3.035538393834081E-004  1.481318835497742E-004
   55197.5660219506      -2.356685595059638E-004  1.480832671021742E-004
   55197.5864550677       1.028001867335870E-004  1.481141346879520E-004
   55197.6068879851       7.712946032880641E-004  1.481644508064145E-004
   55197.6273210026      -2.071572096229435E-005  1.481056949429798E-004
   55197.6477539204       5.700819787546330E-005  1.480970402970940E-004
   55197.6681870384      -9.094952120114463E-005  1.481236294010457E-004
   55197.6886200566      -3.508761832001772E-004  1.480694841390310E-004
   55197.7090530752      -2.949037930535248E-004  1.480964151307998E-004
   55197.7294860939      -2.004243389452931E-004  1.481000782145551E-004
   55197.7499191129       2.916916402084802E-005  1.480957508916122E-004
   55197.7703520319      -2.316309206366052E-004  1.480970012242006E-004
   55197.7907851514      -5.320550966271265E-004  1.480896652884667E-004
   55197.8112181711      -5.670889790796441E-004  1.480659578104026E-004
   55197.8316510908      -3.735147027581487E-004  1.480714866248172E-004
   55197.8520842110      -2.833588579124191E-004  1.480673644345646E-004
   55298.1202336475       6.146362024703755E-004  1.423825168985791E-004
   55298.1406678377       5.787614780050632E-004  1.424200278581044E-004
   55298.1611021280      -8.249608515420448E-005  1.423795643719181E-004
   55298.1815365185       7.261549861969918E-005  1.423656339944504E-004
   55298.2019707091      -1.107212942715874E-004  1.423617105026458E-004
   55298.2224049998      -1.495142110373715E-004  1.423589957633670E-004
   55298.2428393908      -5.919979477270187E-004  1.423290543688383E-004
   55298.2632736818      -2.294402842771825E-004  1.423402303757967E-004
   55298.2837078730       1.111620163374294E-004  1.423658717818325E-004
   55298.3041422644      -1.401357265577996E-004  1.423575095922289E-004
   55298.3245765559      -3.033041836686401E-004  1.423394476589973E-004
   55298.3654451392       1.479808019149154E-004  1.423573708829226E-004
   55298.3858794312       2.348889855710024E-004  1.423610664951527E-004
   55298.4063136232       1.748062265760630E-005  1.423807830322513E-004
   55298.4267480154       2.697611494650864E-004  1.423796436343788E-004
   55298.4471823078       3.436657107416252E-004  1.423513370281020E-004
   55298.4676165003       1.083816754181566E-004  1.423848254177469E-004
   55298.4880507930      -1.894455757256441E-005  1.423835274949530E-004
   55298.5084851858       5.519824877353585E-004  1.423837850979502E-004
   55298.5289193787       3.889872858677812E-004  1.423957240060929E-004
   55298.5493536718       2.690085647643059E-004  1.423891452218549E-004
   55298.5697880650      -6.620390954958921E-005  1.423452833576662E-004
   55298.5902223584      -5.176118419393250E-004  1.423121813725172E-004
   55298.6106565519      -1.380146758801493E-004  1.423434206898398E-004
   55298.6310909456      -1.473172397441491E-004  1.423529024617008E-004
   55298.6515252394      -3.322628387772975E-004  1.423485529341700E-004
   55298.6719594333       5.193995397001494E-005  1.423235159043970E-004
   55298.6923938274      -2.138065801549072E-005  1.423163921907418E-004
   55298.7128281216      -2.556150100142540E-004  1.423057313897779E-004
   55298.7332623160      -1.321902750062165E-004  1.423256956220662E-004
   55298.7536967105      -2.700421750617688E-004  1.423350386846210E-004
   55298.7741310052       1.548901559522697E-005  1.423538337956140E-004
   55298.7945652000      -3.065795195666965E-004  1.423410923550568E-004
   55298.8149995950      -5.557364230470707E-004  1.422922567714592E-004
   55298.8354338901      -2.827901298385616E-004  1.423427370511163E-004
   55298.8558680853      -1.153088239044253E-004  1.423298767168680E-004
   55298.8763024807       1.375314894378477E-004  1.423785934067745E-004
   55298.8967366762      -1.397285188364794E-004  1.423374066506343E-004
   55298.9171709719      -4.349211630361172E-005  1.423668130235533E-004
   55298.9376053677       3.146439566226178E-006  1.423478098486009E-004
   55298.9580395637      -2.640586632527420E-004  1.422881054000802E-004
   55298.9784738598       2.825997366204813E-004  1.423624535882149E-004
   55298.9989082560       4.390315283184787E-004  1.423307882351660E-004
   55299.0193425524       3.469401591014165E-004  1.423584607417572E-004
   55299.0397767489      -2.696776649380173E-005  1.423481566218665E-004
   55299.0602111456       1.700696628956777E-004  1.423547750373348E-004
   55299.0806454424       6.412304796079571E-004  1.423454517903952E-004
   55299.1010796393       2.355163690554996E-004  1.423316898456565E-004
   55299.1215139365       7.460013094506834E-005  1.423449960312461E-004
   55299.1419483337      -3.544370267596353E-004  1.423333741729463E-004
   55299.1623825311       1.976720460257209E-004  1.423709743027399E-004
   55299.1828168286      -4.481530128570554E-004  1.423025509835424E-004
   55299.2032512262      -9.051572010025932E-004  1.422668432449979E-004
   55299.2236854240      -1.005762608743077E-003  1.422932772756407E-004
   55299.2441197220      -9.505860246510345E-004  1.423108933575308E-004
   55299.2645541201      -1.161310019770045E-003  1.422556969614623E-004
   55299.2849884183      -1.851984684650310E-003  1.422538640170586E-004
   55299.3054226167      -1.906033115713579E-003  1.422297979524292E-004
   55299.3258570152      -1.610580665195038E-003  1.422904535504784E-004
   55299.3462913138      -1.482575985925494E-003  1.422770681024280E-004
   55299.3667255127      -1.653562652608187E-003  1.422650202084019E-004
   55299.3871599116      -1.961333950797228E-003  1.422087042300760E-004
   55299.4075942107      -1.773844321199425E-003  1.422405281080462E-004
   55299.4280284099      -2.060148371305748E-003  1.422572623950611E-004
   55299.4484628092      -1.934887260433560E-003  1.422470078142083E-004
   55299.4688971087      -1.571800842721904E-003  1.422181959097445E-004
   55299.4893313084      -1.755825741029837E-003  1.422589665379661E-004
   55299.5097657081      -1.906811526764307E-003  1.422493361489913E-004
   55299.5302000081      -1.812077808264423E-003  1.422461656505633E-004
   55299.5506342081      -1.719480832969023E-003  1.422444119686204E-004
   55299.5710686083      -1.903025407908099E-003  1.422056625331467E-004
   55299.5915029087      -2.073175816360906E-003  1.422499801564844E-004
   55299.6119371092      -1.814882758383929E-003  1.422353958637160E-004
   55299.6323715098      -1.934449116839931E-003  1.422279551002180E-004
   55299.6528058105      -1.624713504852049E-003  1.422580451118605E-004
   55299.6936744125      -3.720694452785667E-004  1.423331363855642E-004
   55299.7141087137      -7.049863407070367E-004  1.423133802172353E-004
   55299.7345429150      -5.844063377490327E-004  1.423071184828401E-004
   55299.7549772165      -1.767285223426285E-004  1.423185421849882E-004
   55299.7754116181      -7.814089063928886E-005  1.423515153686386E-004
   55299.7958458198       9.641945077332181E-005  1.423604026720443E-004
   55299.8162801217      -1.693730364928925E-004  1.423250317989579E-004
   55299.8367145237       3.100536359093020E-004  1.423444213784061E-004
   55299.8571487259      -1.379969414359028E-004  1.423277861694671E-004
   55299.8775830282       2.647787000209512E-005  1.423517531560207E-004
   55299.8980174306      -1.459900522419177E-004  1.423340082726319E-004
   55299.9184516331       3.733561962251386E-004  1.423494644524680E-004
   55299.9388859359       7.673949592423845E-005  1.423430640087666E-004
   55299.9593203387      -7.708676851592156E-005  1.423538139799988E-004
   55299.9797546417       1.392205412529268E-004  1.423570340174647E-004
   55300.0001888448       1.597789404843564E-004  1.423293317874507E-004
   55300.0206232481      -2.003304068185496E-004  1.423297380075618E-004
   55300.0410575515      -1.811926613272119E-004  1.423262009202531E-004
   55300.0614917550      -5.729164391099495E-004  1.423167686874301E-004
   55300.0819261587      -3.323961589528635E-004  1.423214947116492E-004
   55300.1023604626      -8.101271544935784E-006  1.423505741269178E-004
   55300.1227946665       7.595513193803249E-005  1.423272313322422E-004
   55300.1432290706      -1.198834678853844E-004  1.423422614763521E-004
   55300.1636633748      -4.131858552987033E-004  1.423196716750532E-004
   55300.1840975792      -2.633052106130185E-004  1.423306198024370E-004
   55300.2045319837      -3.742060593459051E-004  1.423364555011060E-004
   55300.2249662883      -3.560587468781629E-004  1.423469974083788E-004
   55300.2454004931      -1.326662649123733E-004  1.423304810931308E-004
   55300.2658348980       3.181711708533097E-004  1.423587777916000E-004
   55300.2862692031       8.512083466616360E-005  1.423234762731667E-004
   55300.3067035083       4.323383247584189E-005  1.423393783043442E-004
   55300.3271378136      -4.630194437582613E-005  1.423297776387922E-004
   55300.3475721191       4.052133129748281E-004  1.423633353830901E-004
   55300.3680064247      -2.609899585233055E-004  1.423308080507812E-004
   55300.3884407304      -5.578613085099882E-005  1.423318186471551E-004
   55300.4088750363       6.712040205902881E-005  1.423369707071005E-004
   55300.4293093424       3.594866692346876E-005  1.423323140375345E-004
   55300.4497435485       3.075663465743617E-004  1.423633750143205E-004
   55300.4701779548      -9.144442515884865E-005  1.423362474371466E-004
   55300.4906121612      -1.585614222315845E-004  1.423507425596468E-004
   55300.5110464678       4.381690412134098E-004  1.423869159651478E-004
   55300.5314808745       2.521355352238519E-004  1.423806740463678E-004
   55300.5519150813       1.158268420158315E-004  1.423472946426064E-004
   55300.5723493883       2.192407527448204E-004  1.423642369935806E-004
   55300.5927837954       3.838619588101277E-004  1.423776026260158E-004
   55300.6132180026       5.792475084795967E-004  1.424023721449839E-004
   55300.6336523100       1.229479708262371E-004  1.423472054723381E-004
   55300.6540867175       9.290179597631898E-005  1.423730252189105E-004
   55300.6745210252       3.591852466739986E-004  1.423442133144468E-004
   55300.6949552330      -2.981539025644908E-004  1.423190672987903E-004
   55300.7153896409       4.425446127087618E-005  1.423212767398823E-004
   55300.7358239489       1.859605955638610E-004  1.423573807907302E-004
   55300.7562581571       1.629778175884500E-004  1.423504453254191E-004
   55300.7766925655       6.387549659958580E-005  1.423578563654944E-004
   55300.7971268739       3.421302422133010E-004  1.423772954839806E-004
   55401.0885972050       2.071602884721191E-004  1.454005435725863E-004
   55401.1090310612       3.838766391699444E-004  1.454243892657429E-004
   55401.1294650172      -2.606071615551819E-005  1.454244289754734E-004
   55401.1498990730       1.134961751159125E-005  1.454123175076753E-004
   55401.1703329287       2.061746728676539E-006  1.454363021848886E-004
   55401.1907669840       8.511174892134044E-005  1.454455049149286E-004
   55401.2112008391      -1.301239108241203E-004  1.454258287434730E-004
   55401.2316347939       1.246154933269850E-004  1.454403625048307E-004
   55401.2520688485       5.123576150036779E-004  1.454617362672646E-004
   55401.2725027031       2.150520462911309E-004  1.454556904607982E-004
   55401.2929366573       8.648229791852202E-006  1.454477187324032E-004
   55401.3133707112       6.150919121372667E-006  1.454377218077535E-004
   55401.3338045648      -4.998981549446668E-004  1.454222747225946E-004
   55401.3542385183      -3.644133926791193E-004  1.454497836383884E-004
   55401.3746725715      -1.800673585572454E-004  1.454412162640362E-004
   55401.3951065242      -4.261659070631252E-004  1.454240020958707E-004
   55401.4155403770      -4.161406250755562E-004  1.454316660738544E-004
   55401.4359744295      -5.803739741742087E-004  1.454210238660843E-004
   55401.4564083817      -1.568637024398356E-004  1.454563754536490E-004
   55401.4768422338       3.024352476537207E-004  1.454672857021000E-004
   55401.4972762854       1.433850310019746E-004  1.454635331325691E-004
   55401.5177102369      -1.922261619476950E-004  1.454423479913550E-004
   55401.5381442883       3.365437003528537E-004  1.454807770830324E-004
   55401.5585781391       1.491265205455505E-005  1.454554819847131E-004
   55401.5790120900       8.829361441309302E-005  1.454576958021877E-004
   55401.5994461404      -2.262984945204938E-004  1.454635827697322E-004
   55401.6198799908      -2.457309412265962E-004  1.454546877901034E-004
   55401.6403139408      -2.283372873934653E-004  1.454405014888874E-004
   55401.6607479907      -4.282237068786721E-005  1.454632055272926E-004
   55401.6811818402       6.171597350346225E-004  1.454708496504110E-004
   55401.7016157897       3.470725513674555E-004  1.454891558361649E-004
   55401.7220498387       5.946159794834038E-005  1.454694201001136E-004
   55401.7424836875      -1.937345993108242E-005  1.454498432029842E-004
   55401.7629176360       3.644443324049007E-004  1.454545388786141E-004
   55401.7833516846      -1.644298123514298E-004  1.454456438989853E-004
   55401.8037855327      -4.250599570839730E-004  1.454489993712113E-004
   55401.8242194805      -8.644468424682250E-004  1.454133201783701E-004
   55401.8446535281      -4.795878566222767E-004  1.454243892657429E-004
   55401.8650874755      -2.808183213779403E-004  1.454564648005426E-004
   55401.8855214227      -6.834548404346386E-004  1.454331551887476E-004
   55401.9059553696      -4.880399571536298E-004  1.454296508050322E-004
   55401.9263892163      -2.960006133571058E-004  1.454471727236090E-004
   55401.9468232627      -3.298735715651091E-005  1.454765678516010E-004
   55401.9876910549      -3.500851895693602E-004  1.454166557957309E-004
   55402.0081251004      -5.233682869931755E-004  1.454339593107899E-004
   55402.0285590460      -3.187528387058602E-004  1.454409680782206E-004
   55402.0489928913      -4.884998799592477E-004  1.454257791063099E-004
   55402.0694269363       1.499979485759528E-004  1.454576163827267E-004
   55402.0898608809       2.046588596207322E-004  1.454751283738709E-004
   55402.1102947255       4.527742137956370E-004  1.454876369389738E-004
   55402.1307287696      -2.499469220900163E-004  1.454343365532295E-004
   55402.1511627137      -2.024150426868099E-004  1.454660844827528E-004
   55402.1715965574      -9.310701187604797E-004  1.454368184113849E-004
   55402.1920306011      -1.083850855110424E-003  1.454376126059946E-004
   55402.2124645442      -1.212303657433966E-003  1.453952820332970E-004
   55402.2328985872      -1.790264531959185E-003  1.453883030481642E-004
   55402.2533324302      -1.984260904962176E-003  1.453699273703819E-004
   55402.2737663727      -1.918509365962495E-003  1.453688750625241E-004
   55402.2942004149      -1.929132131709532E-003  1.453835080982080E-004
   55402.3146342569      -1.716192788984938E-003  1.453962946314244E-004
   55402.3350681987      -2.072573966427904E-003  1.453704932340414E-004
   55402.3555022405      -2.298457962579104E-003  1.453374547382774E-004
   55402.3759361819      -2.182388296297688E-003  1.453406315167162E-004
   55402.3963700230      -1.956158936166075E-003  1.453796661817835E-004
   55402.4168040638      -2.032081241749251E-003  1.453772538156565E-004
   55402.4372380045      -2.286648684413861E-003  1.453605062368242E-004
   55402.4576718446      -2.180644713389079E-003  1.453666612450495E-004
   55402.4781058848      -2.151808665569965E-003  1.453663336397730E-004
   55402.4985398247      -1.448498339212678E-003  1.454052392482162E-004
   55402.5189736644      -1.770301622125880E-003  1.453808574736981E-004
   55402.5394077039      -1.445895876106773E-003  1.453946665324745E-004
   55402.5598416429      -1.199441662827816E-003  1.454051598287553E-004
   55402.5802755819      -1.308089433715520E-003  1.454154049392206E-004
   55402.6007095204      -1.862202258984258E-003  1.453815126842511E-004
   55402.6211433590      -1.299836418839684E-003  1.454105404972361E-004
   55402.6415773970      -1.186703328630800E-003  1.454229894977433E-004
   55402.6620113351      -1.422873469444585E-003  1.453771644687629E-004
   55402.6824451727      -6.664328097272243E-004  1.454495354525729E-004
   55402.7028792103      -4.312498744866167E-004  1.454519081089694E-004
   55402.7233131474      -4.027446202619078E-004  1.454415637241779E-004
   55402.7437469844      -3.249614258218347E-004  1.454589665135632E-004
   55402.7641810210      -4.243438066042771E-006  1.454678317108941E-004
   55402.7846149575      -2.337899620762363E-004  1.454333338825348E-004
   55402.8050488939       3.105344631892937E-004  1.454778683452744E-004
   55402.8254828299       3.932053361135335E-004  1.455003142704313E-004
   55402.8459167656       6.994037629690641E-004  1.454920248641925E-004
   55402.8663507011       3.083725901777967E-004  1.454812833820961E-004
   55402.8867846364       3.594906216293214E-004  1.454971871291556E-004
   55402.9072185712       3.334603774114431E-004  1.454873490434278E-004
   55402.9276526060       4.961017860793948E-004  1.454856315975843E-004
   55402.9480865406       3.637596778993668E-005  1.454828419890177E-004
   55402.9685203750      -7.844453965644149E-005  1.454690924948371E-004
   55402.9889544091       1.435001046050655E-004  1.454864754293571E-004
   55403.0093883427       1.301072847799123E-004  1.454744731633178E-004
   55403.0298221764      -1.172401979321336E-005  1.454667992579015E-004
   55403.0502562095       2.221494201029017E-004  1.454791390566499E-004
   55403.0706901427       3.475232407841311E-004  1.454943181011280E-004
   55403.0911239754       3.250788424868922E-004  1.454889969972429E-004
   55403.1115580082      -1.138269290380522E-004  1.454760913348351E-004
   55403.1319919404      -2.204770075040496E-004  1.454507863090832E-004
   55403.1524257724      -3.262289448136002E-005  1.454736591138429E-004
   55403.1728598044       1.686776019731440E-004  1.454695590841702E-004
   55403.1932937360      -6.744074297115876E-005  1.454708893601415E-004
   55403.2137276673      -1.620354755926812E-006  1.454692116240285E-004
   55403.2341615984       2.389278519741023E-004  1.454768160374165E-004
   55403.2545955292       6.866392587194792E-004  1.454978522671412E-004
   55403.2750294599       6.922769992041555E-004  1.455098048960174E-004
   55403.2954633902       5.080808679991389E-004  1.454893643122499E-004
   55403.3158973204       1.083354360182920E-004  1.454776697966219E-004
   55403.3363312503       1.121840483175873E-004  1.454641188510937E-004
   55403.3567651800      -7.315878683633592E-005  1.454590360055916E-004
   55403.3771991092       1.281835547528587E-004  1.454659951358592E-004
   55403.3976330385      -1.187985509424339E-004  1.454642578351504E-004
   55403.4180669674      -2.750464271930042E-004  1.454352101673002E-004
   55403.4385008960       4.385053397681915E-004  1.454961646035956E-004
   55403.4589349245       3.167141516255967E-004  1.454792284035435E-004
   55403.4793687528       2.052032515622582E-004  1.454642081979873E-004
   55403.4998026806       5.963383210350059E-006  1.454770542957994E-004
   55403.5202367082       4.444837175410221E-005  1.454922234128449E-004
   55403.5406705358      -2.529849811556684E-004  1.454791886938130E-004
   55403.5611044629      -1.235031292716737E-004  1.454570405916347E-004
   55403.5815384898      -2.245029087311057E-005  1.454615675009100E-004
   55403.6019723165       1.591035529473483E-004  1.454678217834615E-004
   55403.6224063431      -1.437028529657214E-004  1.454570703739326E-004
   55403.6428402693      -3.185339368360074E-004  1.454625701716048E-004
   55403.6632740953      -4.775321863548232E-005  1.454859691302934E-004
   55403.6837081210       8.108019390395960E-005  1.454721501440844E-004
   55403.7041420465      -1.050021223006903E-004  1.454553231457912E-004
   55403.7245758716      -2.625089066675690E-004  1.454602868621019E-004
   55403.7450098966      -3.686844227848152E-004  1.454541517087419E-004
   55403.7654438214       3.139886033420858E-005  1.454612796053640E-004
   55607.0342864431       4.193587226846152E-004  1.474736128616302E-004
   55607.0547200759      -1.718290512656706E-004  1.474422776259668E-004
   55607.0751535091      -1.817311669363164E-004  1.474460302891959E-004
   55607.0955871425       2.343356709118005E-004  1.474758425607371E-004
   55607.1160206763      -1.547014358627141E-004  1.474398787086241E-004
   55607.1364541103      -4.950933673479874E-004  1.474062142337152E-004
   55607.1568877446      -1.230839484230861E-004  1.474595677480594E-004
   55607.1773212793       6.070430443005925E-005  1.474398588005964E-004
   55607.1977548142       2.423231429877770E-004  1.474847613571648E-004
   55607.2181883495       2.836667658434600E-005  1.474517438931574E-004
   55607.2386218851      -1.935627609482848E-004  1.474413519026769E-004
   55607.2590554210       2.030465020059768E-004  1.474640570083148E-004
   55607.2794889571      -7.305558445147575E-005  1.474618571712495E-004
   55607.2999224936      -1.022085191104694E-005  1.474562829234822E-004
   55607.3203561303      -5.668213966780744E-005  1.474679390737242E-004
   55607.3407896674      -5.703152080271945E-005  1.474223994602681E-004
   55607.3612231048       3.428352235090859E-004  1.474576565773963E-004
   55607.4020902804      -3.188717825820531E-004  1.474071996810883E-004
   55607.4225237186      -5.437727981439933E-004  1.473926469128101E-004
   55607.4429573573      -4.863206230646400E-004  1.474086430130995E-004
   55607.4633908962      -3.109219945272024E-004  1.474143367090332E-004
   55607.4838244353      -2.036279855816003E-004  1.474511267442974E-004
   55607.5042579747      -1.843767082400083E-004  1.473910244085493E-004
   55607.5246914146      -5.076505233538864E-004  1.473850918162826E-004
   55607.5451250547      -4.042939661993428E-004  1.474479414598590E-004
   55607.5655585951       4.558973271961975E-004  1.474700592786785E-004
   55607.5859920357       5.606815303329515E-004  1.474497331823556E-004
   55607.6064256767      -2.443104083038605E-006  1.474250472279575E-004
   55607.6268592180       9.912689094759841E-005  1.474233152295441E-004
   55607.6472926596       5.018769197624451E-004  1.474474238511377E-004
   55607.6677263015      -2.970752512565511E-005  1.474540432703614E-004
   55607.6881598438       7.022404329681819E-005  1.474355686206183E-004
   55607.7085934863       9.716863311903801E-005  1.474495341020782E-004
   55607.7290269291       2.395102241403713E-004  1.474588411050468E-004
   55607.7494604722       8.574864299437657E-005  1.474584031284365E-004
   55607.7698941156      -5.223242764629266E-005  1.474368029183382E-004
   55607.7903275594       5.856583022438855E-004  1.474679689357658E-004
   55607.8107611034       6.202780479171999E-004  1.474624046420124E-004
   55607.8311947476      -6.843284807522831E-005  1.474113106888167E-004
   55607.8516282923       6.521559799965715E-005  1.474394307780000E-004
   55607.8720618372       8.680071166722314E-006  1.474074186693935E-004
   55607.8924953824      -5.357588144849768E-005  1.474210954844511E-004
   55607.9129289279       3.519974790815450E-004  1.474504697793820E-004
   55607.9333624738       3.453869680485333E-004  1.474274361912864E-004
   55607.9537960199       7.001639482151489E-004  1.474478021036648E-004
   55607.9742295663       3.743627822294648E-004  1.474478021036648E-004
   55607.9946631131       2.079293208712141E-004  1.474203489334108E-004
   55608.0150966602      -3.636132992917984E-004  1.474185771189419E-004
   55608.0355302074      -2.358055712473606E-004  1.473948168878338E-004
   55608.0559637552      -6.862967772870432E-004  1.473662588220402E-004
   55608.0763973030      -6.843203968580625E-004  1.473523032945942E-004
   55608.0968309513      -3.717970232753887E-004  1.473750681243153E-004
   55608.1172643999      -2.542559871754335E-006  1.474446068652125E-004
   55608.1376979488      -7.230912852687066E-004  1.473877495379859E-004
   55608.1581315979      -1.260933212503090E-003  1.473479235284913E-004
   55608.1785650474      -1.254439295498511E-003  1.473699915772415E-004
   55608.1989985971      -1.230094900615875E-003  1.473398110071872E-004
   55608.2194322471      -1.253164882531133E-003  1.473402987538668E-004
   55608.2398656975      -1.917679754431245E-003  1.473164290286061E-004
   55608.2602993482      -2.082447976149981E-003  1.473166082008557E-004
   55608.2807328992      -1.739551742572121E-003  1.473278363285013E-004
   55608.3011663504      -1.966500730426812E-003  1.473243126075913E-004
   55608.3216000020      -1.980438138939333E-003  1.473186885897546E-004
   55608.3420335539      -1.898796971835592E-003  1.473012591114679E-004
   55608.3624670060      -1.339898703537012E-003  1.473587236335405E-004
   55608.3829006585      -1.691282560782437E-003  1.473098096093824E-004
   55608.4033342113      -1.962341412211188E-003  1.473084956795515E-004
   55608.4237677644      -2.107622613912619E-003  1.472952369330765E-004
   55608.4442013178      -1.868188731265152E-003  1.473324350829093E-004
   55608.4646348715      -1.878381067079604E-003  1.473129053076960E-004
   55608.4850685255      -1.975767294588815E-003  1.473092720926334E-004
   55608.5055020797      -1.820421891964741E-003  1.473320667843961E-004
   55608.5259355343      -1.567369717503375E-003  1.473118501822258E-004
   55608.5463691893      -1.597785540121577E-003  1.473395721108543E-004
   55608.5668027444      -1.478549303291943E-003  1.473288516379161E-004
   55608.5872361999      -1.110841404890039E-003  1.473603560918152E-004
   55608.6076698557      -1.173926201738396E-003  1.473398110071872E-004
   55608.6281034119      -7.678382291274044E-004  1.473727388850697E-004
   55608.6485369682      -7.488849857030244E-004  1.473570214971687E-004
   55608.6689705249      -3.885287401406146E-004  1.473973651153846E-004
   55608.6894039819       5.924897934272977E-006  1.474046414995237E-004
   55608.7098376392       1.458936383451626E-004  1.473945580834732E-004
   55608.7302711968       3.393573162175922E-004  1.474271773869258E-004
   55608.7507047548      -2.412649209241335E-004  1.473879884343188E-004
   55608.7711383130       3.843921677626483E-005  1.473874210555282E-004
   55608.7915718716       1.205013583249759E-004  1.474195028422319E-004
   55608.8120053304      -3.109605300699592E-004  1.473671646373024E-004
   55608.8324389895       4.729662504154852E-005  1.474155510987254E-004
   55608.8528725489       1.511280779626922E-004  1.473929057171707E-004
   55608.8733062086       4.083968908994429E-004  1.474095587823755E-004
   55608.8937396687       1.638433249271376E-004  1.474032280295541E-004
   55608.9141732290       2.963106259514792E-004  1.474151628921844E-004
   55608.9346068896       2.075014630655847E-004  1.473945282214316E-004
   55608.9550403506       1.167691412933269E-004  1.474078168299483E-004
   55608.9754739119       1.966435079214790E-006  1.473759042614804E-004
   55608.9959075733      -1.142203983115486E-004  1.473799256830840E-004
   55609.0163410351       1.324820830004292E-004  1.474068612446167E-004
   55609.0367746973      -3.176176521670904E-004  1.473811898428455E-004
   55609.0572082598      -1.870953525496821E-004  1.473904968458141E-004
   55609.0776418226       2.252983061512559E-005  1.473918704997282E-004
   55609.0980753855       7.270273666515337E-005  1.474161782015992E-004
   55609.1185089490      -4.136951357426311E-004  1.473624364807141E-004
   55609.1389425125      -2.780392416894539E-004  1.473721814602930E-004
   55609.1593760766      -6.330936284548727E-006  1.473793085342240E-004
   55609.1798096408      -1.262553815687406E-004  1.473767503526594E-004
   55609.2002432053      -6.766276224237089E-004  1.473578576343338E-004
   55609.2206768703      -5.790845965424340E-004  1.473583752430550E-004
   55609.2411103354      -5.686426281896750E-004  1.473769992030061E-004
   55609.2615440009      -4.334916409934886E-004  1.473844348513672E-004
   55609.2819775667      -6.031926700161838E-004  1.473442504973732E-004
   55609.3024110327      -4.153169749322450E-004  1.473629839514769E-004
   55609.3228446990      -2.132221483173158E-004  1.473876101817918E-004
   55609.3432781657      -2.169277462035213E-004  1.473763322840769E-004
   55609.3637117327      -2.514900098266049E-004  1.473899095589958E-004
   55609.3841454000      -5.088570030369333E-004  1.473850719082549E-004
   55609.4045788676      -3.479034999880337E-004  1.473760734797162E-004
   55609.4250125355      -2.656527273370290E-004  1.473855795629623E-004
   55609.4454461037      -5.111695172694830E-004  1.473546325338399E-004
   55609.4658795721       1.571402553708356E-004  1.473949861060696E-004
   55609.4863132409       1.342735323239808E-004  1.473827227609815E-004
   55609.5067468100      -3.100748791468044E-004  1.473563744862671E-004
   55609.5271802794      -8.899182960686591E-005  1.473902778575090E-004
   55609.5476139491       3.875371251160775E-004  1.474168451205285E-004
   55609.5680475191       1.667001607674745E-004  1.474054577286610E-004
   55609.5884810894       1.264517892278771E-004  1.473918207296589E-004
   55609.6089146600       1.701787547954137E-004  1.473862564359054E-004
   55609.6293482309       1.786856763241751E-005  1.474105243217209E-004
   55609.6497819021      -3.762738002922594E-004  1.473731270916107E-004
   55609.6702153737      -3.111927047300123E-004  1.473853904366987E-004
   55609.6906489454      -8.991309718253682E-005  1.473966185643443E-004
   55609.7110826175      -1.497577001395856E-004  1.473906063399667E-004
   55609.7315161900       1.150571152495061E-004  1.474049799359953E-004
   55709.9813907000      -4.781983988463301E-004  1.421103793484080E-004
   55710.0018252062      -3.448527042361205E-004  1.421128371546939E-004
   55710.0222596123       2.529245954037140E-004  1.421545104045930E-004
   55710.0426939184       5.386261607847054E-004  1.421664611145092E-004
   55710.0631284245       3.365238545049998E-004  1.421617246133267E-004
   55710.0835628304       1.579235369628673E-004  1.421370072416101E-004
   55710.1039971365       5.899821701556007E-004  1.421634759246883E-004
   55710.1244316424       4.163928608893475E-004  1.421453359212103E-004
   55710.1448660484       3.453835802795790E-004  1.421429875718845E-004
   55710.1653003543      -1.221049149553455E-004  1.421163497280497E-004
   55710.1857348602       1.337511565890903E-004  1.421294945138943E-004
   55710.2061692660      -2.078014385259452E-004  1.421024785460155E-004
   55710.2266037718       2.332076870974475E-004  1.421429378187208E-004
   55710.2470380776       3.322814408370789E-004  1.421305094784333E-004
   55710.2674724833       2.168906404496074E-004  1.421437836225034E-004
   55710.2879069892      -3.194927261688241E-004  1.421174144457525E-004
   55710.3083412949       5.233918064240228E-005  1.421219121317493E-004
   55710.3287757005      -1.394538775544296E-004  1.421099017180367E-004
   55710.3492102062       2.209788303300098E-004  1.421515550666704E-004
   55710.3696446118       1.575860000357920E-004  1.421464702933422E-004
   55710.3900789174       7.680444230961925E-005  1.421274944367143E-004
   55710.4105134230      -3.024478468597325E-004  1.420863883728811E-004
   55710.4309478284      -2.558679071527070E-004  1.421101902863860E-004
   55710.4513821339      -4.802900347544714E-005  1.421123595243225E-004
   55710.4922509449      -7.204599686863045E-004  1.420838211096352E-004
   55710.5126854502      -5.249764776287247E-004  1.421032944978999E-004
   55710.5331198556       1.338150227492285E-005  1.421506396084586E-004
   55710.5535542610       4.466988872704469E-004  1.421367087226280E-004
   55710.5739886663       8.147810296794677E-004  1.421715856903683E-004
   55710.5944230716       6.285953614775242E-004  1.421652968904791E-004
   55710.6148573768       4.271670971778274E-004  1.421479131350889E-004
   55710.6352918821      -1.085895648536006E-004  1.421046875864829E-004
   55710.6557262872      -2.803056376443624E-004  1.421035731156165E-004
   55710.6761605924       8.093648498319617E-005  1.421179219280221E-004
   55710.6965950976       7.221324366146753E-005  1.421023292865245E-004
   55710.7170295026       1.662471283860878E-004  1.421400322339619E-004
   55710.7374640077      -6.989045665373173E-005  1.421330966429447E-004
   55710.7578983127      -1.361001499271541E-004  1.421020506688078E-004
   55710.7783327177      -1.208593000653346E-004  1.421224395152843E-004
   55710.7987672227       7.761920639803854E-005  1.421215141064398E-004
   55710.8192015276      -1.666864602283269E-004  1.421022297801971E-004
   55710.8396359325      -1.593503539111252E-004  1.420905676386303E-004
   55710.8600704374      -5.303209926703634E-004  1.420804478451376E-004
   55710.8805047423      -7.407916137747161E-005  1.421138023660693E-004
   55710.9009391471      -1.342753542623587E-004  1.421105186572663E-004
   55710.9213736519       1.220939719357439E-004  1.421215240570726E-004
   55710.9418080565       5.584255832136176E-004  1.421454951313340E-004
   55710.9622424613       5.711944635435895E-004  1.421493858287339E-004
   55710.9826768660       3.727359980871814E-004  1.421503410894766E-004
   55711.0031112706       6.292991783252155E-005  1.421218325266874E-004
   55711.0235457753      -1.003547662248305E-004  1.421225688735099E-004
   55711.0439800798      -5.137600990724467E-004  1.420744376629649E-004
   55711.0644144844      -7.798945893767728E-004  1.420551632873549E-004
   55711.0848489889      -7.025067544819130E-004  1.420602978138468E-004
   55711.1052832934      -8.467562438680964E-004  1.420586161569144E-004
   55711.1257176978      -1.262498511354404E-003  1.420310827561334E-004
   55711.1461521022      -1.533102045884305E-003  1.420228436322278E-004
   55711.1665865067      -2.044195382476910E-003  1.419893299011724E-004
   55711.1870209110      -1.943924710753442E-003  1.420165647829713E-004
   55711.2074553153      -2.123802039669775E-003  1.419799564051349E-004
   55711.2278897196      -2.258371557328887E-003  1.420017681920926E-004
   55711.2483242239      -2.088435482538786E-003  1.419491890487146E-004
   55711.2687585281      -2.123710426108483E-003  1.419809614190412E-004
   55711.2891929323      -1.642942066902853E-003  1.420010716478011E-004
   55711.3096274364      -1.711190627759596E-003  1.420180374766162E-004
   55711.3300617406      -1.901527988260043E-003  1.420017084882962E-004
   55711.3504961447      -1.598976956424636E-003  1.420224555575511E-004
   55711.3709306486      -1.638212324801325E-003  1.420214405930120E-004
   55711.3913649527      -1.647363337717422E-003  1.420054598768377E-004
   55711.4117993567      -1.947456356046540E-003  1.420099177603035E-004
   55711.4322338606      -1.992936785188082E-003  1.420172215247319E-004
   55711.4526682646      -1.888916651459738E-003  1.420088032894371E-004
   55711.4731026685      -2.009488368803103E-003  1.420047931844444E-004
   55711.4935370723      -1.775959845497388E-003  1.420201370601236E-004
   55711.5139714761      -1.923746955695971E-003  1.419922155846658E-004
   55711.5344058799      -1.183147650424821E-003  1.420502178228851E-004
   55711.5548402836      -9.220252903250348E-004  1.420655815998297E-004
   55711.5752746873      -9.355773699110115E-004  1.420764775426759E-004
   55711.5957091910      -4.388049299689500E-004  1.420920602335407E-004
   55711.6161434946       7.348903177595290E-005  1.421070160345432E-004
   55711.6365778982      -2.219042015786377E-004  1.421122998205261E-004
   55711.6570124018      -2.281689652505747E-004  1.420997918751767E-004
   55711.6774467053      -1.887889418737965E-004  1.420895029209275E-004
   55711.6978812088       3.737249439201840E-004  1.421361415365620E-004
   55711.7183156123       1.517420369894218E-004  1.420971151549707E-004
   55711.7387499157       6.946886441028255E-005  1.420917816158241E-004
   55711.7591844191      -8.413367843929098E-005  1.421052746738144E-004
   55711.7796187224       2.349416763074430E-004  1.421059015636768E-004
   55711.8000531257       2.981589983279687E-004  1.420920005297443E-004
   55711.8204876290       1.177448323297359E-004  1.420962494499227E-004
   55711.8409219322       1.680572364402000E-004  1.421212255380905E-004
   55711.8613563355       4.544238897412622E-004  1.421294945138943E-004
   55711.8817908387       4.589262924326043E-005  1.420786169287141E-004
   55711.9022251418      -1.034987389075814E-004  1.421017023966621E-004
   55711.9226595448       2.970731662508275E-004  1.421279024126565E-004
   55711.9430940480       4.456183234768929E-004  1.421438632275653E-004
   55711.9635284510       5.745596297623834E-006  1.421022297801971E-004
   55711.9839628539      -7.171974179902563E-004  1.420572031670659E-004
   55712.0043972569      -4.000884767485502E-005  1.421001998511189E-004
   55712.0248316598       8.790629970167885E-006  1.421132152787378E-004
   55712.0452660627      -1.899498934094801E-004  1.420903885272410E-004
   55712.0657004655      -3.485668219936899E-004  1.420483371532979E-004
   55712.0861348683       2.630098113107771E-004  1.421138123167020E-004
   55712.1065693711       2.497293243763909E-004  1.420884581044902E-004
   55712.1270036739       2.001236016870855E-004  1.421149267875685E-004
   55712.1474380766      -1.150367421496323E-004  1.420901397614226E-004
   55712.1678725791      -1.581047252285916E-005  1.421145387128918E-004
   55712.1883068818       2.142972678516042E-004  1.421088967041304E-004
   55712.2087413844       1.658779835134183E-004  1.420971947600326E-004
   55712.2291757870      -7.247350159622634E-005  1.421079314927549E-004
   55712.2496100894      -9.588505517821311E-005  1.420740495882882E-004
   55712.2700445919      -9.987018400348102E-005  1.421002098017517E-004
   55712.2904789943      -1.404454127245103E-004  1.420853734083420E-004
   55712.3109132968      -5.415287201896435E-004  1.420786069780814E-004
   55712.3313477991      -4.118528264809296E-004  1.420735023034877E-004
   55712.3517822014      -1.535756722672588E-004  1.420877217576677E-004
   55712.3722165036       4.945012452206576E-005  1.421064289472118E-004
   55712.3926510059      -4.692612258423434E-004  1.420602878632141E-004
   55712.4130854081      -2.738685852506917E-004  1.420706265706270E-004
   55712.4335198103       1.636693197055727E-004  1.420926075183412E-004
   55712.4539542124      -3.855511146845236E-004  1.420738505756335E-004
   55712.4948230165      -3.117080909276204E-004  1.420857117298550E-004
   55712.5152574185       1.607454607766012E-004  1.421101902863860E-004
   55712.5356918205      -1.525550264541709E-004  1.420662781441213E-004
   55712.5561262224      -5.692645833887955E-004  1.420615117910406E-004
   55712.5765606243       2.935420361449559E-005  1.420969360435815E-004
   55712.5969950262       3.429393850018503E-004  1.420977619460985E-004
   55712.6174295279       7.851410077048815E-004  1.421187179786409E-004
   55712.6378638297       3.872909196831475E-004  1.421131854268397E-004
   55712.6582982314       3.094314323552894E-004  1.420779701375863E-004
   55712.6787327332      -7.593790304594172E-005  1.420792537692092E-004
   55812.9279993892      -3.774926340892604E-004  1.433400773069711E-004
   55812.9484328279       3.003284960940711E-004  1.433824098642224E-004
   55812.9688663663      -3.614934131157543E-005  1.433598384376001E-004
   55812.9892997045      -1.843358804263229E-004  1.433555636211596E-004
   55813.0097331424      -3.841286296285551E-004  1.433543959629652E-004
   55813.0301666801      -8.064102951836905E-004  1.433198906737798E-004
   55813.0506000174      -4.684568810625622E-004  1.433537230751922E-004
   55813.0710334546      -5.094630816726564E-005  1.433635096341266E-004
   55813.0914668914      -2.267744157852247E-004  1.433627773739030E-004
   55813.1119003280      -9.684307198953856E-005  1.433604618483310E-004
   55813.1323337643      -2.475029381946436E-004  1.433594327258546E-004
   55813.1527673001       1.480654469590004E-004  1.433694666699997E-004
   55813.1732006360       3.049148999785256E-004  1.433854180683842E-004
   55813.1936340714      -2.192015656257151E-004  1.433719504175149E-004
   55813.2140676065       1.945930370976789E-004  1.433840426066129E-004
   55813.2345009415      -2.608565944901553E-004  1.433574041671270E-004
   55813.2549344762      -1.908754307944349E-007  1.433725639328374E-004
   55813.2753679104      -1.637062535825295E-004  1.433580572640832E-004
   55813.2958012446       1.875146656078464E-004  1.433863185505511E-004
   55813.3162347784       3.076490003439680E-005  1.433672599939205E-004
   55813.3366682119      -1.026296027173412E-004  1.433697140552104E-004
   55813.3571015452      -2.937309786605891E-004  1.433472613734892E-004
   55813.3775350782       2.419157278401585E-004  1.433731675527515E-004
   55813.3979685108       3.809487713057891E-006  1.433686453511003E-004
   55813.4184018434       1.675748781180264E-004  1.433672006214699E-004
   55813.4592688075       4.883532336743546E-004  1.433959764691760E-004
   55813.4797022391       5.611904612992102E-004  1.433975993161581E-004
   55813.5001356703       3.120703471364283E-004  1.433950561961923E-004
   55813.5205691015       1.839813595625461E-004  1.433811531473522E-004
   55813.5410025322       2.740261906744035E-004  1.433905537853580E-004
   55813.5614359628       7.028041286305520E-004  1.434034475025385E-004
   55813.5818693930      -4.230489017775785E-005  1.433655579836710E-004
   55813.6023029230       1.746042915597990E-004  1.433910485557793E-004
   55813.6227363529       9.493829288276245E-006  1.433674776929059E-004
   55813.6431696822      -1.792513324339051E-004  1.433595910523894E-004
   55813.6636032113       1.310773232487961E-005  1.433661616035851E-004
   55813.6840366404      -6.005277968124112E-006  1.433666167923727E-004
   55813.7044699688       8.464279719855305E-005  1.433836863719095E-004
   55813.7249034972       2.027215317257358E-004  1.433784220146263E-004
   55813.7453369254      -4.664871319560726E-004  1.433568599196636E-004
   55813.7657702531      -1.327120668879189E-004  1.433643606392513E-004
   55813.7862037805       4.428921372578998E-004  1.433992419539570E-004
   55813.8066371078       4.145868448539591E-004  1.433927307752119E-004
   55813.8270705348      -2.851170380864243E-004  1.433522090777028E-004
   55813.8475040616      -7.181781171539114E-006  1.433752554839296E-004
   55813.8679373881      -2.491158883682898E-004  1.433666761648233E-004
   55813.8883709142      -2.707232601234510E-004  1.433603332080215E-004
   55813.9088043400      -1.912743106077253E-004  1.433648158280390E-004
   55813.9292376656      -2.140915392998544E-004  1.433591358636018E-004
   55813.9496711910       3.681422064638618E-005  1.433809057621415E-004
   55813.9701046162      -1.770804440573981E-004  1.433631731902401E-004
   55813.9905380408      -2.643986589623282E-004  1.433515856669719E-004
   55814.0109714655      -9.997882832947225E-004  1.433255805336254E-004
   55814.0314048897      -1.361333617798222E-003  1.433127857705291E-004
   55814.0518383137      -9.557661018464447E-004  1.433247691101343E-004
   55814.0722717375      -8.396587312928805E-004  1.433289845541243E-004
   55814.0927051607      -1.627680431129708E-003  1.432943803108546E-004
   55814.1131385840      -2.009140490296990E-003  1.432780528869499E-004
   55814.1335720068      -1.942495807533251E-003  1.432804574711976E-004
   55814.1540054294      -1.955822999491375E-003  1.432896602010349E-004
   55814.1744388518      -2.244035873604222E-003  1.432621410701990E-004
   55814.1948723739      -2.184891417820523E-003  1.432633483100271E-004
   55814.2153056955      -2.266469818691608E-003  1.432553330292011E-004
   55814.2357392172      -2.120145135445228E-003  1.432656935218244E-004
   55814.2561726384      -2.055928278204999E-003  1.432753811266745E-004
   55814.2766059593      -1.896906173007196E-003  1.432949146629097E-004
   55814.2970394801      -2.142016748793996E-003  1.432737483842840E-004
   55814.3174729005      -1.806035031796438E-003  1.432918272954804E-004
   55814.3379062206      -1.555100343609950E-003  1.433056907626868E-004
   55814.3583397406      -1.553522927918771E-003  1.433033752371149E-004
   55814.3787731601      -1.740679562238778E-003  1.432925298694787E-004
   55814.3992064795      -1.869010883288946E-003  1.432821594814471E-004
   55814.4196399986      -1.341534127536792E-003  1.433006342089806E-004
   55814.4400734174      -1.460268011208021E-003  1.433133201225841E-004
   55814.4605068358      -1.680543414104507E-003  1.432987342905626E-004
   55814.4809402542      -1.354619959001879E-003  1.433346348323362E-004
   55814.5013735721      -8.378941534055162E-004  1.433695062516334E-004
   55814.5218069898      -7.336287190953250E-004  1.433452723963954E-004
   55814.5422405073      -7.336212479238657E-004  1.433569291875225E-004
   55814.5626739243      -1.039986186504804E-003  1.433532085139539E-004
   55814.5831073413      -4.361276347580878E-004  1.433754039150560E-004
   55814.6035407578      -4.981404262835998E-004  1.433657657872480E-004
   55814.6239741741      -2.805292504797219E-004  1.433841613515140E-004
   55814.6444076902      -1.308782099023187E-004  1.433889705200096E-004
   55814.6648410060       8.070307333651883E-005  1.433850024612303E-004
   55814.6852744216       8.529462946382793E-006  1.433925229716349E-004
   55814.7057079367      -7.011278118440600E-005  1.433877830709983E-004
   55814.7261412518       7.009554824910502E-005  1.433930375328731E-004
   55814.7465746665       4.894604062275487E-004  1.434245840949389E-004
   55814.7670081809      -5.316535503585573E-005  1.433895345582899E-004
   55814.7874414952      -1.727243044624682E-004  1.433772741472487E-004
   55814.8078749089       1.281448668237761E-004  1.434038334234672E-004
   55814.8283084226       2.212623422537252E-004  1.434076431557116E-004
   55814.8487417359       3.146739798509657E-006  1.433989154054789E-004
   55814.8691752489       2.843377110035572E-004  1.434213285055663E-004
   55814.8896086617       2.902464388752080E-004  1.434240101612501E-004
   55814.9100419743      -8.589104071676790E-005  1.434009538596148E-004
   55814.9304754864       1.335474802310888E-004  1.434108888496757E-004
   55814.9509088985       1.701987005786609E-004  1.433955806528389E-004
   55814.9713422102       3.836968259784967E-004  1.434103050205785E-004
   55814.9917757216       4.560943833640252E-004  1.434272261689889E-004
   55815.0122091327       4.409998674568261E-004  1.434227930260135E-004
   55815.0326425437       3.771217993768783E-004  1.434278594751282E-004
   55815.0530759542       3.485561460825348E-004  1.434066041378268E-004
   55815.0735093646       1.636403618612281E-004  1.434153516788763E-004
   55815.0939427746      -1.508860065324580E-004  1.433835973132337E-004
   55815.1143761844      -1.468851523648285E-004  1.433965306120479E-004
   55815.1348095940      -1.912051588578434E-004  1.434022105764851E-004
   55815.1552430033      -1.245099463161869E-004  1.433766804227431E-004
   55815.1756764121      -1.191774412498958E-004  1.434021413086261E-004
   55815.1961098210      -6.580207786640591E-004  1.433688828409025E-004
   55815.2165433293      -7.817403334607897E-004  1.433662308714440E-004
   55815.2369766375      -7.533477247424480E-004  1.433714061700514E-004
   55815.2574100454      -9.768962009248927E-005  1.433975597345244E-004
   55815.2778435531      -6.389802859696481E-005  1.433955311757968E-004
   55815.2982768603       1.680371278525161E-004  1.434281365465642E-004
   55815.3187102673       5.637851538531358E-004  1.434352909268570E-004
   55815.3391437743       6.384480073955423E-004  1.434369236692475E-004
   55815.3595770808      -1.487338989856202E-004  1.434046052653245E-004
   55815.3800104871      -2.051366114956821E-004  1.434000434820396E-004
   55815.4004439929       1.500876204554302E-004  1.433965306120479E-004
   55815.4208772987      -8.967717316965551E-005  1.434039620637767E-004
   55815.4413107041      -3.078009039657603E-004  1.433909792879203E-004
   55815.4617442092      -3.348421256127443E-004  1.433642319989418E-004
   55815.4821776141      -4.645443821590378E-004  1.433798469534398E-004
   55815.5026109187      -2.276817778258389E-004  1.433992419539570E-004
   55815.5230444232       1.378018449025298E-004  1.434156980181713E-004
   55815.5434778271      -6.422047061094283E-005  1.433901282827956E-004
   55815.5639112311       3.127303864998154E-004  1.434171328523932E-004
   55815.5843446346       1.765592427058760E-004  1.434138475767954E-004
   55815.6047780378       8.227889808565259E-005  1.434105524057892E-004
   55815.6252115408      -4.111914333404521E-005  1.433996278748856E-004
   56018.8534444872       1.702656202562380E-005  1.517430443768519E-004
   56018.8738786596      -5.113099793488951E-004  1.517073947063599E-004
   56018.8943127321      -5.157417110974727E-004  1.517061539283546E-004
   56018.9147467050      -4.761358669208571E-004  1.517213559808253E-004
   56018.9351808781      -2.835523820059471E-004  1.517407141352323E-004
   56018.9556149514      -5.688621531775295E-004  1.517340865649116E-004
   56018.9760489249      -4.936923771204915E-004  1.517274489069649E-004
   56018.9964830986      -5.993031787724368E-004  1.517143652559666E-004
   56019.0169171727      -3.634109741947888E-004  1.517184103940161E-004
   56019.0373513469      -2.968985629252519E-004  1.517374760072674E-004
   56019.0577853213      -4.919756535077813E-004  1.517369211878341E-004
   56019.0782193961       2.944400789328672E-004  1.517516995600104E-004
   56019.0986535709      -6.487941960344745E-004  1.517144156940969E-004
   56019.1190875461      -3.867890932170992E-004  1.517223042176749E-004
   56019.1395216215      -8.336782786966257E-005  1.517414101814303E-004
   56019.1599557971      -6.095697552409574E-004  1.517135683335079E-004
   56019.1803898729      -1.699951159539470E-005  1.517603950936731E-004
   56019.2008239491       3.504822641864358E-005  1.517487539732012E-004
   56019.2212580253       6.756026738896637E-005  1.517678296740785E-004
   56019.2416921019      -4.245483683595896E-005  1.517526780597381E-004
   56019.2621261786      -2.854294870493490E-004  1.517337738485038E-004
   56019.2825602557      -1.997816621609472E-004  1.517506504469002E-004
   56019.3029943329      -2.486757707980125E-004  1.517347422606054E-004
   56019.3234285103      -6.546819944251991E-004  1.517053973564003E-004
   56019.3438624881      -2.758031576994835E-004  1.517406636971020E-004
   56019.3642965660       2.397771081295019E-004  1.517645915461136E-004
   56019.3847307442       2.303296486609874E-004  1.517539591882475E-004
   56019.4051647226      -6.206480346910848E-004  1.516919102003595E-004
   56019.4255989011       1.256102463542685E-004  1.517628564744314E-004
   56019.4460328801       5.881689120257327E-004  1.517801971036266E-004
   56019.4664669591       9.586303490793924E-006  1.517234239441674E-004
   56019.4869011384      -1.776833830668956E-004  1.517007166979089E-004
   56019.5073351203       4.755712694231029E-004  1.517361646158797E-004
   56019.5277692000       3.733784509414306E-004  1.517692116788485E-004
   56019.5482033800       1.486867456708119E-004  1.517261375155772E-004
   56019.5686373602       1.352097484703663E-004  1.517319984263174E-004
   56019.5890715406       5.377578245275849E-004  1.517507008850305E-004
   56019.6095056213       1.680912531805134E-004  1.517286695097180E-004
   56019.6299396022       2.068716986229902E-004  1.517319479881871E-004
   56019.6503737834       5.361233586602676E-004  1.517405325579632E-004
   56019.6708078647       6.091969919346241E-004  1.517331988538184E-004
   56019.6912419464       2.623425414254310E-004  1.517344900699540E-004
   56019.7116760282      -5.102358795316952E-005  1.517105823961945E-004
   56019.7321101103      -1.591302009151807E-005  1.517226774598390E-004
   56019.7525442926       1.109873690121610E-004  1.517223647434312E-004
   56019.7729782751       4.282370672543667E-004  1.517442952424831E-004
   56019.7934123579      -1.609634013433059E-004  1.517028956251376E-004
   56019.8138465408       3.686299124046055E-004  1.517323918437337E-004
   56019.8342806240       7.966430881067854E-004  1.517607380729591E-004
   56019.8751487911      -2.983070203893545E-004  1.517043482432901E-004
   56019.8955828750      -3.448716849686617E-004  1.517000912650933E-004
   56019.9160168592      -1.702365211890822E-004  1.516973776936835E-004
   56019.9364510435      -5.953071737141435E-004  1.516928887000873E-004
   56019.9568851281      -8.631949641306758E-004  1.516766577097586E-004
   56019.9773193130      -1.471557230085851E-003  1.516333010929576E-004
   56019.9977532980      -1.099846785734715E-003  1.516652183418078E-004
   56020.0181873833      -1.026650335749779E-003  1.516646736100007E-004
   56020.0386215688      -1.376247379321627E-003  1.516393133180887E-004
   56020.0590555545      -1.670001752983374E-003  1.516205402459932E-004
   56020.0794896405      -1.664388679403772E-003  1.516124398822680E-004
   56020.0999237266      -1.812995607028522E-003  1.516053583687746E-004
   56020.1203578130      -1.965122996927082E-003  1.515981558037686E-004
   56020.1407919998      -1.690378540907700E-003  1.516137411860295E-004
   56020.1612259866      -1.752333460292466E-003  1.515990031643576E-004
   56020.1816600737      -1.868218435062907E-003  1.516315458460234E-004
   56020.2020942610      -1.446151118441041E-003  1.516114512949142E-004
   56020.2225282487      -1.957361101264099E-003  1.515793726440470E-004
   56020.2429623365      -2.094071610605708E-003  1.515925269084278E-004
   56020.2633965245      -2.041838242286542E-003  1.515935356710337E-004
   56020.2838305127      -2.030356340147366E-003  1.515818239371793E-004
   56020.3042647012      -1.995108770013854E-003  1.515817331485448E-004
   56020.3246987899      -1.469375786864124E-003  1.516178266745834E-004
   56020.3451327787      -1.674896950401128E-003  1.516046522349505E-004
   56020.3655669679      -1.421542877144133E-003  1.516244744201562E-004
   56020.3860010573      -1.472634181154397E-003  1.516247467860597E-004
   56020.4064351470      -1.630891018506331E-003  1.516061250283551E-004
   56020.4473033268      -1.095691309974778E-003  1.516462536048172E-004
   56020.4677374172      -5.327224310980316E-004  1.516558065866949E-004
   56020.4881715076      -3.165862000331643E-006  1.516866444595568E-004
   56020.5086055984       1.794912332127030E-004  1.517232928050286E-004
   56020.5494738806       1.061252108214283E-004  1.516898422370175E-004
   56020.5699078720       5.430677561641950E-004  1.517147990238871E-004
   56020.5903420638       1.410037839895129E-004  1.516975390957004E-004
   56020.6107761556      -1.796358302489365E-004  1.516791997915254E-004
   56020.6312101477       2.147670961534232E-004  1.516793107554121E-004
   56020.6516443400       2.762705653978070E-004  1.516927575609485E-004
   56020.6720784326       1.470800596605759E-004  1.516919808137420E-004
   56020.6925126255      -7.082304914840520E-005  1.516733994065416E-004
   56020.7129466185      -4.772004680297925E-004  1.516600534772657E-004
   56020.7333806116      -1.393838063428188E-004  1.516802690798876E-004
   56020.7538148051      -7.348415436934097E-004  1.516438224869370E-004
   56020.7742488988      -5.202996742004196E-004  1.516543741437946E-004
   56020.7946828928      -2.762614565026134E-004  1.516847782487360E-004
   56020.8151170870       4.661433456991659E-004  1.517016044090021E-004
   56020.8355511814       1.351940063929469E-004  1.516799967139840E-004
   56020.8559853759      -3.242837119721287E-005  1.517239384130964E-004
   56020.8764193708      -4.189091591455529E-005  1.516783625185625E-004
   56020.8968534658       4.211605281423392E-004  1.517111674785059E-004
   56020.9172876611       3.213119518266083E-004  1.516968329618763E-004
   56020.9377216566      -8.685729997837122E-005  1.516811668786069E-004
   56020.9581557524       2.102225873370500E-004  1.516946439470215E-004
   56020.9785899483       2.554129283593998E-004  1.516884097941171E-004
   56020.9990239445       2.397491697436749E-005  1.516862611297666E-004
   56021.0194580409       8.868625050206802E-005  1.516930702773563E-004
   56021.0398922375       6.146195283740497E-004  1.517177546983223E-004
   56021.0603263345       4.924357029096882E-004  1.517009991514386E-004
   56021.0807604316       7.000768430927007E-004  1.517089784636511E-004
   56021.1011945288       8.697165212234736E-005  1.516695560210131E-004
   56021.1216286264      -5.758715863435349E-005  1.516870177017210E-004
   56021.1420627242      -2.050030458800034E-004  1.516746200092947E-004
   56021.1624968222       9.268210177570957E-005  1.516869269130865E-004
   56021.1829309204       6.555618038499578E-004  1.516880062890748E-004
   56021.2033651188      -1.868805086117087E-004  1.516729454633689E-004
   56021.2237991175      -7.300040010471687E-005  1.516874817325197E-004
   56021.2442333164       3.170216765717715E-004  1.516554434321568E-004
   56021.2646674156       5.547754288777185E-004  1.517019171254099E-004
   56021.2851014149      -1.008773796792317E-004  1.516532140667978E-004
   56021.3055356144      -1.451402713203986E-004  1.516528105617555E-004
   56021.3259697142       2.141312728285438E-004  1.516767081478889E-004
   56021.3464037142      -2.483577283430849E-004  1.516536982728486E-004
   56021.3668379145      -5.135010970150899E-004  1.516597004103537E-004
   56021.3872719149      -5.311185064270640E-004  1.516318383871791E-004
   56021.4077061156      -3.136733944942849E-004  1.516586613848696E-004
   56021.4281402165      -4.332391297743321E-004  1.516530627524069E-004
   56021.4485742177      -4.819707806472673E-004  1.516488461247143E-004
   56021.4690084191      -7.092802748951410E-004  1.516318484748052E-004
   56021.4894425206      -2.641401512019081E-004  1.516451439659507E-004
   56021.5098765225      -6.469477681625424E-005  1.516723502934315E-004
   56021.5303107245       6.135883418911803E-006  1.516632109042221E-004
   56021.5507448268      -2.778830499488016E-004  1.516462636924433E-004
   56121.8219327366       1.783238610053584E-004  1.421287235237533E-004
   56121.8423669354      -3.954933227678925E-005  1.421177418057635E-004
   56121.8628012338       2.624887782287644E-005  1.421245693535092E-004
   56121.8832353321       1.436006759807373E-004  1.421177616821761E-004
   56121.9036695303       9.099367166198746E-006  1.421303036985591E-004
   56121.9241038282      -1.284703339013982E-004  1.420970504601935E-004
   56121.9445379261      -9.540912955841030E-005  1.421199083347425E-004
   56121.9649722235       2.882662885284049E-006  1.419895588205752E-004
   56327.7480110511      -1.430403012724346E-004  1.494885687330238E-004
   56327.7684442436       7.395776556839984E-005  1.495051967969626E-004
   56327.7888773365       4.263783869706828E-004  1.495440159157061E-004
   56327.8093106296      -8.675319770667933E-006  1.494982735127097E-004
   56327.8297438231      -2.188540124019589E-004  1.494743567125633E-004
   56327.8501769168      -2.626417592485053E-004  1.494784680470537E-004
   56327.8706102108       4.670008676399551E-004  1.495025980275069E-004
   56327.8910434051       1.124089888004942E-004  1.494892691826036E-004
   56327.9114764996      -7.090863705527806E-005  1.494694637169476E-004
   56327.9319097944       1.866906986203176E-005  1.495045064988259E-004
   56327.9523429895       1.123968498424333E-004  1.494944768729581E-004
   56327.9727761848       1.224786088234175E-004  1.494822240810325E-004
   56327.9932093804      -5.803115920799407E-005  1.494886702474557E-004
   56328.0136425763      -2.338596488782319E-005  1.494822342324757E-004
   56328.0340757724       9.827639466242211E-005  1.495092573742370E-004
   56328.0545089688      -6.864619138025052E-005  1.495016640947338E-004
   56328.0749421656      -3.544858088252445E-004  1.494575459226472E-004
   56328.0953753625      -2.438858256025300E-004  1.494818687805210E-004
   56328.1158085597      -8.321354220175436E-005  1.495365952107371E-004
   56328.1362418573       1.226268245155815E-004  1.495321387271784E-004
   56328.1566749551      -2.793112749647220E-004  1.495187591250592E-004
   56328.1771081532      -9.493512444935792E-005  1.495043136214054E-004
   56328.1975414516      -8.122324759440858E-005  1.495179673124907E-004
   56328.2179745502       1.221383304401691E-004  1.495406050307956E-004
   56328.2384077490       3.090420446887343E-004  1.495336411407700E-004
   56328.2792742476       4.055950160404276E-004  1.495512234403683E-004
   56328.2997073474       6.090555475324333E-004  1.495540049358012E-004
   56328.3201406474       6.308882138279515E-004  1.495696483097510E-004
   56328.3405738476       2.294550663297645E-004  1.495349912827137E-004
   56328.3610070482       5.331561481591862E-005  1.495289004168021E-004
   56328.3814402490      -6.040086533798394E-005  1.495423307761373E-004
   56328.4018734500      -1.397455552866189E-004  1.495335294748949E-004
   56328.4223067514       3.305792363406113E-006  1.495510001086182E-004
   56328.4427398531      -7.377313564294052E-005  1.495275908806311E-004
   56328.4631730549       4.548594407016715E-005  1.495402801846137E-004
   56328.4836063571       3.242323923973167E-004  1.495479749785487E-004
   56328.5040394596       1.866310554934358E-004  1.495466755938209E-004
   56328.5244727624      -3.446854638169405E-004  1.495158050550920E-004
   56328.5449059654      -6.487700499062665E-004  1.495106481219535E-004
   56328.5653390686      -5.084010238270986E-004  1.495158355094216E-004
   56328.5857723721      -3.885523082153286E-004  1.495109425138059E-004
   56328.6062054760      -3.347861238773842E-004  1.495263625560056E-004
   56328.6266386800       3.698368101545668E-005  1.495434068291150E-004
   56328.6470719845      -5.127433130351911E-004  1.495017960634953E-004
   56328.6675050891      -2.861357205198312E-004  1.495377017180444E-004
   56328.6879382940       1.183332498706502E-004  1.495484114906057E-004
   56328.7083715992      -1.126029534693762E-004  1.495279360296994E-004
   56328.7288047047      -4.462751273937027E-004  1.495288090538134E-004
   56328.7492380105       2.233498218096042E-004  1.495534872121987E-004
   56328.7696712166       5.519978591055352E-004  1.495609789772701E-004
   56328.7901044229       6.672689999609460E-005  1.495523705534483E-004
   56328.8105376294      -5.502279242097785E-005  1.495353770375548E-004
   56328.8309708362      -4.678427567862409E-004  1.495098766122714E-004
   56328.8514040433       1.784152402808381E-004  1.495524517649938E-004
   56328.8718372508      -1.045079066335663E-003  1.494995932003239E-004
   56328.8922704585      -1.556666428868314E-003  1.494722553638238E-004
   56328.9127037664      -1.626435380182700E-003  1.494611699878646E-004
   56328.9331369746      -1.114991913359065E-003  1.494797065231224E-004
   56328.9535700831      -1.952347258406761E-003  1.494551298791689E-004
   56328.9740033919      -1.715751456034531E-003  1.494645199641160E-004
   56328.9944366009      -1.794700739725430E-003  1.494532518621794E-004
   56329.0148697092      -2.319872278193635E-003  1.494309186871701E-004
   56329.0353030188      -2.185392103070338E-003  1.494351315360923E-004
   56329.0557362286      -2.084755104957980E-003  1.494309186871701E-004
   56329.0761693388      -2.046743026885678E-003  1.494451713134033E-004
   56329.0966026492      -1.585351085441000E-003  1.494731080850514E-004
   56329.1170358599      -1.832295532337214E-003  1.494563175980216E-004
   56329.1374691709      -2.005445377039616E-003  1.494617689230126E-004
   56329.1579022822      -2.002901885748365E-003  1.494470696332791E-004
   56329.1783354937      -1.946599792316817E-003  1.494565510812149E-004
   56329.1987688056      -1.952798530648447E-003  1.494576169827495E-004
   56329.2192019177      -1.914829443914190E-003  1.494486634098593E-004
   56329.2396351300      -1.646376187117271E-003  1.494825692301008E-004
   56329.2600683426      -1.660259708239575E-003  1.494659005603893E-004
   56329.2805015555      -1.341997483813806E-003  1.494858684491363E-004
   56329.3009348688      -8.275459181561473E-004  1.495245759020048E-004
   56329.3213679822      -5.137360939020397E-004  1.495365343020780E-004
   56329.3418011959      -6.462124395741897E-004  1.495181195841385E-004
   56329.3622345100      -7.418989224025063E-004  1.495142823386141E-004
   56329.3826676243      -4.760830399951343E-004  1.495351943115774E-004
   56329.4031008388      -2.397046775559630E-005  1.495543703877559E-004
   56329.4235341536      -9.888676066571733E-005  1.495521573731414E-004
   56329.4439673688       2.562187647858760E-004  1.495681661990458E-004
   56329.4644005842       2.027350508881920E-004  1.495513858634592E-004
   56329.4848337999       3.460940736117468E-004  1.495880122704746E-004
   56329.5052670159      -1.176769723071347E-004  1.495280679984608E-004
   56329.5257002321       7.695794472062367E-005  1.495535785751874E-004
   56329.5461334486       4.264824169375458E-005  1.495450006056952E-004
   56329.5665666654       9.858667915874086E-005  1.495523502505619E-004
   56329.5869999825      -1.440551807085910E-005  1.495587050539964E-004
   56329.6074330998      -8.917774517080979E-005  1.495359861241460E-004
   56329.6278663174      -1.070679750391212E-004  1.495499443585268E-004
   56329.6482996353       1.794840777828988E-004  1.495628265399300E-004
   56329.6687327535       1.475535071426837E-004  1.495645725881580E-004
   56329.6891660719       3.823289242625982E-004  1.495680545331708E-004
   56329.7095992906       2.586155186872219E-004  1.495723891994112E-004
   56329.7300324096       3.141414715956969E-005  1.495608876142814E-004
   56329.7504657289       2.623109223143238E-004  1.495632021433278E-004
   56329.7708989484       2.249635955666740E-004  1.495530608515849E-004
   56329.7913320682      -3.790337959371781E-004  1.495229516710950E-004
   56329.8117653884       1.215129514684499E-004  1.495592836862580E-004
   56329.8321986087       4.126454333752694E-004  1.495759929617423E-004
   56329.8526319295       2.512952931266188E-004  1.495508579884136E-004
   56329.8730650504       1.395849687793049E-004  1.495532029717895E-004
   56329.8934982716       3.810600543927567E-004  1.495690392231598E-004
   56329.9139314931       1.956447390907279E-004  1.495601059531561E-004
   56329.9343647149      -2.821571301734327E-004  1.495353973404412E-004
   56329.9547979369       6.333049662281542E-004  1.495817285271424E-004
   56329.9752311592       4.436322374365975E-004  1.495660953046359E-004
   56329.9956643818      -1.949501480318361E-004  1.495421480501599E-004
   56330.0160976048       3.674226559857718E-004  1.495588065684283E-004
   56330.0365308279      -3.936504916565164E-004  1.495125159874997E-004
   56330.0569640513      -3.039032613351145E-004  1.495302607101890E-004
   56330.0773973751      -6.127184071839098E-004  1.495238754524250E-004
   56330.0978305990      -5.314414877393148E-004  1.495252255943687E-004
   56330.1182637234      -1.630237349363739E-004  1.495450310600248E-004
   56330.1386970479       4.047405008700267E-006  1.495439956128198E-004
   56330.1591302727      -1.458262312359349E-005  1.495463710505253E-004
   56330.1795633979      -1.116797238481793E-004  1.495367880881577E-004
   56330.1999967232      -1.534133122138570E-004  1.495290831427794E-004
   56330.2204299489      -1.999499874876243E-004  1.495398842783294E-004
   56330.2408631748       5.329792833630442E-005  1.495489596685378E-004
   56330.2612964011      -4.082939112382000E-005  1.495512437432546E-004
   56330.2817296275      -6.500480441395950E-005  1.495465233221731E-004
   56330.3021629543      -5.448164964705349E-005  1.495416607808870E-004
   56330.3225960814      -8.347970650923742E-005  1.495539237242557E-004
   56330.3430293088      -5.576950855635809E-004  1.495325447849059E-004
   56330.3634626364      -7.073852645604894E-004  1.495243931760275E-004
   56330.3838957643      -3.676824003017165E-004  1.495373971747488E-004
   56330.4043289925       1.484235230337916E-004  1.495656486411357E-004
   56330.4247623209       3.024995855491763E-004  1.495539338756989E-004
   56330.4451954496       3.001349563316325E-004  1.495695772496487E-004
