   54968.0991535887      -5.824217968792844E-004  3.237072052552238E-004
   54968.1195877574       4.011031942547927E-004  3.238665690024936E-004
   54968.1400220260      -3.805740585794970E-004  3.237888137023051E-004
   54968.1604563944       3.493993963266107E-006  3.237679525242058E-004
   54968.1808906629      -1.582697567791280E-004  3.238299340043018E-004
   54968.2013248312      -3.227715234793704E-004  3.238358341354815E-004
   54968.2217590994      -2.593614389030385E-004  3.238884837754465E-004
   54968.2421934677       3.254077177137216E-004  3.238384530712602E-004
   54968.2626276358      -1.146238961554635E-004  3.238466410084074E-004
   54968.2830619038       5.727066332263941E-004  3.237895361673476E-004
   54968.3034962718       3.497124824880515E-005  3.238860454559284E-004
   54968.3239304396      -6.773761052591976E-005  3.238680139325784E-004
   54968.3443647074      -2.059599642224574E-004  3.238669904404350E-004
   54968.3647989752       6.572561828088741E-004  3.239165395012597E-004
   54968.3852332428       4.365202746736685E-005  3.238296931826210E-004
   54968.4056675103       4.940183559853928E-004  3.237826125440245E-004
   54968.4261017777      -3.327135047132002E-003  3.236078663118935E-004
   54968.4465359451      -6.484793914195430E-003  3.234559981394387E-004
   54968.4669703124      -7.466876776918818E-003  3.233432333874038E-004
   54968.4874045797      -7.018336656351432E-003  3.233600306996396E-004
   54968.5078387468      -7.757269336812866E-003  3.233159904347632E-004
   54968.5282731140      -8.001492094045437E-003  3.233107224604957E-004
   54968.5487073809      -7.696869923500271E-003  3.233515116326813E-004
   54968.5691415477      -7.466234364186364E-003  3.233405542462048E-004
   54968.5895758146      -5.989985219412741E-003  3.234612360109961E-004
   54968.6100101814      -1.708553441423288E-003  3.237864957936274E-004
   54968.6304444480      -3.942945892075889E-004  3.238665690024936E-004
   54968.6508786146       2.579790669792192E-004  3.238766534103771E-004
   54968.6713129811      -3.768333973092064E-004  3.238798744003578E-004
   54968.6917472475       8.298981684640161E-005  3.238669302350149E-004
   54968.7121814138       4.741344494409994E-004  3.238300845178523E-004
   54968.7326156801       4.764776307151219E-004  3.238222277105162E-004
   54968.7530500463      -2.716365928245867E-005  3.238389347146217E-004
   54968.7734842124      -2.275282219238450E-004  3.237778563158287E-004
   54968.7939184784       7.296324192296311E-005  3.238614816444867E-004
   54968.8143528443       1.813273339845711E-004  3.237747557366884E-004
   54968.8347870101      -6.716055725486392E-005  3.238933002090625E-004
   54968.8552212759       4.368630950992713E-004  3.238684955759400E-004
   54968.8756555415      -1.025838158237313E-004  3.237490179195529E-004
   54968.8960898072      -1.647161652341689E-004  3.238019685866189E-004
   54968.9165240727       3.357646846884332E-004  3.238825234388467E-004
   54968.9369583382       4.262130375340956E-004  3.239333669162057E-004
   55092.7448908115      -1.112477515914367E-004  3.343156745079598E-004
   55092.7653238872       2.988448352758688E-004  3.344431973910249E-004
   55092.7857568624       3.253001053145077E-004  3.343426617575631E-004
   55092.8061900376      -2.699245090285185E-004  3.344582517242374E-004
   55092.8266231128      -1.161385172087082E-004  3.342859235038791E-004
   55092.8470560875       4.865537896407979E-004  3.346172163788282E-004
   55092.8674891622       1.131030330805416E-004  3.344878401545253E-004
   55092.8879223367      -3.423993971843897E-004  3.344594872850626E-004
   55092.9083553110       1.621031969551989E-004  3.346126643126301E-004
   55092.9287883850      -2.838005646077502E-004  3.344653399416030E-004
   55092.9492215591      -1.600556739238534E-004  3.346699553172095E-004
   55092.9696545329       3.570347063452939E-004  3.346022270751329E-004
   55216.8141807281      -1.172442448716948E-004  2.907897240392816E-004
   55216.8346141008      -9.795999610451300E-005  2.907091218600121E-004
   55216.8550476738       1.386997544390312E-004  2.906042244838497E-004
   55216.8754810470      -3.727465143343878E-004  2.905844808685088E-004
   55216.8959145205       2.574446696070876E-004  2.905714289823369E-004
   55216.9163479943      -4.098086150753355E-004  2.904788902050902E-004
   55216.9367814683      -2.165653160912662E-005  2.904044371823544E-004
   55216.9572149426      -8.942144718544487E-004  2.903840605656056E-004
   55216.9776484171      -4.584649104705241E-004  2.904157106359994E-004
   55216.9980818919      -2.777077824176466E-004  2.904151077775157E-004
   55217.0185153669      -2.974760210183724E-004  2.903870447150999E-004
   55340.1950311850      -1.737134285195729E-004  3.158483388593757E-004
   55340.2154654452       1.888814376427295E-004  3.160140836311830E-004
   55340.2358996054       3.204518232509113E-004  3.158998406162889E-004
   55340.2563339655       7.387931092883715E-004  3.159337711855495E-004
   55340.2767682254      -2.304839014882765E-004  3.159243796887005E-004
   55340.2972023853       1.081182703244199E-004  3.158898129212665E-004
   55340.3176367451      -2.742856914883518E-004  3.158900855776266E-004
   55340.3380710048       2.227363099958080E-004  3.159177450506041E-004
   55340.3585051644      -1.153144564890463E-004  3.158822088383340E-004
   55340.3789395240      -2.114134354912478E-004  3.158686972009320E-004
   55340.3993736835       1.002192353425579E-003  3.159215925347970E-004
   55340.4198080429      -4.450885044025021E-004  3.158415830406747E-004
   55340.4402423022       9.509899537163413E-005  3.158634258446362E-004
   55340.4606764614       6.903286405846032E-006  3.159079597167906E-004
   55340.4811108206      -2.194439698104400E-004  3.158444913751828E-004
   55340.5015450796       4.017586100899528E-004  3.159039910519932E-004
   55340.5219793385      -6.108159248667810E-004  3.158287076014464E-004
   55340.5424135974      -5.461532228758559E-003  3.154889474815746E-004
   55340.5628478562      -6.887079124979212E-003  3.153864892804684E-004
   55340.5832821149      -7.455585925504771E-003  3.153042076500117E-004
   55340.6037163736      -7.915093723949718E-003  3.153090245790407E-004
   55340.6241506320      -6.882553722080575E-003  3.153390167786549E-004
   55340.6445848905      -7.943757296752008E-003  3.153100546141790E-004
   55340.6650192488      -7.197615500426968E-003  3.153427127870922E-004
   55340.6854534071      -6.447526633202361E-003  3.153812785144748E-004
   55340.7058876653      -4.969849981161012E-003  3.154751934829637E-004
   55340.7263220234      -5.097373134677063E-004  3.158407347764432E-004
   55340.7467561814       2.131089235228867E-004  3.158897523309642E-004
   55340.7671904393       3.079903821763263E-004  3.159216531250993E-004
   55340.7876247971       5.460422229743855E-004  3.158947207357487E-004
   55340.8080589549      -3.497398198908375E-004  3.158491568284561E-004
   55340.8284933125      -5.816186803420109E-005  3.158959325417938E-004
   55340.8489275701       3.139878322588885E-005  3.159034457392729E-004
   55340.8693617277      -3.539469045038546E-004  3.159070508622568E-004
   55340.8897960851       1.500334802395642E-005  3.159072629283147E-004
   55340.9102303423       1.062671036498042E-004  3.158590027525719E-004
   55340.9306645995       3.401599300256741E-004  3.158987499908485E-004
   55340.9510988567       3.543036798236976E-005  3.159491611223212E-004
   55340.9715331137       1.519458833965093E-004  3.159233799487134E-004
   55340.9919673706       5.104116937544312E-004  3.159009615368806E-004
   55341.0124016276       5.565648492229514E-004  3.159821525418968E-004
   55341.0328358844       1.233452628432996E-004  3.159288936662183E-004
   55341.0532701411      -3.151149803600761E-004  3.158595783604432E-004
   55464.2277057245       3.066767922370595E-004  3.334906117361698E-004
   55464.2481388979      -2.462439583704734E-004  3.335256937812600E-004
   55464.2685719712       8.735870739018381E-006  3.334677063859047E-004
   55464.2890051443      -1.231721943207864E-004  3.335175650147147E-004
   55464.3094381172      -7.434186447274893E-005  3.335656465042800E-004
   55464.3298711901      -5.069744379160301E-005  3.334985430427990E-004
   55464.3503042627      -2.925782686069578E-005  3.335169068149944E-004
   55464.3707373351       2.393128250146592E-004  3.336402205325860E-004
   55464.3911704073       6.549724553372993E-004  3.335634744452031E-004
   55464.4116034794      -1.356293588625768E-004  3.334910395659880E-004
   55464.4320365512      -1.607975005812889E-005  3.335127272467707E-004
   55464.4524696229       2.010489259882675E-004  3.336295247871317E-004
   55464.4729026946      -3.216243290961041E-004  3.335001227221277E-004
   55464.4933357658      -6.652778384125257E-004  3.335974704607548E-004
   55464.5137688370      -2.411308537574319E-004  3.335895391541256E-004
   55464.5342020081       3.487523073826271E-004  3.335995437898737E-004
   55464.5546349788      -8.960486178193339E-004  3.335103906377638E-004
   55464.5750680496      -5.202677285601753E-003  3.332532649170425E-004
   55464.5955012202      -6.728650028787198E-003  3.330951982542210E-004
   55464.6159341905      -7.513528373562894E-003  3.331151746157310E-004
   55464.6363673605      -7.375588258444865E-003  3.330864441979415E-004
   55464.6568004304      -7.629918181269790E-003  3.330460307351172E-004
   55464.6772334002      -7.026820367871944E-003  3.331154378956191E-004
   55464.6976665698      -7.938472434132038E-003  3.330716347042355E-004
   55464.7180996395      -7.130269696881797E-003  3.329694162876784E-004
   55464.7589657777      -1.151457826494728E-003  3.334977861131208E-004
   55464.7793988467       4.409656866644074E-004  3.336509491880263E-004
   55464.7998318153       1.236914597566585E-004  3.336356460445301E-004
   55464.8202649840       2.279870107699811E-004  3.336627638730050E-004
   55464.8406980525       2.020393799300191E-004  3.337392466804998E-004
   55464.8611311207      -2.134638077299078E-004  3.336261350585723E-004
   55464.8815641887       1.366392717079279E-004  3.336219554903487E-004
   55464.9019972566       3.073462415821293E-004  3.336164266126984E-004
   55464.9224304242      -8.204012787328407E-004  3.335361920667982E-004
   55464.9428633917       2.499916435028116E-004  3.335492244212594E-004
   55464.9632964592      -4.060572156789899E-004  3.335983590303772E-004
   55464.9837296262       5.346521552778150E-004  3.336858337732003E-004
   55465.0041626933       9.521363889986034E-005  3.337063696044725E-004
   55465.0245956601      -2.779119374752836E-004  3.336326183258169E-004
   55465.0450288269       3.614109757232864E-004  3.336291956872716E-004
   55465.0654618933      -2.042270633195731E-005  3.336012880191324E-004
   55465.0858948596       3.663594297038664E-004  3.336461772400544E-004
   55588.2765860521      -1.349249589058799E-004  2.930624675648737E-004
   55588.2970194230       1.645471501519058E-004  2.931480005355462E-004
   55588.3174528942      -2.382490160326434E-004  2.931129280563000E-004
   55588.3378864655      -7.520146811423878E-005  2.931128671136775E-004
   55588.3583198372      -3.779219172060921E-004  2.930866008433819E-004
   55588.3787534092      -4.433916264130477E-004  2.930516807206920E-004
   55588.3991868815       2.420783452443676E-004  2.931251470521104E-004
   55588.4196202539       2.291610442852754E-004  2.930812074212911E-004
   55588.4400538266       3.692561393262572E-004  2.930655146959985E-004
   55588.4604872996      -6.324004970392760E-005  2.931050664579981E-004
   55588.4809207728      -2.408216023698229E-004  2.931034210071907E-004
   55588.5013542464      -3.979687212521954E-004  2.930531433436319E-004
   55588.5217877202       7.746911682393609E-005  2.930683180566333E-004
   55588.5422211943       8.883569644455580E-004  2.932270126456117E-004
   55588.5626546685       1.535559707033229E-005  2.931350502282659E-004
   55588.5830881432      -6.787616640687721E-004  2.930827919294759E-004
   55588.6035217180      -2.612626800068463E-003  2.929168756397318E-004
   55588.6239550931      -5.985258446254194E-003  2.924766261348238E-004
   55588.6443885684      -7.445064950784119E-003  2.925176100484521E-004
   55588.6648220441      -8.059468540480341E-003  2.924390245367440E-004
   55588.6852555200      -6.930492901823015E-003  2.925574969948754E-004
   55588.7056889961      -7.433582326801802E-003  2.925229729992317E-004
   55588.7261225726      -7.502035482844671E-003  2.925021610936494E-004
   55588.7465559492      -6.485432713237982E-003  2.925730068923006E-004
   55588.7669894262      -6.336685041980261E-003  2.926645731826001E-004
   55588.7874230035      -2.458986561731824E-003  2.928027301077976E-004
   55588.8078563809       4.944939689663919E-004  2.932608662724080E-004
   55588.8282899586       3.582261558676691E-004  2.931167369702060E-004
   55588.8487234366       1.379494142765836E-004  2.931131413554788E-004
   55588.8691568149       3.481994916878506E-004  2.930976924006761E-004
   55588.8895903934      -1.116964646933338E-004  2.930314477700234E-004
   55588.9100238722      -3.446934941719881E-005  2.930527776878969E-004
   55588.9304572513       1.040801110694378E-004  2.930653928107534E-004
   55588.9508908307       3.101589231047086E-005  2.930233424012316E-004
   55588.9713243102       2.194707333069701E-004  2.930936701875914E-004
   55588.9917578901       1.753163730733309E-004  2.930981799416561E-004
   55589.0121912702       3.032585755309292E-004  2.930486640608785E-004
   55589.0326247506      -1.220971546208593E-004  2.930255972782639E-004
   55589.0530583311       2.368898247873119E-004  2.931003434047547E-004
   55589.0734917122       1.206334761063577E-004  2.930200210283055E-004
   55589.0939251933      -2.932452328320290E-004  2.929542639386328E-004
   55589.1143587747       1.151734028141949E-004  2.930737419500353E-004
   55712.3113233064      -1.023720023536345E-004  3.172188653991313E-004
   55712.3317576653       1.178017158209865E-004  3.172530429783019E-004
   55712.3521919242      -5.687186285883161E-004  3.172366560497174E-004
   55712.3726260830      -6.480744072395739E-004  3.172225272826139E-004
   55712.3930604417      -3.823116419876538E-005  3.172763569698076E-004
   55712.4134947004      -3.246369659286596E-004  3.172448342561618E-004
   55712.4339289589       2.494784200446354E-005  3.172459023055109E-004
   55712.4543632173       3.954398528094316E-005  3.172150509371703E-004
   55712.4952317339      -8.281431820733598E-005  3.172248769911818E-004
   55712.5156659921       2.328207448765163E-005  3.173819107611924E-004
   55712.5361002502       1.414675473965232E-005  3.172827652659020E-004
   55712.5565345082       7.384068588500714E-004  3.172757771715895E-004
   55712.5769687662      -3.086424734743964E-004  3.172762043913291E-004
   55712.5974030241      -8.541366590364419E-005  3.172643948170978E-004
   55712.6178373818      -7.245480685091898E-005  3.172951241226557E-004
   55712.6382715394      -2.630995632914912E-003  3.171177668993169E-004
   55712.6587057971      -6.235044676274115E-003  3.166708645359658E-004
   55712.6791401546      -7.262275714116084E-003  3.167310109721669E-004
   55712.6995743120      -7.282506707645742E-003  3.167967417806789E-004
   55712.7200086692      -7.709698746236615E-003  3.167228937971139E-004
   55712.7404429265      -7.397433036787304E-003  3.167787070045273E-004
   55712.7608770836      -7.330171657121798E-003  3.167432782818335E-004
   55712.7813114406      -7.064635959015630E-003  3.167871293365372E-004
   55712.8017456977      -6.320225784193556E-003  3.167582309727206E-004
   55712.8221798545      -2.581047855603424E-003  3.171619231109775E-004
   55712.8426142113       2.721370879950058E-004  3.172791033824195E-004
   55712.8630484680       3.507197745278301E-004  3.172723288979767E-004
   55712.8834826247      -3.385146695643604E-004  3.172812394811176E-004
   55712.9039169812       1.387419753964281E-004  3.173443459398005E-004
   55712.9243512376       4.918282781030126E-004  3.173224051546008E-004
   55712.9447855940      -3.251239320389843E-005  3.172911265665205E-004
   55712.9652197502      -8.522233368635224E-005  3.173252736299954E-004
   55712.9856540065       3.757612763279905E-004  3.172465431351204E-004
   55713.0060883626      -1.843702370589728E-004  3.172777301761135E-004
   55713.0265225186       1.915125942746343E-004  3.173346724642674E-004
   55713.0469567745       1.045862444344348E-004  3.172778522388962E-004
   55713.0673911303      -7.383887987322257E-005  3.173499913435028E-004
   55713.0878253861       1.619476537257913E-004  3.173318955359597E-004
   55713.1082595418      -3.320243881930196E-004  3.172988775532253E-004
   55713.1286937973      -5.202704513873613E-007  3.173042483156664E-004
   55713.1491280527       2.462799660261084E-004  3.172475806687737E-004
   55836.3439709641      -1.717671076222338E-004  3.358661783046134E-004
   55836.3644041372       2.916109387485211E-004  3.359234892401795E-004
   55836.3848371099      -2.604118356084317E-004  3.358490715561343E-004
   55836.4052701825       5.346912998789310E-004  3.359740107269330E-004
   55836.4257033552       2.766388113368823E-004  3.358815876908893E-004
   55836.4461364273       4.963701043327884E-004  3.359111750438035E-004
   55836.4665694995      -1.231163997960083E-004  3.358728013453669E-004
   55836.4870025714      -4.215878538004203E-004  3.358346606182132E-004
   55836.5074356432      -2.349763123855597E-004  3.358931031285814E-004
   55836.5278687146      -3.493347443163097E-004  3.358148580591760E-004
   55836.5483017861       4.389795566470678E-004  3.359180310558399E-004
   55836.5687348573       4.755674379142150E-005  3.358664445575080E-004
   55836.5891680284      -3.393119485396445E-004  3.358998592957823E-004
   55836.6096009994      -9.116684611010228E-006  3.359211595273516E-004
   55836.6300340701      -7.415148484490874E-005  3.358725350924723E-004
   55836.6709002110      -2.209157129766992E-003  3.355854811904642E-004
   55836.6913333811      -5.579502515750789E-003  3.354446001276003E-004
   55836.7117663511      -7.251737398617952E-003  3.353593992013231E-004
   55836.7321994210      -7.878620558533167E-003  3.352919373741497E-004
   55836.7526325906      -7.366475515506954E-003  3.353709812022389E-004
   55836.7730655602      -7.618430425394340E-003  3.353233219341026E-004
   55836.8343647677      -6.528004171354462E-003  3.354897632748496E-004
   55836.8547978363      -3.858010007842472E-003  3.356582015123062E-004
   55836.8752310050      -1.374332142551893E-004  3.359006247728543E-004
   55836.8956639735      -2.088875731909301E-005  3.359348382698125E-004
   55836.9160970417      -2.545738894578209E-004  3.359202276422205E-004
   55836.9365302099      -3.866831010114202E-004  3.359151688372227E-004
   55836.9569631779       4.145010191185516E-004  3.359789364054833E-004
   55836.9773963456      -1.495734580189145E-004  3.359080465722918E-004
   55836.9978294131       4.394886397918185E-006  3.359668884620019E-004
   55837.0182624804       4.845990272299705E-004  3.359283483555063E-004
   55837.0386955477       2.669250535023426E-004  3.359560386565463E-004
   55837.0591286148       4.697990256707918E-005  3.359561385013818E-004
   55837.0795616818       6.953069745221363E-004  3.360024332234332E-004
   55837.0999947484      -4.224398839677290E-004  3.358897749673987E-004
   55837.1204278150      -2.013754304153181E-005  3.359231897056731E-004
   55837.1408608813       2.919604524624919E-004  3.359459876097746E-004
   55837.1612940474      -2.642348627307500E-004  3.358916720192729E-004
   55837.1817270136      -4.349990630369005E-004  3.358848160072365E-004
   55960.3724078497       1.427157494724440E-004  2.930245161419323E-004
   55960.3928413199      -2.478817564949276E-004  2.929656590787578E-004
   55960.4132748904      -6.524506881033787E-004  2.929417214052655E-004
   55960.4337082611      -5.158426865544685E-004  2.929813913126252E-004
   55960.4541417321      -7.746762642291127E-005  2.930447829608556E-004
   55960.4745753034      -4.213279389336799E-004  2.930122079824949E-004
   55960.4950086749       2.636545441552229E-004  2.931074034211514E-004
   55960.5154422467      -1.861783514442994E-004  2.930731009818170E-004
   55960.5358757187      -3.596068834040844E-004  2.930520012799242E-004
   55960.5563090910      -1.068561387360667E-004  2.930901596589320E-004
   55960.5767426637       1.949085031078823E-004  2.930976247581397E-004
   55960.5971761366       5.877788457149258E-004  2.931699621864123E-004
   55960.6176095097       3.084885755222366E-005  2.931091925771598E-004
   55960.6380430830       2.286582613268973E-004  2.931685740481299E-004
   55960.6584765566      -4.310665014075621E-004  2.931255109138576E-004
   55960.6789100305      -7.513164168182485E-005  2.931260044741357E-004
   55960.6993435047      -4.103067112306569E-004  2.931099020700597E-004
   55960.7197769792      -5.323428053639501E-003  2.927404105067975E-004
   55960.7402104538      -7.193770516344733E-003  2.926324750434602E-004
   55960.7606439287      -7.482998777441741E-003  2.926260279123262E-004
   55960.7810774040      -7.269873564389906E-003  2.926243929939047E-004
   55960.8015109794      -7.722576847015827E-003  2.926579242453045E-004
   55960.8219443552      -7.550582654017091E-003  2.926111285614283E-004
   55960.8423778312      -7.473843673460379E-003  2.926252567243916E-004
   55960.8628114074      -6.837503572810211E-003  2.926790239471972E-004
   55960.8832447840      -5.848474421966010E-003  2.927874529708127E-004
   55960.9036783608      -3.775140212172179E-004  2.932047890335423E-004
   55960.9241118378       4.643320250206084E-004  2.932460013167714E-004
   55960.9445452151       1.181653926487503E-004  2.932255494127438E-004
   55960.9649787928      -6.680059577535147E-005  2.932145676965540E-004
   55960.9854122705      -4.779790230516889E-004  2.932182077036057E-004
   55961.0058456488      -4.605281336057532E-004  2.931948561329437E-004
   55961.0262792271      -6.581357621595618E-004  2.932049124236119E-004
   55961.0467127057      -3.152895346495432E-004  2.932250558524656E-004
   55961.0671462846       3.475453311285737E-004  2.932854244439921E-004
   55961.0875796638      -1.670537953400997E-004  2.932641705045124E-004
   55961.1080131432      -1.031565956496339E-004  2.932799644334146E-004
   55961.1284467229       4.823446491479810E-004  2.933501425354701E-004
   55961.1488801029      -3.006788361958890E-004  2.932040178456077E-004
   55961.1693135831       6.610532331017271E-004  2.932962210750776E-004
   55961.1897470635       3.287066619068746E-004  2.932551938769528E-004
   55961.2101805443       2.163562587409462E-004  2.932530037032183E-004
   55961.2306140253      -1.733983201968048E-005  2.932577233733785E-004
   56084.4071423418       3.205621742239373E-004  3.188415198122014E-004
   56084.4275766012      -4.043344835452656E-004  3.188121419569590E-004
   56084.4480109606      -4.958142391315867E-004  3.188682548896709E-004
   56084.4684451198      -1.227433819619428E-004  3.189113690433372E-004
   56084.4888793790       5.032551561039433E-004  3.188750154839735E-004
   56084.5093137380      -3.158946337933344E-004  3.188735097152425E-004
   56084.5297478970       1.866178383114203E-004  3.189224625639884E-004
   56084.5501821558       1.109138206110138E-004  3.189650235781208E-004
   56084.5706165147       7.522487276290235E-005  3.188989541337997E-004
   56084.5910506734      -3.064109114153668E-004  3.189146878805403E-004
   56084.6114850321       4.632060481135625E-005  3.188792869503738E-004
   56084.6319191905       1.086211818710492E-004  3.188740628547763E-004
   56084.6523535491      -3.521565783034530E-004  3.188777197216946E-004
   56084.6727878074       3.019710160396816E-004  3.190224578997191E-004
   56084.6932220657       2.363344688200986E-004  3.189212026350501E-004
   56084.7136562239      -5.424208948900944E-005  3.189096174348134E-004
   56084.7340905820      -1.970518076944705E-004  3.188644136429080E-004
   56084.7545248400      -4.561436291251164E-003  3.185913778230039E-004
   56084.7749589980      -6.702873603569248E-003  3.183968263569586E-004
   56084.7953933559      -7.019598552621797E-003  3.182558065058004E-004
   56084.8158276136      -7.438275119213467E-003  3.183468594190673E-004
   56084.8362619714      -8.521827220825839E-003  3.183091844708172E-004
   56084.8566961290      -8.079269171406223E-003  3.183380399164997E-004
   56084.8771303865      -7.401417565603641E-003  3.183624087859633E-004
   56084.8975647439      -7.412463097364430E-003  3.183398529849718E-004
   56084.9179989012      -5.179092428022836E-003  3.184753721707655E-004
   56084.9384331585      -1.520390941673000E-003  3.187410327968849E-004
   56084.9588675156      -1.958974396731872E-005  3.189364139722311E-004
   56084.9793016727       9.060886654037592E-004  3.189634870794157E-004
   56084.9997359297       6.161535389321848E-004  3.190254387072071E-004
   56085.0201702866      -4.264153273600968E-004  3.188811922087682E-004
   56085.0406044435      -4.237158640584271E-004  3.189413922280357E-004
   56085.0610388002       4.420161445528592E-005  3.189191437267853E-004
   56085.0814730569      -2.466299309592523E-004  3.188623240046690E-004
   56085.1019072133       4.386547614050329E-004  3.188806390692343E-004
   56085.1223415698      -8.118174998772432E-005  3.189354920730080E-004
   56085.1427758263       3.195638057209571E-004  3.189582322538441E-004
   56085.1632100825      -1.979809978507330E-004  3.189318352060897E-004
   56085.1836443387      -1.871635699778329E-004  3.188751076738958E-004
   56085.2040785948      -1.769003913871803E-004  3.188521831132151E-004
   56085.2245128508       9.320330223783202E-005  3.189769468080728E-004
   56085.2449471068      -3.403376834811844E-004  3.189230464334963E-004
   56085.2653813626       8.975449914871980E-005  3.188724648961229E-004
   56208.4398031847      -7.718808571799407E-005  3.592976767105701E-004
   56208.4602361594      -2.684237616650265E-004  3.592860443265882E-004
   56208.4806692341      -1.714123541943779E-004  3.592397814355656E-004
   56208.5011024084       6.653911094511855E-004  3.593475059771975E-004
   56208.5215354827      -8.749546034281241E-005  3.592946436247755E-004
   56208.5419684567      -5.411782079907113E-004  3.592778116651455E-004
   56208.5624016305      -1.304167922453470E-004  3.592656459913535E-004
   56208.5828347043       6.196961239985921E-004  3.593403398953749E-004
   56208.6032676779      -1.717608916282920E-004  3.593263077072477E-004
   56208.6237008512       1.591089690513581E-004  3.593036762209333E-004
   56208.6441339243       1.784931318480343E-004  3.593231079683873E-004
   56208.6645670974      -2.429805144833486E-004  3.592971434207601E-004
   56208.6850000701       1.595024187839300E-004  3.593128754701569E-004
   56208.7054331427      -7.136627007202634E-004  3.592123170103476E-004
   56208.7258663154       1.516784961139717E-004  3.593231079683873E-004
   56208.7462992875      -6.029685429232989E-004  3.592444810520168E-004
   56208.7667323597      -1.794518577071802E-004  3.593053094209766E-004
   56208.7871655316      -4.539787952760554E-003  3.590295985891762E-004
   56208.8075985034      -5.595207415591719E-003  3.589149412800136E-004
   56208.8280315751      -7.197579842850188E-003  3.588564793845860E-004
   56208.8484646465      -7.283512181762486E-003  3.588130829262924E-004
   56208.8688977178      -7.309252143171685E-003  3.588508798415803E-004
   56208.8893308888      -7.549207501557076E-003  3.587954843625605E-004
   56208.9097638598      -7.157443516662254E-003  3.588277483960691E-004
   56208.9301969303      -7.484097913577181E-003  3.588194824040131E-004
   56208.9506301009      -5.646428371815726E-003  3.589286401620095E-004
   56208.9710631714      -1.501988123315257E-003  3.591788530747665E-004
   56208.9914961415       2.911712673370204E-004  3.593165085069879E-004
   56209.0119293116       2.993649701537038E-004  3.593092091027127E-004
   56209.0323623814      -1.322399316364686E-004  3.593532388426556E-004
   56209.0527953510       6.100802916082504E-004  3.593660044674839E-004
   56209.0732285206       2.772728761768484E-005  3.593229079847086E-004
   56209.0936615900      -1.395057174623515E-004  3.593488725323358E-004
   56209.1140945592      -5.896357401313779E-005  3.592792115508969E-004
   56209.1345277281      -5.327074835973500E-004  3.592723787752055E-004
   56209.1549607970       2.248174147736481E-004  3.592944436410967E-004
   56209.1753939657      -5.070845360228837E-004  3.592900106695505E-004
   56209.1958269341       3.841158924369203E-004  3.593537388018526E-004
   56209.2162600023      -4.251170944340465E-004  3.593075759026694E-004
   56209.2366931705       1.231536405037037E-003  3.599135931105749E-004
   56209.2571261383       2.376398301433547E-004  3.593028429556051E-004
   56209.2775592063      -1.774011290551769E-004  3.593481059282339E-004
   56209.2979923738       2.673522394980310E-004  3.593467727037087E-004
   56332.4886607985       2.360685389395378E-004  2.986970778598845E-004
   56332.5090942657       3.227776198315713E-004  2.987238985906956E-004
   56332.5295277331      -6.770445863824026E-004  2.986738373417018E-004
   56332.5499612007      -3.126971982759796E-004  2.986529424800689E-004
   56332.5703946687      -6.400390696167380E-004  2.986859668551757E-004
   56332.5908281368       6.301997566016126E-007  2.986833742874103E-004
   56332.6112616053       2.838282379680201E-005  2.986830347844886E-004
   56332.6316951741      -1.818531489983233E-004  2.987189912302825E-004
   56332.6521285430      -3.950866598065872E-004  2.986252266961007E-004
   56332.6725620122      -5.097809353387106E-004  2.986114613958225E-004
   56332.6929955817       3.005765972361463E-004  2.986690225729947E-004
   56332.7134289516       2.782998038530771E-005  2.986663065496214E-004
   56332.7338625215      -5.051073172602782E-004  2.986270476663168E-004
   56332.7542959919      -8.881701679863685E-005  2.986602263609335E-004
   56332.7747293624      -3.108895446304327E-004  2.986425104812033E-004
   56332.7951629333      -9.940191969148859E-005  2.986620781950517E-004
   56332.8155964044      -1.840156037254848E-003  2.985450731426872E-004
   56332.8360297757      -5.582611433794238E-003  2.981076699239826E-004
   56332.8564633474      -6.888684635692588E-003  2.979594614667275E-004
   56332.8768968192      -7.949559875968792E-003  2.979048940880464E-004
   56332.8973303914      -7.169303512780556E-003  2.979826093932043E-004
   56332.9177637638      -8.035545024888791E-003  2.979242457545809E-004
   56332.9381972364      -7.853041256485782E-003  2.979119310576953E-004
   56332.9586308094      -7.137349246213454E-003  2.979559429819030E-004
   56332.9790641825      -6.587912932973672E-003  2.980708184250317E-004
   56332.9994976560      -2.788661836155448E-003  2.984279446347149E-004
   56333.0199312298       2.019536395374555E-004  2.986516461961862E-004
   56333.0403646037       1.329981444029293E-004  2.987308429686386E-004
   56333.0607980780      -1.910788718181289E-004  2.986235291814924E-004
   56333.0812316525      -1.058660588304505E-004  2.986532819829905E-004
   56333.1016651272      -3.852071713789096E-004  2.985881900137379E-004
   56333.1220986023      -2.100498574683085E-004  2.986566770122071E-004
   56333.1425320776       2.604721686709777E-004  2.987014296700621E-004
   56333.1629654532       4.935233669962624E-004  2.986635287984442E-004
   56333.1833990290       1.561489337240651E-004  2.987071086280244E-004
   56333.2038325051      -4.292900405565847E-004  2.986430043036348E-004
   56333.2242658815       3.750545396168370E-004  2.987270467086964E-004
   56333.2446994581      -6.300264831649027E-005  2.986994235164341E-004
   56333.2651329349      -6.609456646589074E-004  2.985977578233483E-004
   56333.2855664121      -1.676751509697150E-004  2.986082824139197E-004
   56333.3059998895      -6.360704283658869E-005  2.986673867861903E-004
   56333.3264333672       8.014485281160333E-005  2.986801335777035E-004
