   54968.3847313842       1.291488381465977E-003  4.349316908942002E-004
   54968.4051657566       1.298360444444202E-003  4.346113750819464E-004
   54968.4256001290       1.148884678788487E-003  4.343812628420085E-004
   54968.4460344013       9.558871162097526E-004  4.341990729129088E-004
   54968.4664688736       7.575680132526630E-004  4.345504144966437E-004
   54968.4869032460       1.391753427977593E-003  4.342396512160894E-004
   54968.5073375183       1.794645240983384E-004  4.346370258913011E-004
   54968.5277719905      -3.589595399192569E-003  4.342433232199181E-004
   54968.5482063628      -9.629124105814402E-003  4.333044078061292E-004
   54968.5686406350      -5.910542791563667E-003  4.341584413922815E-004
   54968.5890750072       8.943972626730412E-004  4.346690894029946E-004
   54968.6095094794       2.323664340517007E-003  4.347182091063856E-004
   54968.6299438516       1.784055302460952E-003  4.348158099038060E-004
   54968.6503781237       2.513801988481501E-003  4.348834492786814E-004
   54968.6708125958       5.132073923875824E-004  4.342837418707583E-004
   54968.6912469679       1.079081379789515E-003  4.348973390322946E-004
   54968.7116812400       8.490216082640556E-004  4.349110957422909E-004
   54988.2877839584      -1.948974622596467E-004  4.313405775845321E-004
   54988.3082182705      -1.329007961544670E-004  4.311625386162823E-004
   54988.3286526826      -7.094949741922596E-004  4.310975867224701E-004
   54988.3490868945      -1.226365073709323E-003  4.312239515498828E-004
   54988.3695212064      -1.437283564240555E-003  4.313530836845288E-004
   54988.3899555180      -1.593224357071210E-003  4.314011124302605E-004
   54988.4103899297      -6.106682373859806E-004  4.314632437993926E-004
   54988.4308241412      -7.734477179733079E-003  4.302787032599254E-004
   54988.4512584526      -1.267459079085786E-002  4.300006154917026E-004
   54988.4716928639      -8.524352221133125E-003  4.302965311046014E-004
   54988.4921270751      -1.917916867321900E-003  4.315325861325654E-004
   54988.5125613863      -1.836349053514374E-003  4.313819009319678E-004
   54988.5329955972      -2.076561982876091E-003  4.314410255153561E-004
   54988.5534300082      -1.471579220881924E-003  4.314698959802418E-004
   54988.5738643190      -9.463116778948288E-004  4.316861184665664E-004
   54988.5942986297      -9.427469796517984E-004  4.314537710938632E-004
   54988.6147329403      -1.520335771914683E-003  4.314054230434508E-004
   55008.1907116173      -1.515098586697405E-004  4.150419562634722E-004
   55008.2111458968       3.097193906184126E-004  4.150613472063623E-004
   55008.2315800761       3.938934635405733E-005  4.150015873951538E-004
   55008.2520141551       1.038866089653201E-005  4.150401213149123E-004
   55008.2724484340      -1.195234335090056E-003  4.149563335962096E-004
   55008.2928826128       1.463781561633626E-004  4.150676455433112E-004
   55008.3133166914      -1.107633737098990E-003  4.149710379812912E-004
   55008.3337508697      -7.194875213308416E-003  4.143557350952631E-004
   55008.3541851481      -1.076552074261594E-002  4.140084834785976E-004
   55008.3746192262      -3.930573454747122E-003  4.147183854018707E-004
   55008.3950534041       2.561510878037465E-004  4.151402995876435E-004
   55008.4154876817      -1.891600275757410E-004  4.150973022794960E-004
   55008.4359217594      -2.008662041078635E-004  4.151315463870806E-004
   55008.4563559366       2.368433692750971E-004  4.151881074366103E-004
   55008.4767901138      -6.190001994557104E-004  4.151159741209234E-004
   55008.4972242909       2.378545105167218E-004  4.152475448919907E-004
   55008.5176584679       3.385539167669593E-004  4.152325181510810E-004
   55028.0935095858      -1.468383566644915E-003  4.157638349455891E-004
   55028.1139434727      -1.678304651446805E-003  4.156974544416036E-004
   55028.1343775595      -2.725236277868803E-003  4.156133443670728E-004
   55028.1548115460      -1.883365838880047E-003  4.156733273477007E-004
   55028.1752454325      -1.144420509412991E-003  4.157068771504248E-004
   55028.1956795185      -1.482539756255674E-003  4.156976776110230E-004
   55028.2161135045      -3.668195394284757E-003  4.153451939113015E-004
   55028.2365473901      -1.045488498721070E-002  4.145511075236912E-004
   55028.2569813756      -1.250939784987437E-002  4.143503542325942E-004
   55028.2774154608      -4.616332309298810E-003  4.150704971525598E-004
   55028.2978493459      -1.623841380876456E-003  4.156044423868969E-004
   55028.3182833307      -1.176857215965943E-003  4.156937845444837E-004
   55028.3387174151      -9.071902828564626E-004  4.156405214430415E-004
   55028.3591512995      -2.302466952432969E-004  4.156816342094247E-004
   55028.3795852837      -5.359476604300806E-004  4.156532916931545E-004
   55028.4000192676      -2.873314292689555E-004  4.155910274251277E-004
   55028.4204533511      -6.345276637237385E-004  4.156507872363362E-004
   55047.9756636189       5.261505840216119E-004  4.166787303789287E-004
   55047.9960973711       1.082808925573553E-003  4.167274804987777E-004
   55048.0165311232      -3.001416607227858E-004  4.166499663204218E-004
   55048.0369648750       6.840695317417156E-004  4.167606087592651E-004
   55048.0573986265      -1.755964609837513E-004  4.167341755813612E-004
   55048.0778322777      -2.055586510156804E-004  4.166461972368933E-004
   55048.0982661288       5.462289511649621E-004  4.167863972255127E-004
   55048.1186997794      -2.111519622797320E-003  4.164577430604682E-004
   55048.1391335300      -9.052896267731203E-003  4.153601214658026E-004
   55048.1595673802      -9.187682244982009E-003  4.153770079518744E-004
   55048.1800011302      -2.090076829600052E-003  4.164291773747784E-004
   55048.2004347799       1.175177604083588E-004  4.165892146451268E-004
   55048.2208685294       3.510689359135233E-004  4.166007202685296E-004
   55048.2413023786      -9.631352494111622E-004  4.164742575975075E-004
   55048.2617360274      -5.030965871319903E-004  4.165162630415686E-004
   55048.3026036247       1.017277201386890E-003  4.166958896276243E-004
   55048.3230372728      -9.444576193514687E-004  4.165370921873840E-004
   55067.8780110214      -2.339398458832687E-004  4.166200616182154E-004
   55067.8984446173      -2.218921555104947E-004  4.166744157701527E-004
   55067.9188780130      -3.747168691067282E-004  4.166175323647949E-004
   55067.9393115084       5.135297705466391E-004  4.166612735710073E-004
   55067.9597451037       1.029601492444909E-004  4.166478338126359E-004
   55067.9801784987       5.889049143154024E-004  4.167120074190291E-004
   55068.0006119934       5.610441861171322E-004  4.166538841835632E-004
   55068.0210454877      -3.630477296967083E-003  4.162036770747245E-004
   55068.0414789818      -1.094160487568441E-002  4.154984121160556E-004
   55068.0619124758      -8.763544270638857E-003  4.156527957611112E-004
   55068.0823459694      -1.777648086268013E-003  4.163068309397151E-004
   55068.1027795626      -1.152357120097869E-003  4.164597267886410E-004
   55068.1232129557      -5.692455588398593E-004  4.165088736541245E-004
   55068.1436464486      -8.894852754549598E-004  4.164406829981812E-004
   55068.1640798410      -1.439183852862680E-004  4.165025257239713E-004
   55068.1845134335       1.951432054366764E-004  4.166082088423823E-004
   55068.2049469254      -8.142832349635754E-004  4.164345830340496E-004
   55087.7801082702       1.104726355288799E-004  4.157701580791402E-004
   55087.8005415137       8.248456486436018E-004  4.157943347662474E-004
   55087.8209748570       6.298831436976071E-004  4.156990414241419E-004
   55087.8414080001       6.498758830032481E-004  4.156878829531693E-004
   55087.8618412427       5.870996046467569E-004  4.157715714854634E-004
   55087.8822744853       5.058246805633715E-005  4.156775427700681E-004
   55107.6819651538       8.745911270223727E-004  4.720432511927894E-004
   55107.7023982764      -1.756404239434683E-004  4.717908833280402E-004
   55107.7228312988       4.501281308432192E-004  4.718131944153324E-004
   55107.7432643211       1.147944602266748E-003  4.719363263593511E-004
   55107.7636973432       1.430572215394332E-003  4.719576376573543E-004
   55107.7841303649       2.550564374903530E-005  4.718492920707157E-004
   55107.8045633865       9.804802320637629E-004  4.718509759263604E-004
   55107.8249963082      -4.583316179213259E-003  4.711962718035059E-004
   55107.8454294293      -1.038371799955951E-002  4.705554594897201E-004
   55107.8658624503      -6.600086798486560E-003  4.709804225580510E-004
   55107.8862953712       7.367275033122178E-004  4.717143731371842E-004
   55107.9067284917       7.792466260371222E-004  4.717931986295516E-004
   55107.9271615122       1.720129127880110E-005  4.716409675551731E-004
   55107.9475944325       6.020000930088143E-004  4.717082165399833E-004
   55107.9680274525       1.135491160609514E-003  4.717527860940789E-004
   55107.9884605725      -3.122787136227156E-004  4.715299383236007E-004
   55108.0088934921      -2.152914840503062E-004  4.715951877298328E-004
   55127.5836419153       2.290412424360899E-003  4.725782437034037E-004
   55127.6040747768       2.359360848200764E-003  4.726449138628360E-004
   55127.6245076383       1.842501356860482E-003  4.726532279000817E-004
   55127.6449404995       1.474669128505579E-003  4.725921881329613E-004
   55127.6653732608       1.665462229246351E-003  4.726365472051014E-004
   55127.6858062219       8.293140978544722E-004  4.725371997220641E-004
   55127.7062390827       1.146653345783011E-003  4.724584794706745E-004
   55127.7266719435      -5.830061311422496E-003  4.717629944689249E-004
   55127.7471047043      -9.189815483083952E-003  4.712758866032068E-004
   55127.7675376648      -3.916522393631383E-003  4.719688458214893E-004
   55127.7879705252       1.485822511502533E-003  4.724517966685845E-004
   55127.8084032855       1.582917598586975E-003  4.725543013809556E-004
   55127.8288362457       6.603038686648910E-004  4.723907569014642E-004
   55127.8492691058       1.578421964352539E-003  4.725179406231279E-004
   55127.8697018657       4.759756758995204E-004  4.722527333590878E-004
   55127.8901348255       5.938191535376225E-004  4.723157200842973E-004
   55127.9105676852       7.908545140368206E-004  4.723827059666630E-004
   55147.4852013732      -3.644911371203374E-004  4.755818738301245E-004
   55147.5056341576      -1.128426272797411E-003  4.754553215543276E-004
   55147.5260669421      -1.587172500938649E-004  4.755255172865159E-004
   55147.5464997265       7.155397514430062E-004  4.755566686159429E-004
   55147.5669325109       7.434260371840251E-004  4.756262329022645E-004
   55147.5873653953       1.190343567327612E-003  4.756006067241717E-004
   55147.6077980796       2.231650999007240E-005  4.755103625857136E-004
   55147.6282308639      -7.013262871754078E-003  4.746541746108731E-004
   55147.6486635482      -1.067066843836451E-002  4.742478391956117E-004
   55147.6690964324      -2.736246424965283E-003  4.750073107118598E-004
   55147.6895292166       1.394921577372643E-003  4.754686871585073E-004
   55147.7099619008       1.735657179939731E-003  4.755060477056241E-004
   55147.7303947849       9.416703008121585E-004  4.754009645892971E-004
   55147.7508275691       9.538178857427804E-004  4.754379041725027E-004
   55147.7712602532       7.083327062319400E-004  4.752297901389156E-004
   55147.7916931372       1.644249778379403E-003  4.754817370397538E-004
   55147.8121259213       1.956888303312865E-003  4.754134356451657E-004
   55167.3867365779       1.925720344131521E-003  4.757078472805435E-004
   55167.4071692842       1.606277962145186E-003  4.756109203399955E-004
   55167.4276021906       1.560198907996857E-003  4.756136039849292E-004
   55167.4480349970       1.732177160061910E-003  4.757461023759715E-004
   55167.4684677036       1.447127570878171E-003  4.756507540500904E-004
   55167.4889006102       1.142138220755817E-003  4.756543322433354E-004
   55167.5093334169       8.265764416656163E-004  4.755637723819439E-004
   55167.5297661237      -6.777654599169458E-003  4.746733810893204E-004
   55167.5501989305      -8.003020570392483E-003  4.745752964980167E-004
   55167.5706318374      -2.840143900405878E-003  4.751999017012222E-004
   55167.5910645444       2.557138147344706E-003  4.757955130150456E-004
   55167.6114973515       1.426082209093127E-003  4.756900089348075E-004
   55167.6319302586       7.603141764621624E-004  4.755890302166144E-004
   55167.6523629658       1.128814937231271E-004  4.755019433074901E-004
   55167.6727957731      -3.313601128052124E-005  4.755977125972824E-004
   55167.6932286805      -3.426267116369841E-004  4.755740333772788E-004
   55167.7136614880       3.895557625900326E-004  4.755760329558569E-004
   55187.2679274527       6.284129556360929E-004  4.589718863022454E-004
   55187.2883603804       1.140386395494963E-003  4.590059084951271E-004
   55187.3087933083       1.538089114483054E-003  4.590830185188100E-004
   55187.3292262363       1.173414620453284E-003  4.590790588148911E-004
   55187.3496591645       1.581459886224379E-003  4.591304828644688E-004
   55187.3700920929       2.193629636475625E-003  4.592058735430290E-004
   55187.3905251215       1.060014862932612E-003  4.590579577611131E-004
   55187.4109579502      -9.320020839401755E-004  4.588562733680885E-004
   55187.4313908791      -6.644994607571064E-003  4.576870665833134E-004
   55187.4518238082      -7.653503332470057E-003  4.579364237274662E-004
   55187.4722567374      -1.115476958374662E-003  4.589515667689776E-004
   55187.4926896668       1.929399588833758E-003  4.592714170631595E-004
   55187.5131225965       2.083858590493537E-003  4.592850155200387E-004
   55187.5335555262       1.100711087717587E-003  4.592132198358258E-004
   55187.5539883562       1.466952917655973E-003  4.592640707703626E-004
   55187.5744212862       1.587160356623429E-003  4.593157032254098E-004
   55187.5948543165       1.605760935481704E-003  4.592305174897871E-004
   55187.6152872470       1.077488018513706E-003  4.592165022219691E-004
   55207.1696916201      -1.681295658608195E-003  4.585486147938673E-004
   55207.1901247537      -1.831087903799489E-003  4.584787989616139E-004
   55207.2105577873      -1.290158569353328E-003  4.585333490932328E-004
   55207.2309910213      -7.873918702924199E-004  4.585864403865658E-004
   55207.2514241556      -1.774641012737610E-003  4.585372045944169E-004
   55207.2718571901      -4.721293307738961E-004  4.586822026997611E-004
   55207.2922903248      -9.591901786764057E-004  4.586724597440661E-004
   55207.3127235598      -3.383567509948282E-003  4.584549365353661E-004
   55207.3331565949      -1.177330703022772E-002  4.576245970438568E-004
   55207.3535897305      -1.057978925590497E-002  4.578261251327793E-004
   55207.3740229662      -3.926512591737596E-003  4.584600945707341E-004
   55207.3944561022      -1.392335047682769E-003  4.587437865159727E-004
   55207.4148891384      -1.622724076908888E-003  4.586836094366797E-004
   55207.4353223748      -1.896225471808677E-003  4.586996045564572E-004
   55207.4557555115       6.127244776032992E-005  4.590201321684145E-004
   55207.4761885484       4.888157975385665E-004  4.589381246162005E-004
   55207.4966217856      -1.076111660060719E-003  4.588171452412061E-004
   55207.5170549231      -1.317431890403009E-003  4.588035988856943E-004
   55227.0716867088       1.047562176510142E-003  4.579328808344862E-004
   55227.0921202034       2.190737776986640E-003  4.581091397602423E-004
   55227.1125535983       1.543213322788728E-003  4.578716617278461E-004
   55227.1329868934       1.518009093637196E-003  4.580558400614399E-004
   55227.1534203889       1.007780526410040E-003  4.580578720147667E-004
   55227.1738537845       1.064267889006154E-003  4.580118665073938E-004
   55227.1942870806       1.185474580082224E-003  4.580425021113975E-004
   55227.2147205769      -2.917608444483299E-003  4.576021934558948E-004
   55227.2351539735      -8.082621747890983E-003  4.571209852270199E-004
   55227.2555873703      -7.015074631770313E-003  4.572503529221581E-004
   55227.2760207674      -4.444778045645803E-004  4.580047286200664E-004
   55227.2964541649       9.093193061512350E-004  4.581375350054499E-004
   55227.3168875626       1.598508265423626E-003  4.581278962524896E-004
   55227.3373209607       9.269249605398100E-004  4.581275836442854E-004
   55227.3577543589       1.117217949368032E-003  4.581195600337130E-004
   55227.3781877575       6.946571596090356E-004  4.580978337635267E-004
   55227.3986211564       6.285628314380842E-004  4.581461838324305E-004
   55246.9739500224      -2.947295796370542E-004  4.562634488217522E-004
   55246.9943836970      -1.080637660302974E-003  4.562272904728090E-004
   55247.0148173717      -3.292891772208595E-004  4.563538446941101E-004
   55247.0352510468      -7.763382404613051E-004  4.563101316469007E-004
   55247.0556847222      -4.409931545875656E-004  4.563851576158894E-004
   55247.0761183979      -3.889503279341788E-004  4.564068317847084E-004
   55247.0965520738      -5.669368408642850E-004  4.563825004461544E-004
   55247.1169858501      -5.113425915064584E-003  4.559192671890164E-004
   55247.1374194266      -1.129605547749468E-002  4.553469857700079E-004
   55247.1578531034      -7.678568184658063E-003  4.555491390753386E-004
   55247.1782868805      -8.993644730169725E-004  4.563135182357787E-004
   55247.1987204578       4.287981370293403E-004  4.564485649799584E-004
   55247.2191541354       4.422866638008616E-004  4.564803468140439E-004
   55247.2395878134      -3.142598386983719E-004  4.564326219615483E-004
   55247.2804551701       7.202950260428720E-004  4.565593845883188E-004
   55247.3008888489       7.681329726899611E-004  4.565989816275073E-004
   55266.8764788011      -3.419900897197681E-003  4.536671334838032E-004
   55266.8969126382      -4.473403101155848E-003  4.535591273492799E-004
   55266.9173465756      -4.176237930479165E-003  4.535863763644056E-004
   55266.9377806132      -2.593338384035859E-003  4.535879915067935E-004
   55266.9582144510      -3.091359759363144E-003  4.537111070378494E-004
   55266.9786483892      -1.726306611826822E-003  4.535644416887499E-004
   55266.9990824275      -5.003530943170298E-003  4.534539867899609E-004
   55267.0195162662      -9.668794441546003E-003  4.529710592159633E-004
   55267.0399502050      -1.394012326335770E-002  4.525499759650140E-004
   55267.0603842441      -9.838587799807397E-003  4.529530842442264E-004
   55267.0808181834      -4.119565437161743E-003  4.535130697405395E-004
   55267.1012520230      -3.907921346698928E-003  4.535753829758941E-004
   55267.1216859629      -3.519571665414389E-003  4.535519373605851E-004
   55267.1421200030      -4.592937766234928E-003  4.534459110780212E-004
   55267.1625538434      -4.353628669413911E-003  4.534621667046354E-004
   55267.1829877839      -1.266694966487458E-004  4.535384431064406E-004
   55267.2034218248      -1.515557669898859E-004  4.535281791370720E-004
   55286.7792499290      -5.029400917283544E-004  4.332047086531664E-004
   55286.7996839814      -2.424970180237018E-004  4.332203281559501E-004
   55286.8201181341      -1.764640593694411E-004  4.331892747811460E-004
   55286.8405523869      -5.137315610737048E-004  4.332043904290011E-004
   55286.8609864399      -1.237538009966177E-003  4.332086864552336E-004
   55286.8814205931      -3.996500383981472E-004  4.332624663391813E-004
   55286.9018548465      -2.223218567173335E-003  4.329863273196807E-004
   55286.9222890000      -8.637000828942698E-003  4.323308650950582E-004
   55286.9427230538      -1.157288041077553E-002  4.320738725628408E-004
   55286.9631573078      -4.544286836788536E-003  4.327206366602765E-004
   55286.9835913619      -6.248284292503792E-004  4.331279901106316E-004
   55287.0040255151      -4.031270594895275E-004  4.331357866026832E-004
   55287.0244597697      -8.468161208652347E-005  4.331081806563373E-004
   55287.0448938243      -1.123314786409257E-003  4.331532624130982E-004
   55287.0653279792      -1.031142890278947E-003  4.330907578832832E-004
   55287.0857622343      -1.033938658983158E-003  4.330794874440930E-004
   55287.1061962896      -1.237108866574466E-003  4.330726456245376E-004
   55306.6617582654       3.855835954463815E-004  4.327335777763349E-004
   55306.6821924653       7.432830955199643E-004  4.326598823633711E-004
   55306.7026268652       1.035642085348676E-003  4.327685293971648E-004
   55306.7230611654       5.809087465037388E-004  4.327233680843626E-004
   55306.7434954656       1.031703035898501E-003  4.327665139774508E-004
   55306.7639297659       6.307686823799896E-004  4.327567551030461E-004
   55306.7843640663       7.341479553668595E-005  4.327175870120250E-004
   55306.8047984669      -1.815991532008621E-003  4.325137379154246E-004
   55306.8252326675      -8.009915819991775E-003  4.318525476558254E-004
   55306.8456669683      -8.889603144119351E-003  4.315363654288490E-004
   55306.8661013691      -2.579078186012662E-003  4.323225382293976E-004
   55306.8865355701       8.547314131645001E-004  4.327250122425504E-004
   55306.9069698712      -2.428736779658269E-004  4.326210324965155E-004
   55306.9274042725      -1.573524769793444E-004  4.326211916085981E-004
   55306.9478384738      -2.890993074465831E-004  4.325413968991314E-004
   55306.9682727752       5.946319653286070E-004  4.326176115867377E-004
   55306.9887071768      -4.536206649924379E-004  4.325662183840303E-004
   55307.0091413784       1.977124173214717E-004  4.326212181272786E-004
   55326.5648055941       2.164772414580241E-003  4.314869611271752E-004
   55326.5852400630       4.683194010545177E-004  4.314240057797926E-004
   55326.6056743318       1.409254148126426E-003  4.313831935305838E-004
   55326.6261087008       9.430253841385960E-004  4.313873569634141E-004
   55326.6465431698       1.680372963322241E-003  4.313852619876587E-004
   55326.6669774387       7.569156039007874E-004  4.313227839765243E-004
   55326.6874118077       1.768434758844806E-003  4.314660113696216E-004
   55326.7078462768      -1.815753735548209E-003  4.311323002948694E-004
   55326.7282805458      -8.315630154648423E-003  4.304536342248552E-004
   55326.7487149149      -7.651502307671754E-003  4.304203797995740E-004
   55326.7691493840      -6.022763275789211E-004  4.311947252686430E-004
   55326.7895836531       1.278947978825884E-003  4.314432583417976E-004
   55326.8100180224       8.906174918906773E-004  4.313033988211171E-004
   55326.8304524916       8.713610706722053E-004  4.313505490349529E-004
   55326.8508868608       1.198123891444802E-003  4.314312718982353E-004
   55326.8713211300       1.076404701778944E-003  4.312945150631672E-004
   55326.8917555993       1.212865124280760E-003  4.314249604522887E-004
   55326.9121899687       1.286218462827060E-004  4.312368369331937E-004
   55346.4678846927       3.177440473232207E-003  4.292793074985955E-004
   55346.4883189495       3.585282773786891E-003  4.293174943984400E-004
   55346.5087534063       3.475908327106869E-003  4.292088738833268E-004
   55346.5291877630       2.745793971848598E-003  4.290912900542223E-004
   55346.5496220196       4.267183066934410E-003  4.292379383570973E-004
   55346.5700564762       4.050862259642796E-003  4.291950576508136E-004
   55346.5904908327       3.215425387402937E-003  4.291817452732289E-004
   55346.6109250892      -7.706046648292553E-005  4.288077258041964E-004
   55346.6313595457      -7.137257590985380E-003  4.281728420756012E-004
   55346.6517938020      -5.032509457796097E-003  4.283812258665582E-004
   55346.6722282584       1.965092503143917E-003  4.291156076841927E-004
   55346.6926626146       2.730586065976426E-003  4.291795177040714E-004
   55346.7130968708       1.812994096165865E-003  4.291043372450025E-004
   55346.7335313271       3.044705245761947E-003  4.291950046134527E-004
   55346.7539656832       2.201282299312823E-003  4.290634454397523E-004
   55346.7744000392       1.975962253413344E-003  4.290805234699606E-004
   55346.7948343952       2.336142602843538E-003  4.291325796396791E-004
   55366.3709141485      -3.297037141860804E-003  4.257121206795104E-004
   55366.3913484166      -3.206205928113048E-003  4.256951222053435E-004
   55366.4117827845      -2.502184266464536E-003  4.257272628460460E-004
   55366.4322169523      -3.829213895769956E-003  4.255873237693241E-004
   55366.4526512199      -2.275396477115388E-003  4.256225140582781E-004
   55366.4730855874      -3.246749271868410E-003  4.256509951210788E-004
   55366.4935197548      -1.746962637541150E-003  4.257046158929437E-004
   55366.5139540221      -8.129547791723812E-003  4.250647201337439E-004
   55366.5343883893      -1.201692675449972E-002  4.246368942620833E-004
   55366.5548226562      -7.091461511044672E-003  4.251305129799343E-004
   55366.5752568232      -2.471072424964138E-003  4.256002648853826E-004
   55366.5956911899      -2.344336059974417E-003  4.256097055356219E-004
   55366.6161254565      -1.854244235110158E-003  4.256223549461954E-004
   55366.6365596230      -2.624454033112955E-003  4.256151683837941E-004
   55366.6569939893      -3.406922685041947E-003  4.254981414469790E-004
   55366.6774282556      -1.884441825204308E-003  4.255466175948371E-004
   55366.6978625217      -2.760234418104246E-003  4.255136813937212E-004
   55386.2737830070      -1.270720024276861E-003  4.287550248799931E-004
   55386.2942172192      -1.694904150206455E-003  4.287822225551359E-004
   55386.3146513312      -1.308009390723397E-003  4.288153070616660E-004
   55386.3350853430      -8.228851728859787E-004  4.288016053973455E-004
   55386.3555195548      -1.154980206026335E-003  4.287661815822729E-004
   55386.3759536661      -8.764143559218951E-004  4.287673383832005E-004
   55386.3963876773      -1.055934050320118E-003  4.286363628115061E-004
   55386.4168218884      -7.761192387139126E-003  4.278188644492977E-004
   55386.4372559992      -1.039163423100420E-002  4.275713861708480E-004
   55386.4576902101      -5.547727205207909E-003  4.280403789735941E-004
   55386.4781242204      -8.799920496688207E-004  4.284333828087390E-004
   55386.4985583308      -7.878628810390476E-004  4.286246148554189E-004
   55386.5189925409      -1.378624125893846E-003  4.286767994305984E-004
   55386.5394265508       4.661125097703556E-004  4.289091878836145E-004
   55386.5598606607      -5.772019673778717E-004  4.287612973116896E-004
   55386.5802948702      -5.605835880293508E-004  4.285713763060610E-004
   55386.6007289796      -3.986619928219026E-004  4.283737175875609E-004
   55406.1765138651      -2.898701194403719E-004  4.295168168508646E-004
   55406.1969477685      -5.979811074818819E-004  4.295451199135605E-004
   55406.2173816719      -8.828404587646332E-004  4.295536545337376E-004
   55406.2378155748      -9.759636612935996E-004  4.294631669945102E-004
   55406.2582494775      -9.536800898716224E-004  4.294481028757638E-004
   55406.2786833802      -1.536892514204968E-003  4.293809055952124E-004
   55406.2991173824      -2.064185327135815E-003  4.293426540445390E-004
   55406.3195511846      -1.041663392704151E-002  4.285994223018840E-004
   55406.3399850863      -1.123878985291193E-002  4.283454402315523E-004
   55406.3604190879      -4.716493108517850E-003  4.290774638585530E-004
   55406.3808528894      -1.659417573372735E-003  4.294630898744483E-004
   55406.4012867904      -2.224628571542708E-003  4.294165350637833E-004
   55406.4217207912      -1.830979956209400E-003  4.294002113173601E-004
   55406.4421545918      -2.507765369965775E-003  4.293491578364209E-004
   55406.4625885924      -2.670434105830122E-003  4.292572821360803E-004
   55406.4830224925      -3.308043709247199E-003  4.292083108968109E-004
   55406.5034562924      -1.717929693114018E-003  4.293169987706330E-004
   55426.0585892638       2.407734680127116E-003  4.297661203041113E-004
   55426.0790229244       2.542604579626295E-003  4.297440125530500E-004
   55426.0994565844       1.792132478325104E-003  4.297116221270766E-004
   55426.1198902443       1.324508130704838E-003  4.296707742009878E-004
   55426.1403238039       1.263437944676205E-003  4.296750158043891E-004
   55426.1607575632       2.119694341406908E-003  4.296614683801922E-004
   55426.1811912224       2.213741962993176E-003  4.297048869750091E-004
   55426.2016247811      -6.121671822917341E-004  4.294941178459959E-004
   55426.2220585397      -7.776243545613903E-003  4.287924024032990E-004
   55426.2424921979      -7.435523141261613E-003  4.287922224564881E-004
   55426.2629259559      -1.725089148521652E-003  4.293795174340993E-004
   55426.2833595136       1.478286455443345E-003  4.296546304013756E-004
   55426.3037931714       1.529617270828010E-003  4.296326254770635E-004
   55426.3242269284       2.632499837283975E-004  4.296167387443241E-004
   55426.3446604855       1.116424832969254E-003  4.296734991098395E-004
   55426.3650941423       5.183820846034193E-004  4.296417513510481E-004
   55426.3855278986       9.755702228272378E-004  4.296505944514726E-004
   55426.4059614550      -2.100069736801213E-004  4.295620606204784E-004
   55445.9608313466       9.714930887264606E-004  4.303259862463942E-004
   55445.9812647512       1.313458883213880E-003  4.304241086717440E-004
   55446.0016981556       5.627110115310474E-004  4.303149323708636E-004
   55446.0221315596       7.998968862253930E-004  4.303206649621271E-004
   55446.0425649635       1.507309677130420E-003  4.303406904715186E-004
   55446.0629984670       1.609623643156088E-003  4.304392499105522E-004
   55446.0834317703       7.073134759195687E-004  4.303608959277211E-004
   55446.1038651733      -1.784623370649552E-003  4.300632639023871E-004
   55446.1242986761      -9.761215524821676E-003  4.293916252838084E-004
   55446.1447320787      -7.162916063690794E-003  4.296469698085660E-004
   55446.1651653808       2.739130164336467E-004  4.301877099755121E-004
   55446.1855988829       1.307803462493262E-003  4.304179133601094E-004
   55446.2060322845       1.876460522609480E-003  4.304646738242727E-004
   55446.2264655861       2.280962099483808E-003  4.304977583308027E-004
   55446.2468990873       1.221585171159334E-003  4.303808443170509E-004
   55446.2673324882       2.028385108577058E-003  4.304592754199438E-004
   55446.2877657889       1.369853195157256E-003  4.303736978579868E-004
   55585.2524457158      -1.079574075822376E-003  4.607683521940319E-004
   55585.2728790303       4.251003468577208E-004  4.607730712165993E-004
   55585.2933122449      -8.267374302625141E-004  4.606313956724095E-004
   55585.3137453599       8.879759016722222E-005  4.607031772490178E-004
   55585.3341786752       2.035104768755014E-004  4.607746966577058E-004
   55585.3546118908       2.242688456520758E-004  4.607169148480474E-004
   55585.3750450065       5.528900643209100E-004  4.608506729210408E-004
   55585.3954783226      -2.449339829503794E-003  4.604988435718500E-004
   55585.4159115389      -1.073039400638676E-002  4.596583856525982E-004
   55585.4363447554      -9.129044804780273E-003  4.598164729086057E-004
   55585.4567779723      -2.802016911815142E-003  4.603954969776242E-004
   55585.4772111894       6.106390905941117E-004  4.607757977629715E-004
   55585.4976444067       1.246632001593584E-004  4.607384650511051E-004
   55585.5180776243       1.224129761766557E-004  4.607903742993464E-004
   55585.5385108422      -5.083548788578085E-004  4.606406764167920E-004
   55605.1545148735       2.341074450812330E-004  4.608395045676313E-004
   55605.1749484583      -6.808889897198522E-004  4.606396801786944E-004
   55605.1953818435      -7.422873343766456E-004  4.606836719557393E-004
   55605.2158154289      -2.253538106442576E-004  4.607610114922604E-004
   55605.2362489147      -1.962906230557060E-005  4.607193267929152E-004
   55605.2566823007      -6.362907070491808E-004  4.606965181838394E-004
   55605.2771158870       7.791183920075051E-004  4.609223496304810E-004
   55605.2975493736      -3.649169083667414E-003  4.603639319600068E-004
   55605.3179828604      -1.041548294196404E-002  4.597456875700949E-004
   55605.3384163476      -8.660571150043483E-003  4.598187799863053E-004
   55605.3792834228      -5.256723026070276E-005  4.607480079634081E-004
   55605.3997168108      -3.451630150781426E-004  4.607589665824812E-004
   55605.4201502991      -3.347869637126966E-005  4.606631179907791E-004
   55605.4405838876       3.276835816666823E-004  4.607688240962886E-004
   55605.4610173766       1.114459356733044E-003  4.608066287104118E-004
   55605.4814507658      -1.638990536216856E-004  4.606729230710025E-004
   55625.0568701639      -1.994778436019695E-004  4.587264835627073E-004
   55625.0773040260      -4.362752907014489E-004  4.587068209686765E-004
   55625.0977377885       2.280832449356174E-004  4.587614043297060E-004
   55625.1181714513      -8.926781677576212E-005  4.588293582546764E-004
   55625.1386053143      -1.133418522633045E-004  4.588258976381269E-004
   55625.1590390776      -2.810597927838110E-006  4.588396876707405E-004
   55625.1794728410      -5.706687739158722E-004  4.588028268611308E-004
   55625.1999066050      -5.566948421760309E-003  4.581677512907286E-004
   55625.2203402691      -1.191771948369447E-002  4.576709955151349E-004
   55625.2407741335      -7.625907924186714E-003  4.580413339195067E-004
   55625.2816415631      -7.798221076105172E-004  4.586035792416189E-004
   55625.3020754282      -1.260104976198440E-003  4.586653984372517E-004
   55625.3225091938       1.549564117860891E-004  4.588046096029896E-004
   55625.3429430596      -7.606196600440374E-004  4.587134800338549E-004
   55625.3633767256      -8.146103326821530E-004  4.586831209886714E-004
   55625.3838104918      -9.881592563741881E-004  4.587283187381502E-004
   55644.9594775004       5.481285073091202E-004  4.379015197762205E-004
   55644.9799114123       6.886023483773096E-004  4.379555719486457E-004
   55645.0003454245       1.011546333176017E-003  4.379783814835176E-004
   55645.0207795369       4.088266652102490E-005  4.379171812526290E-004
   55645.0412134494       6.441660221473411E-004  4.379654239543181E-004
   55645.0616475624       1.569422935178477E-003  4.380725912877593E-004
   55645.0820815754       7.830818951470864E-005  4.379204741784380E-004
   55645.1025154887      -6.330876504768490E-003  4.372838418553719E-004
   55645.1229496022      -9.605612031075350E-003  4.365785935254085E-004
   55645.1433836159      -4.923921946258791E-003  4.373986391388583E-004
   55645.1638175300       1.085054649973327E-003  4.380013784206712E-004
   55645.1842516442       6.612701869735949E-004  4.379456128559552E-004
   55645.2046856587       1.194611979976057E-003  4.380041359113893E-004
   55645.2251196733       7.146319723873029E-004  4.379444348987553E-004
   55645.2455536882       1.300756790002855E-003  4.380964449210584E-004
   55645.2659877035       9.753626435510254E-004  4.379942571339624E-004
   55645.2864217188       1.805613347009127E-003  4.381110890707942E-004
   55664.8623104187      -9.324136968968944E-004  4.367396791725023E-004
   55664.8827445257      -1.577680077518018E-003  4.367955518242364E-004
   55664.9031788329      -4.465081469854359E-004  4.368093392778268E-004
   55664.9236130403      -1.328485256657186E-003  4.367012884764855E-004
   55664.9440471478      -1.569391151652999E-003  4.367183956276394E-004
   55664.9644814555      -5.768045201742789E-004  4.367461311653475E-004
   55664.9849156634      -1.816035914106506E-003  4.366136912956163E-004
   55665.0053498715      -9.653426504404150E-003  4.358191323924927E-004
   55665.0257840797      -1.135218517231440E-002  4.356495600992084E-004
   55665.0462181880      -4.963554571885354E-003  4.363251720968911E-004
   55665.0666524966      -1.323306749822062E-003  4.368270889510898E-004
   55665.0870867053      -1.093736717278082E-003  4.368065817871088E-004
   55665.1075209142      -1.214494457687287E-003  4.367931959098365E-004
   55665.1279551232      -1.610791131580247E-003  4.367635863493104E-004
   55665.1483893324      -1.246004080851182E-003  4.368090983320359E-004
   55665.1688235417      -9.506307701369066E-004  4.368199408926264E-004
   55665.1892578513      -9.490779503170677E-004  4.368751442504969E-004
   55684.7448650872       1.033238474197895E-003  4.362799546034656E-004
   55684.7652993174       2.739926889154920E-003  4.370476614367811E-004
   55684.7857337477       7.564803823320032E-004  4.362252866806860E-004
   55684.8061680780       1.463977569276742E-003  4.363254933579457E-004
   55684.8266023084       1.395757941534570E-003  4.363377548215270E-004
   55684.8470367389       3.422871309443076E-004  4.362735293823750E-004
   55684.8674710695       1.320197259024991E-003  4.362894318045744E-004
   55684.8879054002      -8.651221972182377E-004  4.362036818747686E-004
   55684.9083397310      -8.026092929063311E-003  4.353725259831829E-004
   55684.9287740618      -8.883532473036193E-003  4.352803776040410E-004
   55684.9492083928      -2.188673399389329E-003  4.360460765557657E-004
   55684.9696427238       1.080776991695509E-003  4.363504981766902E-004
   55684.9900770549       1.101673683489346E-003  4.363099925120645E-004
   55685.0105114861       8.347914362839548E-004  4.362501040971486E-004
   55685.0309458174       1.359271953869867E-003  4.363338996888726E-004
   55685.0513800487       9.495517395495812E-004  4.363086806960918E-004
   55685.0718144802       1.224311808569412E-003  4.363455454020994E-004
   55685.0922488117       1.036981679015336E-003  4.363682478499531E-004
   55704.6479353566       4.660828425983032E-004  4.338096712681439E-004
   55704.6683696301      -1.598937716609239E-004  4.337803561969178E-004
   55704.6888040036      -3.498289487690043E-004  4.338061641682985E-004
   55704.7092384772      -3.477444374002658E-004  4.338186398059162E-004
   55704.7296727507      -1.544130490689355E-004  4.338238870698069E-004
   55704.7501071242       1.929758892471600E-005  4.337600096634640E-004
   55704.7705415977      -1.432521622822813E-004  4.337698348973818E-004
   55704.7909758712      -3.237588052957707E-003  4.334698306159571E-004
   55704.8114102448      -1.050398674772912E-002  4.327868028422656E-004
   55704.8318447183      -8.408271853416194E-003  4.329472727390048E-004
   55704.8522790919      -2.378093505553069E-003  4.334817975902385E-004
   55704.8931478389      -5.830334555028127E-004  4.338145169557164E-004
   55704.9135822125      -2.860396111673547E-004  4.338117862367529E-004
   55704.9340165860      -6.127911811379949E-004  4.338161768044981E-004
   55704.9544509596       4.771174955479074E-004  4.339130637841944E-004
   55704.9748853331      -9.748549465546930E-004  4.338312493023066E-004
   55704.9953198067      -1.078720818760037E-003  4.338030586447714E-004
   55724.5510079289       3.054378666421664E-004  4.307718535082352E-004
   55724.5714421657       6.222416587716717E-004  4.310596766413421E-004
   55724.5918765024      -1.092181093135247E-003  4.306167915059139E-004
   55724.6123109390       7.562379929667573E-004  4.308354096535236E-004
   55724.6327451756       2.840545594950949E-005  4.307648125367900E-004
   55724.6531795121       9.228879879493723E-004  4.308085040402064E-004
   55724.6736139485       3.999880231897457E-005  4.307590566095629E-004
   55724.6940482848      -3.581438366211831E-003  4.303701968748054E-004
   55724.7144826211      -9.757943161612936E-003  4.297983521977367E-004
   55724.7349169572      -7.330553242482996E-003  4.299847906963840E-004
   55724.7553512933      -6.310803441013091E-004  4.306859697196567E-004
   55724.7757857294       3.499251019597471E-004  4.308072189959883E-004
   55724.7962199653       1.784600925328617E-004  4.307569951844630E-004
   55724.8166543011      -5.941922915841946E-005  4.308009811771794E-004
   55724.8370887370       1.734900731209854E-003  4.310621128710056E-004
   55724.8575229726       9.613625918570845E-004  4.309124587631024E-004
   55724.8779573083       1.421962683999412E-003  4.310282733732615E-004
   55744.4539540246       8.748347730501704E-004  4.306886164443559E-004
   55744.4743883507      -4.178302043807980E-004  4.305498406407407E-004
   55744.4948224765      -2.692043222417562E-004  4.305747657616894E-004
   55744.5152567024       1.069386948652107E-003  4.306471784307787E-004
   55744.5356910280      -2.072206529181164E-004  4.304962256670334E-004
   55744.5561251536       5.350357148315998E-004  4.305265771945220E-004
   55744.5765593790      -4.803578265358821E-004  4.304857623089685E-004
   55744.5969936042      -6.308373265393130E-003  4.298961533801947E-004
   55744.6174278291      -1.079580118820023E-002  4.294679086458957E-004
   55744.6378620540      -5.248853475811055E-003  4.299950230266244E-004
   55744.6582962787       5.613449682656535E-004  4.305775958014637E-004
   55744.6787305034      -5.995320887962619E-004  4.304701581447080E-004
   55744.6991648278       2.785910029955430E-004  4.305540986822361E-004
   55744.7195990520      -9.150876732866298E-005  4.305324709470796E-004
   55744.7400331763       1.060074950803847E-004  4.306258622596341E-004
   55744.7604675002       4.546545658058454E-004  4.305543323552450E-004
   55744.7809017242       7.587373371799044E-004  4.305820096249650E-004
   55764.3568145087       3.183015755902074E-004  4.316730029398217E-004
   55764.3772486614       7.064637996884171E-004  4.316672649692699E-004
   55764.3976826135       9.217360660592755E-004  4.316737818498513E-004
   55764.4181167657       6.562867902332181E-004  4.316496096752646E-004
   55764.4385508174       7.559058276415120E-004  4.316492721475851E-004
   55764.4589847691       4.723476325619869E-004  4.315858429075043E-004
   55764.4794189205      -6.857769712637074E-004  4.314832344929324E-004
   55764.4998529717      -6.722600961247216E-003  4.308777877268891E-004
   55764.5202869227      -1.001958935828684E-002  4.305913305816532E-004
   55764.5407210737      -3.410786833523249E-003  4.312233901070427E-004
   55764.5611551243       4.945550729651416E-005  4.315309816777496E-004
   55764.5815890746       6.167264739228573E-004  4.315247244338448E-004
   55764.6020232248       8.336191855752295E-004  4.315883354195992E-004
   55764.6224572749      -7.309450205850165E-005  4.314282434448394E-004
   55764.6428913247       7.557717451190937E-004  4.314928929773000E-004
   55764.6633253743       5.506038293697779E-004  4.315084711778929E-004
   55764.6837594237      -6.892845493011723E-004  4.314189224881513E-004
   55784.2594811539       2.529396018070562E-004  4.329529338642025E-004
   55784.2799148853       5.121149837691297E-004  4.329631895129262E-004
   55784.3003488163      -1.638163991525277E-004  4.328941780842996E-004
   55784.3207826473      -4.729392265400145E-004  4.328050448132405E-004
   55784.3412163778      -2.311226428284296E-004  4.328726022764784E-004
   55784.3616503083      -7.210522795735308E-004  4.329608008555020E-004
   55784.3820841383      -1.660069609525472E-003  4.325975172176753E-004
   55784.4229517977      -9.901796988505351E-003  4.317993161829625E-004
   55784.4433856270      -2.188274000893498E-003  4.325392807111255E-004
   55784.4638194561       4.414984344968120E-004  4.327128478293982E-004
   55784.4842532850       2.940419699822838E-004  4.327143537221221E-004
   55784.5046871137       6.560881739098301E-004  4.327202994020151E-004
   55784.5251209421      -2.471121424825196E-004  4.326538583764863E-004
   55784.5455547702       5.388450323418059E-005  4.326586097276672E-004
   55784.5659885979      -1.556208567797812E-004  4.326619071134594E-004
   55784.5864224257      -1.020873541622058E-003  4.325311800468172E-004
   55804.1414832017      -8.765927918371608E-004  4.333489057596065E-004
   55804.1619167841      -1.130404385030648E-003  4.334084923768744E-004
   55804.1823503661      -9.422021136483716E-004  4.334055844460971E-004
   55804.2027838477      -1.482178989018257E-003  4.334508391188195E-004
   55804.2232175293      -1.040271743967924E-003  4.334560058886828E-004
   55804.2436511107      -1.175550504861511E-003  4.334295489113425E-004
   55804.2640846916      -1.422206826621641E-003  4.333182686317739E-004
   55804.2845182723      -3.460010312106299E-003  4.331470642072578E-004
   55804.3049518527      -1.051425918726523E-002  4.324925720730145E-004
   55804.3253855329      -1.047372411456426E-002  4.324885477045280E-004
   55804.3458190129      -2.566621112049861E-003  4.331530358508184E-004
   55804.3662525927      -1.134222107511684E-004  4.334233435947730E-004
   55804.3866862722      -7.116044146360245E-004  4.333225786006045E-004
   55804.4071197512      -7.679644264637631E-004  4.333756483372910E-004
   55804.4275533303      -9.390828960332831E-004  4.333603557370423E-004
   55804.4479870088      -9.190573217044973E-004  4.333324707579810E-004
   55804.4684204872      -1.500223137060330E-003  4.332980429346707E-004
   55824.0436716845      -2.614552535152859E-004  4.352550024568193E-004
   55824.0641050128      -4.014560126571753E-004  4.352254817666958E-004
   55824.0845383406      -1.019287461501817E-003  4.351793702929407E-004
   55824.1049716682      -3.491295208946088E-005  4.352602211540179E-004
   55824.1254049955      -5.362397024680776E-004  4.351813954590178E-004
   55824.1458383227      -6.622623200335243E-004  4.351560549193867E-004
   55824.1662716495      -4.551261009448915E-004  4.351691925352200E-004
   55824.1867049762      -3.438010096728394E-003  4.348898234712540E-004
   55824.2071383026      -1.113935951063816E-002  4.341736416626627E-004
   55824.2275716288      -8.633905867568514E-003  4.343682393517358E-004
   55824.2480049545      -1.712704490826944E-003  4.350069715397126E-004
   55824.2684382803      -8.352419822023061E-004  4.351237561168241E-004
   55824.2888716055      -1.763802313231588E-003  4.349995199670956E-004
   55824.3093050306      -7.540557168483897E-004  4.351064643141659E-004
   55824.3297382556      -1.625824469746795E-003  4.350200572282106E-004
   55824.3501716801      -1.942868921669949E-003  4.349813713634049E-004
   55824.3706050045      -1.759715078986090E-006  4.351284815043373E-004
   55824.3910382286      -4.080219868710655E-004  4.350091784514633E-004
   55943.4537370114       6.112700855803732E-004  4.613487977735121E-004
   55943.4741699607       3.789155741787953E-004  4.612871991484660E-004
   55943.4946030103       1.035617448426618E-003  4.612825990794712E-004
   55943.5150361601       6.660478927985602E-004  4.613278595284321E-004
   55943.5354692101       1.078151000533878E-003  4.613849109588396E-004
   55943.5559021603       1.165720747715260E-003  4.613172317828233E-004
   55943.5763353108      -1.051014447683074E-003  4.611580799704724E-004
   55943.5967683615      -8.496740298641448E-003  4.603653876213812E-004
   55943.6172013123      -9.519269809332043E-003  4.603871718561615E-004
   55943.6376344635      -2.382038403520137E-003  4.610706257852138E-004
   55943.6580675148       1.497299006630981E-003  4.614051618372882E-004
   55943.6785005663       9.094609293055500E-004  4.614292196693878E-004
   55943.6989336181       6.492428754033552E-004  4.614250425952430E-004
   55943.7193666701       2.443668658392517E-003  4.615455432531658E-004
   55943.7397998224       2.199098923953202E-003  4.615765805002920E-004
   55943.7602327748       2.072769536628605E-003  4.615081082089318E-004
   55943.7806658275       1.807393325533924E-003  4.614567672090007E-004
   55963.3352132096       2.611846982926158E-004  4.620085639909587E-004
   55963.3556464018      -1.183352983115338E-003  4.618579249499662E-004
   55963.3760796943       5.664374311908915E-005  4.619524642989639E-004
   55963.3965130870      -1.671172768180629E-005  4.619615058138849E-004
   55963.4169462800      -1.241037684687973E-003  4.618827230230534E-004
   55963.4373795734       2.526775859937880E-004  4.619478113556128E-004
   55963.4578129670      -1.135170876487401E-003  4.618281566873902E-004
   55963.4782461608      -3.117698929363866E-003  4.615900634611391E-004
   55963.4986794549      -9.078026029504249E-003  4.610034224784039E-004
   55963.5191128493      -1.112016428451013E-002  4.608021298041115E-004
   55963.5395460439      -2.737299306223351E-003  4.616107902087941E-004
   55963.5599794389      -7.949007908027994E-004  4.617904043970186E-004
   55963.5804127342      -2.324332016760966E-004  4.618507340375144E-004
   55963.6008459296      -2.832055711319281E-004  4.618263589592773E-004
   55963.6212793253      -8.663770369935486E-004  4.617806226411100E-004
   55963.6417126213      -5.198266769241844E-004  4.617667695597692E-004
   55963.6621459176       1.758015024974080E-004  4.619580161063715E-004
   55963.6825792142      -1.043304458194561E-003  4.616790510027293E-004
   55983.2373787447       1.278354385491065E-004  4.619745129055255E-004
   55983.2578123129       2.235033790080054E-004  4.620005799631631E-004
   55983.2782459815       1.194040475757108E-004  4.620004742144505E-004
   55983.2986794503      -1.644372316585985E-004  4.619993109786128E-004
   55983.3191130194      -1.920038558527182E-004  4.620681533904668E-004
   55983.3395466888       1.266795509421992E-003  4.621657594521279E-004
   55983.3599802585       1.061625221538631E-003  4.621145770752655E-004
   55983.3804137285      -8.773768915332214E-004  4.624988678965832E-004
   55983.4008473987      -9.446147744465505E-003  4.610672947007692E-004
   55983.4212809692      -8.571377894792009E-003  4.611915494379867E-004
   55983.4417145401      -1.403463689102602E-003  4.619167741084866E-004
   55983.4621481113       8.643772639923553E-004  4.621467775582295E-004
   55983.4825816826       4.226209492969035E-004  4.620837513255643E-004
   55983.5030152543       9.918640924272415E-004  4.621091310165705E-004
   55983.5234488263      -7.367744030727374E-004  4.619603954524033E-004
   55983.5438822986       4.413906429745484E-005  4.620388609970973E-004
   55983.5643159712       1.645903469842280E-003  4.622018197630991E-004
   56003.1398138910       3.892747848620592E-004  4.600960456505788E-004
   56003.1602477315      -4.477283827479805E-004  4.599880233407340E-004
   56003.1806814722       7.493391803137239E-005  4.601204736031722E-004
   56003.2011154132       2.822430800838438E-004  4.600972088864166E-004
   56003.2215492544      -7.360270968373994E-004  4.600462380069793E-004
   56003.2419829960      -1.210587168298805E-004  4.601478096453600E-004
   56003.2624169378      -1.557893241226349E-004  4.600797074744936E-004
   56003.2828507798      -3.524674135899297E-003  4.598017469836203E-004
   56003.3032847222      -1.056634986459559E-002  4.591158079598237E-004
   56003.3237184647      -8.156410776564482E-003  4.593205903416293E-004
   56003.3441523075      -8.745730651820161E-004  4.600460793839105E-004
   56003.3645862507      -7.077541659383790E-004  4.600841489204197E-004
   56003.3850199942      -2.571590285175285E-004  4.601684306443025E-004
   56003.4054538378       1.454094354224056E-004  4.601777894053610E-004
   56003.4258877817      -8.841184774270872E-004  4.600464495044043E-004
   56003.4463216258       9.274021541150201E-005  4.601720789748846E-004
   56003.4667553703       9.202991948881190E-004  4.602349465844811E-004
   56023.0424734905       1.773512890132722E-003  4.405101946715628E-004
   56023.0629076667       1.631775558537885E-003  4.405253351334467E-004
   56023.0833417431       8.181057470938446E-004  4.404445679467961E-004
   56023.1037757198       8.190420076384930E-004  4.404671296726445E-004
   56023.1242098967       1.117427661630255E-003  4.405611413778304E-004
   56023.1446439737       1.747390606153698E-003  4.405991144146125E-004
   56023.1650779510       5.776288705222621E-004  4.405360878407238E-004
   56023.1855121284      -2.715112186634339E-003  4.401466881618251E-004
   56023.2059462061      -8.544686307627725E-003  4.395451595071223E-004
   56023.2263801841      -5.191718174856419E-003  4.399639463079244E-004
   56023.2468143622       9.488987332347820E-004  4.405393109444164E-004
   56023.2672484406       1.984870911030057E-003  4.405975434901236E-004
   56023.2876825191       1.860357737914931E-003  4.406101921407493E-004
   56023.3081165979       2.333102257084163E-003  4.406604617243923E-004
   56023.3285506769       2.756285525541080E-003  4.407128710155288E-004
   56023.3489847561       2.186724355475955E-003  4.406348935740911E-004
   56023.3694188355       3.160078595980997E-003  4.408182583808063E-004
   56042.9453599633      -2.349179300869642E-003  4.384471374592296E-004
   56042.9657943147      -1.034019262815655E-003  4.385439659945334E-004
   56042.9862284661      -1.771686100022651E-003  4.385337008155460E-004
   56043.0066627177      -2.257423189548469E-003  4.384969195145830E-004
   56043.0270970695      -1.985802800159142E-003  4.386069383986121E-004
   56043.0475312214      -1.059458516444844E-003  4.386989999906395E-004
   56043.0679655734      -2.732427121131087E-003  4.385418262870400E-004
   56043.0883998256      -8.822405215888729E-003  4.379200110385072E-004
   56043.1088339779      -1.185146609294352E-002  4.373795859294395E-004
   56043.1292683304      -5.533412604316057E-003  4.382670770109220E-004
   56043.1497025830      -1.925198402215389E-003  4.387491883195676E-004
   56043.1701367357      -1.657494478008448E-003  4.388703932693534E-004
   56043.1905710886      -1.146164623269885E-003  4.389324718715678E-004
   56043.2110053416      -1.234008072954373E-003  4.388875650991108E-004
   56043.2314394948      -6.088546998904709E-004  4.389644591443493E-004
   56043.2518738481      -4.073832085073059E-004  4.389835269174552E-004
   56043.2723081016      -1.374439944173966E-004  4.390690610473824E-004
   56062.8483812460      -6.567691089939265E-004  4.380498560729817E-004
   56062.8688154973      -6.701276536250633E-004  4.380493414597871E-004
   56062.8892499487      -3.355692815526501E-004  4.380427598278769E-004
   56062.9096843002       1.122772486905621E-005  4.381022382792132E-004
   56062.9301185517       9.891127184191717E-006  4.380848226853110E-004
   56062.9505530033       4.008443474824430E-004  4.381209810334595E-004
   56062.9709873549      -6.422902220621918E-004  4.379880483198172E-004
   56062.9914218066      -8.920986476192883E-003  4.372284792445556E-004
   56063.0118560584      -1.009878279528587E-002  4.369985554861797E-004
   56063.0322904102      -2.342520259854486E-003  4.378092337771386E-004
   56063.0527248621       2.359493911124888E-004  4.381792677489766E-004
   56063.0731591140       8.214618449643440E-004  4.382255287666826E-004
   56063.0935934660      -7.080895949189703E-004  4.380633172707569E-004
   56063.1140279181       4.675215269197563E-004  4.382820278784710E-004
   56063.1344622702       1.024602986997580E-004  4.382362002192447E-004
   56063.1548966224       2.746193038954958E-004  4.382308103231537E-004
   56063.1753309746      -1.369155580152048E-004  4.382276413892710E-004
   56082.7310262680      -2.826823711018944E-003  4.352297757664551E-004
   56082.7514605388      -3.258489269638343E-003  4.352489518791811E-004
   56082.7718950095      -2.425990538168166E-003  4.352552084922315E-004
   56082.7923293803      -3.296306183394715E-003  4.351649615888378E-004
   56082.8127638509      -3.087342891143985E-003  4.351062415148410E-004
   56082.8331981216      -1.667839490466450E-003  4.353416093391179E-004
   56082.8536324923      -2.746814552429533E-003  4.352266880872874E-004
   56082.8740669629      -5.291497487374897E-003  4.349120698310387E-004
   56082.8945012335      -1.104920047181024E-002  4.343370843832165E-004
   56082.9149356041      -1.232001085377932E-002  4.342168815749149E-004
   56082.9353700747      -4.335779640118109E-003  4.350566761387274E-004
   56082.9558044452      -1.469817406924534E-003  4.351954591918454E-004
   56082.9762387157      -2.518440925007859E-003  4.352502790395251E-004
   56082.9966731862      -2.489181684386610E-003  4.352345156248266E-004
   56083.0171075567       1.334631159018995E-004  4.352488977093711E-004
   56083.0375419271       1.501113103374863E-005  4.353662295177448E-004
   56083.0579762976      -2.554932536211751E-004  4.353192101226994E-004
   56083.0784106679      -2.248054944243849E-004  4.353348381128729E-004
   56102.6340852049       3.262229372358316E-005  4.326811403776390E-004
   56102.6545195164       1.533651269479686E-004  4.326955495470884E-004
   56102.6749538278       8.451451971872581E-004  4.327895341673693E-004
   56102.6953881391      -3.402892869012186E-004  4.326607725290939E-004
   56102.7158225503       5.936965449989673E-004  4.327366373479432E-004
   56102.7362567614      -1.644312860998864E-004  4.326557618216726E-004
   56102.7566910723       9.889281492958535E-005  4.327239074426025E-004
   56102.7771254833      -3.535412095652113E-003  4.319708116596312E-004
   56102.7975596940      -1.069375297262798E-002  4.312254079896743E-004
   56102.8179940047      -7.416424645020347E-003  4.315770783959357E-004
   56102.8384284153      -8.961499927228056E-004  4.324659778924772E-004
   56102.8588626258       6.837445825002009E-004  4.326594453687499E-004
   56102.8792969362       3.505229861365811E-004  4.325706068804152E-004
   56102.8997313464      -8.841179095941953E-006  4.324358594781393E-004
   56102.9201655567       4.405234084193799E-004  4.323239717356666E-004
   56102.9405999667       3.366209977295753E-005  4.324957442030503E-004
   56102.9610342767       8.205717327525175E-005  4.323065561417644E-004
   56142.4398083162      -1.885910907955979E-003  4.327606642043959E-004
   56142.4602422080      -9.135073718136155E-004  4.328076950688427E-004
   56142.4806762997      -1.747873878774620E-003  4.327240904237475E-004
   56142.5011102913      -1.348365376712679E-003  4.325052720433678E-004
   56142.5215441824      -1.824040695135531E-003  4.327314259899942E-004
   56142.5419782734      -9.464253634854369E-004  4.327543691439998E-004
   56142.5624121643      -2.097047150340869E-003  4.325153389374723E-004
   56142.5828461547      -8.588037702478402E-003  4.314299352594263E-004
   56142.6032802452      -1.184375936256499E-002  4.310861261137441E-004
   56142.6237141354      -6.379238687977629E-003  4.317165686086184E-004
   56142.6441481252      -7.330245666974378E-004  4.325897090931435E-004
   56142.6645822149      -1.533204749716965E-003  4.322873641056074E-004
   56142.6850162045      -1.087766220808861E-003  4.323804893792355E-004
   56142.7054500938      -9.475964978250540E-004  4.323933136138440E-004
   56142.7258841828      -1.296455913887273E-004  4.323701883713146E-004
   56142.7463181717      -1.689827007973266E-003  4.321853164943105E-004
   56142.7667522602      -9.768412041237795E-004  4.322402291905756E-004
   56162.3424104961       1.719264311862423E-004  4.341656592544515E-004
   56162.3628443566       1.370199967863139E-003  4.342541802896907E-004
   56162.3832780170       3.117475590819208E-005  4.340417350076459E-004
   56162.4037117769       1.175830566414460E-004  4.340515677879340E-004
   56162.4241456367       7.404480917311274E-004  4.341529650830743E-004
   56162.4445792961      -1.962327576365830E-004  4.340291969121462E-004
   56162.4650130554      -5.965514890667878E-004  4.339943919914439E-004
   56162.4854469142      -7.975770430498574E-003  4.332362534160556E-004
   56162.5058805730      -1.011975889526029E-002  4.329766472063327E-004
   56162.5263144315      -4.202824031144137E-003  4.335019205723583E-004
   56162.5467481896       9.617355124144078E-004  4.338784536270416E-004
   56162.5671818477       3.256847518712247E-004  4.337938084760958E-004
   56162.5876157054       1.174314860309944E-003  4.339060530447286E-004
   56162.6080493628       7.985802970530420E-004  4.338585019273565E-004
   56162.6284831201       9.854518457774741E-005  4.337436821067435E-004
   56162.6489169771       1.934722868729422E-004  4.337136635129539E-004
   56162.6693506338       7.796088305404014E-004  4.337623591867617E-004
   56182.2243414049      -2.535929328192355E-004  4.353241584685016E-004
   56182.2447749125       1.232547293629316E-003  4.354142662751630E-004
   56182.2652083200      -5.022789639779202E-004  4.353435378899689E-004
   56182.2856419271       5.715130529059254E-004  4.354611670763784E-004
   56182.3060754340      -5.602801777069288E-004  4.353659868036955E-004
   56182.3265088406       6.220711964488590E-005  4.354108065932098E-004
   56182.3469424468       2.593405336083210E-004  4.354249834854241E-004
   56182.3673759530      -1.879501091877289E-003  4.353228318235422E-004
   56182.3878093587      -9.197300038931600E-003  4.345221365588646E-004
   56182.4082429644      -8.866420636231331E-003  4.344185021761456E-004
   56182.4286764696      -2.283614178790749E-003  4.350478001145842E-004
   56182.4491100746      -4.801318926195286E-005  4.352941919000046E-004
   56182.4695434794       6.210833934471305E-004  4.353529544679168E-004
   56182.4899769839       4.188611428698197E-004  4.353189039139561E-004
   56182.5104105882       4.290380950703332E-004  4.353470756098610E-004
   56182.5308439921       6.620465616294924E-004  4.353309997944693E-004
   56182.5512774959       4.625586092266154E-006  4.352743962761971E-004
   56182.5717110993       4.047744294340960E-004  4.352717169736318E-004
   56202.1264582957      -4.207177138658702E-004  4.352348310412282E-004
   56202.1468914528      -4.634699713904622E-004  4.352497102748917E-004
   56202.1673247096      -2.586052838823294E-004  4.352615720415885E-004
   56202.1877580664       6.861684829218007E-007  4.352677890640458E-004
   56202.2081912227      -1.557153554957447E-004  4.352795988054500E-004
   56202.2286244786      -8.094655004065032E-006  4.352969232278624E-004
   56202.2490578345      -9.156485882251264E-004  4.352025233345673E-004
   56202.2694909901      -2.574860310724292E-003  4.350161947493724E-004
   56202.2899243455      -9.686140139920862E-003  4.344196727452275E-004
   56202.3103576007      -8.787238082995641E-003  4.344966961908177E-004
   56202.3307907554      -1.840055659434570E-003  4.351756002456832E-004
   56202.3512241101      -8.464090541260294E-005  4.353103977786275E-004
   56202.3716572644      -5.390926605458590E-004  4.353286846689517E-004
   56202.3920905186      -4.215717519682194E-004  4.353867188827685E-004
   56202.4125238724       5.341327865985290E-004  4.357206692355164E-004
   56202.4329571262       2.667889946085245E-004  4.354525308778186E-004
   56202.4533902795       6.583405406187515E-004  4.358219624800716E-004
   56202.4738236326      -1.240437788001536E-004  4.353905167291232E-004
   56321.5364564767       1.804023574419888E-004  4.636412572977884E-004
   56321.5568895905      -6.594227850509338E-005  4.638633793148802E-004
   56321.5773227047      -5.973284468829831E-004  4.636358435712069E-004
   56321.5977558192      -2.518419444941244E-005  4.638061636555194E-004
   56321.6181889338       4.610177507602398E-005  4.638786120553594E-004
   56321.6386221489      -1.765197802926499E-004  4.638740475407907E-004
   56321.6590552640      -1.119283254550574E-003  4.637870563852319E-004
   56321.6794882793      -8.656277021822811E-003  4.630879425957137E-004
   56321.6999214949      -1.137085835758700E-002  4.628003781778872E-004
   56321.7203546109      -4.953636175213716E-003  4.634980589221339E-004
   56321.7407876269      -4.398650166167473E-004  4.640517451544642E-004
   56321.7612208434      -1.679697104899347E-004  4.639414537443048E-004
   56321.7816539599      -3.265215347747485E-005  4.640342301567007E-004
   56321.8020869768      -5.762758650901256E-004  4.641652741854222E-004
   56321.8225201938      -6.483010893844066E-004  4.641000971634416E-004
   56321.8429533111      -8.191477390552260E-004  4.640243049913014E-004
   56321.8633865287      -1.541618765246167E-004  4.640478175489051E-004
   56341.4180026414      -1.000020390418133E-004  4.643112325001182E-004
   56341.4384361113      -3.936896924751077E-004  4.643723757650381E-004
   56341.4588694815      -4.532952618895303E-004  4.643213699685207E-004
   56341.4793027520       3.748117216954006E-004  4.643554446005334E-004
   56341.4997362228       1.059896866244636E-003  4.645085150658364E-004
   56341.5201695938      -1.015178020272733E-004  4.644222138950379E-004
   56341.5406029650       2.004032723358362E-004  4.644123948811402E-004
   56341.5610363366      -1.918673309827867E-003  4.641740847600548E-004
   56341.5814696086      -9.558803057640453E-003  4.634516707159360E-004
   56341.6019030808      -1.052988267652555E-002  4.633749231802813E-004
   56341.6223364532      -3.379873411137546E-003  4.641602850648472E-004
   56341.6427698259       2.694233263323964E-004  4.645095235051015E-004
   56341.6632031989      -6.623946243687895E-004  4.643567714943034E-004
   56341.6836365722       1.147862247020681E-004  4.644782618878812E-004
   56341.7040699458       5.589093615242513E-004  4.645615908166349E-004
   56341.7245034196      -1.526429594511658E-005  4.645215717005328E-004
   56341.7449366938      -2.616389103156092E-004  4.645453496368905E-004
   56341.7653701682      -7.876536545828872E-004  4.644925392648460E-004
   56361.3202455347      -2.438228384800123E-003  4.624134028788151E-004
   56361.3406791831      -3.413287956096411E-003  4.622284869630331E-004
   56361.3611128318      -2.878561037094607E-003  4.623539049621700E-004
   56361.3815464808      -3.887692669424569E-003  4.623111259070264E-004
   56361.4019801300      -3.669048063582037E-003  4.623611232642786E-004
   56361.4224137796      -3.748668911957798E-003  4.624266718165148E-004
   56361.4428474295      -4.271107841605004E-003  4.623454128420422E-004
   56361.4632809795      -7.226365343158347E-003  4.621176647953657E-004
   56361.4837147299      -1.313771499879268E-002  4.613094803379565E-004
   56361.5041483807      -1.222064610381235E-002  4.615166349933231E-004
   56361.5245821317      -4.446804840229190E-003  4.622976977420743E-004
   56361.5450156829      -2.427163818853662E-003  4.624881335359395E-004
   56361.5654493345      -2.774585920936268E-003  4.623765152320102E-004
   56361.5858830863      -1.984996300542718E-003  4.623780013530325E-004
   56361.6063166384      -2.573268857745670E-003  4.623178665273778E-004
   56361.6267502908      -2.198702301534072E-003  4.623309762378250E-004
   56361.6471840435      -4.401392610453581E-005  4.624749707497414E-004
   56361.6676175965       4.328471139859458E-004  4.627859415736700E-004
   56381.2227555260       3.037839434746337E-004  4.612497170425573E-004
   56381.2431894391      -3.586235192232223E-004  4.612069910631645E-004
   56381.2636233525       1.012232554847836E-004  4.612159077892987E-004
   56381.2840572660      -3.081035138438049E-004  4.612720619336435E-004
   56381.3044911798      -4.620279185489906E-004  4.611818331572860E-004
   56381.3453590082      -1.476180670303862E-003  4.610445792657210E-004
   56381.3657929228      -4.677319815442837E-003  4.607466650764889E-004
   56381.3862268377      -1.062174885501843E-002  4.601046077190790E-004
   56381.4066607527      -8.871005514017538E-003  4.603189276008035E-004
   56381.4270946681      -1.497977990535859E-003  4.610425623871907E-004
   56381.4475285837      -1.129713262278620E-003  4.610661810962960E-004
   56381.4679624995      -7.523073619467580E-004  4.611050856216313E-004
   56381.4883965157      -5.843894685650941E-004  4.611239805889156E-004
   56381.5088304320      -6.968740162887066E-004  4.611042364096185E-004
   56381.5292642487      -5.475358862698787E-004  4.610898528811522E-004
   56381.5496982654      -1.064776798752387E-003  4.610192621325901E-004
   56401.1254847498       2.935826221112658E-003  4.391524435588326E-004
   56401.1459188832       3.194562136911938E-003  4.391854556627449E-004
   56401.1663530167       2.815726159536847E-003  4.391580037748699E-004
   56401.1867872505       3.261313733065152E-003  4.391216609135245E-004
   56401.2072212844       2.417334751510514E-003  4.391530344996675E-004
   56401.2276554186       1.977562111521780E-003  4.390680733241794E-004
   56401.2480896529       2.428270138592148E-003  4.389311093552218E-004
   56401.2685237875      -3.612060556001273E-003  4.383140328188684E-004
   56401.2889578222      -7.695414043974891E-003  4.380338462802926E-004
   56401.3093920571      -4.707363278196763E-003  4.383658744466559E-004
   56401.3298261923       2.610925884466431E-004  4.389841597256260E-004
   56401.3502603276       1.426009574525433E-003  4.389817153794454E-004
   56401.3706944631       3.850764766096804E-004  4.389377708700877E-004
   56401.3911285988       1.663123636774677E-003  4.391240246768641E-004
   56401.4115628347       9.524734407301283E-004  4.389417194293026E-004
   56401.4319968708       4.614107782939803E-004  4.389198546184119E-004
   56401.4524310071       7.929932387296112E-006  4.389239912042561E-004
   56421.0284088037       9.272723270757899E-004  4.387386506696791E-004
   56421.0488431916       1.245023962283986E-003  4.387998130460895E-004
   56421.0692773797       1.976029763554044E-004  4.386739963701534E-004
   56421.0897116679       1.370912879996689E-003  4.388205496972045E-004
   56421.1101460562       1.228882610059157E-003  4.387982013892671E-004
   56421.1305802446       7.268850769915902E-004  4.385389932503297E-004
   56421.1510146332       5.232374012874574E-004  4.386166482482228E-004
   56421.1714489218      -5.918775519267561E-003  4.379473003089293E-004
   56421.1918831106      -9.170620615352898E-003  4.376964727854683E-004
   56421.2123174995      -4.759943584984438E-003  4.380286352565668E-004
   56421.2327517885       7.704892422458753E-004  4.384845192497322E-004
   56421.2531859777       6.072583913664387E-004  4.385684059873386E-004
   56421.2736203670       1.061303130468372E-003  4.384772399330844E-004
   56421.2940546563       1.315754939418157E-003  4.385935478337682E-004
   56421.3144889458       1.100889604796040E-003  4.384888438622057E-004
   56421.3349232354       1.216840429900112E-003  4.385214261909654E-004
   56421.3553575252       9.661152786372140E-004  4.384087713790790E-004
