   55009.6624057194      -2.944690679725914E-004  1.486274632866931E-004
   55009.6828399539      -3.739187185558546E-005  1.486529855161983E-004
   55009.7032742881      -1.410113936767265E-004  1.486612264288578E-004
   55009.7237084221       1.215453733016680E-004  1.486700310855425E-004
   55009.7441426559       4.961616053322793E-005  1.486671303662855E-004
   55009.7645768894      -1.395179786984890E-004  1.486517452793428E-004
   55009.7850111227       1.799743196231329E-004  1.486677043602021E-004
   55009.8054453558       1.475285388832237E-004  1.486806602228907E-004
   55009.8258795886      -1.018008587556629E-004  1.486606421850499E-004
   55009.8463139214      -2.537723513851287E-004  1.486443038582100E-004
   55009.8667480538       6.603562651830153E-005  1.486691393449936E-004
   55009.8871822859       7.199159801274391E-005  1.486624359160392E-004
   55009.9076164181      -1.283193213604816E-004  1.486639528999616E-004
   55009.9280507497      -8.148733843360567E-005  1.486576389668792E-004
   55009.9484849814      -7.042642696281076E-004  1.486296977630112E-004
   55009.9689191126      -1.705198786895901E-003  1.485829685082666E-004
   55009.9893534438      -2.156905009598753E-003  1.485649901988079E-004
   55010.0097876745      -1.884670379708631E-003  1.485666711809921E-004
   55010.0302219053      -1.998247615919047E-003  1.485714988798263E-004
   55010.0506560358      -2.315242573566523E-003  1.485454436559700E-004
   55010.0710903661      -1.853358836046648E-003  1.485757218350697E-004
   55010.0915245961      -5.465719124949642E-004  1.486362166939210E-004
   55010.1119587259       6.290849218326677E-005  1.486519297773875E-004
   55010.1323930555      -2.438939752756886E-004  1.486647113919228E-004
   55010.1528272848      -1.593608882509701E-004  1.486669356183495E-004
   55010.1732614139       4.959940482773817E-006  1.486759452728616E-004
   55010.1936956428       1.381826336024350E-004  1.486707485779383E-004
   55010.2141299714      -1.077725800288087E-004  1.486719478152283E-004
   55010.2345640999       5.759043793984731E-005  1.486778620025474E-004
   55010.2549983283      -1.102185499308739E-004  1.486655211333408E-004
   55010.2754326562       1.445341354264773E-004  1.486777595036337E-004
   55010.2958668839      -3.938439725966747E-004  1.486386151685010E-004
   55010.3163010116       8.448909983527209E-005  1.486751252815522E-004
   55010.3367352389       3.613760750273975E-004  1.486707075783728E-004
   55010.3571695661      -1.102174361620190E-004  1.486613289277715E-004
   55010.3776036929      -9.260391458842943E-005  1.486729523045823E-004
   55287.8007589242       1.963539347960008E-005  1.488260942908985E-004
   55287.8211932300      -1.405433656415100E-004  1.488280440917424E-004
   55287.8416276358       4.207653620214025E-005  1.488274188838631E-004
   55287.8620618418      -2.126498210260896E-004  1.488443842705536E-004
   55287.8824961481      -4.423341980666073E-004  1.488176380894125E-004
   55287.9029305547      -9.722149168456262E-005  1.488099130632430E-004
   55287.9233647613      -1.734509988596811E-004  1.488379838373487E-004
   55287.9437990682      -9.196569681613198E-005  1.488234133147381E-004
   55287.9642334753       9.936239293506510E-005  1.488378142894492E-004
   55287.9846677826      -7.116056911493640E-005  1.488110045278458E-004
   55288.0051019901      -8.470874040988896E-005  1.488167267694529E-004
   55288.0255362978      -6.835450110354024E-005  1.488652810491631E-004
   55288.0459707057       2.524418104854487E-004  1.488516960237182E-004
   55288.0664049138      -3.497586780067952E-004  1.488204568232412E-004
   55288.0868392221      -1.676038405904801E-003  1.487480386766809E-004
   55288.1072736306      -2.163415567126847E-003  1.487138005977320E-004
   55288.1277078394      -2.269981734792981E-003  1.487132707605462E-004
   55288.1481421483      -2.284478652851307E-003  1.487032356442464E-004
   55288.1685765574      -1.973454851556866E-003  1.487282121691868E-004
   55288.1890107667      -2.096284395041059E-003  1.487284452975486E-004
   55288.2094450763      -8.986577186550493E-004  1.487872254349454E-004
   55288.2298794861       1.413310993596539E-004  1.488381215950170E-004
   55288.2503136960       1.610553978939055E-004  1.488490574345327E-004
   55288.2707480061       3.174270379544541E-004  1.488936485320928E-004
   55288.2911824165       4.997982369687737E-004  1.489371481650501E-004
   55288.3116167271       3.491633921104409E-006  1.487985003702601E-004
   55288.3320509378      -2.247531167164363E-004  1.488193017781761E-004
   55288.3524853487       4.017843015162725E-004  1.488669553346703E-004
   55288.3729196599      -1.266503413659414E-004  1.488352922644446E-004
   55288.3933538713       1.389252356696069E-004  1.488046358848721E-004
   55288.4137882829       3.716195725151916E-004  1.488371255011076E-004
   55288.4342225946      -5.189010883177581E-005  1.488493435466131E-004
   55288.4546568066       2.643640102188982E-004  1.488495236912562E-004
   55288.4750912188       1.587055217155964E-004  1.489043512432467E-004
   55288.4955255312       2.069258249490780E-004  1.488557545765617E-004
   55844.0480152485      -9.869990094502068E-005  1.517193540219714E-004
   55844.0684481054       5.932195762614612E-005  1.517122493843856E-004
   55844.0888811621       8.603064075507483E-005  1.517133925365987E-004
   55844.1093141186      -1.170134622185959E-005  1.516947068055648E-004
   55844.1297469748      -1.863538487437699E-004  1.517049738081512E-004
   55844.1501800308       1.013825784308420E-004  1.517156681573593E-004
   55844.1706129865      -8.036662996047106E-005  1.517142685971732E-004
   55844.1910460418      -1.279920035046622E-005  1.516891726668138E-004
   55844.2114788971      -4.520400140368697E-004  1.516937132246694E-004
   55844.2319118522      -3.483498178474820E-004  1.516857111591780E-004
   55844.2523449068      -1.636427558449061E-005  1.516677305500700E-004
   55844.2727777614      -6.518487943840690E-005  1.516919824708515E-004
   55844.2932107155       1.543018386853667E-004  1.516922816134867E-004
   55844.3136437694      -3.861867064888225E-004  1.516481046564684E-004
   55844.3340766233      -1.835578028121509E-003  1.515674536652878E-004
   55844.3545095767      -2.457363626067965E-003  1.515524858498628E-004
   55844.3749426299      -2.366330412220008E-003  1.515803488495977E-004
   55844.3953754829      -2.542761609496624E-003  1.515029670600732E-004
   55844.4158084356      -2.428384240206527E-003  1.515762783730260E-004
   55844.4362414881      -2.252662514789394E-003  1.515997717535540E-004
   55844.4566744404      -9.710578938654235E-004  1.516592584032947E-004
   55844.4771073924      -2.301024827365827E-004  1.516680831110329E-004
   55844.4975403442      -6.925029267557115E-005  1.516878158412899E-004
   55844.5179732958      -3.326723669921927E-004  1.516911491449392E-004
   55844.5384062471      -1.503842493192353E-004  1.516755082585849E-004
   55844.5588391982      -9.758333530363039E-005  1.516870893520330E-004
   55844.5792721488      -1.258714975628239E-004  1.516916940118818E-004
   55844.5997051995      -1.311117922068172E-004  1.517018007594851E-004
   55844.6201380496       2.476409615970177E-005  1.516729334951892E-004
   55844.6405709998      -7.040394771362646E-005  1.516992046287582E-004
   55844.6610040495       3.020055283453615E-004  1.517426657801852E-004
   55844.6814368992      -1.544173722423103E-004  1.516834889567452E-004
   55844.7018699485       2.081366319004463E-004  1.516871107193641E-004
   55844.7427357465      -9.935160645291319E-007  1.516433504253019E-004
   56400.2874619252      -1.435262696781736E-004  1.529283721056970E-004
   56400.3078962903       1.558573590969559E-004  1.529033673592045E-004
   56400.3283304555       5.181615233351700E-005  1.529591294779164E-004
   56400.3487647209       7.946283002890908E-005  1.529842766703794E-004
   56400.3691990866       2.729004017765213E-005  1.529752587447162E-004
   56400.3896332525      -3.423629478627177E-005  1.529783268117705E-004
   56400.4100676186       8.502419982492349E-005  1.529367106736553E-004
   56400.4305017849       5.487231050627095E-005  1.529854491102894E-004
   56400.4509360514       6.055301036123062E-005  1.529772639456839E-004
   56400.4713704183      -6.098232942386428E-005  1.529533330226603E-004
   56400.4918045852      -1.889755186035291E-005  1.528923332751913E-004
   56400.5122388525      -1.110023132253612E-004  1.529411593708841E-004
   56400.5326732199       2.039927404859920E-004  1.529703498374293E-004
   56400.5531073875       6.535294352350007E-007  1.529392966158868E-004
   56400.5735416554      -8.610761250416044E-004  1.529025565129115E-004
   56400.5939760235      -1.839029380190094E-003  1.528174395669193E-004
   56400.6144102919      -2.055091726516078E-003  1.527663562504651E-004
   56400.6348445603      -2.542352582806218E-003  1.527772698032725E-004
   56400.6552788291      -2.001039612808286E-003  1.527388093912704E-004
   56400.6757130980      -2.115004152512756E-003  1.527314241155754E-004
   56400.6961473673      -1.601790319322394E-003  1.528336455353954E-004
   56400.7165816367      -4.822429322824950E-004  1.528866354363762E-004
   56400.7370159063      -2.282545553080606E-004  1.529005841840909E-004
   56400.7574502762       5.273681628792382E-005  1.529990691365341E-004
   56400.7778844463      -1.894318024675545E-005  1.529784802151232E-004
   56400.7983188166      -3.040905999585064E-005  1.529975351030069E-004
   56400.8187530870       1.015504814279033E-004  1.529571571490958E-004
   56400.8391872578       2.821723170287616E-004  1.529898868501359E-004
   56400.8596216287       5.100432737514815E-005  1.528799404757684E-004
   56400.8800558998       3.616601633793515E-005  1.529614962725012E-004
   56400.9004900713       5.467520096624767E-005  1.529798498879153E-004
   56400.9209244429      -1.386236354671277E-004  1.529502539982236E-004
   56400.9413587148       7.110167352242236E-005  1.528986008978880E-004
   56400.9617928867       1.311875202407720E-004  1.529989266905637E-004
   56400.9822272590       5.314707671753016E-004  1.529844739032615E-004
