   55011.3578046208       8.269594452547935E-007  2.735096986489322E-005
   55011.3782387198       7.902662709780017E-007  2.735084377668892E-005
   55011.3986727185      -5.280508694949226E-005  2.734855285100769E-005
   55011.4191069173       1.369340398316155E-005  2.734882248578304E-005
   55011.4395410157      -9.456636079130387E-005  2.734967406611671E-005
   55011.4599751142       9.999728126208751E-006  2.735011634474103E-005
   55011.4804091125       3.533996403759510E-005  2.735238011296287E-005
   55011.5008433105       4.693113084552891E-005  2.735193589452003E-005
   55011.5212774083       6.916697379066861E-005  2.735619379618836E-005
   55011.5417114061      -7.398203779906964E-005  2.735015320129306E-005
   55011.5621456037      -9.605284272509174E-004  2.733750946412940E-005
   55011.5825797010      -1.873127534444130E-003  2.733360848907017E-005
   55011.6234477954      -1.293107736652477E-003  2.733440575448506E-005
   55011.6438819923      -2.986892859023760E-004  2.734645978681629E-005
   55011.6643160891       7.894176473532966E-005  2.734916001420687E-005
   55011.6847500858       5.537856400894547E-005  2.735183308413806E-005
   55011.7051842824      -1.374299180201266E-005  2.735025989131208E-005
   55011.7256183785      -6.243669789252060E-005  2.734934817660406E-005
   55011.7460523747      -4.086657112678527E-005  2.735231027949588E-005
   55011.7664864709      -6.423672095734467E-005  2.735106491600108E-005
   55011.7869206666      -1.882713843681660E-005  2.734881666632746E-005
   55011.8073546623       2.958907036476610E-005  2.734984864978420E-005
   55011.8277887577       4.312976847331562E-005  2.735201930671672E-005
   55011.8482228532       4.102636636482693E-005  2.734703203328196E-005
   55059.2956657068      -1.431405532583696E-004  2.732189586479982E-005
   55059.3160992256      -9.882859367116303E-005  2.732249332890635E-005
   55059.3569665629      -1.824623897157540E-004  2.731686591535745E-005
   55059.3774001811      -9.247715454385741E-005  2.732404518372853E-005
   55059.3978337990      -1.548252127877570E-004  2.732357962728188E-005
   55059.4182674167      -1.178387912674772E-004  2.731999484264266E-005
   55059.4387010341      -1.121202928782150E-004  2.731998514355002E-005
   55059.4591345514      -7.008723787627069E-005  2.732120722922248E-005
   55059.4795682684      -3.945536910209269E-004  2.731238105492137E-005
   55059.5000018851      -1.438055608878330E-003  2.730815613016801E-005
   55059.5204354017      -2.037629906999072E-003  2.729916119165498E-005
   55059.5408691180      -1.917897136922697E-003  2.729912821474001E-005
   55059.5613026340      -9.141713707244703E-004  2.731546536638044E-005
   55059.5817362499       3.667867166390337E-005  2.732168054494324E-005
   55059.6021698655       1.047835835283895E-004  2.732234590269825E-005
   55059.6226035806       1.540305076055404E-004  2.732482499077667E-005
   55059.6430370957       1.739401859459644E-004  2.732702086535004E-005
   55059.6634707106       1.432176156355158E-004  2.731876305787756E-005
   55059.6839043253       1.995176175810798E-004  2.732494719934391E-005
   55059.7043379397       1.733846302776065E-004  2.732635162795798E-005
   55059.7247715539       1.702101156200175E-004  2.731878633569989E-005
   55059.7452050679       2.099850575725259E-004  2.732424304521836E-005
   55059.7656387816       1.841858599183066E-004  2.732885205404021E-005
   55107.2118611449       1.198785102864974E-004  2.816884114206877E-005
   55107.2322942450       7.037142539889629E-005  2.816571493792109E-005
   55107.2527273449       3.568849880419833E-005  2.816438155365692E-005
   55107.2731604446       1.671603235497976E-005  2.817004792629560E-005
   55107.2935935440       1.426841281682023E-005  2.816987027785611E-005
   55107.3140266434       3.938626660260347E-005  2.816890852595961E-005
   55107.3344596423      -3.775911053471859E-005  2.816675019951669E-005
   55107.3548928413      -6.056775488527677E-005  2.816926382283857E-005
   55107.3753258400      -3.862440083424179E-005  2.817584906671595E-005
   55107.3957589387      -6.183098019807431E-005  2.816912701312081E-005
   55107.4161921370      -5.907504193207735E-004  2.815631386418110E-005
   55107.4366251352      -1.649068322827740E-003  2.815119677234957E-005
   55107.4570582332      -2.122650295759310E-003  2.814603679986022E-005
   55107.4774913310      -1.800513319641928E-003  2.814203460513165E-005
   55107.4979244288      -7.192174104357907E-004  2.816230694659354E-005
   55107.5183575261      -4.053757020094917E-005  2.817143644283408E-005
   55107.5387906234       1.414655333076276E-005  2.817366215316783E-005
   55107.5592238205      -4.976142705714892E-005  2.816767519656365E-005
   55107.5796568176      -5.266256377767231E-005  2.816438972140127E-005
   55107.6000899142      -9.112924638143838E-005  2.816766702881931E-005
   55107.6205231108      -8.247743319411693E-005  2.816706874154611E-005
   55107.6409561072      -6.255997557935711E-005  2.817589807318201E-005
   55107.6613892034      -8.324355419120355E-005  2.816929853575203E-005
   55107.6818221995      -1.440303126385434E-004  2.816782017402576E-005
   55107.7022553952      -9.828346289941781E-005  2.816876559043358E-005
   55203.0832806523      -3.386018668183333E-005  2.874346982734664E-005
   55203.1037137855      -6.294162498843292E-005  2.874364484444853E-005
   55203.1241469187      -6.524858099721254E-005  2.874040386510398E-005
   55203.1445800523      -6.088002788673386E-005  2.874011919873344E-005
   55203.1650131860      -7.696043591864932E-005  2.874321679057283E-005
   55203.1854462199      -8.749651374972967E-005  2.874163531073652E-005
   55203.2058794540      -8.207726608644439E-005  2.874316196593851E-005
   55203.2263125883      -8.763665605471260E-005  2.874424369814654E-005
   55203.2671788576      -3.976325648117340E-004  2.874951108032135E-005
   55203.2876119926      -1.185579850897400E-003  2.872935670128740E-005
   55203.3080450277      -1.939531272754813E-003  2.872030431070436E-005
   55203.3284782631      -2.474320730849744E-003  2.871605751018392E-005
   55203.3489113986      -1.281694522218269E-003  2.872358535420476E-005
   55203.3693444344      -2.199169477085094E-004  2.874094789416767E-005
   55203.3897776703       1.488682172667843E-005  2.874088252633444E-005
   55203.4102108065       8.613633568810286E-005  2.874441871524843E-005
   55203.4306439429       2.230446155215837E-006  2.873850187202084E-005
   55203.4510769795       6.795979766693883E-005  2.874570498551529E-005
   55203.4715102162      -7.867258511429220E-006  2.874050507981350E-005
   55203.4919433533       5.457323490065669E-005  2.874136329620467E-005
   55203.5123763904       8.019613216303512E-005  2.873968060165884E-005
   55203.5328096278       3.860845762893028E-005  2.874155096514525E-005
   55203.5532427654       1.405894779660244E-005  2.874166061441390E-005
   55250.9996244861       1.370468080219567E-005  2.874691745338980E-005
   55251.0200582893       4.952736984842332E-005  2.874969664062214E-005
   55251.0404918926      -6.570053347587645E-006  2.875020482280955E-005
   55251.0609255963      -3.703673986321654E-005  2.874450938675905E-005
   55251.0813594002      -5.432906465019371E-005  2.875131396733475E-005
   55251.1017930043      -1.521577075851432E-004  2.874900922405330E-005
   55251.1222267087      -1.019065331522295E-004  2.874392318489972E-005
   55251.1426605133      -4.866175182038912E-005  2.874950053712244E-005
   55251.1630941181      -2.015171295401963E-004  2.874344030638970E-005
   55251.1835278233      -4.422601544484817E-005  2.874903874501024E-005
   55251.2039616287      -4.189261214012641E-004  2.874396957497492E-005
   55251.2243952343      -1.492348295153101E-003  2.872901510164276E-005
   55251.2448289402      -2.148678878959198E-003  2.871799956742290E-005
   55251.2652627463      -1.970043165208546E-003  2.872256477255039E-005
   55251.2856964527      -1.077151288495615E-003  2.873462619210199E-005
   55251.3061300592      -1.390977427885298E-004  2.874674243628792E-005
   55251.3265637661      -3.811127963937455E-005  2.874655265870756E-005
   55251.3469974733      -9.917797737124534E-005  2.874534019083305E-005
   55251.3674311807      -9.440000755167599E-005  2.874884475015032E-005
   55251.3878648882      -1.831229527993194E-005  2.875143837708187E-005
   55251.4082985962      -2.869044566300438E-005  2.874748889477065E-005
   55251.4287323043      -4.000694945760497E-005  2.875369673028812E-005
   55251.4491660126      -3.882222088102960E-005  2.875106303920072E-005
   55251.4695997212      -1.786438829209924E-005  2.874924328306907E-005
   55251.4900334300       6.320391147562887E-006  2.874951318896113E-005
   55298.9376959918      -8.440899677653046E-005  2.801403056228964E-005
   55298.9581300636      -1.002840288416573E-004  2.800982956489707E-005
   55298.9785642355      -1.860340423698315E-005  2.801017997984546E-005
   55298.9989985076       3.294165035505614E-005  2.801080714296330E-005
   55299.0194326798       5.467293801064699E-005  2.801505990620052E-005
   55299.0398667521       9.999339760713433E-005  2.801437301326192E-005
   55299.0603010246       8.680453922904618E-005  2.801199576639618E-005
   55299.0807351971       1.531297912462648E-004  2.801532271741181E-005
   55299.1011692698       8.765610133032453E-005  2.801939828218080E-005
   55299.1216034427       1.150317254128286E-004  2.801616291689032E-005
   55299.1420377156      -5.912511125638620E-004  2.800341856413685E-005
   55299.1624717887      -1.604690510464968E-003  2.799357708067171E-005
   55299.1829059620      -2.074644516985025E-003  2.798612678103048E-005
   55299.2033402354      -1.627439321588708E-003  2.799513602899322E-005
   55299.2237743088      -5.941864617499126E-004  2.800187753476157E-005
   55299.2442084825       1.464748563506646E-005  2.801439491419620E-005
   55299.2646427562      -4.715075528960444E-005  2.801342928209412E-005
   55299.2850769301      -6.136730921513234E-005  2.801385336382142E-005
   55299.3055110041      -4.877387459079063E-005  2.801017997984546E-005
   55299.3259452782      -8.035842403830706E-005  2.801762231551058E-005
   55299.3463794525      -4.172467646279543E-006  2.801784132485332E-005
   55299.3668135269      -4.567275605527055E-005  2.801536054629828E-005
   55299.3872478014      -8.353997814958269E-006  2.801396884147487E-005
   55299.4076819761       5.019054419519442E-005  2.801610318706957E-005
   55299.4281160509       8.245159120856549E-005  2.801782738789515E-005
   55346.8764660959      -9.664430598665952E-005  2.796184063591460E-005
   55346.8969003695      -4.380796052216862E-005  2.795562475256882E-005
   55346.9173347431      -8.098271237555466E-005  2.795889794674578E-005
   55346.9377689165      -1.722674974680150E-005  2.796639005726152E-005
   55346.9582031899       3.448381964310521E-006  2.796557175871728E-005
   55346.9786375634      -3.814014424952106E-006  2.796727604960261E-005
   55346.9990717367       8.927660095636725E-007  2.795350235293826E-005
   55347.0195061099      -6.276539954441773E-008  2.796036530934214E-005
   55347.0399403833      -1.077076593822834E-004  2.795679744804949E-005
   55347.0603745564      -1.420933594838969E-004  2.796317261091727E-005
   55347.0808089296      -1.094214406363703E-003  2.794935710337839E-005
   55347.1012432027      -1.933791174943966E-003  2.793676804815887E-005
   55347.1216773757      -1.967620517841384E-003  2.794463247455727E-005
   55347.1421117488      -1.202617789995086E-003  2.794570761133073E-005
   55347.1625460218      -1.896524419225942E-004  2.795959877664254E-005
   55347.1829801947       1.061221296745352E-004  2.796479726204159E-005
   55347.2034145676       7.208715911888319E-005  2.796944026010769E-005
   55347.2238488405       1.057313087993172E-005  2.796808837516477E-005
   55347.2442831133       1.943162832507284E-005  2.796307306121602E-005
   55347.2647173860       5.418798980838524E-005  2.796588633577322E-005
   55347.2851516588       2.319886018620210E-005  2.796595602056409E-005
   55347.3055859314       4.669395577949764E-005  2.796438910826649E-005
   55347.3260202040       4.816851976219283E-005  2.796715061697904E-005
   55347.3464544766       2.607029734313926E-005  2.796582660595247E-005
   55394.7945598595       1.292612523746683E-004  2.756986654112466E-005
   55394.8149939499       1.483508897355268E-004  2.757151884913193E-005
   55394.8354279402       9.074656792407154E-005  2.757340916817359E-005
   55394.8558618301       5.618730345879897E-005  2.756870205738620E-005
   55394.8762959199      -4.634818088389281E-005  2.757024421152632E-005
   55394.8967299097      -4.625104816136094E-006  2.756613507887490E-005
   55394.9171637992       2.909149556362678E-005  2.756910726625465E-005
   55394.9375978885      -3.909599416995757E-005  2.756441785876735E-005
   55394.9580317775      -1.617252343522058E-005  2.756469521046856E-005
   55394.9784657664       5.495496714802428E-005  2.756917807945496E-005
   55394.9988998550      -3.923385515097744E-004  2.756554300183896E-005
   55395.0193337436      -1.526622555032553E-003  2.754670865758939E-005
   55395.0397678319      -2.087934316110096E-003  2.754336666794135E-005
   55395.0602018201      -1.814316519923032E-003  2.754684241585665E-005
   55395.0806357079      -8.043332408230741E-004  2.755868592360878E-005
   55395.1010697958      -5.620225772040577E-005  2.756822210125076E-005
   55395.1215037835       3.890560873665017E-005  2.756977605759093E-005
   55395.1419377709       7.453995738648800E-006  2.756566889197285E-005
   55395.1623717581       5.623677279142925E-005  2.756948887072300E-005
   55395.1828057451       4.585831329362300E-005  2.757033272802671E-005
   55395.2032397318       5.404376590290028E-005  2.756973278285741E-005
   55395.2236737186       6.122394132779263E-006  2.757137722273131E-005
   55395.2441077051      -5.254231832507728E-006  2.757118248643045E-005
   55395.2645416913      -3.009614657467630E-005  2.756938461795587E-005
   55395.2849757774       3.101719766762656E-005  2.756935117838906E-005
   55442.7321055971      -6.810126779877024E-005  2.754458622861338E-005
   55442.7525391723      -4.277584301592974E-005  2.754519600894940E-005
   55442.7729726470      -7.880032314333540E-006  2.754809148202881E-005
   55442.7934061215      -4.860153174301995E-005  2.754807181169539E-005
   55442.8138395960      -3.648389504606886E-005  2.754725352582512E-005
   55442.8342730700      -6.417849556938915E-005  2.754904549319968E-005
   55442.8547066441      -9.264894787841538E-005  2.754477703084756E-005
   55442.8751401177      -9.905138561827620E-005  2.754823310842943E-005
   55442.8955734910      -3.104235654072252E-005  2.754794788859484E-005
   55442.9160070643      -8.519961422359668E-005  2.754702928402414E-005
   55442.9364405372      -6.949569768864849E-004  2.753918278802293E-005
   55442.9568739101      -1.715689952798582E-003  2.752437692805776E-005
   55442.9773074825      -2.102622484412620E-003  2.752111755381008E-005
   55442.9977409547      -1.512616705883763E-003  2.752906240147838E-005
   55443.0181743268      -5.569338546096425E-004  2.754069937072961E-005
   55443.0386078986      -2.924075513266455E-005  2.754653359162195E-005
   55443.0590413700      -4.625896853349687E-006  2.754718467965815E-005
   55443.0794747415      -4.545234678621224E-005  2.754612444868682E-005
   55443.0999083125      -6.087795129583462E-005  2.754832359196317E-005
   55443.1203417833      -1.501877839182875E-005  2.754653359162195E-005
   55443.1407751541      -9.474330919390095E-005  2.754864028433123E-005
   55443.1612087244      -7.625994238213973E-005  2.754750137202621E-005
   55443.1816421945      -1.009074724773740E-004  2.754619526188713E-005
   55443.2020755646      -1.509498846707924E-005  2.754569563541826E-005
   55443.2225091342      -2.133440566720601E-005  2.754778069076078E-005
   55490.6684521643       6.896137534351254E-005  2.836121070007826E-005
   55490.6888851671       5.861687625730028E-006  2.836030029250748E-005
   55490.7093182699       2.265560217207252E-008  2.835932795244889E-005
   55490.7297511725      -5.804854370072832E-006  2.836328337400357E-005
   55490.7501841749       1.338418794571972E-005  2.835970161179200E-005
   55490.7706172772       7.944675242521626E-005  2.835997205032209E-005
   55490.7910502794       4.335195311155893E-005  2.835897080843586E-005
   55490.8114831814       9.232802423642106E-005  2.836001953189608E-005
   55490.8319162833       1.939182874699519E-005  2.835419374920959E-005
   55490.8523492850      -1.113140535630164E-004  2.835871069198707E-005
   55490.8727822865      -1.089105165614668E-003  2.833864456593721E-005
   55490.8932152880      -1.973309021264358E-003  2.833537246616468E-005
   55490.9136482893      -2.060631134827462E-003  2.833579980033056E-005
   55490.9340812905      -1.400986294972428E-003  2.834419371684483E-005
   55490.9545142915      -3.170151006874899E-004  2.835792827822442E-005
   55490.9749471923      -3.223348744296750E-005  2.835858063376267E-005
   55490.9953802930      -5.780606390726195E-005  2.835805833644882E-005
   55491.0158132936      -4.559065675702190E-005  2.835057482750533E-005
   55491.0362461941       3.861815298877858E-005  2.836013307479039E-005
   55491.0566792943       4.024479977382533E-005  2.836096709895955E-005
   55491.0771122945      -1.451588243361890E-005  2.835851870127486E-005
   55491.0975451945       1.910528183612925E-005  2.835651621750240E-005
   55491.1179782944      -2.825996375444007E-005  2.834779199438648E-005
   55491.1384112940       2.820122163860184E-005  2.835873546498219E-005
   55538.6040628275       1.483985226591322E-005  2.838705099840809E-005
   55538.6244957196       4.548286795413858E-005  2.838623761840155E-005
   55538.6449285118       5.250533963807591E-005  2.838951797583912E-005
   55538.6653615040       5.049563245718147E-005  2.838606007860316E-005
   55538.6857943963       5.549263519721848E-005  2.839003201548793E-005
   55538.7062271887       1.479129521664291E-005  2.839035819325705E-005
   55538.7266601810      -1.348883648710775E-005  2.838876239948786E-005
   55538.7470930735       2.148766618881304E-005  2.838888213563096E-005
   55538.7675258660       1.296355505209235E-005  2.838748659023901E-005
   55538.7879588586      -2.198018747471275E-004  2.838767238770244E-005
   55538.8083917513      -1.287614166472162E-003  2.837077307619584E-005
   55538.8288247440      -2.057848815020580E-003  2.836096297012703E-005
   55538.8492575368      -1.950766855564834E-003  2.836054802245871E-005
   55538.8696904296      -1.124751284366954E-003  2.836918347567543E-005
   55538.8901234225      -2.271382224159346E-004  2.838124792430047E-005
   55538.9105562154      -6.655598984250943E-005  2.838839906222605E-005
   55538.9309891084      -1.119097096923261E-004  2.838446841366649E-005
   55538.9514220015      -1.049163508118900E-004  2.838257327953956E-005
   55538.9718548946      -1.322687762316255E-004  2.838581854190071E-005
   55538.9922877879      -9.345698546825432E-005  2.838323802157537E-005
   55539.0127207811      -1.731700381301104E-004  2.838364471157864E-005
   55539.0331535745      -1.506117538482288E-004  2.838991021492857E-005
   55539.0535865678      -1.509458218390547E-004  2.838512696245352E-005
   55539.0740194613      -1.153617694882314E-004  2.838390069919492E-005
   55586.5195389356       4.253782532326333E-005  2.877918958048825E-005
   55586.5399720962       1.158379322192538E-004  2.877704682113318E-005
   55586.5604054570       1.457879512372084E-004  2.877969885564069E-005
   55586.5808387181       1.920911380810519E-004  2.878489303956058E-005
   55586.6012720795       1.592483745418427E-004  2.878275239338041E-005
   55586.6217052409       1.382661806146324E-004  2.877804635286390E-005
   55586.6421385027       7.902010152349703E-005  2.877820695415678E-005
   55586.6625718648       1.093336359709873E-004  2.878217127028116E-005
   55586.6830050271       3.787158574253269E-005  2.878533257994111E-005
   55586.7034382895       5.720339183667988E-005  2.878695127191940E-005
   55586.7238715522      -5.348252232333373E-004  2.877117430806834E-005
   55586.7443048152      -1.612007011158600E-003  2.875907215537948E-005
   55586.7647380784      -2.230348561821249E-003  2.875256568984273E-005
   55586.7851713417      -1.901612389605178E-003  2.875643491309631E-005
   55586.8056046054      -8.440930190599660E-004  2.877016843681290E-005
   55586.8260379693      -8.413861324074734E-005  2.878018277269425E-005
   55586.8464712333      -9.381637640570872E-005  2.878400550609990E-005
   55586.8669043977      -6.577291651421735E-005  2.878095196836017E-005
   55586.8873377623       1.681867142444560E-006  2.877944316147701E-005
   55586.9077710272       2.398294692262937E-005  2.878365049271562E-005
   55586.9282041921       2.409583733764542E-005  2.878402241149915E-005
   55586.9486375574       6.069625258531275E-005  2.878304612469240E-005
   55586.9690708230       1.206504570006040E-005  2.877990594678151E-005
   55586.9895039887      -9.635522021844700E-005  2.877963123404368E-005
   55587.0099373546       8.738767351790244E-005  2.878637437516995E-005
   55634.4566467480      -2.874356806348288E-006  2.872813316157513E-005
   55634.4770805898      -2.133847069119010E-005  2.872626934130770E-005
   55634.4975145318      -9.746622264827920E-006  2.872952785701334E-005
   55634.5179482741       4.577968775199004E-005  2.872674057931182E-005
   55634.5383821166       5.219260485000987E-005  2.872334470723726E-005
   55634.5588160593       1.248264940190147E-005  2.873059923669087E-005
   55634.5792499023       9.037159118929772E-005  2.873405639083772E-005
   55634.5996836455       1.001286195405626E-004  2.873030339220398E-005
   55634.6201175889       1.732415293282941E-004  2.872821346222157E-005
   55634.6405513325       6.491886326731588E-005  2.872054686366121E-005
   55634.6609851764      -6.539350737179150E-004  2.871956212415483E-005
   55634.6814191207      -1.703608708090498E-003  2.870719793777759E-005
   55634.7018529649      -2.007641813240313E-003  2.870394998794648E-005
   55634.7222868095      -1.641041492892570E-003  2.870830312825363E-005
   55634.7427206543      -7.949852143274150E-004  2.872189929560130E-005
   55634.8448898819       1.434663262322999E-005  2.871785467883048E-005
   55682.3949641063       4.734489467939085E-005  2.814699648090291E-005
   55682.4153984407       6.684372467069544E-005  2.813906534678589E-005
   55682.4358325753       1.344063414658869E-004  2.814895265325793E-005
   55682.4562669099       1.695092474469639E-004  2.815010747780016E-005
   55682.4767011447       1.785310716513333E-004  2.815026413225980E-005
   55682.4971353795       1.181613840894880E-004  2.814557654881359E-005
   55682.5175696144       5.308982889795644E-005  2.814774159378146E-005
   55682.5380038494       1.295588490630717E-004  2.814960939695412E-005
   55682.5584380844       9.133536567684786E-005  2.814500817429976E-005
   55682.5788723196      -1.451659199622757E-004  2.814696434665477E-005
   55682.5993065549      -1.173145835495881E-003  2.813319482133033E-005
   55682.6197408902      -1.914233585819991E-003  2.812417112277684E-005
   55682.6401751256      -1.976014896288070E-003  2.812073476661726E-005
   55682.6606092612      -1.125680272626717E-003  2.813372302803400E-005
   55682.6810435968      -1.322845043374432E-004  2.814706074939917E-005
   55682.7014778325       4.925337370154104E-005  2.815039066086182E-005
   55682.7219119683       1.086576507858261E-005  2.814993073943543E-005
   55682.7423463041       7.168700177162535E-005  2.814572115293018E-005
   55682.7627805401       6.252546863549924E-005  2.814801674328109E-005
   55682.7832146761       2.164112182145850E-005  2.815009141067609E-005
   55682.8036490123       8.371729718037457E-005  2.814609471356471E-005
   55682.8240831485       1.017819196573733E-004  2.814597421013422E-005
   55682.8445174848       3.970904567696110E-005  2.814950696903820E-005
   55730.3133377553       4.207467036598800E-005  2.807628506788904E-005
   55730.3337719920       1.230768252999948E-004  2.807773311744548E-005
   55730.3542062287       9.426090004072130E-005  2.807624289168837E-005
   55730.3950747021       7.351862744808813E-005  2.807856860789691E-005
   55730.4155089385       8.839366825652561E-005  2.807882166510094E-005
   55730.4359431750       3.099267894435265E-006  2.807642565522462E-005
   55730.4563774113       3.261102402962734E-005  2.807481291764651E-005
   55730.4768117475      -1.265980333564620E-006  2.807773110905497E-005
   55730.4972459837      -7.022592624272850E-005  2.807136852792489E-005
   55730.5176801197      -6.318782664528344E-004  2.806749835941552E-005
   55730.5381144557      -1.686818926489031E-003  2.805791632830075E-005
   55730.5585486916      -2.162321542102053E-003  2.805064595466094E-005
   55730.5789828274      -1.818671467950339E-003  2.805699246866696E-005
   55730.5994171631      -8.317526614552984E-004  2.806980399171898E-005
   55730.6198513989      -1.599218903102217E-004  2.807750616931805E-005
   55730.6402855344      -9.996974231152311E-005  2.807647586498732E-005
   55730.6607198699      -4.610638091084862E-005  2.807521258735765E-005
   55730.6811541053      -9.088475076324265E-005  2.807636741189988E-005
   55730.7015882406      -1.165863274610324E-004  2.807382278112595E-005
   55730.7220225757      -9.796936579842264E-005  2.807747604346042E-005
   55730.7424568109      -1.151303039983453E-004  2.807563635775488E-005
   55730.7628911459      -8.056533369571461E-005  2.807526279712035E-005
   55730.7833252809      -1.022413269801126E-004  2.807733545612485E-005
   55730.8037595158      -1.037147081058842E-004  2.807764675665363E-005
   55778.2516728494       1.908163968544763E-005  2.776156317904156E-005
   55778.2721067286       8.021282377090877E-005  2.775827610905250E-005
   55778.2925406078       1.096315843573947E-004  2.775724815261956E-005
   55778.3129744865       1.154389524664623E-004  2.775981605153828E-005
   55778.3334083652       1.700324776308104E-004  2.775784779387210E-005
   55778.3538422436       1.411570167391130E-004  2.776259711196540E-005
   55778.3742760219       1.022213800407901E-004  2.775436549184733E-005
   55778.3947099999       8.735163801221191E-005  2.775771232674528E-005
   55778.4151438776       1.120993341161558E-004  2.775689952398435E-005
   55778.4560116327      -9.181386020924442E-004  2.774678331707255E-005
   55778.4764455098      -1.856015161808111E-003  2.773681652243298E-005
   55778.4968794868      -2.068948441342200E-003  2.773310113726353E-005
   55778.5173132634      -1.491644650042256E-003  2.773215087521214E-005
   55778.5377471400      -5.517089184049473E-004  2.775117803003975E-005
   55778.5581811164      -2.988715576668355E-005  2.775690550047524E-005
   55778.5786149925      -3.967870010535002E-005  2.775443322541074E-005
   55778.5990487684      -2.921599875582714E-005  2.775219204132729E-005
   55778.6194827441      -3.420191378589177E-005  2.775016401875221E-005
   55778.6399166198      -7.565329035630342E-005  2.775510856888122E-005
   55778.6603503950      -6.602008390166336E-005  2.775301679706999E-005
   55778.6807843702      -3.681751741146932E-005  2.775635566331343E-005
   55778.7012182449      -6.850848053852054E-005  2.775231157114507E-005
   55778.7216520197      -6.323997359625189E-005  2.775307456981526E-005
   55778.7420859942      -6.699785326325092E-005  2.775267812925294E-005
   55826.1889461041       1.574030077933219E-004  2.773171060704997E-005
   55826.2093795503       8.929280758263047E-005  2.773056710512650E-005
   55826.2298128965       8.949800475055447E-005  2.773111694228831E-005
   55826.2502461423       3.550917264916187E-005  2.773163291266841E-005
   55826.2706795878       8.108870109424515E-005  2.773097749083423E-005
   55826.2911129331      -1.042455350297455E-005  2.773015273509152E-005
   55826.3115461784      -1.571273091116598E-005  2.772960289792971E-005
   55826.3319796232      -4.103393961885082E-005  2.772977422400187E-005
   55826.3524129678      -1.249499334228243E-004  2.772671426066659E-005
   55826.3728464123      -3.345248011175084E-004  2.772596321497818E-005
   55826.3932796565      -1.337050241407733E-003  2.771478916917899E-005
   55826.4137130006      -2.108247525811513E-003  2.770421675679598E-005
   55826.4341464442      -1.991852380105463E-003  2.770677469489656E-005
   55826.4545796879      -1.203895260004750E-003  2.771550834024933E-005
   55826.4750130311      -1.514847192223279E-004  2.772762467944538E-005
   55826.4954464743      -2.077565264979597E-005  2.772841556840639E-005
   55826.5158797170       5.172198158409635E-005  2.773011687614618E-005
   55826.5363130597       1.155270722619228E-005  2.773091772592533E-005
   55826.5567465022       4.222905932338428E-005  2.773008898585536E-005
   55826.5771797442       9.149318060930334E-005  2.773030613169101E-005
   55826.5976130862       5.423942169224816E-005  2.773064878383532E-005
   55826.6180465280       6.254039797259914E-005  2.773032804549093E-005
   55826.6384797696       1.688447210757005E-005  2.773010293100077E-005
   55826.6589131109      -1.393162359475397E-006  2.772868052616914E-005
   55874.1045836544      -1.071875762070906E-004  2.853823895965529E-005
   55874.1250164886      -5.211021606688071E-005  2.853970827382177E-005
   55874.1454494226      -2.637073073152862E-005  2.854319502928352E-005
   55874.1658824566      -4.287877233277726E-005  2.854012718466924E-005
   55874.1863152904      -8.208472933168842E-005  2.854205917648815E-005
   55874.2067483242      -2.281826702976719E-005  2.854247183493491E-005
   55874.2271812578      -9.665936203540060E-005  2.853977705022956E-005
   55874.2476141913      -7.022235543341360E-005  2.854059403058880E-005
   55874.2680471248      -5.332584358930248E-005  2.853967284355109E-005
   55874.2884800582      -6.415561042005802E-005  2.853961240367758E-005
   55874.3089129913      -5.462316328684880E-004  2.853095282869636E-005
   55874.3293459245      -1.561820285183702E-003  2.851822294085395E-005
   55874.3497788576      -2.159795137986809E-003  2.851576783150909E-005
   55874.3702117905      -1.871245087303630E-003  2.851895238760326E-005
   55874.3906448233      -8.852859765955401E-004  2.852709301332568E-005
   55874.4110776560      -2.257300236663262E-005  2.853806806070259E-005
   55874.4315106886      -3.221693247612567E-005  2.853948527152984E-005
   55874.4519436212       3.923036654729373E-005  2.853975204062673E-005
   55874.4723764536       3.674033375133945E-005  2.853672171041670E-005
   55874.4928094859      -4.497987272933379E-005  2.853934355044711E-005
   55874.5132424182      -5.669219017179206E-005  2.853844528887866E-005
   55874.5336752503      -1.254923734772539E-005  2.853783880600994E-005
   55874.5541082823       9.603367532973195E-006  2.854199456834750E-005
   55874.5745412142      -5.101488476266791E-005  2.854084204248357E-005
   55874.5949740461      -7.135143537506661E-005  2.853590681419103E-005
   55922.0401423679      -6.211934572408762E-005  2.855192338067253E-005
   55922.0605752080      -5.392514297197781E-005  2.855593742192736E-005
   55922.0810082481      -8.239226508277575E-006  2.855385328835787E-005
   55922.1014411884      -7.172774193953124E-005  2.855573526097112E-005
   55922.1218740287       4.492885691265158E-005  2.856154582536284E-005
   55922.1423070692       2.068952632083843E-005  2.855772144026284E-005
   55922.1627399098      -1.659913477503050E-005  2.855916782896006E-005
   55922.1831729505      -4.678434379901120E-007  2.855865721623553E-005
   55922.2036058913       7.710738667765504E-005  2.855885520892464E-005
   55922.2240388322      -2.386054918990244E-005  2.855639593131264E-005
   55922.2444717733      -7.555217518341317E-004  2.854813650997677E-005
   55922.2649047144      -1.751344846800729E-003  2.853232002031794E-005
   55922.2853376557      -2.195165647770336E-003  2.852832682039881E-005
   55922.3057705971      -1.667252541562414E-003  2.852783704900998E-005
   55922.3262035385      -6.571124208436530E-004  2.855027691515263E-005
   55922.3466364801      -9.634688182424966E-005  2.855664811147455E-005
   55922.3670694219      -9.561297886417908E-005  2.855644803465188E-005
   55922.3875023637      -3.255802430079946E-005  2.855508709543101E-005
   55922.4079354056      -5.156237478165515E-005  2.855971178782170E-005
   55922.4283683477      -9.817769008879651E-006  2.855857593502632E-005
   55922.4488011898      -3.860799268251558E-005  2.855589365512240E-005
   55922.4692342321      -2.885712636180315E-005  2.855821746405237E-005
   55922.4896671745      -5.298018734367638E-005  2.855833000726513E-005
   55922.5101000170      -4.840733639821515E-006  2.855976805942807E-005
   55922.5305330596       2.020212227660245E-005  2.855963259074605E-005
   55969.9762936178      -5.433286177158880E-005  2.887004258933754E-005
   55969.9967270123      -1.458935130238537E-005  2.886773918410727E-005
   55970.0171605071       2.752123159188713E-005  2.886921888313538E-005
   55970.0375939021      -4.668527834339464E-005  2.887067522966807E-005
   55970.0580271974       2.947209388826089E-005  2.886830176695153E-005
   55970.0784606929       1.196489549990520E-004  2.886953520330064E-005
   55970.0988940887       8.168674354624983E-005  2.886715961762998E-005
   55970.1193274847       1.895465354628811E-005  2.886766912662100E-005
   55970.1397608810       5.803862375763913E-005  2.886772007752011E-005
   55970.1601942775      -5.565912401894746E-005  2.886691335495098E-005
   55970.1806276743      -9.149923775189084E-004  2.885620942023114E-005
   55970.2010610714      -1.869682117941363E-003  2.884670283164021E-005
   55970.2214943686      -2.025495453190085E-003  2.884299403077636E-005
   55970.2419278661      -1.414974908383715E-003  2.885503967250590E-005
   55970.2623612639      -3.286615276941740E-004  2.886454838405096E-005
   55970.2827945619       3.934561236706990E-005  2.886987487596133E-005
   55970.3032280602       8.876561679249662E-006  2.887084294304428E-005
   55970.3236614587       3.744772258995610E-005  2.887120172229213E-005
   55970.3440949575       2.168045471595548E-005  2.886704922401525E-005
   55970.3849616557      -1.382524472681723E-007  2.887028460610828E-005
   55970.4053951553       1.896886081942384E-005  2.886740588030897E-005
   55970.4258284550       3.114657786484898E-005  2.887401463651343E-005
   55970.4462618550       5.697419255334957E-005  2.887167514106296E-005
   55970.4666953554       2.112760467976038E-005  2.887014661408987E-005
   56017.9137051159      -7.243269733148150E-005  2.828584397711733E-005
   56017.9545731419      -2.487297991238258E-005  2.829175083690882E-005
   56017.9750070052       2.437109426178807E-005  2.828831666327318E-005
   56017.9954410687       2.313837580469880E-005  2.829278737720877E-005
   56018.0158750324       1.100296935201417E-004  2.829385028741850E-005
   56018.0363088963       9.768865167480989E-005  2.829246688138217E-005
   56018.0567429604       1.329130376601650E-004  2.829284214548294E-005
   56018.0771769248       1.731449065509594E-004  2.829516269754388E-005
   56018.0976108893      -8.382934492245919E-005  2.829279143411797E-005
   56018.1180448540      -1.084987611663646E-003  2.827893506075407E-005
   56018.1384788190      -1.877666116321786E-003  2.826861428375575E-005
   56018.1589127841      -1.785520936915974E-003  2.826584341477389E-005
   56018.1793467495      -9.053897000886879E-004  2.828190268983201E-005
   56018.1997806151       4.713656217480988E-005  2.829391316951106E-005
   56018.2202146808       1.426378834712416E-004  2.829432697424920E-005
   56018.2406486468       1.541308314061407E-004  2.829314844212734E-005
   56018.2610825130       1.241684635677753E-004  2.829690716849878E-005
   56018.2815165794       1.403062086311468E-004  2.829446288070732E-005
   56018.3019505460       1.402764566422743E-004  2.829691122540798E-005
   56018.3223846128       1.157563118900917E-004  2.829657855885379E-005
   56018.3428184798       1.011653609135355E-004  2.829621343702602E-005
   56018.3632524470       1.540017693035800E-006  2.829773680642966E-005
   56018.3836865144       1.006875083380265E-004  2.829828651762591E-005
   56065.8317969309      -1.061347218477282E-004  2.828652148095331E-005
   56065.8522313028      -1.203827785863920E-004  2.828140977536452E-005
   56065.8726655747      -1.357269651159898E-004  2.828699411087481E-005
   56065.8930997467      -1.445877724106648E-004  2.828451331090057E-005
   56065.9135341188      -9.222969499844691E-005  2.827976672713955E-005
   56065.9339683908      -4.279914760285664E-005  2.828796776908220E-005
   56065.9544025630      -6.774248559060503E-005  2.828516444482676E-005
   56065.9748369352      -1.272883489362719E-004  2.829070415433588E-005
   56065.9952712074      -7.468118659748058E-005  2.828920106947822E-005
   56066.0157053796      -8.663638852257627E-005  2.828758236270844E-005
   56066.0361397519      -7.437995556616173E-004  2.827964299140903E-005
   56066.0565740243      -1.730804093191485E-003  2.827047843353198E-005
   56066.0770082967      -2.217147734446590E-003  2.826264859878090E-005
   56066.0974425692      -1.699633869019501E-003  2.826777856046108E-005
   56066.1178767416      -6.712428996352715E-004  2.828506302209682E-005
   56066.1383111142      -6.672899194448689E-005  2.828878117937629E-005
   56066.1587453868      -1.741383135056562E-005  2.829399227924041E-005
   56066.1791796594       8.294301800271242E-006  2.829025180896036E-005
   56066.1996139321      -2.062880902065078E-005  2.828673649714077E-005
   56066.2200482049       5.925383887106506E-006  2.828961284576176E-005
   56066.2404825777      -6.125335416595767E-005  2.827860036574528E-005
   56066.2609167505      -5.161334052872224E-005  2.828817264299667E-005
   56066.2813510234      -1.017562997025490E-004  2.828403662406986E-005
   56066.3017853963      -2.475533410373210E-006  2.827908719484898E-005
   56066.3222196692      -4.528565281658459E-006  2.828234489293453E-005
   56113.7705506413      -8.537083754445174E-005  2.796859552684482E-005
   56113.7909847220      -8.080023265233383E-005  2.796836349428414E-005
   56113.8114189025      -1.164333525509598E-004  2.796814155009566E-005
   56113.8318530830      -5.979467871974897E-005  2.796763309613660E-005
   56113.8522872633      -8.926107931384042E-005  2.796824646916658E-005
   56113.8727215436      -5.490743658642661E-005  2.796865000405472E-005
   56113.8931556237      -4.902214707969144E-005  2.796893449615086E-005
   56113.9135898037      -3.142750093798607E-005  2.796749185892575E-005
   56113.9340240836      -4.671238265452349E-005  2.796826866358543E-005
   56113.9544581633      -2.154826930540477E-004  2.796696928124561E-005
   56113.9748923430      -1.169289104042015E-003  2.795536967088598E-005
   56113.9953266225      -2.038221992406775E-003  2.794479503914224E-005
   56114.0157607019      -2.123534550751871E-003  2.794608433310985E-005
   56114.0361948810      -1.388156880227864E-003  2.795167127363617E-005
   56114.0566291602      -3.277226522625520E-004  2.796461869052219E-005
   56114.0770632392      -1.028651520029733E-004  2.796893247847642E-005
   56114.0974975182      -8.867707360804555E-005  2.796742325799477E-005
   56114.1179316970      -1.051383746353274E-005  2.796989490918464E-005
   56114.1383658756       7.086386387689103E-007  2.796824243381769E-005
   56114.1588000542       4.756813738282517E-005  2.796949137429649E-005
   56114.1792342326       7.569328651801932E-005  2.797065960779766E-005
   56114.1996684109       2.320303595881867E-005  2.796731430357497E-005
   56114.2201026891       8.971116068678953E-005  2.797010272965203E-005
   56114.2405367671       1.140994574466703E-004  2.797012492407088E-005
   56114.2609709451       1.139184091321077E-004  2.796889414266205E-005
   56161.6882708635       2.564999562948422E-005  2.793029401293688E-005
   56161.7087046251      -6.329482538092179E-008  2.793314700459604E-005
   56161.7291383862      -4.404844507299721E-005  2.793202114225812E-005
   56161.7495721473      -6.381106935404723E-005  2.793040700270556E-005
   56161.7700059080      -5.742293507526863E-005  2.792758225848857E-005
   56161.7904396686      -5.973175052509383E-005  2.792840950500926E-005
   56161.8108734288      -6.186961448373385E-005  2.793213413202680E-005
   56161.8313071890      -5.027688844494449E-005  2.792753786965087E-005
   56161.8517409490      -9.209648275887439E-005  2.793111520643424E-005
   56161.8721747087      -5.515679252654504E-005  2.793049779805539E-005
   56161.8926084680      -4.271561384169287E-004  2.792775981383935E-005
   56161.9130422272      -1.499358326341738E-003  2.791298438391005E-005
   56161.9334759862      -2.102828557225767E-003  2.790543021080404E-005
   56161.9539098450      -1.869823300182816E-003  2.790663879779403E-005
   56161.9743435036      -9.637129312926040E-004  2.791821823140924E-005
   56161.9947772619      -6.850419234971650E-005  2.793127662038950E-005
   56162.0152111200       7.254412505397489E-005  2.793344965576214E-005
   56162.0356447779       8.430653370083974E-005  2.793362721111292E-005
   56162.0560785355       1.150620987078188E-004  2.793301182040851E-005
   56162.0765123931       5.363865114138555E-005  2.793029603061132E-005
   56162.0969460503       6.355510220057425E-005  2.793159137760225E-005
   56162.1173798072       7.662180022749432E-005  2.793136741573933E-005
   56162.1378136639       1.432212390493071E-004  2.793362317576404E-005
   56162.1582473206       5.703172697479886E-005  2.793165796085879E-005
   56162.1786810768       3.490858100807515E-006  2.793050183340427E-005
   56209.6252223502      -9.116392224406411E-005  2.867118756074829E-005
   56209.6456555777      -5.145155696606452E-005  2.867312785523884E-005
   56209.6660888047      -5.088329551727888E-005  2.867554900532052E-005
   56209.6865221317      -6.404495566325608E-005  2.867195735149726E-005
   56209.7069552584      -1.184858988205750E-004  2.867380695831053E-005
   56209.7273884850      -1.855151773212382E-004  2.867239180874188E-005
   56209.7478218113      -1.789559226027526E-004  2.866946027684856E-005
   56209.7682549413      -1.960695595047968E-004  2.867191728019800E-005
   56209.7886881672      -1.976935564698135E-004  2.867098720425198E-005
   56209.8091214928      -2.564988639911503E-004  2.867168739748118E-005
   56209.8499878435      -1.986603917903396E-003  2.864939299198165E-005
   56209.8704211687      -2.337321312108065E-003  2.864543858744928E-005
   56209.8908542936      -1.665849512484052E-003  2.865223383619770E-005
   56209.9112876182      -5.803633534461339E-004  2.866930420968301E-005
   56209.9317208427       1.341361114048922E-005  2.867865347650540E-005
   56209.9521540669      -3.821562790118360E-005  2.867690510244815E-005
   56209.9725872909       2.115879636543916E-005  2.867866613059990E-005
   56209.9930205146       2.829537988224828E-005  2.867556587744653E-005
   56210.0134537381       3.037287095919439E-005  2.867996528430227E-005
   56210.0338869616      -1.142499825108612E-004  2.867919760256905E-005
   56210.0543201847      -3.944846755588038E-006  2.867992521300300E-005
   56210.0747534077      -4.426375156407758E-007  2.867932625252984E-005
   56210.0951866306       3.657372246390622E-006  2.868065915048421E-005
   56210.1156198531       2.470138656640586E-005  2.867921658371081E-005
   56257.5611039737       5.870137097296890E-006  2.873157711775082E-005
   56257.5815367644      -4.045053787793407E-005  2.873559901078720E-005
   56257.6019697551       1.050293922522094E-005  2.873630342204790E-005
   56257.6224026457       2.071798298164396E-005  2.873516033551107E-005
   56257.6428355362      -2.347029701244008E-005  2.874055941583260E-005
   56257.6632684267      -4.721936319584952E-005  2.873573609681099E-005
   56257.6837013171       1.309544882821534E-005  2.873911263102769E-005
   56257.7245670978       2.676298634973762E-005  2.873896710894090E-005
   56257.7449999880      -9.264529769803520E-005  2.873543661657440E-005
   56257.7654328782      -9.261871022112622E-004  2.872686135853249E-005
   56257.7858658684      -1.836988886930402E-003  2.871366524698101E-005
   56257.8062986585      -2.076763224175049E-003  2.871066833559942E-005
   56257.8267316485      -1.413824685087328E-003  2.871945238620065E-005
   56257.8471645385      -3.355055010038077E-004  2.873462253649467E-005
   56257.8675973285       1.340962559106540E-004  2.874012495858797E-005
   56257.8880303184       6.564113198925803E-005  2.873623382452813E-005
   56257.9084632082       1.283480560678729E-004  2.874011230449347E-005
   56257.9288959980       8.774318849846807E-005  2.873933407768150E-005
   56257.9493289876       9.150007268665661E-005  2.874073024610839E-005
   56257.9697618774       7.459504024298624E-005  2.874072602807689E-005
   56257.9901946669       7.177849230188826E-005  2.873823317145969E-005
   56258.0106276565      -5.694903066988388E-005  2.873294165094145E-005
   56258.0310605459       2.362677421774428E-005  2.873929822441374E-005
   56258.0514935354      -4.911843540844618E-005  2.873696776200933E-005
   56305.4967028930       8.060143333832315E-005  2.885431361501490E-005
   56305.5171359062       1.120250189170502E-004  2.885281849307052E-005
   56305.5375689195       3.058801399147271E-005  2.885417071462935E-005
   56305.5580019330       6.690356661809282E-005  2.885169875124341E-005
   56305.5784349466       4.722682561020264E-005  2.885159637484779E-005
   56305.5988679604       5.112223483116907E-005  2.885534804317899E-005
   56305.6193009744       4.357135405297363E-005  2.885697113561791E-005
   56305.6397340885      -2.730012633067602E-006  2.884865092063210E-005
   56305.6601670027      -6.143226378529931E-005  2.885474018332999E-005
   56305.6806001171      -1.684091552570655E-004  2.885731878879470E-005
   56305.7010331317      -1.274094962210870E-003  2.884578864723786E-005
   56305.7214660465      -2.013004005738228E-003  2.883553821062628E-005
   56305.7418991613      -2.085865100246220E-003  2.883192304415591E-005
   56305.7623321764      -1.272194361231271E-003  2.884291144395259E-005
   56305.7827650916      -2.203514225516123E-004  2.885519447858556E-005
   56305.8031982069      -1.012896543614028E-004  2.885709270758771E-005
   56305.8236312225      -1.166210700574988E-004  2.885714389578552E-005
   56305.8440641381      -1.447329275967579E-004  2.886017466366422E-005
   56305.8644972540      -1.752027280601531E-004  2.885511129776412E-005
   56305.8849301699      -1.259512906347515E-004  2.886023864891148E-005
   56305.9053632861      -1.548453098546565E-004  2.885983554185373E-005
   56305.9257963024      -1.195704783792939E-004  2.885638460418466E-005
   56305.9462292189      -9.918579331325006E-005  2.885653816877809E-005
   56305.9666623355      -1.262471038747659E-004  2.886227337977445E-005
   56353.4126884276      -6.990153065289384E-005  2.893990454743741E-005
   56353.4331219594      -1.027447813466420E-004  2.893478572765634E-005
   56353.4535554915       2.228940181647765E-005  2.893850327052234E-005
   56353.4739890238       8.929054234885214E-006  2.894305902012749E-005
   56353.4944225565       1.902984553669995E-005  2.893911113037134E-005
   56353.5148560893       3.468972082587563E-005  2.894000052530830E-005
   56353.5352896224       2.839590744696530E-005  2.893490516678457E-005
   56353.5557232558       4.648590580602630E-005  2.893900022260942E-005
   56353.5761566894       7.906432534632302E-005  2.893933721157834E-005
   56353.5965903233       5.634852769587084E-005  2.894168547015290E-005
   56353.6170238574      -3.138348308934225E-004  2.893202369781615E-005
   56353.6374572918      -1.464445664013159E-003  2.892245363766714E-005
   56353.6578909264      -2.052395449710809E-003  2.891217973979823E-005
   56353.6783243614      -1.857386975009367E-003  2.891663737869091E-005
   56353.6987578964      -9.071376223013239E-004  2.892511115827014E-005
   56353.7191915319      -7.445036714803788E-005  2.893938839977615E-005
   56353.7396249675      -5.389197454774841E-005  2.893841155833460E-005
   56353.7600586035      -1.098925146114649E-004  2.893216659820170E-005
   56353.7804921396      -9.256912147703744E-006  2.893778023722826E-005
   56353.8009255760      -6.441731277950780E-006  2.894285213449467E-005
   56353.8213592127      -8.282033441342485E-005  2.894032258438619E-005
   56353.8417927497      -3.287308617017093E-005  2.893748590509085E-005
   56353.8622261869      -5.875885323747276E-005  2.893628938096703E-005
   56353.8826598243      -1.505380418653779E-006  2.894136554391658E-005
   56353.9030933621      -1.038831946246210E-004  2.893831558046370E-005
   56401.3504046835       3.307778822136953E-005  2.837254310387302E-005
   56401.3708387500       7.907070767743107E-005  2.837878336481121E-005
   56401.3912728167       5.509740309372901E-005  2.838095611206876E-005
   56401.4117069836       7.314745932585076E-005  2.837243477310665E-005
   56401.4321409507       1.943344452803863E-006  2.837938020601460E-005
   56401.4525750179       7.731962303525464E-006  2.838817543785773E-005
   56401.4730091853       7.009990673267907E-006  2.839833195819899E-005
   56401.4934431529       1.814556679513579E-005  2.837776342042597E-005
   56401.5138772207      -1.774859314140897E-005  2.838007107014729E-005
   56401.5343113886      -6.427299308819912E-005  2.839123322703674E-005
   56401.5547453567      -7.468646541993751E-004  2.836586951986935E-005
   56401.5751795250      -1.792963078717125E-003  2.836828345638032E-005
   56401.5956135934      -2.203072683892748E-003  2.834881049013133E-005
   56401.6160475621      -1.669410865194676E-003  2.835245285665339E-005
   56401.6364817309      -6.612704956452387E-004  2.837879358469483E-005
   56401.6569157998      -5.716893458629357E-005  2.838905230387229E-005
   56401.6773497690      -6.701134146347432E-005  2.838307571593149E-005
   56401.6977839384      -6.849133871322799E-005  2.838767466356036E-005
   56401.7182179079       2.730030635689218E-005  2.837559271714514E-005
   56401.7386520776      -3.029049431058084E-006  2.837674756399416E-005
   56401.7590861474       6.400140687512490E-005  2.839032570137131E-005
   56401.7795201174       1.405203203030947E-004  2.839126388668760E-005
   56401.7999542876       1.020780700526913E-004  2.838031021542400E-005
   56401.8203883580       1.526130809605952E-004  2.838395666989951E-005
   56401.8408224286       9.987279341872046E-005  2.838629497927170E-005
