   55003.0004681806       6.799287807668364E-006  1.737501512433137E-004
   55003.0209023103      -1.690496526343122E-004  1.737501364345859E-004
   55003.0413363398      -1.417613096387216E-004  1.737483001523435E-004
   55003.0617705692      -1.444593232103886E-004  1.737162836829228E-004
   55003.0822046984       8.610647635132196E-006  1.737393408720477E-004
   55003.1026388277      -1.391713793350569E-004  1.737516469248176E-004
   55003.1230728566      -1.123569692058624E-004  1.737320845954445E-004
   55003.1435070854       1.237110423004673E-004  1.737550973583861E-004
   55003.1639412139      -5.018423942418915E-004  1.737721422040397E-004
   55003.1843752425       1.767942783486021E-004  1.737823898436508E-004
   55003.2048094707      -5.902864923423845E-005  1.737619537993397E-004
   55003.2252435990      -2.589149432812299E-004  1.736982762699647E-004
   55003.2456776269      -5.375624954062630E-006  1.737638196990377E-004
   55003.2661118547       1.560808960017201E-004  1.738030628276060E-004
   55003.2865459825      -1.071568478530072E-004  1.737529500928606E-004
   55003.3069800099      -1.467788037946560E-004  1.737502845218635E-004
   55003.3274141372       7.258040407887023E-005  1.737509509146128E-004
   55003.3478483646       5.537567152891221E-005  1.737789246013545E-004
   55003.3682823915       1.346757393452247E-004  1.737667814445900E-004
   55003.3887165184       2.375276086201694E-004  1.738043363781935E-004
   55003.4091507451       1.283122373263446E-005  1.737589920537874E-004
   55003.4295848717       2.718647298398658E-004  1.738248020399601E-004
   55003.4500188982       3.686757865151158E-005  1.737666629747679E-004
   55003.4704530244       2.606045894597564E-004  1.738086457179722E-004
   55003.4908872505       1.103358880898409E-004  1.737651376758085E-004
   55003.5113212763      -1.660955113791385E-004  1.737950957320702E-004
   55003.5317554022       8.519532352790904E-005  1.737706317138080E-004
   55003.5521896277       5.084007344131614E-004  1.738028999316006E-004
   55003.5726236532       3.142466274872469E-004  1.737985313569110E-004
   55003.5930577785       2.130764940868612E-004  1.737989460012883E-004
   55003.6134919035       3.285193186073343E-004  1.738008267097140E-004
   55003.6339260286       8.896667973745664E-005  1.738226399657069E-004
   55003.6543601534      -9.231209818458819E-004  1.737282787524097E-004
   55003.6747942779      -6.458406689777707E-004  1.737274050374718E-004
   55003.6952284025      -1.019480447958410E-003  1.737201931870519E-004
   55003.7156625268      -9.484428306767434E-004  1.737114708464003E-004
   55003.7360966509      -8.963526460075144E-004  1.737134404071926E-004
   55003.7565306750      -7.334472917381873E-004  1.737312256892343E-004
   55003.7769648989      -4.529503471887297E-004  1.737464786788288E-004
   55003.7973990226      -2.695118308231326E-004  1.737698912774199E-004
   55003.8178330462      -3.472733783616011E-004  1.737439019601983E-004
   55003.8382672694      -6.348190157550171E-004  1.737360385257568E-004
   55003.8587013928      -3.079535398337052E-004  1.738153984978315E-004
   55003.8791355157      -3.143132399026083E-004  1.737598361512698E-004
   55003.8995695386      -1.618213819549741E-004  1.737581331475772E-004
   55003.9200037613      -3.703782105493048E-004  1.737399628386137E-004
   55003.9404378838      -4.541138635509867E-004  1.737732824760774E-004
   55003.9608719063      -2.953402696359575E-004  1.737482112999769E-004
   55003.9813061285      -4.100964115166805E-004  1.737544902005478E-004
   55004.0017402505      -3.174836198878150E-004  1.737475152897721E-004
   55004.0221742725      -2.735288648437750E-004  1.737380080865491E-004
   55004.0426083943      -2.173946006003291E-004  1.737678624817166E-004
   55004.0630426159      -1.085448035369474E-004  1.737375490159885E-004
   55004.0834766374      -2.968985616855768E-004  1.737710315494576E-004
   55004.1039107585      -2.718596682735885E-004  1.737540163212595E-004
   55004.1243449798      -2.738145600907904E-004  1.737868176532515E-004
   55004.1447790006      -2.043818939826414E-004  1.737329435016547E-004
   55004.1652131215      -4.970388068019638E-004  1.737310627932289E-004
   55004.1856472421      -2.909654056277855E-004  1.737659373471076E-004
   55004.2060814624      -3.098393202104477E-004  1.737256724163237E-004
   55004.2265154828      -3.792751497644353E-005  1.737762886478130E-004
   55004.2469496030       8.076381304666924E-005  1.737862993477798E-004
   55004.2673838229       4.028875307615642E-005  1.737239842213588E-004
   55004.2878178428      -1.541815483749875E-004  1.737291228498921E-004
   55004.3082519625       8.631517460422344E-005  1.737800796821200E-004
   55004.3286859819      -1.803358465574112E-004  1.737708390359967E-004
   55004.3491202011       3.628457304349908E-005  1.737960582993748E-004
   55004.3695543203       2.448646654280573E-004  1.737599101949086E-004
   55004.3899884393      -2.533248654925657E-004  1.737583404697659E-004
   55004.4104225583       6.864944594009437E-005  1.737668851056843E-004
   55004.4308566770      -4.482061763866341E-005  1.738014042500967E-004
   55004.4512907956      -4.267809332463290E-004  1.736666892536491E-004
   55004.4717248138       4.229099796608793E-004  1.737936296680218E-004
   55004.4921590321       1.681584398416369E-005  1.737940887385825E-004
   55004.5125931502       2.160930232613101E-004  1.737880615863835E-004
   55004.5330271680      -4.216747598919657E-004  1.736401520135002E-004
   55004.5534613856      -4.325150098849484E-006  1.737070134193440E-004
   55004.5738955031      -2.681504162271864E-004  1.736843412571409E-004
   55004.5943295205       5.268898983883386E-004  1.737710463581854E-004
   55004.6147636378       1.562567330282150E-005  1.736959364909783E-004
   55004.6351978550       1.238122696696209E-004  1.737071615066216E-004
   55004.6556319718       2.283261993560881E-004  1.736930487890648E-004
   55203.0422379364      -6.167629236220051E-007  1.763600407599008E-004
   55203.0626712199       2.765572313123688E-004  1.763326069502479E-004
   55203.0831044036       8.403668441836487E-005  1.763473723724066E-004
   55203.1035375875       8.038394552101202E-005  1.763542523696965E-004
   55203.1239707717      -1.234526853843843E-005  1.763214036143687E-004
   55203.1444039561      -9.005598525035907E-005  1.763248077048858E-004
   55203.1648371407      -8.059322321085638E-005  1.763275079960977E-004
   55203.1852702255      -8.671330436360591E-005  1.763345747156523E-004
   55203.2057035106       2.345945194508481E-004  1.763520978820274E-004
   55203.2261366960      -2.143533423880628E-004  1.763295906675112E-004
   55203.2465697815       1.178739265474960E-004  1.763555306990468E-004
   55203.2670030673       1.546146800179837E-004  1.763243337175986E-004
   55203.2874362532      -2.766273078191883E-004  1.763062360211784E-004
   55203.3078693395      -4.333357012276107E-005  1.763378351736582E-004
   55203.3283026260      -3.378186179761045E-004  1.763188182291658E-004
   55203.3487358127      -2.124613144272036E-005  1.763284846971744E-004
   55203.3691688996      -2.320928762512553E-004  1.763252816921730E-004
   55203.3896021867      -1.689365287642630E-004  1.763286570561879E-004
   55203.4100353741       1.896022317482426E-004  1.763436666536158E-004
   55203.4304685617       2.082532354386046E-004  1.763557317845626E-004
   55203.4509016496      -2.914897112922255E-004  1.763264882052677E-004
   55203.4713349377      -9.391504527322958E-005  1.763231990207596E-004
   55203.4917681260      -7.617485281175007E-005  1.763239746363204E-004
   55203.5122012145       2.865972010910323E-004  1.763480474452096E-004
   55203.5326345033       2.931043800675770E-004  1.763604572941834E-004
   55203.5530676923       5.125938733185897E-005  1.763299784752916E-004
   55203.5735007815       2.092974618832510E-004  1.763498428516005E-004
   55203.5939340710       1.735256197794577E-004  1.763476452741780E-004
   55203.6143672606      -4.881216416874334E-005  1.763341438181185E-004
   55203.6348003506      -2.033284147275882E-004  1.763221505034273E-004
   55203.6552335407      -3.254820041731499E-005  1.763229835719927E-004
   55203.6756668311       9.294441972285128E-006  1.763194645754665E-004
   55203.6960999217       2.210884277908942E-004  1.763431352133241E-004
   55203.7165331125       9.415162144321698E-005  1.763118233258669E-004
   55203.7369663037       1.095765155807449E-004  1.763320036937005E-004
   55203.7573994950      -1.281092434222142E-004  1.763167642842546E-004
   55203.7982659783      -5.504117783605711E-005  1.763062934741829E-004
   55203.8186990703      -2.254372923515824E-005  1.763363701220432E-004
   55203.8391322625       2.490256957283776E-004  1.763319318774449E-004
   55203.8595655550       1.081867049834706E-004  1.763396593065513E-004
   55203.8799986477       2.972367239428841E-004  1.763367435665725E-004
   55203.9004318406      -1.294126467267231E-004  1.763183155153763E-004
   55203.9208649337       1.465200210084561E-004  1.763339140061004E-004
   55203.9412982272       5.339226900535898E-005  1.763285134236766E-004
   55203.9617314208       1.336602627688421E-005  1.763158881259359E-004
   55203.9821646146       2.362028746127898E-004  1.763246640723746E-004
   55204.0025978087       5.978912683612947E-005  1.763169079167659E-004
   55204.0230310031      -5.689567473710078E-005  1.763346752584102E-004
   55204.0434641976      -2.231577755543723E-004  1.763168361005103E-004
   55204.0638973923      -3.039468202726825E-004  1.763043975250341E-004
   55204.0843305873      -7.896478264568518E-005  1.763214754306243E-004
   55204.1047637826       2.308903050951550E-005  1.762918153170468E-004
   55204.1251970781       2.502468168370520E-004  1.763093097569196E-004
   55204.1456301738       9.520671469154252E-005  1.763023292168718E-004
   55204.1660633697       3.228310298108994E-005  1.763303950095743E-004
   55204.1864964659       1.037047017544701E-004  1.763077154360445E-004
   55204.2069297623       1.077615824471856E-004  1.763040671702582E-004
   55204.2273629589      -1.876305803011347E-004  1.763011657935305E-004
   55204.2477960559      -3.991481674167074E-004  1.762828526483434E-004
   55204.2682293530      -6.311004471848403E-005  1.763027601144056E-004
   55204.2886625503       2.163288919871942E-004  1.763357955919981E-004
   55204.3090957478      -1.533423169431947E-004  1.763098268339602E-004
   55204.3295289456       2.801350834449323E-004  1.763421872387497E-004
   55204.3499621436      -1.584153804792265E-004  1.762894597438619E-004
   55204.3703953420       6.071763272386121E-006  1.763364563015500E-004
   55204.3908285405      -5.811063255833915E-005  1.763112918855752E-004
   55204.4112617392      -4.590078337751713E-006  1.763083186925919E-004
   55204.4316949382       1.643779821896008E-004  1.763620228885563E-004
   55204.4521280373       1.445998096203382E-004  1.763542092799431E-004
   55204.4725613368       7.192758105856178E-005  1.763081319703272E-004
   55204.4929945364      -2.048756749137848E-004  1.763109040777947E-004
   55204.5134276364       1.508155150424795E-004  1.763261865769940E-004
   55204.5338609365       4.095437679252356E-005  1.763172957245463E-004
   55204.5542941369       2.876804607132577E-005  1.763293177657398E-004
   55204.5747272374      -1.799744990006458E-004  1.763349050704282E-004
   55204.5951605383      -1.534470361400642E-004  1.762993272973863E-004
   55204.6155936393       2.749244659168149E-004  1.763317595184314E-004
   55204.6360268407      -2.829373784551947E-005  1.763244055338543E-004
   55204.6564601422      -2.830469055348228E-005  1.763124696721676E-004
   55204.6768933439      -6.470925780888148E-005  1.763471425603886E-004
   55403.0704690882       1.073440384720126E-004  1.816183518695912E-004
   55403.0909028392       3.406226245421529E-004  1.816239701427421E-004
   55403.1113367899      -1.768615983921418E-005  1.815776495950165E-004
   55403.1317706405      -1.047193092613696E-004  1.815782839161787E-004
   55403.1522043908       2.598186065969621E-004  1.816034604251642E-004
   55403.1726383408       1.117526656162493E-004  1.815802170854349E-004
   55403.1930721909       1.183470933212583E-004  1.816171587416908E-004
   55403.2135060405       3.490198064648453E-004  1.816557919210460E-004
   55403.2339398898       4.377085230045097E-006  1.815770454796239E-004
   55403.2543737392      -3.288994076152685E-004  1.815740400055459E-004
   55403.2748075881       2.552005038214400E-004  1.816250575504488E-004
   55403.2952414370       3.051896403958310E-004  1.815810024354453E-004
   55403.3156752856       1.174346990719943E-004  1.816182159436279E-004
   55403.3361091338      -1.681400536357458E-005  1.816271417485531E-004
   55403.3565429820      -3.920851470673448E-005  1.815995487779973E-004
   55403.3769768300      -2.224662648386833E-004  1.816120237608540E-004
   55403.3974106777       2.924109461830415E-004  1.816307966466782E-004
   55403.4178445252      -1.541615968230214E-004  1.815748404584410E-004
   55403.4382783723      -5.983040981016874E-005  1.815922238788624E-004
   55403.4587123193      -7.878402422345498E-005  1.815999112472329E-004
   55403.4791460661       1.370391021808803E-004  1.815773777430899E-004
   55403.4995799127       1.087851122349992E-004  1.816266131475846E-004
   55403.5200138592       1.685607763008967E-004  1.816411874314305E-004
   55403.5404476053      -2.439858482414792E-004  1.815638908669506E-004
   55403.5608814512      -3.495705240607050E-004  1.815502831677329E-004
   55403.5813153968       4.131234379545212E-005  1.816083839656137E-004
   55403.6017491425      -1.629442157173866E-004  1.816046988617190E-004
   55403.6221830877       2.618948959627332E-004  1.816264772216213E-004
   55403.6426169326      -3.601376547368584E-005  1.816346025736514E-004
   55403.6630506775       1.256541475469497E-005  1.815917707923179E-004
   55403.6834846220       3.242344702059086E-006  1.816268698966265E-004
   55403.7039184665      -1.650487969372394E-004  1.816005757741647E-004
   55403.7243522105      -1.636990256688176E-004  1.815967396414219E-004
   55403.7447861545       6.814014473999208E-006  1.815815310364138E-004
   55403.7652199983       2.023862297106938E-004  1.815721823507137E-004
   55403.7856538418      -2.308252653656639E-004  1.815484557186704E-004
   55403.8060876849      -2.555923904082880E-004  1.815453898330530E-004
   55403.8265215280       8.700496703339944E-005  1.815955918221760E-004
   55403.8469553708      -1.492947815440182E-004  1.816023579145728E-004
   55403.8673893134      -6.217908704464481E-005  1.815881914086169E-004
   55403.8878230558      -4.692905943872727E-004  1.815931451548360E-004
   55403.9082568979      -8.652250544938234E-005  1.815947460606263E-004
   55403.9286908398      -4.444836436723332E-005  1.816125523618225E-004
   55403.9491245815       9.580136787423754E-005  1.816221880023340E-004
   55403.9695585230      -4.475080375154761E-007  1.816370039323369E-004
   55403.9899922644      -4.187434037128401E-005  1.816037624828605E-004
   55404.0104261054      -2.088467772861646E-004  1.815796129700424E-004
   55404.0308600461       2.082706646131527E-004  1.815890371701665E-004
   55404.0512937866      -1.678439623671313E-004  1.815463413147963E-004
   55404.0717276272      -2.562199870649318E-004  1.816030526472743E-004
   55404.0921615672       1.000061363898297E-004  1.816115857771944E-004
   55404.1125953073       2.058996007761049E-004  1.815876628076484E-004
   55404.1330291468      -1.861695046097012E-004  1.815558561322294E-004
   55404.1534630864      -9.573479262769968E-005  1.815584236226478E-004
   55404.1738968255       2.568228571249165E-004  1.816385595294728E-004
   55404.1943306647      -1.524398459530341E-004  1.816161619512931E-004
   55404.2147646035       1.821565777715417E-004  1.816190919109471E-004
   55404.2351983422       3.049198489626370E-004  1.816144553253091E-004
   55404.2556321804       1.249136472747381E-005  1.815783292248332E-004
   55404.2760661186       1.213211790269675E-004  1.816108155300688E-004
   55404.2964999565      -5.781928719994500E-005  1.816080365992630E-004
   55404.3169336942       1.331168328591037E-004  1.816141079589583E-004
   55404.3373676317      -2.374697463147779E-005  1.816064507963575E-004
   55404.3578014690       2.773339107720041E-004  1.816236529821610E-004
   55404.3782353060      -9.533632802571912E-005  1.815951085298619E-004
   55404.3986691428      -1.092227983906513E-004  1.815805644517857E-004
   55404.4191029793       2.219791356150580E-005  1.815893090220932E-004
   55404.4395369157      -1.740556105865876E-004  1.815738436680433E-004
   55404.4599706520      -8.010551088188933E-005  1.816284254937624E-004
   55404.4804044878       4.990882250601736E-004  1.816111779993044E-004
   55404.5008384235       4.057413962899048E-005  1.815821200489216E-004
   55404.5212721591       1.070362064581332E-004  1.816356899813581E-004
   55404.5417059943       3.424473652673399E-004  1.816608664903436E-004
   55404.5621399294       1.508581189528790E-004  1.815755049853729E-004
   55404.5825736641      -1.531458333600133E-004  1.816102718262155E-004
   55404.6030074988      -3.400616120363686E-005  1.815759127632628E-004
   55404.6234413330      -2.365695046783189E-004  1.815893996394021E-004
   55404.6438751673      -2.141388732400662E-004  1.816068434713626E-004
   55404.6643090010      -1.750746709394679E-005  1.816209646686641E-004
   55404.6847428348       5.792170944951547E-004  1.816264319129669E-004
   55404.7051766683      -2.420386884109949E-004  1.816195147917219E-004
   55603.0908958725      -6.146876937673795E-006  1.768015993400158E-004
   55603.1113294098       2.696180758798850E-004  1.768171949692822E-004
   55603.1317629475      -2.314582991269631E-006  1.768174415978380E-004
   55603.1521964854       7.890403154631187E-006  1.768178478095771E-004
   55603.1726301236       4.662058205084918E-005  1.767987558578425E-004
   55603.1930635620       1.548642013071699E-006  1.767754276979724E-004
   55603.2134971007      -4.170994623042823E-005  1.767966812764611E-004
   55603.2339307397       4.108587684936715E-005  1.767744992139975E-004
   55603.2543641790      -3.335779575415199E-004  1.767872658686528E-004
   55603.2747978184       6.538109880982468E-005  1.768099266806659E-004
   55603.2952313583       1.063016612625756E-004  1.768084614168930E-004
   55603.3156647983      -2.001570287635257E-004  1.768112903915041E-004
   55603.3360984386       2.024402174738427E-005  1.768170644012232E-004
   55603.3565319791      -6.879091856493158E-005  1.768069961531201E-004
   55603.3769654199      -2.933902818539336E-004  1.767968843823306E-004
   55603.3973990610      -1.053706115796693E-004  1.767854089007029E-004
   55603.4178326025       2.266632223253406E-004  1.768425832029717E-004
   55603.4382661440      -2.607304271043942E-004  1.767983351385414E-004
   55603.4586996860      -6.131362644634653E-005  1.767739044039510E-004
   55603.4791332282      -3.920964633563617E-005  1.767923580229528E-004
   55603.4995668706       6.874115879806908E-005  1.767993796830132E-004
   55603.5200003133      -2.483112699341872E-004  1.767689863403963E-004
   55603.5404338563      -1.866999076483022E-005  1.767964346479052E-004
   55603.5608674996       9.186823084439411E-005  1.768236508344204E-004
   55603.5813010430      -9.277795068318717E-006  1.767477327619076E-004
   55603.6017344868      -3.093177014150683E-004  1.767982626007309E-004
   55603.6221680309       7.752305452690678E-006  1.768185151574340E-004
   55603.6426016751       1.325896556725326E-004  1.768034998306519E-004
   55603.6630352197      -8.403111559274201E-005  1.767919082885274E-004
   55603.6834687645       2.936767584464928E-004  1.768074749026696E-004
   55603.7039022097       3.078156235680751E-005  1.767988283956531E-004
   55603.7243358551      -3.270381657094479E-005  1.767968263520821E-004
   55603.7447694007       9.127283549625886E-006  1.768108116419545E-004
   55603.7652028466      -1.363355085443052E-004  1.767822607597254E-004
   55603.7856364928      -2.911788010346861E-004  1.767712930427715E-004
   55603.8060700393       1.119461323553228E-004  1.768200819741417E-004
   55603.8265034859      -2.662467161700377E-004  1.767839581444921E-004
   55603.8469371329      -6.306963471658378E-005  1.767892969273479E-004
   55603.8673706801       4.368690935341313E-005  1.767640392617174E-004
   55603.8878043276       8.752867369743456E-005  1.767651418364376E-004
   55603.9082377755      -1.875587921277289E-004  1.767930543859340E-004
   55603.9286713234       4.418567231634363E-005  1.767379401574845E-004
   55603.9491049717      -1.734796651420289E-005  1.767805053447103E-004
   55603.9695384203       1.812682492303708E-004  1.768421914987948E-004
   55603.9899719692       1.062173059014349E-004  1.768153089862081E-004
   55604.0104056183      -4.881586126670445E-005  1.767650112683786E-004
   55604.0308390677      -3.389479433246745E-005  1.767668102060801E-004
   55604.0512727173       3.939000260055892E-005  1.767732370560940E-004
   55604.0717062672       7.412688424546232E-005  1.768280901484255E-004
   55604.0921397174       3.509569536845891E-004  1.767926336666328E-004
   55604.1125733678       1.451451819725058E-004  1.767942585135890E-004
   55604.1330069185       2.249157682172598E-004  1.767789385280026E-004
   55604.1534404695      -2.381061146227159E-004  1.767933445371761E-004
   55604.1738740207      -2.040617641163589E-005  1.767788804977542E-004
   55604.1943075723      -1.743269977144690E-004  1.768343864303805E-004
   55604.2147411240      -7.908721133131902E-005  1.768229254563150E-004
   55604.2351746760       2.940687470824876E-004  1.768338641581446E-004
   55604.2556082284      -6.175014709719484E-005  1.768389272973204E-004
   55604.2760417809       2.243590131383311E-004  1.768081132354024E-004
   55604.2964753338       1.750862982152768E-004  1.767954916563682E-004
   55604.3169088869       1.567110408973171E-004  1.768560752357324E-004
   55604.3373424403      -1.069509067112007E-004  1.768140178131805E-004
   55604.3577759940       4.683025013418884E-005  1.768500691050196E-004
   55604.3782095479      -3.522330699531340E-004  1.768243471974016E-004
   55604.4190766565      -6.464793709504146E-005  1.767951289673155E-004
   55604.4395103112       3.199942233158559E-004  1.768571778104527E-004
   55604.4599438661       9.664949806365009E-005  1.768286994660341E-004
   55604.4803773214      -4.523644980858332E-005  1.768451075187785E-004
   55604.5008109769      -2.278026915725206E-004  1.768256383704292E-004
   55604.5212445326      -2.489112582368946E-004  1.768035723684625E-004
   55604.5416779887      -7.082525374635384E-005  1.767902399188850E-004
   55604.5621116450       1.872725807894327E-004  1.768231430697466E-004
   55604.5825452017      -1.528321240745756E-004  1.768263057182862E-004
   55604.6029786585      -2.234498108881766E-004  1.768387532065751E-004
   55604.6234123155       2.013368422004724E-005  1.768216197757252E-004
   55604.6438458729       9.004018228964128E-005  1.768292217382700E-004
   55604.6642795305       1.082800962211028E-004  1.768765163907430E-004
   55604.6847129885      -1.180009709662588E-004  1.768290766626489E-004
   55604.7051465467       1.301770087522858E-004  1.768206767841882E-004
   55604.7255802051      -2.222692231523826E-005  1.768803028644533E-004
   55604.7460136638      -2.149063241256854E-004  1.768204301556323E-004
   55803.1400404133       8.554476001765288E-005  1.869590028548828E-004
   55803.1604739416      -6.933833607192241E-005  1.870217158303642E-004
   55803.1809074696       4.290184109989603E-005  1.871099513542624E-004
   55803.2013409977      -2.720560895114188E-004  1.871033610248590E-004
   55803.2217745253      -5.633834071783195E-005  1.871199416945170E-004
   55803.2422080526       4.898708509475380E-004  1.872043428449441E-004
   55803.2626415798      -9.061550619382519E-005  1.872072186250473E-004
   55803.2830751067       3.743201126757967E-004  1.872243684595174E-004
   55803.3035087333       4.122969201314497E-004  1.873104621263595E-004
   55803.3239421595       1.350055829858476E-004  1.872938664786801E-004
   55803.3443756857       2.433618025365902E-005  1.873283159278340E-004
   55803.3648093117       1.929982648751771E-004  1.873233432247388E-004
   55803.3852427374       1.954781502355729E-004  1.873676182559122E-004
   55803.4056763629      -4.233961614463766E-005  1.874118333750002E-004
   55803.4261098879      -5.754103248856168E-005  1.873979787052318E-004
   55803.4465433129       1.242663601290772E-004  1.874231417811355E-004
   55803.4669769377       4.688427068577639E-006  1.874443207033545E-004
   55803.4874104621      -5.871551617853132E-005  1.874561233841950E-004
   55803.5078438864      -1.415611329400601E-004  1.874504317360740E-004
   55803.5282775103       1.509734773197380E-005  1.874524088348950E-004
   55803.5487109341      -2.347160437664586E-004  1.875074680414557E-004
   55803.5691444575       3.144078688510632E-005  1.875118116676534E-004
   55803.5895780809       2.467356044353330E-004  1.875400602159596E-004
   55803.6100115038      -7.966526358293979E-005  1.875485527540771E-004
   55803.6304450268       2.873494237258800E-004  1.875954489389905E-004
   55803.6508786492      -2.575475288749685E-004  1.875344584359667E-004
   55803.6713121715      -7.968195258223343E-005  1.875693871818045E-004
   55803.6917456937      -4.685411317795207E-005  1.875534955011296E-004
   55803.7121792155       2.901249873201728E-004  1.876392746295228E-004
   55803.7326127370      -1.095819114200758E-004  1.875951044444990E-004
   55803.7530462583       1.091406830000530E-005  1.876302129265932E-004
   55803.7734797794      -4.113811080208585E-005  1.876412966624080E-004
   55803.7939133002       1.494843808076407E-004  1.876410420360446E-004
   55803.8143469208       2.479547149250028E-004  1.876612024528104E-004
   55803.8347803412      -6.897855169973877E-005  1.876432288271649E-004
   55803.8552138614      -4.058158389175226E-005  1.876669390349956E-004
   55803.8756474813      -3.486576835177724E-004  1.876531592553340E-004
   55803.8960809009       7.236572144808662E-005  1.876683769250472E-004
   55803.9165144204      -1.929843399176567E-004  1.876345565527909E-004
   55803.9369480396      -4.545271542555351E-005  1.876733196720997E-004
   55803.9573814586      -9.166228218659978E-005  1.876737540347195E-004
   55803.9778150771      -2.539015777361930E-004  1.876602738154853E-004
   55803.9982485956      -8.815212840462827E-005  1.876475424973198E-004
   55804.0186820138       2.723734002016975E-004  1.877231215931592E-004
   55804.0391156317       4.599501764361857E-004  1.877238105821423E-004
   55804.0595491495      -2.065601062068989E-004  1.876638236065503E-004
   55804.0799825670       1.779137522897045E-004  1.877258775490915E-004
   55804.1004161842       4.049495047395713E-004  1.877251286480229E-004
   55804.1208497013      -1.129198904241679E-004  1.876919972647497E-004
   55804.1412832179      -1.187126321960941E-004  1.876863954847568E-004
   55804.1617167346       1.696636955328401E-004  1.877287533291948E-004
   55804.1821502507       2.948670180435986E-004  1.877132360990541E-004
   55804.2025836667       1.178201364022691E-004  1.877312247027210E-004
   55804.2230172826       1.215222641943736E-004  1.877197665163720E-004
   55804.2434507981       1.270967988555860E-004  1.877248290875955E-004
   55804.2638843134      -1.746446158691350E-004  1.876682571008762E-004
   55804.2843178286       4.668503923799250E-005  1.877043391543596E-004
   55804.3047513434      -2.130585818393982E-005  1.876900051879073E-004
   55804.3251849580      -7.696182955563291E-005  1.876869796275903E-004
   55804.3456183723      -2.947287152761380E-004  1.876914131219162E-004
   55804.3660518864       4.309709591487909E-005  1.877220431756204E-004
   55804.3864855002       4.393763404193507E-004  1.877525983392178E-004
   55804.4069189138      -2.719117843807961E-004  1.876895858033089E-004
   55804.4273524272      -1.804469904475026E-004  1.876829804958842E-004
   55804.4477860404      -9.343966622743505E-005  1.877104651651005E-004
   55804.4682194533       2.536567656243882E-004  1.877306854939517E-004
   55804.5090865784       1.405851888620635E-004  1.877333965158199E-004
   55804.5295199904      -9.585484868512850E-005  1.877109294837630E-004
   55804.5499535024       9.904440492225497E-005  1.877459780537717E-004
   55804.5703871142       3.231560109888676E-004  1.877269409886088E-004
   55804.5908205257       2.621312813100296E-005  1.877348044498287E-004
   55804.6112541368       1.146928489617061E-004  1.877370661310558E-004
   55804.6316876478      -4.416512950399243E-004  1.877588891081938E-004
   55804.6521211584      -2.196536751639666E-004  1.877275550874851E-004
   55804.6725546690       1.333137295826958E-004  1.877519243282561E-004
   55804.6929881794      -2.442985282898880E-004  1.877007294512091E-004
   55804.7134216893      -5.064022339984486E-005  1.877662283386657E-004
   55804.7338551992       1.283204141913075E-004  1.877608961630575E-004
   55804.7542887086      -3.668005873946889E-005  1.877808319095027E-004
   55804.7747222178       1.132250093704990E-004  1.877180889779784E-004
   56003.1604985546      -1.752136564374673E-004  1.786796358411329E-004
   56003.1809323419       2.658269974542549E-005  1.786941161948494E-004
   56003.2013663295       2.269863810426820E-004  1.787192662828831E-004
   56003.2218002172       1.898873628276565E-004  1.786933101022842E-004
   56003.2422340052      -1.916348961772396E-004  1.786564496877125E-004
   56003.2626679935      -3.539754689874108E-005  1.786950541934707E-004
   56003.2831018820       4.874273178918642E-004  1.787235752140498E-004
   56003.3035358707      -1.212284994124291E-004  1.786819075565439E-004
   56003.3239696596       9.727491663946708E-005  1.786910237306447E-004
   56003.3444035488       1.257208652774011E-004  1.786823912120830E-004
   56003.3648375382      -3.038324709125906E-005  1.786688048883025E-004
   56003.3852713278      -3.674836847322727E-005  1.786982932199599E-004
   56003.4057052177       4.695716120028948E-005  1.786652580810157E-004
   56003.4261392078      -1.744450537893849E-004  1.786788150923393E-004
   56003.4465730982      -3.183365005277050E-005  1.786864216749089E-004
   56003.4670068889      -3.422686909060335E-005  1.786982785637314E-004
   56003.4874408797       5.252579259429346E-005  1.786849560520631E-004
   56003.5078747707       2.067474589195761E-005  1.786748725668841E-004
   56003.5283086620      -1.805525597475821E-005  1.786881217974101E-004
   56003.5487425535      -9.884205431764936E-005  1.786918444794384E-004
   56003.5691764453      -1.498727295952129E-004  1.786715895717095E-004
   56003.5896104373       4.654834585826606E-005  1.786797824034175E-004
   56003.6100442295       3.239577578049158E-004  1.787152504762857E-004
   56003.6304781221      -1.757582743213693E-004  1.786803979650127E-004
   56003.6509121147       3.363974197336805E-004  1.787211569363542E-004
   56003.6713459076      -4.276309006778778E-005  1.787049764601367E-004
   56003.6917799009       1.374474366506728E-004  1.787059437712149E-004
   56003.7122136942      -8.719277385038637E-005  1.786962120355188E-004
   56003.7326475878       8.351270847950509E-005  1.786885028593500E-004
   56003.7530815818       1.912584314622823E-004  1.786822886184838E-004
   56003.7735153758      -1.248824902966295E-004  1.786839447722995E-004
   56003.7939492703      -1.905875364446308E-004  1.786821713686562E-004
   56003.8143832648      -1.081070561553821E-004  1.786935152894826E-004
   56003.8348170597      -2.200301285337769E-005  1.786723516955893E-004
   56003.8552510547       2.487167414375602E-004  1.787107949828345E-004
   56003.8756849500      -1.975245226634170E-004  1.786825817430530E-004
   56003.8961187455      -1.109088361818111E-004  1.786896900138551E-004
   56003.9165527413      -1.929785594269040E-004  1.786845603338948E-004
   56003.9369866372       3.601809209343720E-004  1.787279867388156E-004
   56003.9574204335      -3.240108676946241E-004  1.786629423969193E-004
   56003.9778544299      -1.869998761772074E-005  1.786749018793410E-004
   56003.9982883266      -2.218570380468909E-004  1.786848681146924E-004
   56004.0187222235      -5.583999294855868E-005  1.786856009261153E-004
   56004.0391561207      -2.938129309484339E-004  1.786759278153331E-004
   56004.0595900180      -8.628476560246234E-006  1.786702411986914E-004
   56004.0800240157      -1.775121379202771E-004  1.786656977678694E-004
   56004.1004579135      -6.095236746150867E-005  1.786650528938173E-004
   56004.1208917116       3.470683402340136E-005  1.786966663786010E-004
   56004.1413257100       2.933535788067765E-004  1.787076732061729E-004
   56004.1617596085      -1.726632278007401E-004  1.786818635878585E-004
   56004.1821934073       3.839382018644422E-005  1.787104872020369E-004
   56004.2026274063       2.115197012813042E-004  1.786912875427570E-004
   56004.2230613056       2.225523648358152E-004  1.787019133083890E-004
   56004.2434953051      -1.672281047271351E-005  1.786856448948007E-004
   56004.2639291048      -1.206235849264825E-004  1.786670901095729E-004
   56004.2843630048       8.208750265814579E-005  1.786929436965727E-004
   56004.3047969050      -2.356893981014796E-004  1.786751217227679E-004
   56004.3252308054      -1.111207320442231E-004  1.786667676725469E-004
   56004.3456647061       2.327099127772403E-004  1.786964611914026E-004
   56004.3660986069       9.267547682889621E-005  1.786936032268533E-004
   56004.3865325080       1.326163338677411E-004  1.786791082169084E-004
   56004.4069665094      -2.468665415883420E-004  1.786690100755009E-004
   56004.4682682149      -3.505175460688514E-004  1.786387889324207E-004
   56004.4887020171       1.371929448550357E-004  1.786777012189765E-004
   56004.5091359197       5.917915173525579E-005  1.786847508648647E-004
   56004.5295699224      -5.123613503532631E-005  1.786881950785524E-004
   56004.5500037254      -2.667912779343862E-004  1.786706955417736E-004
   56004.5704376287      -6.405952434584972E-005  1.786857914570853E-004
   56004.5908716321       3.882171342128871E-005  1.787044781483691E-004
   56004.6113055358       1.947185457840117E-004  1.787104285771230E-004
   56004.6317394397      -3.479665940486765E-005  1.787085672361089E-004
   56004.6521733438       1.154513524856959E-004  1.787028219945534E-004
   56004.6726072482       1.053336799390348E-004  1.786969888156271E-004
   56004.6930411529      -3.647456483241163E-004  1.786687022947033E-004
   56004.7134750577       1.467931523777555E-004  1.787257736483185E-004
   56004.7339089628      -2.500419692439415E-004  1.786855129887446E-004
   56004.7543428680      -2.793714918486456E-004  1.786769390950967E-004
   56004.7747767736      -2.774306707226115E-004  1.786847948335501E-004
   56004.7952107793       9.953363836157081E-005  1.787036867120324E-004
   56004.8156446854       3.787204821925627E-005  1.787097397343855E-004
   56203.1887220087       1.716815236743052E-004  1.880877692802242E-004
   56203.2091551215      -7.170088034424982E-005  1.880503384418105E-004
   56203.2295884341       1.628636442339015E-004  1.880730071791160E-004
   56203.2500216464      -2.117034434112597E-005  1.880526997686131E-004
   56203.2704548585       1.120372706562289E-004  1.880525017218490E-004
   56203.2908880704       1.751076196849777E-004  1.880669439012614E-004
   56203.3113212822       5.079341932856529E-005  1.880856212345521E-004
   56203.3317545937      -1.054763762395883E-004  1.880541317990612E-004
   56203.3521877051      -3.922597008698681E-005  1.880635314031724E-004
   56203.3726209160      -1.427849103893264E-004  1.880431935239366E-004
   56203.3930542269      -6.373680905913393E-005  1.880545583613223E-004
   56203.4134873376      -3.201201308624668E-004  1.880324989986756E-004
   56203.4339205481       3.153320197677445E-004  1.880462403972304E-004
   56203.4543538581       1.390867688586539E-004  1.880704173368163E-004
   56203.4747870681      -8.082761167171881E-005  1.880402837599411E-004
   56203.4952201781      -5.358263122734463E-005  1.880511763319663E-004
   56203.5156534877       8.736569748002410E-005  1.880695642122940E-004
   56203.5360866970      -2.648570003316308E-006  1.880715903830344E-004
   56203.5565198061      -1.477288006250799E-004  1.880520599252214E-004
   56203.5769531152       2.130157097945951E-004  1.880602560143816E-004
   56203.5973863238      -1.001790028878347E-004  1.880665021046338E-004
   56203.6178194324       3.335890430111732E-004  1.880726415543207E-004
   56203.6382527405      -2.085087896996907E-005  1.880567216413609E-004
   56203.6586859487       8.558009774883857E-005  1.880651614803846E-004
   56203.6791192566       1.350223909613035E-005  1.880600122645181E-004
   56203.6995523643      -9.980358013905732E-005  1.880526845342467E-004
   56203.7199855715      -2.024327362889489E-004  1.880366122776221E-004
   56203.7404187787       1.409606068214497E-004  1.880617642166620E-004
   56203.7608519859       1.272095046083166E-004  1.880411825875628E-004
   56203.7812850927       4.404042284924525E-004  1.880863220154097E-004
   56203.8017183992       7.557135062397080E-006  1.880672028854914E-004
   56203.8221516055       7.405760067857869E-006  1.880585954684365E-004
   56403.2304576696      -3.802102072139046E-004  1.846121429821029E-004
   56403.2508919260      -1.109862689522290E-004  1.845768817409411E-004
   56403.2713260825       4.676793509130750E-004  1.846871513168289E-004
   56403.2917603392      -2.865455879264012E-005  1.846024388932328E-004
   56403.3121943960      -1.380713647169962E-004  1.847041029563489E-004
   56403.3326285531      -3.019876971952495E-004  1.846542245498764E-004
   56403.3530628102       1.168014965708952E-004  1.846356403042099E-004
   56403.3734968675       2.929859195630602E-004  1.846922627472872E-004
   56403.3939310250       1.290110311771286E-004  1.846408585406778E-004
   56403.4143652826      -5.106946242949828E-005  1.846429336288639E-004
   56403.4347993403       2.129595996160916E-004  1.846644016367890E-004
   56403.4552335983      -2.478922919706417E-004  1.846065127795981E-004
   56403.4756677564       1.618264533733704E-004  1.845816422373679E-004
   56403.4961018146       1.457103791540071E-004  1.845744099447194E-004
   56403.5165360730      -1.506433697768816E-004  1.846484417673578E-004
   56403.5369702316       3.506804427133581E-004  1.846462598731622E-004
   56403.5574042903       1.009596757033382E-004  1.846529276197601E-004
   56403.5778385491      -2.545880563584735E-004  1.845825424594486E-004
   56403.5982727081       1.332461334266899E-004  1.845523773907438E-004
   56403.6187067673       6.406019429050502E-005  1.845820084294008E-004
   56403.6391410266      -6.945634545152402E-005  1.846173764765722E-004
   56403.6595751861      -2.498771365033736E-005  1.846099610879073E-004
   56403.6800093457       2.998848938695620E-004  1.846472516432511E-004
   56403.7004435055      -1.131851393788574E-004  1.846429794028680E-004
   56403.7208776654       1.056052459045276E-004  1.846476788672894E-004
   56403.7413118255       1.997198880017148E-004  1.845539337068833E-004
   56403.7617459857       1.692235458974345E-004  1.846849389066305E-004
   56403.7821801461       1.023520892637908E-004  1.846433455949009E-004
   56403.8026143067       2.759828329494951E-004  1.847010208400726E-004
   56403.8230484674      -2.104437371408530E-005  1.846238153531496E-004
   56403.8434827282       2.854402333922756E-004  1.845994635829660E-004
   56403.8639168892      -3.628875203665061E-005  1.846172849285640E-004
   56403.8843509504      -4.171374247877724E-004  1.845437566199707E-004
   56403.9047852117       1.407283829881756E-004  1.845990973909331E-004
   56403.9252193732       4.016116482707943E-006  1.845755390368207E-004
   56403.9456534348       3.098930624889640E-005  1.845567716951378E-004
   56403.9660876966      -1.090356417748906E-004  1.846843133285744E-004
   56403.9865218585      -3.476330657425919E-005  1.846159269664422E-004
   56404.0069559206      -1.551134173403135E-004  1.845740742686893E-004
   56404.0273901828      -1.016028248379541E-004  1.845717397944800E-004
   56404.0478243452      -9.363592439837198E-005  1.845123861691578E-004
   56404.0682586077      -3.290319588689083E-004  1.846184903106721E-004
   56404.0886926704       3.269431303800641E-004  1.845397742816137E-004
   56404.1091268332      -1.447247346846314E-004  1.845102347909649E-004
   56404.1295610962      -8.417438847696523E-005  1.845830612314952E-004
   56404.1499951594      -2.114034820487332E-004  1.846279502715204E-004
   56404.1704293226      -8.164913416308650E-005  1.846044376914120E-004
   56404.1908635861      -1.110596694152699E-004  1.845626460256646E-004
   56404.2112976497      -1.837285995350824E-004  1.845095786969060E-004
   56404.2317319135      -3.366983861987638E-004  1.845433904279379E-004
   56404.2521660774      -1.152847731804574E-004  1.846544229038941E-004
   56404.2726001414       1.661671123143194E-005  1.846011114471137E-004
   56404.2930344056      -3.553501091256850E-004  1.845685356141927E-004
   56404.3134685700       2.549377744576198E-005  1.846153013883861E-004
   56404.3339026345       5.497803157217263E-005  1.846276298534916E-004
   56404.3543368992       7.940536489936534E-005  1.845416815317847E-004
   56404.3747710640       2.720068417860766E-005  1.845265303364261E-004
   56404.3952051290       2.244231813521846E-004  1.846020879592013E-004
   56404.4156393941       1.072585479988675E-005  1.845331675670212E-004
   56404.4360735594       1.736864265928784E-004  1.846183224726570E-004
   56404.4565078247      -2.421058760251338E-004  1.845828323614746E-004
   56404.4769418903       1.159449372349908E-004  1.845383552874864E-004
   56404.4973760561       2.079679972166737E-005  1.845788347651162E-004
   56404.5178103219      -6.211984213944088E-005  1.846272941774615E-004
   56404.5382443880       2.978185583324411E-004  1.845681083901544E-004
   56404.5586785542       5.962363898071033E-005  1.845697562543021E-004
   56404.5791128205       3.896020514873033E-004  1.846600836224017E-004
   56404.5995468869       5.397734081147298E-005  1.846186581486871E-004
   56404.6199811536       9.724712269365554E-005  1.845772937069780E-004
   56404.6404153203      -1.954663508514365E-004  1.844942138895283E-004
   56404.6608493872      -5.053981707470179E-006  1.845604336154662E-004
   56404.6812836544       9.929850378598282E-005  1.844893465870918E-004
   56404.7017178216       2.477657863531046E-004  1.846116089520550E-004
   56404.7221518889       2.030527535374915E-004  1.845664300100039E-004
   56404.7425861565       7.055763295826800E-005  1.845953591805979E-004
   56404.7630203242      -3.663701329204017E-004  1.845578855292377E-004
   56404.7834544920       2.696958824865980E-005  1.845585416232965E-004
   56404.8038886600       2.254009780533472E-005  1.845518128446931E-004
   56404.8243228281      -4.278813430690365E-004  1.845888134980110E-004
   56404.8447569964      -3.695326926455023E-004  1.845778277370259E-004
   56404.8651911648      -2.187056999495285E-004  1.844638809828083E-004
   56404.8856253334       2.059301790424684E-004  1.846461988411567E-004
