   55003.8795117514       7.355925149321596E-005  1.267246206660129E-004
   55003.8999459194       2.035646975443450E-004  1.267378689896960E-004
   55003.9203802871      -3.997992962800900E-005  1.267299458039089E-004
   55003.9408145547      -1.642218576635157E-004  1.267302038881365E-004
   55003.9612487220       3.005791136992952E-004  1.267440888195809E-004
   55003.9816830893       4.822836620654858E-005  1.267576296387219E-004
   55004.0021173561       1.752953368469035E-004  1.267516420846418E-004
   55004.0225515229      -4.456445318301583E-005  1.267463427551686E-004
   55004.0429857893       3.248171125062038E-004  1.267704392192181E-004
   55004.0634201556       1.518988734531268E-004  1.267471686246969E-004
   55004.0838543218       9.468259648948152E-005  1.267559090772047E-004
   55004.1042885879      -6.724165676252891E-004  1.267018920483696E-004
   55004.1247229536      -7.685098478375285E-003  1.263869948794768E-004
   55004.1451571192      -1.339164213789323E-002  1.260557609789774E-004
   55004.1655913844      -1.409525064222772E-002  1.260092025843197E-004
   55004.1860256496      -1.422809392646796E-002  1.259907839732773E-004
   55004.2064600146      -1.278662013380383E-002  1.260719084488170E-004
   55004.2268941793      -6.867086912535125E-003  1.264277635846288E-004
   55004.2473284438      -2.500882409485206E-004  1.267463513579762E-004
   55004.2677628081       2.353129606676996E-004  1.267764181704907E-004
   55004.2881969723      -1.670673495093311E-004  1.267340321375124E-004
   55004.3086312361       3.054277673053551E-005  1.267530787535087E-004
   55004.3290653999       2.507819857366922E-005  1.267647785718263E-004
   55004.3494997635       1.853826592582708E-004  1.267626106643145E-004
   55004.3699340268       2.935298060317004E-004  1.267617761919786E-004
   55004.3903682899       3.700535833350838E-005  1.267668948624925E-004
   55004.4108025528       2.625952927203246E-004  1.267881610028461E-004
   55004.4312368157      -3.725404379284480E-005  1.267703617939498E-004
   55004.4516710781       5.087733397346472E-005  1.267763665536451E-004
   55004.4721052405       4.122633013137200E-005  1.267823799161480E-004
   55056.3947476131       7.149062803024631E-005  1.269894925087908E-004
   55056.4151810934      -2.848777411690318E-004  1.269654218531640E-004
   55056.4356147731       2.752960903695811E-005  1.269785755459636E-004
   55056.4560483528       1.300976186461300E-004  1.269983792090275E-004
   55056.4764818321       1.985570296808570E-004  1.269897677986336E-004
   55056.4969155112      -9.908621095755521E-005  1.269802272850202E-004
   55056.5173490897      -4.861236887609977E-005  1.269688973874289E-004
   55056.5377826683       4.708919858223970E-004  1.269905678597391E-004
   55056.5582161462       1.286277747053477E-004  1.269743257590159E-004
   55056.5786498241      -7.449152245020407E-005  1.269879181950025E-004
   55056.5990834015      -7.112132797895132E-004  1.269805972057464E-004
   55056.6195168787      -6.988572326658282E-004  1.269539801190741E-004
   55056.6399505556      -8.463445872617825E-003  1.265155294276253E-004
   55056.6603840321      -1.315396587327411E-002  1.262899380042870E-004
   55056.6808176084      -1.447300104465876E-002  1.262051487327153E-004
   55056.7012511842      -1.406408861204356E-002  1.262348972413491E-004
   55056.7216847599      -1.263118209364189E-002  1.263086319051722E-004
   55056.7421183353      -5.878232427528274E-003  1.266465157759359E-004
   55056.7625519101      -1.288172195353932E-004  1.269562684658921E-004
   55056.7829854850       9.836556188791423E-005  1.269643034881778E-004
   55056.8034190594       2.480495600606369E-004  1.269771216714815E-004
   55056.8238526333      -7.460613394694171E-005  1.269394757854834E-004
   55056.8442862072      -1.151609372753715E-004  1.269615333841350E-004
   55056.8647197807       1.449736934554524E-004  1.269771646855195E-004
   55056.8851533537       4.852764379303931E-005  1.269661961058468E-004
   55056.9055868266       2.649887160149911E-004  1.269693447334234E-004
   55056.9260204992      -1.145734278675814E-004  1.268878073231194E-004
   55056.9464540715       3.727785142870754E-005  1.269062775510075E-004
   55056.9668875433       6.099449733942830E-005  1.269543930538382E-004
   55056.9873211149       2.880134847998983E-004  1.269612408886770E-004
   55108.9080767635      -5.742094007987752E-005  1.253301670647727E-004
   55108.9285096308      -1.362204926647070E-005  1.253208274526443E-004
   55108.9489425976       2.172214401466865E-004  1.253289403947015E-004
   55108.9693753642       5.862107697673924E-005  1.253301501451855E-004
   55108.9898082308       1.607987159021329E-004  1.253489139673783E-004
   55109.0102409969      -1.888490616820393E-004  1.253224601928080E-004
   55109.0306739630       1.432247075395798E-004  1.253629064659838E-004
   55109.0511068289      -6.967142418856653E-005  1.253334240853067E-004
   55109.0715396946      -3.752900698217321E-005  1.253194146671140E-004
   55109.0919725600       1.013620201052445E-004  1.253292364874773E-004
   55109.1124054252       2.334533442368558E-004  1.253047961437825E-004
   55109.1328382901      -8.899712155886474E-004  1.252813878949063E-004
   55109.1532710548      -8.633936860649949E-003  1.248768913239744E-004
   55109.1737040196      -1.322420487479126E-002  1.246572327832908E-004
   55109.1941368838      -1.404295625863905E-002  1.246081406010613E-004
   55109.2145696481      -1.395609754919080E-002  1.246038007269473E-004
   55109.2350026121      -1.250992445256016E-002  1.246817661847151E-004
   55109.2554354757      -6.117830708419647E-003  1.250114612606836E-004
   55109.2758682392       1.534365952037264E-004  1.253342869842533E-004
   55109.2963011025      -3.568414560350952E-005  1.253260302257050E-004
   55109.3167340659      -7.369699172954380E-005  1.253326796234703E-004
   55109.3371668287       8.376259875031433E-005  1.253465706045527E-004
   55109.3575996913       1.059382501104045E-004  1.253235430463882E-004
   55109.3780326540      -7.232322995687213E-005  1.253236953226729E-004
   55109.3984655161      -2.041696726781117E-004  1.253204298423454E-004
   55109.4188982783       1.028650176574386E-004  1.253137804445800E-004
   55109.4393312402       4.375081473562137E-005  1.253126214528576E-004
   55109.4597641019      -1.360292963473730E-004  1.252858292865435E-004
   55109.4801968634       3.126146806564645E-005  1.253257002937548E-004
   55109.5006297246       2.169197954138280E-005  1.253383392253851E-004
   55161.4201316446       2.818398308327419E-004  1.257016450613049E-004
   55161.4405643177       5.688676281201399E-005  1.256846831751478E-004
   55161.4609968910      -1.817081985373559E-004  1.256918739997032E-004
   55161.4814296643      -9.580558612942713E-005  1.256790151134394E-004
   55161.5018623377      -6.863853128047381E-005  1.256835326432189E-004
   55161.5222949112      -1.637633084383694E-005  1.256933460037886E-004
   55161.5427275847      -1.672579539385710E-004  1.256730002001936E-004
   55161.5835930320       8.929650448707971E-005  1.256968060593688E-004
   55161.6040256058      -1.929355175209757E-004  1.256859859833613E-004
   55161.6244583797       1.154028529474216E-004  1.257049105416324E-004
   55161.6448910536      -5.567637604980691E-004  1.256723826352612E-004
   55161.6653236277      -8.104700217174132E-003  1.252527345740014E-004
   55161.6857564018      -1.304040942817153E-002  1.250194896048049E-004
   55161.7061890759      -1.425983311269385E-002  1.249164577786163E-004
   55161.7266216502      -1.396949821507187E-002  1.249294689411648E-004
   55161.7470543245      -1.280020121975589E-002  1.250182375553529E-004
   55161.7674870990      -6.733049047925266E-003  1.253144149290996E-004
   55161.7879196735      -1.282221420126906E-004  1.257069408920951E-004
   55161.8083523480       1.479746282473382E-005  1.256990056057034E-004
   55161.8287851227       4.249412667242103E-004  1.257392911428009E-004
   55161.8492176974      -2.190037527931565E-004  1.256993693768280E-004
   55161.8696503722      -1.427307867265526E-004  1.257089797023515E-004
   55161.8900831471       5.205449477352353E-006  1.257062810281948E-004
   55161.9105157221       8.330944933465645E-006  1.256802587030978E-004
   55161.9309483972       3.562704473247802E-005  1.257010528757533E-004
   55161.9513811723       1.077561886076994E-004  1.257007567829775E-004
   55161.9718137475       1.261313025789912E-004  1.256963661501019E-004
   55161.9922464228       1.048690243597994E-004  1.257050628179171E-004
   55162.0126790982       2.284362687036134E-004  1.257105786033408E-004
   55213.9326488586      -1.540927163442563E-004  1.351964621269810E-004
   55213.9735153085       4.331269244450819E-005  1.351855410392932E-004
   55213.9939485339      -1.914212656854986E-004  1.351933418162131E-004
   55214.0143818596      -1.137470177421385E-004  1.351996731444574E-004
   55214.0348149857      -4.693099462993455E-005  1.352053695257430E-004
   55214.0552482120      -5.127083748313055E-005  1.351946570634845E-004
   55214.0756815387       2.185183047190842E-004  1.352180049702191E-004
   55214.0961147658       1.733191676375201E-004  1.352178235568023E-004
   55214.1165478930       7.154717828294910E-005  1.352192567227946E-004
   55214.1369812207       1.273257308486153E-004  1.352133607867505E-004
   55214.1574144486      -2.393932686638456E-004  1.351940856112217E-004
   55214.1778475769      -7.389096734513600E-003  1.348118747541601E-004
   55214.1982809054      -1.280460087034530E-002  1.345394552969105E-004
   55214.2187141344      -1.378043718342081E-002  1.344933127943623E-004
   55214.2391472636      -1.404903281500192E-002  1.344657379550176E-004
   55214.2595805932      -1.288126267389744E-002  1.345383486750683E-004
   55214.2800138230      -7.215749476460309E-003  1.348282291736794E-004
   55214.3004469532      -4.168402842692487E-004  1.352044080346343E-004
   55214.3208801836      -1.519182289672072E-004  1.352152565569554E-004
   55214.3413135145      -1.554226527352709E-004  1.352161817653808E-004
   55214.3617466456      -6.656320304709862E-005  1.352183768677234E-004
   55214.3821798771       5.133927131528715E-006  1.352229847685086E-004
   55214.4026132088      -3.880770905595465E-005  1.352091519954821E-004
   55214.4230463409      -1.595552925178767E-004  1.352108391402578E-004
   55214.4434795733       4.031609542382020E-004  1.352961850821638E-004
   55214.4639129061      -1.557157003495568E-005  1.352252887189012E-004
   55214.4843460390      -2.783171769249471E-005  1.352276924466731E-004
   55214.5047792724       2.832446696299229E-006  1.352385137569817E-004
   55214.5252126061      -8.974836326369751E-005  1.352271028530687E-004
   55266.4471209301      -1.297559478800059E-004  1.373753279687534E-004
   55266.4675548823      -1.151633058393831E-005  1.373792737105675E-004
   55266.4879890347       1.768281449698872E-005  1.373801172829554E-004
   55266.5084230874       8.702489129397417E-005  1.373825754347522E-004
   55266.5288570404       2.080502525682038E-004  1.373717722657853E-004
   55266.5492911936       1.606015507685798E-004  1.373684705416006E-004
   55266.5697252472       1.860057831578610E-004  1.373871924062083E-004
   55266.5901592009       2.031124351203895E-004  1.373795549013635E-004
   55266.6105933550       1.933138691280201E-004  1.373594361534469E-004
   55266.6310274093      -6.337288205926495E-005  1.373750104952741E-004
   55266.6514613639      -4.385670565176802E-005  1.373778224032336E-004
   55266.6718955189      -5.117912376306766E-004  1.373462201860373E-004
   55266.6923295741      -8.191106511429957E-003  1.369667396008976E-004
   55266.7127636296      -1.337684638595271E-002  1.366917077904469E-004
   55266.7331975854      -1.443035061499087E-002  1.366238501019147E-004
   55266.7536317414      -1.444074952961316E-002  1.366375740268912E-004
   55266.7740657976      -1.311725218856197E-002  1.367010052280549E-004
   55266.7944997542      -6.952169139731401E-003  1.370247011875465E-004
   55266.8149339111      -2.337767641148458E-004  1.373714185096226E-004
   55266.8353678683       2.755926279996990E-004  1.373869384274249E-004
   55266.8558019257       3.807918677677380E-004  1.373966712572330E-004
   55266.8762360833      -6.387832525822645E-005  1.373823395973105E-004
   55266.8966700413       3.553384153592853E-004  1.374016964088768E-004
   55266.9171040996       3.063990351920287E-004  1.374071115993665E-004
   55266.9375382580       2.050062760393656E-004  1.373884985828088E-004
   55266.9579722168       6.319332788840004E-005  1.373848431024615E-004
   55266.9784062760      -1.746376226208213E-005  1.373797544561219E-004
   55266.9988404353       2.411111516897879E-005  1.373917640243102E-004
   55267.0192743950      -4.787008789541858E-005  1.373857955228994E-004
   55267.0397084549      -2.799880339909855E-006  1.373917912363227E-004
   55318.9633175623       1.057046445340770E-005  1.275158944889753E-004
   55318.9837520522      -1.811457457800980E-004  1.274977003207858E-004
   55319.0041866422       3.827366110320529E-005  1.275242306002561E-004
   55319.0246210323      -2.900960645602080E-005  1.275205813897162E-004
   55319.0450555223      -5.078830063742767E-005  1.275183503557842E-004
   55319.0654901125       2.839503199514315E-005  1.275094867519847E-004
   55319.0859245026       1.071261970183590E-004  1.275218525602123E-004
   55319.1063589928      -8.974078753454240E-005  1.275192929243834E-004
   55319.1267935831      -2.394571072670271E-004  1.275079388641016E-004
   55319.1472279734       1.024653072362325E-004  1.275109395182659E-004
   55319.1676624638      -1.628793725894084E-004  1.275103687886554E-004
   55319.1880970542      -9.310130431423591E-004  1.274526559186475E-004
   55319.2085315447      -9.062371980598449E-003  1.270406496717902E-004
   55319.2289659351      -1.334232207391561E-002  1.267631540172272E-004
   55319.2494005257      -1.414976069410212E-002  1.266959895189726E-004
   55319.2698349163      -1.411631274001512E-002  1.267021118911580E-004
   55319.3107039976      -5.597456534905620E-003  1.272262492116432E-004
   55319.3311383883      -5.219228231712059E-005  1.274993433302706E-004
   55319.3515729791       5.160196124731620E-006  1.275262800384029E-004
   55319.3720074699      -9.781645703554886E-005  1.274715245854676E-004
   55319.3924418608       6.276588466647137E-005  1.275264097496780E-004
   55319.4128764517      -1.400740171139114E-004  1.274918892556607E-004
   55319.4333109426      -4.386836924030746E-005  1.275056127085679E-004
   55319.4537453336      -4.223466536545928E-005  1.275286234887733E-004
   55319.4741799247      -2.059220862191680E-004  1.274863894975958E-004
   55319.4946144157       1.246791642454115E-004  1.275098845332283E-004
   55319.5150488069       1.593673626988368E-004  1.275161971486173E-004
   55319.5354833981       1.274967781504932E-004  1.274903240729410E-004
   55371.9702692213      -7.058305975389256E-004  1.286468363046202E-004
   55371.9907035109       9.800601753162663E-005  1.287083417861698E-004
   55372.0111379006       2.310122576166806E-004  1.286884048673235E-004
   55372.0315720897      -3.295131524760908E-005  1.286655912614075E-004
   55372.0520063789       2.033237529189824E-004  1.286929328249168E-004
   55424.0156350020      -2.165492579752071E-004  1.288788832676516E-004
   55424.0360686306      -2.186540440068940E-004  1.288670288834728E-004
   55424.0565022590       1.577808968777905E-005  1.289063204310333E-004
   55424.0769358869      -3.620160906148140E-005  1.288880260918130E-004
   55424.0973695146       1.151243046361161E-004  1.288857230039777E-004
   55424.1178031419      -1.925516656272608E-004  1.288698186615677E-004
   55424.1382368691       1.226854792456544E-004  1.288972384431543E-004
   55424.1586703959       8.781378283073682E-005  1.288798218845807E-004
   55424.1791040224      -8.137772754146511E-005  1.288739033833888E-004
   55424.1995377485       1.284127024042681E-004  1.288845236601238E-004
   55424.2199712744      -2.179646633934440E-003  1.287818059426681E-004
   55424.2404050000      -1.069699093598053E-002  1.283251079703708E-004
   55424.2608386254      -1.351412857822998E-002  1.281738168268333E-004
   55424.2812721503      -1.415053565796620E-002  1.281485610787221E-004
   55424.3017058749      -1.358821152601375E-002  1.281937102911920E-004
   55424.3221394994      -1.169174095500891E-002  1.282869462394842E-004
   55424.3425730234      -3.256166332904264E-003  1.287248284187117E-004
   55424.3630067471      -1.120979244243481E-004  1.288693145895131E-004
   55424.3834403706      -1.125897858584857E-004  1.288674199738599E-004
   55424.4038738937       1.842455535505660E-005  1.288705834605469E-004
   55424.4243076165       6.400233720993409E-005  1.288935535026178E-004
   55424.4447412391       1.236071576038444E-005  1.289028962174215E-004
   55424.4651748614      -1.668932883893692E-004  1.288766931614837E-004
   55424.4856084833      -9.834700997979340E-005  1.288841499515317E-004
   55424.5060421050      -2.193286932972160E-005  1.288727909485098E-004
   55424.5264757262       1.443166467366419E-004  1.288932580121031E-004
   55424.5469093474      -1.697087627234861E-004  1.288540012281326E-004
   55424.5673429681      -2.462907111197010E-004  1.288730516754346E-004
   55476.5086494258       1.660693125385970E-004  1.259990032630516E-004
   55476.5290822322       1.693003050912134E-004  1.259937954247532E-004
   55476.5495152383       3.117386630678842E-004  1.260070626062544E-004
   55476.5699481445       1.997806161394555E-004  1.260136108226066E-004
   55476.5903810504       1.687933814605858E-004  1.260047574974993E-004
   55476.6108139559       2.257536327864296E-004  1.260009156495743E-004
   55476.6312468614       1.533379171020366E-004  1.259952297146452E-004
   55476.6516797664       1.385762987834438E-004  1.259827479776086E-004
   55476.6925455761      -3.179344732662237E-005  1.259830809377621E-004
   55476.7129784807      -7.918990668942527E-005  1.260048855590968E-004
   55476.7334114850      -2.254776440042794E-003  1.258862749074903E-004
   55476.7538442891      -1.070266616671012E-002  1.253766580489503E-004
   55476.7742772929      -1.369725562657276E-002  1.252191337465828E-004
   55476.7947101965      -1.405114268135277E-002  1.251898161781946E-004
   55476.8151429999      -1.383680563400325E-002  1.251805786682948E-004
   55476.8355760030      -1.173291548598066E-002  1.253210366284352E-004
   55476.8560089059      -3.953298656538817E-003  1.257538421407934E-004
   55476.8764417086      -9.484985521901468E-005  1.259695064084269E-004
   55476.8968747112      -1.243146367237991E-004  1.259849420996458E-004
   55476.9173076135       2.930351221662741E-004  1.259978421712342E-004
   55476.9377404154      -3.922806514000676E-005  1.259665780665640E-004
   55476.9581734174      -9.492300326074954E-005  1.259615665893818E-004
   55476.9786063189      -2.300205500057606E-004  1.259623861836058E-004
   55476.9990391204      -6.420995498634952E-006  1.259777450378662E-004
   55477.0194721215       3.720804299500724E-005  1.259754911537502E-004
   55477.0399049225      -1.369385872240780E-004  1.259944613450602E-004
   55477.0603379233      -3.662872720797683E-004  1.259702064784933E-004
   55477.0807708239      -2.827399192766311E-004  1.259880070405460E-004
   55529.0207634879       1.862844131360619E-004  1.263586087662775E-004
   55529.0411961504      -2.284461979895624E-004  1.263778521556622E-004
   55529.0616287130      -2.883274985698847E-005  1.264074941467640E-004
   55529.0820614757      -2.960392675815937E-004  1.263315963066444E-004
   55529.1024941384       4.468023510095787E-005  1.263812927439151E-004
   55529.1229269011      -1.245534162024331E-004  1.263501310885229E-004
   55529.1433594640      -1.919102327766486E-004  1.263621347289288E-004
   55529.1637921268      -1.595538105968464E-004  1.263543912709998E-004
   55529.1842248897      -2.471611828291920E-004  1.263763154164922E-004
   55529.2046574527       1.634991161653110E-004  1.263939366923085E-004
   55529.2250901157       1.640059456388121E-004  1.263471344471413E-004
   55529.2455228788      -1.801448450582499E-003  1.263008700606837E-004
   55529.2659554420      -1.011834205935636E-002  1.258343672733028E-004
   55529.2863881052      -1.338795953591121E-002  1.256837412223207E-004
   55529.3068207684      -1.411864164517018E-002  1.256091410730558E-004
   55529.3272534317      -1.367227338647070E-002  1.255998011138780E-004
   55529.3476861951      -1.211862956178478E-002  1.257586914066188E-004
   55529.3681188585      -4.249229848852565E-003  1.261418090191462E-004
   55529.3885514220      -3.431699861489168E-005  1.263699891735756E-004
   55529.4089841855      -2.346099436992821E-004  1.263825818973299E-004
   55529.4294168491       1.490646903327120E-004  1.263589844136302E-004
   55529.4498494127      -4.122603189726792E-005  1.263747530650026E-004
   55529.4702821764      -1.828310971909719E-004  1.263766654515253E-004
   55529.4907148402       4.719435721212140E-005  1.263766227643262E-004
   55529.5111476040      -1.208082228159046E-004  1.263547071562736E-004
   55529.5315801679      -3.971784686829238E-005  1.263532728663816E-004
   55529.5520128318       4.970875081455883E-005  1.263541180729251E-004
   55529.5724455957       2.118284809801141E-004  1.263959429906693E-004
   55529.5928781598       1.137872864661604E-004  1.263801828767367E-004
   55581.5331805451      -8.199353386284525E-005  1.357819801443084E-004
   55581.5536138092      -1.351400039962813E-004  1.357803080300527E-004
   55581.5740468737      -6.257428191080994E-005  1.357862798666801E-004
   55581.5944800385       3.765989516157919E-005  1.358061798638107E-004
   55581.6149132036       3.066697254638928E-005  1.357895597831046E-004
   55581.6353463690      -2.660929815965218E-004  1.358024222004559E-004
   55581.6557796347       1.059304063514288E-004  1.358120322637055E-004
   55581.6762128007       1.277346875748764E-004  1.358113707679560E-004
   55581.6966458671       1.902640752226015E-004  1.358392454638444E-004
   55581.7170791336      -2.350418183614256E-004  1.357789666636718E-004
   55581.7579453679      -1.437592687154154E-003  1.357255233195773E-004
   55581.7783786354      -9.518257619203330E-003  1.352920690422812E-004
   55581.7988117032      -1.321460302263311E-002  1.350975617296073E-004
   55581.8192449715      -1.378726686850773E-002  1.350735549463653E-004
   55581.8396781399      -1.382102704156640E-002  1.350945758112937E-004
   55581.8601112087      -1.213034342996422E-002  1.351534673078805E-004
   55581.8805444777      -4.212669081011033E-003  1.355693827603741E-004
   55581.9009776471       2.513135397619326E-005  1.358790913953103E-004
   55581.9214108168       2.267438941819799E-004  1.358895558905697E-004
   55581.9418439868       1.516849424697542E-004  1.358648692366962E-004
   55581.9622771571       1.330011675758636E-004  1.358826009977590E-004
   55581.9827103278       2.080471766198189E-004  1.358816179415758E-004
   55582.0031434987       3.718699517450963E-004  1.358498293958362E-004
   55582.0235766699       6.453200195988273E-006  1.358748284227025E-004
   55582.0440099415      -3.171554310255065E-005  1.358639321177178E-004
   55582.0644430133       5.686602513044203E-005  1.358860279132390E-004
   55582.0848761855       8.740376109972470E-005  1.359025285572125E-004
   55582.1053094579       6.063248561372081E-005  1.358764454123124E-004
   55582.1257426307       1.432329970552093E-005  1.358668996611495E-004
   55634.0474855731       1.214247420289194E-005  1.382706098408694E-004
   55634.0679195677       1.171933171628670E-005  1.382537600741393E-004
   55634.0883535624       3.537863442512057E-004  1.382805874017576E-004
   55634.1087876574      -1.074751658139972E-004  1.382565898059566E-004
   55634.1292215528      -1.319877913956713E-004  1.382448574438440E-004
   55634.1496555485      -5.540979228468856E-005  1.382473931775504E-004
   55634.1700896444       1.708833564101342E-004  1.382518674613005E-004
   55634.1905235407       8.133329140180834E-007  1.382290274830610E-004
   55634.2313916339      -8.053515016315238E-005  1.382315632167674E-004
   55634.2518255310       2.037107558460205E-004  1.382780149182873E-004
   55634.2722595285      -1.615244972693497E-003  1.381811425407505E-004
   55634.2926936262      -1.043596022623705E-002  1.376280218448828E-004
   55634.3131275242      -1.364776351445407E-002  1.374781838701817E-004
   55634.3335616224      -1.457953178275395E-002  1.374336247815006E-004
   55634.3539956209      -1.438026292250627E-002  1.374410757961234E-004
   55634.3744295198      -1.233978054303164E-002  1.375598234705983E-004
   55634.3948636189      -4.300128586929297E-003  1.380538505461779E-004
   55634.4152976184       1.614626847735723E-004  1.382519133985053E-004
   55634.4357315180      -1.256367780655410E-005  1.382752403111159E-004
   55634.4561656180       1.860135719579104E-004  1.382705730911055E-004
   55634.4765996184       6.165297234517197E-006  1.382648217530614E-004
   55634.4970337190       5.806629971660815E-005  1.382864673639753E-004
   55634.5174676198       6.526169719778263E-005  1.382729618257565E-004
   55634.5379016209      -9.537450959007376E-005  1.382512794650787E-004
   55634.5583357224      -3.368429173875587E-004  1.382251779452966E-004
   55634.5787697241      -4.979667309257252E-005  1.382554230009540E-004
   55634.5992036262       7.785188051168124E-005  1.382741653805229E-004
   55634.6196377285      -3.031604741282612E-004  1.382618450221886E-004
   55686.5635890237       1.120208387883626E-005  1.279139753981434E-004
   55686.5840235016       2.295027031090635E-004  1.279318615510001E-004
   55686.6044578795      -5.375222340120445E-005  1.279144715104124E-004
   55686.6248924576       1.823643949049325E-004  1.279323750707171E-004
   55686.6453268356       6.107147989975470E-005  1.279206337470170E-004
   55686.6657614138      -1.828934058091258E-004  1.279232448642224E-004
   55686.6861958920      -6.342684369053941E-005  1.279208513401175E-004
   55686.7066303703      -2.126245468681009E-005  1.279279361714680E-004
   55686.7270647486      -2.541056954392662E-004  1.279128352102970E-004
   55686.7474993270       2.533486989741984E-005  1.279444297284819E-004
   55686.7679338055       1.003873932939880E-004  1.279312696977669E-004
   55686.7883682841      -2.315189402500306E-003  1.278060927389420E-004
   55686.8088027627      -1.083338266734968E-002  1.273727952461609E-004
   55686.8292372413      -1.356529116806826E-002  1.272123333901676E-004
   55686.8496717201      -1.424960013960663E-002  1.271684840285656E-004
   55686.8701061989      -1.356353006525590E-002  1.272059100418424E-004
   55686.8905406778      -1.157341712701809E-002  1.273172915980990E-004
   55686.9109752567      -3.005997979366182E-003  1.277726182163693E-004
   55686.9314096357      -1.365095106042880E-004  1.279059766757710E-004
   55686.9518442148      -2.628446561748765E-004  1.279097889068908E-004
   55686.9722786940      -1.875328715317259E-004  1.279192324474502E-004
   55686.9927130732       8.222509983435433E-005  1.279333063691870E-004
   55687.0131476524       8.892578428953968E-006  1.279336458144237E-004
   55687.0335821318      -3.510409718143759E-005  1.279371795263750E-004
   55687.0540165112       1.747354126012679E-004  1.279416358330721E-004
   55687.0744510906      -2.742894207430346E-006  1.279211994890782E-004
   55687.0948855702       1.936471561908570E-004  1.279456395461203E-004
   55687.1153199498       6.011214061640846E-005  1.279442469502775E-004
   55687.1357545295      -7.450463863023504E-005  1.279241239403482E-004
   55739.3662238315      -1.465207792887868E-002  1.272020949326229E-004
   55739.3866581610      -1.400561472823381E-002  1.272784323107046E-004
   55739.4070925900      -1.131587193037042E-002  1.274334471449331E-004
   55739.4275268192      -2.551961413636450E-003  1.278000506108087E-004
   55739.4479611480      -3.798797459014791E-004  1.279704117996895E-004
   55739.4683955767      -7.608564383290162E-004  1.279586237659903E-004
   55739.4888298053      -5.892718320795742E-004  1.280171081889454E-004
   55739.5092641336      -6.042728337212200E-004  1.279819193745943E-004
   55739.5296985616      -1.598508557167921E-004  1.280573803189437E-004
   55739.5501327897      -3.681399470218949E-004  1.280310347209513E-004
   55739.5705671175      -4.096043653906145E-004  1.280186857696635E-004
   55739.5910015451      -5.245338932859944E-004  1.280251450862704E-004
   55739.6114357727      -2.586124403582968E-004  1.280652769868715E-004
   55739.6318700998      -4.062696817362932E-004  1.280540761637730E-004
   55739.6523045270      -1.786559501154583E-004  1.281012458272443E-004
   55791.5752044227      -1.053225306110184E-004  1.283586807074271E-004
   55791.5956382166      -3.911582344040543E-005  1.283457708385506E-004
   55791.6160719099      -6.150828452311519E-005  1.283622127353682E-004
   55791.6365056031      -1.186932360925930E-004  1.283555080173163E-004
   55791.6569392960      -7.009005401514834E-005  1.283109851837164E-004
   55791.6773729886       4.727356223921397E-006  1.283624230794639E-004
   55791.6978066808       1.167241792324747E-004  1.283587683508003E-004
   55791.7182403728      -5.443510741498514E-006  1.283638867237969E-004
   55791.7386740645      -3.890098807590725E-005  1.283421336385617E-004
   55791.7591078560      -3.564804878486427E-005  1.283604686322410E-004
   55791.7795414471      -3.859171040265785E-005  1.283519409320259E-004
   55791.7999751379      -1.312700671465272E-004  1.283304770699223E-004
   55791.8204089285      -4.535807412990644E-003  1.280977137993032E-004
   55791.8408425186      -1.215478627812860E-002  1.277605760355068E-004
   55791.8612762084      -1.379462821963673E-002  1.276738178603484E-004
   55791.8817099981      -1.415500204240427E-002  1.276643699047144E-004
   55791.9021435872      -1.360331473132703E-002  1.276933448039036E-004
   55791.9225773764      -9.749186720860004E-003  1.278582019889456E-004
   55791.9430109651      -1.334147181904388E-003  1.283002401061586E-004
   55791.9634446534      -1.441625505809174E-004  1.283466735652949E-004
   55791.9838784416      -1.437339261981530E-004  1.283709332510044E-004
   55792.0043120294       5.750695041817355E-005  1.283788123902576E-004
   55792.0247457167       1.145662501059741E-004  1.283524755566026E-004
   55792.0451795040      -1.876644403653316E-006  1.283770507584557E-004
   55792.0656130909       5.220627968927083E-006  1.283552626158712E-004
   55792.0860467775       1.921290381645679E-005  1.283641584182539E-004
   55792.1064805639       1.565015435808226E-004  1.283405648221809E-004
   55792.1269142498       2.991607109840144E-004  1.283664283816205E-004
   55792.1473478355       1.431234690317806E-004  1.283547455199692E-004
   55792.1677816209      -1.498675125958249E-004  1.283684967652287E-004
   55844.0888040619      -1.121481763114440E-004  1.266527836351984E-004
   55844.1092370190      -9.472687984801720E-005  1.266378719836938E-004
   55844.1296698757      -3.511105288156458E-005  1.266602865143548E-004
   55844.1501029322      -1.257505219925958E-004  1.266522189943497E-004
   55844.1705358884       2.126705775306048E-004  1.266686449099487E-004
   55844.1909689444       3.727810154241507E-005  1.266404556433349E-004
   55844.2114018001      -1.719673923227250E-004  1.266575916375769E-004
   55844.2318347557       2.613893768654840E-006  1.266535707103209E-004
   55844.2522678110       1.137701301369143E-004  1.266319774754398E-004
   55844.2727006660       8.798013514155212E-005  1.266539642478821E-004
   55844.2931336208      -1.091643585571234E-004  1.266361267301614E-004
   55844.3135666754      -2.577196121199554E-004  1.266155686701696E-004
   55844.3339995298      -4.236468434662743E-003  1.264242067534420E-004
   55844.3544324839      -1.201234995551392E-002  1.260790229812620E-004
   55844.3748655378      -1.372535010666887E-002  1.259950797084199E-004
   55844.3952983915      -1.400029011325699E-002  1.259280414403818E-004
   55844.4157313449      -1.326186902656368E-002  1.260357252943629E-004
   55844.4361643981      -1.007811011162774E-002  1.261965709397668E-004
   55844.4565973511      -1.678715647308371E-003  1.265857710326534E-004
   55844.4770303038      -2.966271152511357E-004  1.266258434225833E-004
   55844.4974632563      -1.050584403066157E-004  1.266441771398377E-004
   55844.5178962083      -8.490605395983231E-005  1.266565136868657E-004
   55844.5383291604      -6.147375925136256E-005  1.266389413792406E-004
   55844.5587621122      -1.692322983490868E-004  1.266362037266408E-004
   55844.5791950637       1.216020953820340E-006  1.266555982842776E-004
   55844.5996281151       3.002093782200621E-005  1.266632808218859E-004
   55844.6200609662      -2.938889361980834E-005  1.266306000939755E-004
   55844.6404939168       2.506988428135903E-004  1.266639566798715E-004
   55844.6609269674      -1.121180880063744E-004  1.266720241998766E-004
   55844.6813598178      -5.312798343481973E-005  1.266498492138180E-004
   55896.6418450799      -3.750786206779821E-005  1.269870167969792E-004
   55896.6622778341      -4.242449772673407E-005  1.269230669432802E-004
   55896.6827104883       4.374496981640608E-005  1.269144091169333E-004
   55896.7031430426       1.607387038615737E-005  1.269598370397616E-004
   55896.7235757969      -1.822047905370994E-004  1.269505375760866E-004
   55896.7644410055      -8.129030544035132E-005  1.269379700396205E-004
   55896.7848737599      -1.084228347320026E-004  1.269547638272876E-004
   55896.8053064142       5.046683521692241E-005  1.269486811054173E-004
   55896.8257390686       2.598974757705985E-005  1.269613341935271E-004
   55896.8461717231      -3.882896213787457E-003  1.267802299188845E-004
   55896.8666042776      -1.200549026758224E-002  1.263661770734902E-004
   55896.9074696866      -1.433223239266890E-002  1.262857499732061E-004
   55896.9279023411      -1.354954040910838E-002  1.262995494533420E-004
   55896.9483349957      -1.033239372283534E-002  1.264422068192859E-004
   55896.9687676503      -1.973976353472073E-003  1.268335285929373E-004
   55896.9892003050      -5.661605648655810E-004  1.269283283693705E-004
   55897.0096329597      -2.300678094333541E-004  1.269559016641494E-004
   55897.0300656143      -3.031387877623359E-004  1.269441896441208E-004
   55897.0504983691       2.269353784367656E-005  1.269733199788157E-004
   55897.0709310238       2.250683029944023E-004  1.269981214003373E-004
   55897.0913635786       6.352324852909597E-006  1.269645680456607E-004
   55897.1117963334       2.317216584509785E-004  1.269679387804242E-004
   55897.1322289883      -2.660907298855930E-004  1.269232722672252E-004
   55897.1526615432       4.635392943097560E-005  1.269529330221114E-004
   55897.1730942980      -2.901529768588595E-004  1.269472010619806E-004
   55897.1935269529       1.773125492202654E-004  1.269677163461505E-004
   55949.1337141933       1.915551897823109E-004  1.339500088480292E-004
   55949.1541472911       5.066135038112041E-005  1.339490281569096E-004
   55949.1745804891       1.404625124975523E-004  1.339120498036827E-004
   56001.6478513062      -9.394331227141617E-005  1.337714330925920E-004
   56001.6682852339       1.010297599147725E-004  1.337756617607226E-004
   56001.6887191621       1.780158255371145E-005  1.337718109735739E-004
   56001.7091530905       6.997653531815029E-005  1.337822656807393E-004
   56001.7295870191      -1.501690398184596E-004  1.337482833838687E-004
   56001.7500209482       2.126793508415714E-004  1.337770653186553E-004
   56001.7704548775      -4.247374341392884E-005  1.337747260554341E-004
   56001.7908888072       1.220145531209971E-004  1.337755717890602E-004
   56001.8113226371      -3.802870396674152E-005  1.337592329351770E-004
   56001.8317566672       3.910571080212311E-005  1.337651530705598E-004
   56001.8521905978      -4.544880946953933E-004  1.337515853438771E-004
   56001.8726246286      -3.576429581873986E-003  1.335979137445790E-004
   56001.8930584598      -1.170679262086638E-002  1.332141036301496E-004
   56001.9134923912      -1.393120028022665E-002  1.330827809917799E-004
   56001.9339264229      -1.387089351915871E-002  1.330710756785078E-004
   56001.9543602549      -1.353926627217095E-002  1.331224135090462E-004
   56001.9747941873      -1.060239352419734E-002  1.332635520557785E-004
   56001.9952282199      -2.268786247180521E-003  1.336779705297402E-004
   56002.0156620528       8.041869742692054E-005  1.337769033696630E-004
   56002.0360960861      -1.267187855101826E-004  1.337699485601632E-004
   56002.0565300196       1.119982453656743E-005  1.337654499770456E-004
   56002.0769638535       4.334250390203298E-005  1.337811140434611E-004
   56002.0973978876       2.392707590389564E-004  1.337866832893607E-004
   56002.1178318221      -2.019994484666610E-004  1.337623909405256E-004
   56002.1382657569       7.822771609256041E-005  1.337854236860878E-004
   56002.1586996920      -1.069043710960615E-004  1.337788827462348E-004
   56002.1791336272      -1.416196262521430E-004  1.337702184751503E-004
   56002.1995676630       6.132524313395837E-005  1.337720898857272E-004
   56002.2200015989      -2.294804930961236E-004  1.337607444591045E-004
   56054.1433884052       3.757933597129393E-004  1.292620189228135E-004
   56054.1638229650       1.783517738905838E-004  1.292583209143514E-004
   56054.1842573249       2.201771435711430E-004  1.291996351278881E-004
   56054.2046917848      -3.105981473883190E-004  1.291782063300607E-004
   56054.2251262449      -4.522265002870896E-005  1.292524076737671E-004
   56054.2455607050       1.200846194125971E-004  1.291967946286346E-004
   56054.2659952653       6.530951042205135E-005  1.292411796625671E-004
   56054.2864296256      -1.461474727626477E-004  1.292388572417938E-004
   56054.3068640860      -2.074059564866060E-004  1.291777507782937E-004
   56054.3272986465      -1.457819948452732E-004  1.291633964314372E-004
   56054.3477330071       1.135837933341488E-005  1.291851914571557E-004
   56054.3681674678      -8.651409120896680E-005  1.291698277505017E-004
   56054.3886020285      -4.635342743293691E-003  1.289420697317433E-004
   56054.4090364894      -1.220207685084107E-002  1.286074803574138E-004
   56054.4294709504      -1.389920293354430E-002  1.284947714908089E-004
   56054.4499054114      -1.420839839989696E-002  1.284948697470724E-004
   56054.4703398725      -1.339766919508334E-002  1.285403445322908E-004
   56054.4907743338      -1.011303255562046E-002  1.286826374665924E-004
   56054.5112087951      -1.230600929597148E-003  1.291234597265243E-004
   56054.5316432565      -1.190539307645011E-004  1.291410297329130E-004
   56054.5520778179      -1.436180978759971E-004  1.291578851482945E-004
   56054.5725121795      -1.591320733462798E-005  1.291601718395174E-004
   56054.5929467412      -1.981399138119011E-004  1.291829851574211E-004
   56054.6133812029      -4.974682996827795E-005  1.291731059367471E-004
   56054.6338155648      -1.596602234985589E-004  1.291758660445123E-004
   56054.6542501267       9.491845930909015E-006  1.291888537360675E-004
   56054.6746845887       5.623152723244207E-005  1.291931948764360E-004
   56054.6951189508      -7.000809400303787E-006  1.291758035177991E-004
   56054.7155535130       1.544692363316669E-004  1.291913190750422E-004
   56054.7359879753       7.237476104082763E-005  1.291641556843823E-004
   56106.6599727955       4.630697153532592E-004  1.289213312787424E-004
   56106.6804071643       9.424275831948492E-007  1.288794167640354E-004
   56106.7008414329       1.401123528251835E-004  1.289553524548779E-004
   56106.7212759012      -1.580970500846268E-004  1.289695604643068E-004
   56106.7417102694       1.374312368668251E-004  1.289941628476748E-004
   56106.7621445375       1.066336170972848E-004  1.289891341701803E-004
   56106.7825790056       1.208552228951776E-004  1.290075105718886E-004
   56106.8030133732       5.597887076547181E-006  1.290086546625355E-004
   56106.8234476409       1.170940306355339E-004  1.290439263563547E-004
   56106.8438821085       6.622552483304123E-005  1.290182951782965E-004
   56106.8643163757       8.498449441518563E-005  1.290513673800194E-004
   56106.8847508428      -1.009839629301235E-004  1.290589503064000E-004
   56106.9051852100      -5.782933215545349E-003  1.287975300280451E-004
   56106.9256194767      -1.260528616222800E-002  1.284270575125259E-004
   56106.9460539435      -1.392169249008912E-002  1.283327986334936E-004
   56106.9664883099      -1.436422209048949E-002  1.283232468069301E-004
   56106.9869225764      -1.319792768761507E-002  1.283796974810965E-004
   56107.0073570426      -8.737290303127088E-003  1.286486740790727E-004
   56107.0277914089      -7.978295375838940E-004  1.290276696264652E-004
   56107.0482257747       1.310634698555857E-004  1.291395953936262E-004
   56107.0686601405       1.261306971845899E-004  1.291247754287351E-004
   56107.0890945062       2.218069521343624E-004  1.291377950029183E-004
   56107.1095289716       1.007711108033105E-004  1.290957917990138E-004
   56107.1299632369       1.121604060440040E-004  1.290884039888676E-004
   56107.1503976022       8.675871496588439E-005  1.290924836919496E-004
   56107.1708320670       9.122594732013933E-005  1.291267088532392E-004
   56107.1912663319      -3.626858070993055E-005  1.291112059815278E-004
   56107.2117006967       1.655504943964825E-005  1.291421230357531E-004
   56107.2321351613       4.601215357180610E-005  1.291263540964494E-004
   56107.2525695257       7.021261096851195E-005  1.291270902167881E-004
   56159.1756109854      -1.070503546818369E-005  1.293287162382334E-004
   56159.1960446470      -6.025665648223821E-006  1.293218783011113E-004
   56159.2164784086       2.163208605906464E-004  1.293324943980441E-004
   56159.2369122697       4.707585019059213E-005  1.293238294634548E-004
   56159.2573459306       2.168377185073345E-004  1.293297450329236E-004
   56159.2777797912       6.042658242766397E-005  1.293184815048496E-004
   56159.2982135514       2.290139883853737E-005  1.293273415556732E-004
   56159.3186472114      -1.343130284748861E-004  1.293177276466714E-004
   56159.3390810711      -1.146349737080055E-005  1.293112355974192E-004
   56159.3595148306      -5.594673814612872E-005  1.293209559334579E-004
   56159.3799484896      -1.408441540156069E-004  1.293128142651336E-004
   56159.4003823484      -2.354917586914196E-004  1.293150492329089E-004
   56159.4208161070      -6.794898962723783E-003  1.290011160807536E-004
   56159.4412497650      -1.290087235548310E-002  1.287073774588539E-004
   56159.4616836231      -1.418221292094035E-002  1.286543679255480E-004
   56159.4821173808      -1.416895686242958E-002  1.286597779665914E-004
   56159.5025512379      -1.304534445020600E-002  1.287064018776822E-004
   56159.5229848951      -7.662624052012013E-003  1.289516541153450E-004
   56159.5434186518      -3.139880965529196E-004  1.293122200475108E-004
   56159.5638525082      -4.483378075281763E-005  1.293418245016141E-004
   56159.5842861645       5.667075984006065E-005  1.293209470645382E-004
   56159.6047199202      -5.572904652284549E-005  1.293352437631645E-004
   56159.6251537758      -1.779417096612335E-004  1.293128497408125E-004
   56159.6455875311       6.914737974728080E-005  1.293386849040249E-004
   56159.6660211861      -4.076170149969194E-005  1.293294080139734E-004
   56159.6864550407       1.516688333961236E-004  1.293568129759803E-004
   56159.7068887951       9.663446156937816E-006  1.293291330774613E-004
   56159.7273224492       2.029974282696800E-004  1.293428621652240E-004
   56159.7477563029       5.966455596839726E-005  1.293207342104644E-004
   56159.7681900566      -1.162991605431207E-004  1.293189338197565E-004
   56211.6893812218       1.062340928762451E-004  1.276392825715925E-004
   56211.7098141350       8.329425496078624E-005  1.276349561767351E-004
   56211.7302472481       1.366935618968279E-004  1.276394642801765E-004
   56211.7506802609       1.176379093711377E-004  1.276411256158017E-004
   56211.7711131734      -1.591749640251772E-004  1.276310364629943E-004
   56211.7915462855       5.363077791586957E-005  1.276362281368232E-004
   56211.8119792976       2.803001773424851E-004  1.276541826754813E-004
   56211.8324124093       2.384968789984621E-004  1.276479613196764E-004
   56211.8528453209       6.285243733394896E-005  1.276412727132269E-004
   56211.8732783321       1.262806577458919E-004  1.276430984518567E-004
   56211.8937114430      -1.937514244598759E-007  1.276368078737341E-004
   56211.9141443540      -2.379000432239931E-004  1.276301106144948E-004
   56211.9345773644      -7.317409885684523E-003  1.273102948538468E-004
   56211.9550104747      -1.290649374552444E-002  1.270056733919379E-004
   56211.9754433847      -1.407871735622257E-002  1.269446798772384E-004
   56211.9958763945      -1.407033138335501E-002  1.269590867721135E-004
   56212.0163095038      -1.286468913039585E-002  1.270066425043859E-004
   56212.0367424131      -7.793683186557487E-003  1.272907049379325E-004
   56212.0571754221      -4.817222082057482E-004  1.276285704179256E-004
   56212.0776085308      -1.708645177742607E-004  1.276356137887534E-004
   56212.0980414394       4.050296161794975E-006  1.276426917707401E-004
   56212.1184745475      -6.774888615712626E-005  1.276434705218144E-004
   56212.1389075554      -1.263689254438205E-004  1.276502196977920E-004
   56212.1593405633       9.186868508892498E-005  1.276503235312685E-004
   56212.1797735708      -4.308409848940986E-005  1.276480045836250E-004
   56212.2002065780       1.613281059903438E-004  1.276524261591692E-004
   56212.2206395850      -8.830610835786068E-006  1.276470960407049E-004
   56212.2410725917      -1.136306628669592E-004  1.276339351475487E-004
   56212.2615055982       1.919154910786647E-004  1.276542951617476E-004
   56212.2819385045      -1.428216508340130E-004  1.276437733694545E-004
   56264.2016188671       5.025893213950194E-005  1.278314004616298E-004
   56264.2220514187       1.269920362978461E-006  1.278151764809146E-004
   56264.2424840702      -1.513133533059818E-005  1.278291680418834E-004
   56264.2629168218       3.499057362155167E-005  1.278281816238559E-004
   56264.2833493733      -8.262027148153717E-005  1.278222111989527E-004
   56264.3037820249      -1.288318009989853E-004  1.278153581894986E-004
   56264.3242147764      -1.657280476491385E-004  1.278133247839156E-004
   56264.3446473279       1.838758651316885E-004  1.278387380273079E-004
   56264.3650799794      -4.859198453144309E-005  1.278184472354268E-004
   56264.3855127309       5.916138450745567E-005  1.278357787732255E-004
   56264.4059452824       3.774467984551944E-005  1.278287527079771E-004
   56264.4263780339      -2.234970952004200E-004  1.277854974121929E-004
   56264.4468106855      -6.475329961899146E-003  1.275099320181462E-004
   56264.4672432370      -1.275278366887533E-002  1.272021609407811E-004
   56264.4876759885      -1.391089477930330E-002  1.271222524277651E-004
   56264.5081086400      -1.399178892953146E-002  1.270855905577436E-004
   56264.5285412915      -1.304402284611716E-002  1.271270547260568E-004
   56264.5489739430      -8.094392519021110E-003  1.274357862630802E-004
   56264.5694065946      -5.205563385541900E-004  1.277756072735489E-004
   56264.5898392461      -1.408750873377329E-005  1.278192519448702E-004
   56264.6102718976       9.483230929230313E-005  1.278099242375577E-004
   56264.6307045491       1.653513207199309E-004  1.278271692474593E-004
   56264.6511372006       1.710264880295798E-004  1.278214237950886E-004
   56264.6715698521       3.907553257141982E-004  1.278276970676319E-004
   56264.6920025036      -7.799325816448821E-005  1.277972479006256E-004
   56264.7124351552      -1.436253983855273E-006  1.277972652062050E-004
   56264.7328678067      -8.821822529403445E-005  1.278032356311082E-004
   56264.7533004582      -2.199049356007565E-004  1.278057103289666E-004
   56264.7737332097      -1.068804833306292E-004  1.277888460418125E-004
   56264.7941657612      -2.696005920905797E-004  1.277957596207946E-004
   56369.2277745547      -4.625172897709806E-005  1.360309169482483E-004
   56369.2482084101      -9.593204359770180E-005  1.360328776046846E-004
   56369.2686422659      -3.326995885822859E-004  1.360249609919042E-004
   56369.2890761219       6.353616576226795E-005  1.360416450683713E-004
   56369.3095100782      -1.672064622382230E-005  1.360366879370041E-004
   56369.3299438349      -1.701995864709094E-004  1.360257840976722E-004
   56369.3503777920      -8.365059620651927E-005  1.360258858298458E-004
   56369.3708116492       1.274313419504791E-004  1.360429490898690E-004
   56369.4116793648       8.798558429135017E-005  1.360298348878566E-004
   56369.4321132232      -1.203176286150853E-004  1.360244985729333E-004
   56369.4525469817      -1.831121999321672E-004  1.360100248591467E-004
   56369.4729809406      -6.362497565276293E-003  1.357236395421388E-004
   56369.4934147998      -1.278435480025353E-002  1.354342577502000E-004
   56369.5138487593      -1.416925734382501E-002  1.353521321409824E-004
   56369.5342825191      -1.432972592049897E-002  1.353463426554677E-004
   56369.5547163793      -1.348458281885045E-002  1.353883672915358E-004
   56369.5751503397      -8.435767892665758E-003  1.356231466514003E-004
   56369.5955841005      -7.150374167866902E-004  1.359943026141388E-004
   56369.6160179616       3.261187048408942E-006  1.360297609008212E-004
   56369.6364519230      -1.110868057394576E-004  1.360114768547150E-004
   56369.6568856847       8.401467557106468E-005  1.360280961925263E-004
   56369.6773195467      -6.228606630132028E-006  1.360285771082560E-004
   56369.6977535090       5.533530535906106E-005  1.360305747582099E-004
   56369.7181873716      -1.425191766207812E-004  1.360234997479564E-004
   56369.7386212346      -9.201407641046266E-006  1.360246372986246E-004
   56369.7590549980      -3.294380248730633E-005  1.360288915531561E-004
   56369.7794889615      -6.124747776725670E-005  1.360235367414740E-004
   56369.7999228254      -4.074831624578668E-005  1.360286880888089E-004
   56369.8203566896      -1.943974823631622E-004  1.360185703617274E-004
   56421.7436127869      -1.136136921550124E-004  1.292969591172992E-004
   56421.7640473226       7.933454402309081E-007  1.293190857498252E-004
   56421.7844816585       1.261373410025302E-004  1.293088977530381E-004
   56421.8049160945       2.970151218754102E-004  1.293586375566608E-004
   56421.8253506306       2.087226531244379E-005  1.293138248090574E-004
   56421.8457849668       1.532598673058549E-004  1.293016605755154E-004
   56421.8662194031       3.450836910466881E-004  1.293261514730176E-004
   56421.8866539396       4.358532885692101E-004  1.293577712610970E-004
   56421.9070882761       2.375114282761048E-004  1.293475020491009E-004
   56421.9275227128       1.792361734177517E-004  1.292793444408349E-004
   56421.9479572496       3.099926274996445E-005  1.292562793214482E-004
   56421.9683916864      -3.735904537649493E-004  1.292560537236451E-004
   56421.9888261234      -6.991727682826299E-003  1.288993565252422E-004
   56422.0092605606      -1.315219508405796E-002  1.286117644458782E-004
   56422.0296949978      -1.404473371425519E-002  1.285586226273851E-004
   56422.0501294351      -1.418433083990489E-002  1.284541618206478E-004
   56422.0705638726      -1.314815642895484E-002  1.286058447595254E-004
   56422.0909983101      -7.468509017830693E-003  1.289104017936809E-004
   56422.1114328478      -3.467958581632180E-004  1.292356777300711E-004
   56422.1318671856      -1.770646592750280E-004  1.292437360835970E-004
   56422.1523016235       1.782891090751360E-005  1.291912981302496E-004
   56422.1727361615      -2.884152167331733E-004  1.291684044651932E-004
   56422.1931704997       9.516496094141846E-005  1.292478780592616E-004
   56422.2136050379       1.087187176630477E-004  1.291870749393759E-004
   56422.2340394762      -7.267722432957591E-005  1.292393594862173E-004
   56422.2544738147      -9.743706715181766E-005  1.291911717954799E-004
   56422.2749083533      -1.727427301001505E-004  1.291194226701889E-004
   56422.2953427919      -5.522024250703694E-005  1.292435917010031E-004
   56422.3157771307       1.466676053255567E-004  1.291773922816678E-004
