   55030.4642294482      -1.437720294139577E-004  1.470164742424874E-004
   55030.4846632501      -1.954298628713547E-004  1.470191490920435E-004
   55030.5050971517      -1.097931935387653E-004  1.470190481543244E-004
   55030.5255308531       1.473190245124822E-004  1.469990422983992E-004
   55030.5663985548       4.821693038503660E-005  1.470247309479096E-004
   55030.5868322552      -4.714307275617280E-004  1.469707393619642E-004
   55030.6072660555      -4.986134221951488E-005  1.470155254279279E-004
   55030.6276998555       2.251990029491502E-004  1.470413553902450E-004
   55030.6481336552      -1.614776941313290E-004  1.470181498086244E-004
   55030.6685674545      -3.834180747519511E-005  1.469990523921711E-004
   55030.6890012538      -3.243748940928715E-005  1.470195528429199E-004
   55030.7094350527      -3.002449155889986E-004  1.470004857077823E-004
   55030.7298688513      -4.967662759471914E-004  1.470088433509236E-004
   55030.7503026496      -1.418239460712067E-004  1.469920170331500E-004
   55030.7707363476      -3.411158060873110E-004  1.469762505614269E-004
   55030.7911702455      -5.959708450322676E-004  1.469815497916795E-004
   55030.8116040429      -5.760960576834950E-004  1.470000718631340E-004
   55030.8320377403      -2.914645552737349E-004  1.470065015958405E-004
   55030.8524716373       2.742106030455549E-004  1.470292832390409E-004
   55030.8729054341       7.478194215715384E-005  1.470204209073041E-004
   55030.8933392303      -1.258349859276642E-004  1.470182608401154E-004
   55030.9137729266       5.131405415892409E-005  1.470274360787814E-004
   55030.9342068224       1.561366557467636E-005  1.470383777275316E-004
   55030.9546406182      -7.399041976008380E-005  1.470325637149116E-004
   55030.9750743136      -7.652058564699971E-005  1.470073898477686E-004
   55030.9955082087      -3.279290671075463E-004  1.470052095930361E-004
   55031.0159420036       9.735405050892432E-005  1.470358542845542E-004
   55031.0363756980       3.040774449860617E-004  1.470363892544654E-004
   55031.0568094924       2.718224976485661E-004  1.470583331145973E-004
   55031.0772433863      -1.050802091513425E-004  1.470009803026059E-004
   55031.0976770803      -3.542541721019976E-004  1.470129515160909E-004
   55046.3207741507      -3.344767350751399E-004  1.470193004986221E-004
   55046.3412077383       4.778875518840486E-005  1.470208246581805E-004
   55046.3616413255       1.974002780771311E-004  1.470455342118157E-004
   55046.3820748125      -6.357048894578554E-005  1.470034129016361E-004
   55046.4025084992      -3.238971386398948E-005  1.470263560451871E-004
   55046.4229420857      -7.361884904233396E-005  1.470183314965188E-004
   55046.4433755720       1.983739977351462E-005  1.470210971900221E-004
   55046.4638092578      -8.528358866854990E-005  1.470189573103772E-004
   55046.4842428433      -1.242561861842795E-004  1.470269717652736E-004
   55046.5046763287       1.092274143938976E-004  1.470411636085787E-004
   55046.5251099138       1.419197720320398E-004  1.470267799836073E-004
   55046.5455434984      -1.936528821505634E-004  1.470260431382579E-004
   55046.5659770830       1.845899100556547E-004  1.470169486497671E-004
   55046.5864106672      -2.763625540329606E-004  1.470022319303227E-004
   55046.6068442511      -2.912842906066526E-004  1.470037056210215E-004
   55046.6272778346      -5.565321851970229E-004  1.469491084087615E-004
   55046.6477114181      -3.619960987012449E-004  1.469798237566830E-004
   55046.6681449011      -4.224982508436170E-004  1.469928951913061E-004
   55046.6885785838      -3.957106263479115E-004  1.469857387070221E-004
   55046.7090121664      -5.170713735317412E-004  1.469905332486792E-004
   55046.7294456487       1.541962399320695E-006  1.470101656350438E-004
   55046.7498793305       2.123892013328188E-004  1.470509646611031E-004
   55046.7703129124       7.270077083854076E-005  1.470282940493938E-004
   55046.7907463937      -1.379306661057900E-004  1.469931374418320E-004
   55046.8111799749      -1.182470569487393E-004  1.470185131844132E-004
   55046.8316136555       5.202163703321716E-005  1.470316754629835E-004
   55046.8520472362       1.919667567062966E-005  1.470206328765142E-004
   55046.8724807164       5.596546482578013E-005  1.470130322662661E-004
   55046.8929143964       1.000728159377129E-004  1.470259724818545E-004
   55046.9133479762      -1.384913786727227E-004  1.469991634236621E-004
   55046.9337814554       1.200788243047590E-004  1.470068750654012E-004
   55046.9542151347       2.094333239528456E-004  1.470186242159042E-004
   55046.9746487135       7.964109606306558E-005  1.470002434572565E-004
   55062.1975844017      -3.921358878389292E-004  1.469767552500224E-004
   55062.2180177719      -6.598006968050463E-005  1.470157474909099E-004
   55062.2384511419       4.426810829749606E-005  1.470109529492527E-004
   55062.2588845116      -5.720132401010325E-005  1.470151822396829E-004
   55062.2793178809       3.053107877872829E-004  1.470223084426512E-004
   55062.2997512502       1.935564600308304E-005  1.470242363530860E-004
   55062.3406179875       8.572907077009084E-005  1.470268001711511E-004
   55062.3610512559      -6.097012860406537E-005  1.470272140157994E-004
   55062.3814847237       6.320176468976868E-005  1.470312010557038E-004
   55062.4019180916      -1.901418535000809E-004  1.470087323194326E-004
   55062.4223513590      -7.308801471916926E-005  1.470172615566964E-004
   55062.4427848262      -1.379983666076612E-004  1.470187251536233E-004
   55062.4632181931      -3.517403861731383E-004  1.470059868134731E-004
   55062.4836514598      -3.401668289763071E-004  1.470109024803932E-004
   55062.5040848260      -5.562995251526814E-004  1.469522677593693E-004
   55062.5245181921      -2.530441893466850E-005  1.470061382200518E-004
   55062.5449516581      -3.332229146134624E-004  1.470025246497081E-004
   55062.5653849234      -5.199650258574939E-004  1.469939348498128E-004
   55062.5858182887      -3.518526174147718E-004  1.469774820015999E-004
   55062.6062516537       6.812137203304758E-005  1.470749474631608E-004
   55062.6266850184       7.656875975481370E-006  1.470346127506093E-004
   55062.6471182827      -1.431366540229906E-004  1.470236408205433E-004
   55062.6675517471      -7.831210248265830E-005  1.470475630599695E-004
   55062.6879851108      -9.462388380976350E-005  1.470134360171425E-004
   55062.7084183745       4.450169832370676E-005  1.470478355918111E-004
   55062.7288518379      -1.659842192349714E-004  1.470178772767828E-004
   55062.7492852009       3.150013539721108E-005  1.470241959779984E-004
   55062.7697185636       3.637554755231420E-005  1.470024136182171E-004
   55062.7901518261       1.749792562659724E-004  1.470410122020001E-004
   55078.0742290205       2.778555330729127E-005  1.472728257676802E-004
   55078.0946621842       1.292481927712696E-004  1.472353274050353E-004
   55078.1150953478      -9.170145261394591E-005  1.472324506800410E-004
   55078.1355285113       1.699482785642026E-004  1.472762475563576E-004
   55078.1559616743       2.673882756449864E-004  1.472423425765126E-004
   55078.1763948372       1.104716178850218E-004  1.472373562531892E-004
   55078.1968280997       1.395957237042555E-004  1.472453101454541E-004
   55078.2172611623       2.193499863321069E-004  1.472672842869017E-004
   55078.2376943243      -1.033553723203129E-004  1.472371140026633E-004
   55078.2581273861       1.982403391842524E-005  1.472728156739082E-004
   55078.2785606477       1.739084700591587E-004  1.472530823498246E-004
   55078.2989938090       2.021216898739908E-005  1.472397787584475E-004
   55078.3194269702       1.636200609944627E-004  1.472700297928611E-004
   55078.3398601310      -1.462668256806410E-004  1.472389510691509E-004
   55078.3602932917      -4.152600137427020E-004  1.472311283959208E-004
   55078.3807264521      -5.056934783114198E-004  1.472139487961304E-004
   55078.4011595121      -3.100027042383102E-004  1.472220339074301E-004
   55078.4215927720      -3.626270480066029E-004  1.472309971768860E-004
   55078.4624589910      -2.218056224336795E-004  1.472455322084361E-004
   55078.4828922500       1.329789674024973E-004  1.472689800405825E-004
   55078.5033254088       7.806122076892130E-005  1.472599864898109E-004
   55078.5237584673       3.246535212797497E-005  1.472547175408740E-004
   55078.5441916259      -9.005304149611870E-005  1.472482373393079E-004
   55078.5646248840      -1.783459841686597E-005  1.472505891881629E-004
   55078.5850579416      -6.717536749267783E-005  1.472230735659368E-004
   55078.6054910992      -2.924987171148974E-005  1.472247188507581E-004
   55078.6259242566      -6.787025191512530E-005  1.472287260782063E-004
   55078.6463575138       2.258690329806079E-004  1.472735323317138E-004
   55078.6667905705       2.632668629594104E-004  1.472230735659368E-004
   55078.7076568834       5.102856222349850E-005  1.473371735636050E-004
   55078.7280900396      -4.927403803800523E-005  1.473096882226947E-004
   55189.1881137479       1.409011404418514E-004  1.548085389424347E-004
   55189.2085466935       1.799988058182045E-005  1.548282849183818E-004
   55189.2289797394       3.324217325364476E-004  1.548060118950974E-004
   55189.2494128853       6.705352442359924E-005  1.548079044457006E-004
   55189.2698458317       2.138933357875850E-005  1.548349690132869E-004
   55189.2902788783       2.667410345245091E-004  1.548563996874589E-004
   55189.3107119251       7.896321824008012E-005  1.548380321009685E-004
   55189.3311449722      -6.305938588191395E-005  1.548130132383695E-004
   55189.3515780195      -1.542719289892025E-004  1.547993934377854E-004
   55189.3720110670       2.700113141052007E-005  1.548046663244373E-004
   55189.3924441149      -1.768064638352218E-004  1.548369709598788E-004
   55189.4128771629       3.269231506042303E-004  1.548587626408133E-004
   55189.4333102113      -1.753920043818802E-004  1.548117004865060E-004
   55189.4537433598      -5.371921663267498E-004  1.547976212227697E-004
   55189.4741763086      -5.281484081887111E-004  1.548213601523017E-004
   55189.4946093577      -3.196719170402984E-004  1.548320918987860E-004
   55189.5150425069      -4.444758849500019E-004  1.548153543125261E-004
   55189.5354754565      -5.880105443053507E-004  1.548079919624915E-004
   55189.5559085063      -3.465450001883807E-004  1.547933438396144E-004
   55189.5763414564      -2.246641539034311E-004  1.548055961903406E-004
   55189.5967746067       1.261594731258864E-004  1.548253202870900E-004
   55189.6172076572       1.134102073327981E-004  1.548408545174750E-004
   55189.6376406081      -9.832928869368818E-005  1.548248280051412E-004
   55189.6580737591       4.682329608778346E-004  1.548514002907787E-004
   55189.6785068104       6.542821323529679E-005  1.548441910951281E-004
   55189.6989398620      -1.333257453058900E-004  1.548412155242375E-004
   55189.7193729138       9.127236486539125E-005  1.548279129720205E-004
   55189.7398059658       3.373860574040766E-004  1.548440051219475E-004
   55189.7602390181      -2.393413028213276E-004  1.547937704839700E-004
   55189.7806721706       7.245354064333576E-005  1.548561699558828E-004
   55189.8011051234      -3.196669418443765E-004  1.548185486753940E-004
   55189.8215381765       1.621805314870883E-004  1.548490701562209E-004
   55189.8419711297      -2.707281024526553E-004  1.548087686740108E-004
   55205.0646685999      -3.419801362757324E-004  1.547729196085377E-004
   55205.0851017572      -4.723914336750568E-004  1.547846796773151E-004
   55205.1055350147       3.184643266429532E-005  1.548119739764775E-004
   55205.1259683725      -2.297152431156579E-004  1.547968007528550E-004
   55205.1464015307       4.309515495903860E-005  1.548239528372322E-004
   55205.1668347892       1.314874374869213E-005  1.548054977339508E-004
   55205.1872680478      -5.106821061739986E-005  1.547975555851765E-004
   55205.2077013069       2.863980638243557E-004  1.548243685419890E-004
   55205.2281345661      -2.000871619016742E-004  1.548022596126875E-004
   55205.2485678258      -2.883237678308337E-005  1.548246748507571E-004
   55205.2690011857       1.732923718400503E-004  1.548147198157921E-004
   55205.2894343459      -1.039607665983544E-004  1.547994371961809E-004
   55205.3098676064      -1.101989284586491E-004  1.547967022964652E-004
   55205.3303008672       5.275193661913313E-005  1.548105846474220E-004
   55205.3507341283      -3.059050524877316E-004  1.548026206194500E-004
   55205.3711673896      -7.133967066791369E-004  1.547608313517945E-004
   55205.3916006513      -6.976637253716111E-004  1.547871082682627E-004
   55205.4120339132      -4.425910531229427E-004  1.547413588658189E-004
   55205.4324671755      -2.632648862682663E-004  1.548124006208332E-004
   55205.4529003380       2.690388565365076E-004  1.548011109548069E-004
   55205.4733337009       2.692623918747472E-004  1.548415437122034E-004
   55205.4937668640      -1.739460526478664E-004  1.548198833064553E-004
   55205.5142001274      -8.033112642269469E-005  1.548065260562439E-004
   55205.5346334911      -4.502240174153460E-005  1.548183736418122E-004
   55205.5550667551      -1.905367140851988E-004  1.548138555874819E-004
   55205.5754999195      -7.346850347667022E-005  1.548061978682781E-004
   55205.5959332841      -4.268065801860121E-004  1.548111316273651E-004
   55205.6163665490       2.450430285747540E-004  1.547993934377854E-004
   55205.6367997141       7.596393493392029E-005  1.548409748530625E-004
   55205.6572330797      -6.429176602718023E-005  1.548026206194500E-004
   55205.6776663455       1.741571247713125E-004  1.548534788145626E-004
   55205.6980995116      -2.489613742828745E-006  1.548234277364868E-004
   55220.9413997029      -1.496770657436475E-004  1.550210515899412E-004
   55220.9618331972      -1.737229654672490E-004  1.550325272291482E-004
   55220.9822665918      -1.454220426300168E-006  1.550392769616465E-004
   55221.0027001868      -1.677894393745660E-004  1.550018416543383E-004
   55221.0231336820      -4.233078127391376E-005  1.550399989751714E-004
   55221.0435670776      -9.097632394716726E-005  1.550056048763471E-004
   55221.0640005735       3.882998736925991E-005  1.550296063562518E-004
   55221.0844341697       6.268153290009959E-004  1.550635519315227E-004
   55221.1048675663       2.081279494037247E-004  1.550400536731657E-004
   55221.1253010631       7.868619151807366E-007  1.550428542104745E-004
   55221.1457346603      -4.079329091031259E-004  1.550226597109740E-004
   55221.1661681577       7.606773200063977E-005  1.550578195817187E-004
   55221.1866015555      -1.251030605127212E-004  1.550263025973953E-004
   55221.2070351535      -3.036061084041863E-004  1.549997959493510E-004
   55221.2274686520      -2.567543901351721E-004  1.550224737377933E-004
   55221.2479020506      -5.770933704051240E-004  1.550122780316533E-004
   55221.2683356497      -6.693134153488156E-004  1.549888782296861E-004
   55221.2887691490      -4.701539791933662E-004  1.549846555445250E-004
   55221.3092025486      -2.455435503142533E-004  1.549951028614389E-004
   55221.3296361486      -3.584501024810338E-004  1.550046640708449E-004
   55221.3500696488      -2.419652586057586E-004  1.550049266212176E-004
   55221.3705030494      -9.998527617927078E-005  1.550146300454088E-004
   55221.3909366504       1.807306279957288E-004  1.550378219949977E-004
   55221.4113701515       2.676301195974062E-004  1.550577539441255E-004
   55221.4318036530       1.250475999075018E-004  1.550105823938296E-004
   55221.4522370549      -1.847835052848357E-005  1.549872591690544E-004
   55221.4726706570       1.724034173327116E-004  1.550327350815266E-004
   55221.4931041595      -4.472540993505358E-005  1.550249570267352E-004
   55221.5135375622       2.626974896051681E-004  1.550428542104745E-004
   55221.5339711654      -9.065090772275575E-005  1.550143456158384E-004
   55221.5544046687       1.276490321451274E-004  1.550290265575121E-004
   55221.5748380725       8.866046753541745E-005  1.550247491743568E-004
   55236.8183197945      -1.845314978042856E-004  1.546855559720203E-004
   55236.8387535303       1.004563147866122E-004  1.547045252364482E-004
   55236.8591871664       7.339370863257422E-005  1.546931152348345E-004
   55236.8796210029      -2.652843449474362E-004  1.546688074461616E-004
   55236.9000547396       2.512649918449128E-004  1.546802940249674E-004
   55236.9204883767      -2.365216772640677E-004  1.546564566390456E-004
   55236.9409222140      -2.852193173444872E-004  1.546625171768155E-004
   55236.9613559518       8.561096435277804E-005  1.546616967069008E-004
   55236.9817895897      -5.815784552787306E-005  1.546845276497273E-004
   55237.0022234280       2.348793716009379E-004  1.547079602704911E-004
   55237.0226571667       2.006153896649820E-005  1.546811801324753E-004
   55237.0430909055      -1.755899187557697E-004  1.546782373803812E-004
   55237.0839583842       3.495698938316139E-005  1.546996899337509E-004
   55237.1043921241      -3.045785647964872E-004  1.546639174454699E-004
   55237.1248257641      -5.245694488985597E-004  1.546761260378007E-004
   55237.1452596045      -3.259905861011658E-004  1.546775044272574E-004
   55237.1656933452      -1.800487986852728E-004  1.546718158358488E-004
   55237.1861269862      -1.183991814934782E-004  1.546879189253747E-004
   55237.2065608276      -1.901293021768780E-004  1.546800424141936E-004
   55237.2269945692      -6.982809272138013E-005  1.546870765762623E-004
   55237.2474282111      -7.174659329256539E-005  1.546986287926613E-004
   55237.2678620534      -1.699327262507655E-004  1.546812895284639E-004
   55237.2882957959      -4.686285005339741E-005  1.547033437597711E-004
   55237.3087295388       1.794504053389545E-004  1.547064834246447E-004
   55237.3291632819      -2.916584983038151E-004  1.546813223472605E-004
   55237.3495970255      -9.300772873366281E-005  1.547037594645278E-004
   55237.3700307691       6.810218298691773E-005  1.547031468469916E-004
   55237.3904645132       6.305357902380848E-005  1.546947452350650E-004
   55237.4108982576      -1.018096483396125E-005  1.547184622853993E-004
   55237.4313320023      -2.916147452065587E-004  1.546893520128257E-004
   55237.4517656472      -4.956208234374593E-005  1.547035625517483E-004
   55252.6749871188       2.786078614251952E-004  1.546312518032660E-004
   55252.6954211801      -1.467082336420455E-004  1.546421148249366E-004
   55252.7158551418       2.143702067964881E-004  1.546805128169446E-004
   55252.7362890038      -3.649937621703625E-004  1.546479237519327E-004
   55252.7567230659       1.053640272741241E-004  1.546493458997849E-004
   55252.7771570284      -1.095252464686780E-004  1.546304860313456E-004
   55252.7975909912       6.731663310044489E-005  1.546280355612003E-004
   55252.8180248542       3.019461178359606E-004  1.546362949583417E-004
   55252.8384589175       4.134234116215385E-004  1.546798783202106E-004
   55252.8588928811      -8.576965563855676E-005  1.546335819378237E-004
   55252.8793267450      -1.435225393398021E-005  1.546436791875740E-004
   55252.8997608090       1.274181331760715E-004  1.546313283804580E-004
   55252.9201947734       2.085215360247972E-004  1.546726253661647E-004
   55252.9406286381      -2.534484871806741E-004  1.546226313993622E-004
   55252.9610627031      -3.144051596745134E-004  1.546310001924921E-004
   55252.9814965683      -3.326502037922507E-004  1.546096242163144E-004
   55253.0019305337      -1.976977148543391E-004  1.546480987855145E-004
   55253.0223645995      -2.672730365189668E-004  1.546245239499654E-004
   55253.0427984655      -5.244479713382155E-004  1.546209904595328E-004
   55253.0632324317      -6.616315760337166E-004  1.545952495834089E-004
   55253.0836664983      -8.463095824862155E-005  1.546212748891032E-004
   55253.1041003652      -2.583730215397484E-004  1.546195026740875E-004
   55253.1245343323      -1.350023093971142E-005  1.546285169035503E-004
   55253.1449682996      -1.019933134305262E-004  1.546083771020441E-004
   55253.1654022673       7.909871091915655E-005  1.546342492533543E-004
   55253.1858362353       8.168412960873894E-005  1.546358245555906E-004
   55253.2062702034       2.531905204938845E-005  1.546296218030354E-004
   55253.2267042719       2.214702746328179E-005  1.546104118674326E-004
   55253.2471381406       9.919983496642359E-006  1.545993519329824E-004
   55253.2675721097      -1.943112414115600E-005  1.546199730768386E-004
   55253.2880061789      -1.066475368306508E-004  1.546394565024130E-004
   55253.3084400484      -4.517751005161941E-005  1.546170959623376E-004
   55253.3288740183       1.739609838173894E-004  1.546232658960962E-004
   55268.5522521152       8.747793755548017E-005  1.546571348941751E-004
   55268.5726862697      -1.350053914895843E-004  1.546329693202874E-004
   55268.5931203243       2.229110324198924E-004  1.546787077831323E-004
   55268.6135545792      -2.336097392140468E-004  1.546196339492738E-004
   55268.6339887343       9.608459245624701E-005  1.546629657003689E-004
   55268.6544228897      -1.618354700431146E-004  1.546419179121571E-004
   55268.6748570453      -2.342071367976706E-004  1.546499585173212E-004
   55268.6952912010      -1.471278839726420E-005  1.546266462321448E-004
   55268.7157253570      -2.413369332248116E-004  1.546464250268885E-004
   55268.7361595133      -7.103376215655821E-005  1.546274776416584E-004
   55268.7565936697      -2.303082887835650E-004  1.545477389055482E-004
   55268.7770278263      -2.054751412916556E-005  1.546160020024514E-004
   55268.7974618832       1.514182076505222E-004  1.546637533514870E-004
   55268.8178961403      -9.934226958474568E-005  1.546314158972489E-004
   55268.8383302977      -7.826221117431809E-004  1.546183977746023E-004
   55268.8587643552      -5.853633789311141E-004  1.546197980432567E-004
   55268.8791986130      -4.323048015306696E-004  1.546218218690463E-004
   55268.9200668291      -3.605364564628344E-004  1.546324770383386E-004
   55268.9405010876      -4.289550805081088E-004  1.545977438119496E-004
   55268.9609352461      -1.497556227421093E-004  1.546656677812880E-004
   55268.9813694051      -2.373157148979343E-004  1.546384281801199E-004
   55269.0018035642       1.296284111889090E-004  1.546575724781296E-004
   55269.0222377235       4.513464797348821E-004  1.546831601998694E-004
   55269.0426718829      -9.079238731146688E-005  1.546254319366710E-004
   55269.0631060427       2.929573350474168E-004  1.546241191848075E-004
   55269.0835402026       8.070296691098378E-005  1.546355073072235E-004
   55269.1039743628      -9.910694986936530E-005  1.546354635488281E-004
   55269.1244086232      -3.864451559631998E-005  1.546289326083071E-004
   55269.1448426839      -1.630747486306428E-004  1.546613028813418E-004
   55269.1652768447       1.329649129910848E-006  1.546311095884808E-004
   55269.1857111058       8.780901819882558E-005  1.546325426759318E-004
   55269.2061451670      -2.834923545125267E-005  1.546475955639668E-004
   55379.6740777153      -2.878790540050691E-005  1.520479224733025E-004
   55379.6945117781      -2.801651673726147E-004  1.520264468042623E-004
   55379.7149458408      -1.402785479698299E-005  1.520395777008464E-004
   55379.7353799029       5.497736813930842E-005  1.520277052248304E-004
   55379.7558139651       3.480054433984137E-004  1.520703677450755E-004
   55379.7762480270       1.656149945483687E-004  1.520413931272398E-004
   55379.7966820887       2.427873922106194E-005  1.520156883398968E-004
   55379.8171161502      -1.248594723020080E-004  1.520317074148341E-004
   55379.8375502114      -1.171496059078070E-004  1.520281487665061E-004
   55379.8579842725      -1.358251041194691E-006  1.519912419731219E-004
   55379.8784182332       9.791472777687105E-005  1.520179266781205E-004
   55379.8988523938      -1.678926796877533E-004  1.520135531509000E-004
   55379.9192864541       5.764705423283445E-005  1.520632917081103E-004
   55379.9397204141      -4.405166730019339E-004  1.520223517799544E-004
   55379.9601545740      -2.838864009706565E-004  1.520378757386026E-004
   55379.9805886336      -3.525028710270606E-004  1.520367823567975E-004
   55380.0010227930      -3.146400121732951E-004  1.520233007528419E-004
   55380.0214567521      -4.048640931473280E-004  1.520156367652834E-004
   55380.0418908112      -2.638194725708143E-004  1.520369577104832E-004
   55380.0623249699      -3.046681188607625E-004  1.519938929082532E-004
   55380.0827589284       1.124104594507624E-004  1.520494490818606E-004
   55380.1031929866      -2.007897601002950E-004  1.520425896582719E-004
   55380.1236271448       1.981251784091143E-004  1.520523888348272E-004
   55380.1440611025      -6.829991034007499E-005  1.520358024391420E-004
   55380.1644951600      -3.360025643228681E-005  1.520442813055930E-004
   55380.1849293176      -1.186082371721353E-004  1.520374321969269E-004
   55380.2053633746       4.891148582264471E-005  1.520548850461181E-004
   55380.2257973314       1.201338411793706E-005  1.520437449296131E-004
   55380.2462314882      -1.247682152800689E-004  1.520411765138633E-004
   55380.2666655446       2.798463530129247E-005  1.520502227010623E-004
   55380.2870995009       4.795225887432863E-005  1.520481906612924E-004
   55380.3075336568      -1.096297496732124E-004  1.520486754626588E-004
   55395.5512754163       5.125651905757422E-005  1.520687895619040E-004
   55395.5717093899       1.822095465406903E-004  1.520641272168482E-004
   55395.5921432632      -1.175867240477135E-005  1.520947315924689E-004
   55395.6125771361      -1.795872212230210E-004  1.520758552839465E-004
   55395.6330110090      -1.490427767749658E-004  1.520844785593152E-004
   55395.6534448816       9.109341642288271E-005  1.520754323721162E-004
   55395.6738786538      -1.071689660295805E-004  1.520497688444640E-004
   55395.6943126257      -3.707958407098699E-004  1.521191779592438E-004
   55395.7147464977      -6.487197588822546E-005  1.520660870521593E-004
   55395.7351803692      -2.601038139770084E-004  1.519981117116333E-004
   55395.7556142404      -1.920642905423042E-004  1.520687173574452E-004
   55395.7760481114      -8.313950338412202E-005  1.520315423760710E-004
   55395.7964820822       1.915911334693376E-006  1.520889346059172E-004
   55395.8169158525      -3.553210193977252E-004  1.520463855498217E-004
   55395.8373497228      -2.339637990159682E-004  1.520450239800266E-004
   55395.8577836927      -2.626036669481913E-004  1.520594855016378E-004
   55395.8782174625      -3.962910485313387E-004  1.520639209183944E-004
   55395.8986513319      -3.753207346963716E-004  1.520418057241474E-004
   55395.9190853011      -3.697977788353901E-004  1.520834676968916E-004
   55395.9395190700      -1.570249420983494E-004  1.520408258064919E-004
   55395.9599529387      -8.656561964648368E-005  1.520675311413358E-004
   55395.9803869071       7.530870167915538E-005  1.520094168669014E-004
   55396.0008206751       5.011053582748559E-006  1.520326460727989E-004
   55396.0212545431      -1.857326713916585E-005  1.520600218776176E-004
   55396.0416885106      -1.281790506802993E-004  1.521051187196176E-004
   55396.0621222781      -4.806895298281599E-005  1.520575359812494E-004
   55396.0825561452      -1.383327662882738E-004  1.520669225608971E-004
   55396.1029901120       2.449712997121267E-005  1.520667884669022E-004
   55396.1234239786      -1.830411563913392E-004  1.520519865528423E-004
   55396.1438578450       1.043827632138949E-004  1.520504496293615E-004
   55396.1642917111       1.085094662236497E-004  1.520570821246511E-004
   55396.1847255768      -4.834854737034711E-005  1.520591657390344E-004
   55411.4283179211      -1.989939212693193E-004  1.521286367433503E-004
   55411.4487516861      -1.186657021704507E-004  1.521315868112396E-004
   55411.4691852508       1.023450855994756E-004  1.521370846650333E-004
   55411.4896189151      -3.364398627259124E-005  1.521178267043714E-004
   55411.5100526793      -1.383349916039833E-004  1.521369196262703E-004
   55411.5304863431      -7.378103542565739E-006  1.521035817961368E-004
   55411.5509199067       1.278907316004663E-004  1.521373219082552E-004
   55411.5713536700       2.511856861509010E-005  1.521240466027534E-004
   55411.5917872329       1.141768208001714E-004  1.521076458756765E-004
   55411.6122208958       8.745070346050099E-005  1.521226231434222E-004
   55411.6326546582       1.468816476857260E-004  1.521582818311609E-004
   55411.6530882203      -6.511858032498541E-005  1.521353001834080E-004
   55411.6735218823      -3.085913034519550E-004  1.521078728039757E-004
   55411.6939556440      -2.794862017438948E-004  1.521300189429908E-004
   55411.7143892052      -2.651198448050396E-004  1.521408599267378E-004
   55411.7348229664      -2.814372262768261E-004  1.521245004593517E-004
   55411.7552566272      -5.916702567480003E-004  1.521187963071043E-004
   55411.7756901877      -4.361088763296106E-004  1.521055725762159E-004
   55411.7961239480      -2.345681429337665E-004  1.521013640877584E-004
   55411.8165576079      -4.394170709242085E-004  1.521315146067808E-004
   55411.8369911677      -1.625898647997781E-004  1.521533925578059E-004
   55411.8574249271       2.731481693971638E-004  1.521447073929011E-004
   55411.8778585862       8.580139695180122E-006  1.521341139672987E-004
   55411.8982922451      -3.156500505796522E-005  1.521450168405818E-004
   55411.9187259038       5.571789057023935E-006  1.521147425424871E-004
   55411.9391595620       1.799827246387053E-004  1.521332062541019E-004
   55411.9595932202      -9.407332001720725E-005  1.521451818793448E-004
   55411.9800268780      -2.216504233487626E-007  1.521606026887661E-004
   55412.0004605355       4.226077386926264E-005  1.521400656776907E-004
   55412.0208941927      -9.890425638081624E-005  1.521535782264143E-004
   55412.0413278496       1.234880253229154E-004  1.521550016857455E-004
   55412.0617615064      -1.098486409524257E-004  1.521525467341454E-004
   55427.3051947492       1.608337796343839E-005  1.521270482452561E-004
   55427.3256280981       3.435183644873163E-006  1.521291628044075E-004
   55427.3460615467       9.641642076374524E-005  1.521312670486363E-004
   55427.3664950951      -1.717655982821364E-004  1.521129477459391E-004
   55427.3869284433      -1.724953219447434E-004  1.521352176640264E-004
   55427.4073618911      -8.219057693970022E-005  1.521147115977191E-004
   55427.4277954388      -2.586189452646881E-004  1.521184971743463E-004
   55427.4482287861       2.501609874312472E-004  1.521432633037245E-004
   55427.4686622331       2.189305918083306E-004  1.521603963903123E-004
   55427.4890956799      -2.367827868937633E-004  1.521172696985462E-004
   55427.5095291262       3.280336781927851E-004  1.521571987642785E-004
   55427.5299625726       3.319188962058739E-005  1.521320612976834E-004
   55427.5503961184      -6.561959828821351E-005  1.521093168931523E-004
   55427.5708294641      -3.333065492513443E-004  1.521279146987620E-004
   55427.5912629095      -4.188875670513292E-004  1.521122979058097E-004
   55427.6116964544      -5.902171852698590E-004  1.521015188115988E-004
   55427.6321297993      -4.729349802909955E-004  1.521148766364821E-004
   55427.6525633438      -4.778965606380137E-004  1.520924726243998E-004
   55427.6729967880      -9.783618245451375E-005  1.521122257013508E-004
   55427.6934301320      -1.960929177688975E-004  1.520966295382438E-004
   55427.7138636758       3.371244685543839E-004  1.521399212687730E-004
   55427.7342971191       2.335977048495419E-004  1.521224581046591E-004
   55427.7547304622      -1.193481169868837E-004  1.520938238792722E-004
   55427.7751640053       2.469959233213359E-004  1.521346503432785E-004
   55427.7955974479       2.374929178916574E-005  1.521375178917863E-004
   55427.8160308900       9.716531472747647E-007  1.521134634920736E-004
   55427.8364643321      -2.624242683990641E-005  1.521304418548211E-004
   55427.8568977738      -7.606063238019267E-005  1.521454500673348E-004
   55427.8773312153       2.427953786909853E-007  1.521348669566550E-004
   55427.8977646565       1.308502133368084E-004  1.521208902364103E-004
   55427.9181980974      -1.297314910080338E-004  1.521271410795603E-004
   55427.9386315382       1.914235554028032E-004  1.521155058467662E-004
   55443.1614495751      -7.469563521511624E-005  1.521191160697076E-004
   55443.1818828142      -1.429440784916913E-004  1.521017766846660E-004
   55443.2023159531       2.594674454328150E-004  1.521702265116357E-004
   55443.2227492915       1.779786390776472E-005  1.521142164814300E-004
   55443.2431825297      -2.837192338801531E-004  1.521128136519442E-004
   55443.2636157677       2.149092404049036E-004  1.521412518938000E-004
   55443.2840490054       3.980529290914525E-005  1.521210037005599E-004
   55443.3044822429      -1.160993614405248E-004  1.521371465545694E-004
   55443.3249154801      -1.151359898945437E-004  1.520940508075714E-004
   55443.3453487171       1.532357904823201E-004  1.520598877836227E-004
   55443.3657819537      -1.370393899545741E-004  1.520884085448600E-004
   55443.3862151902       1.624451911408364E-005  1.521407464625882E-004
   55443.4066484263      -7.303649986623029E-005  1.520883053956331E-004
   55443.4270816622       3.397203005610638E-004  1.521675033720456E-004
   55443.4475149978      -3.202800970363295E-004  1.521569821509020E-004
   55443.4679481332      -3.107913727941058E-004  1.520943705701747E-004
   55443.4883813683      -7.298224990297530E-004  1.520705224689159E-004
   55443.5088147030      -7.098642850883463E-004  1.521103587003440E-004
   55443.5292478377      -4.992955738667426E-004  1.521234483372374E-004
   55443.5496810719      -2.463199131513827E-004  1.520921116021057E-004
   55443.5701144062      -4.344293162195090E-005  1.521232936133970E-004
   55443.5905475399      -4.748535013932020E-005  1.520666956325980E-004
   55443.6109807734       2.254946516511147E-005  1.521299570534546E-004
   55443.6314141067      -1.976366566061039E-004  1.520694084572654E-004
   55443.6518472398      -9.196579996184617E-005  1.521300189429908E-004
   55443.6722805726      -6.541446444541243E-005  1.521299157937639E-004
   55443.6927138050       1.737637132641634E-004  1.521361356921458E-004
   55443.7131470373       1.162873738616010E-004  1.521643985803160E-004
   55443.7335802692      -2.342129859468356E-004  1.520682635008468E-004
   55443.7540135011       1.160602988981019E-005  1.521739089390360E-004
   55443.7744467326      -4.577095565390099E-004  1.521266047035805E-004
   55443.7948799637      -3.622888010146319E-005  1.521448311719734E-004
   55443.8153131947       2.202583935111413E-004  1.521650896801362E-004
   55459.0380031490      -5.435434679756934E-005  1.521323913752094E-004
   55459.0584360977      -1.031588363336056E-004  1.521368886815022E-004
   55459.0788692459      -5.771263778930891E-005  1.520868716213792E-004
   55459.0993022941       3.189579589901737E-004  1.521812841087592E-004
   55459.1197353418      -1.509835187161190E-004  1.521432633037245E-004
   55459.1401683895      -2.396092816516759E-004  1.520982180363381E-004
   55459.1606014370       2.459979620428321E-004  1.521602004067812E-004
   55459.1810344840      -8.104809242381883E-005  1.520959281235009E-004
   55459.2014675310       1.621913262594976E-004  1.521527427176765E-004
   55459.2219005778       1.157117884333925E-004  1.520877174450398E-004
   55459.2423337244      -2.898192324778393E-004  1.520707184524470E-004
   55459.2627667705      -7.997960309846786E-005  1.520853553277439E-004
   55459.2831997166       2.122881386923403E-005  1.521331546794885E-004
   55459.3036328625      -6.186476402814112E-005  1.521102452361944E-004
   55459.3240659081      -2.408260629407355E-004  1.521130096354753E-004
   55459.3444988535      -4.509705608840564E-004  1.520733590726556E-004
   55459.3649319987      -2.004697457128612E-004  1.520917299499662E-004
   55459.3853650436      -5.253818802071208E-004  1.521186415832639E-004
   55459.4057979883      -6.730352413293339E-004  1.521024471546409E-004
   55459.4262311328      -5.336663675936659E-004  1.520802597559351E-004
   55459.4466641770      -3.136532844338902E-005  1.520941642717210E-004
   55459.4670971210       8.715257279834354E-005  1.520844682443925E-004
   55459.4875302648      -1.069628083136820E-004  1.521122772759643E-004
   55459.5079633083      -7.314442003703014E-005  1.520982799258742E-004
   55459.5283962518      -2.345589053075470E-004  1.520985996884776E-004
   55459.5488293949       1.433271124495761E-004  1.520940095478806E-004
   55459.5692624377       4.716834398066361E-005  1.521027978620123E-004
   55459.5896954806       1.248269399400925E-006  1.521083163456514E-004
   55459.6101285229      -2.728572207645330E-004  1.520610946295774E-004
   55459.6305615651       1.003606379346156E-004  1.521239640833719E-004
   55459.6509946072       2.270959809944628E-004  1.521438615692405E-004
   55459.6714276489      -1.334951957254749E-005  1.520877896494986E-004
   55459.6918606906       1.210549845060971E-004  1.521232626686289E-004
   55570.1519081012      -2.272281317016178E-004  1.546722953141442E-004
   55570.1723412685       2.187578170256277E-004  1.547250081835149E-004
   55570.1927745360       8.768598375885617E-005  1.547040713384194E-004
   55570.2132077037       1.094457593886489E-006  1.547164480671607E-004
   55570.2336407718      -1.630435129932328E-004  1.547147033300694E-004
   55570.2540740402       5.138771769508388E-005  1.546975176697202E-004
   55570.2745071089      -1.011449926480168E-006  1.547053907958446E-004
   55570.2949403777      -1.891855063254066E-004  1.546889902671865E-004
   55570.3153735469       2.103466711167457E-005  1.546805173876870E-004
   55570.3358066163      -1.158042960905936E-004  1.547029808777373E-004
   55570.3562398860       1.214142254908346E-004  1.547221947949551E-004
   55570.3766730561       1.272137144894270E-004  1.547203737256161E-004
   55570.3971061263      -9.092369098728792E-005  1.546522853606285E-004
   55570.4175393970      -2.030050644926673E-004  1.546942462876740E-004
   55570.4379725677      -5.632953043732680E-004  1.546390798817688E-004
   55570.4584058389      -3.384265069030779E-004  1.546872782439157E-004
   55570.4788389102      -3.040612509651597E-004  1.546581738483116E-004
   55570.4992720819      -4.524462632307102E-004  1.546431691093265E-004
   55570.5197053539      -5.604902635951703E-004  1.546041633307293E-004
   55570.5401384262      -3.258130744254739E-004  1.547048891839309E-004
   55570.5605715986       4.465163885498669E-004  1.547510483846024E-004
   55570.5810048714       1.620237098627353E-004  1.546829164011875E-004
   55570.6014379444       6.236185584707066E-005  1.546731676826899E-004
   55570.6218711178       4.436281827446820E-005  1.546949114686901E-004
   55570.6423043913       2.537712247809853E-004  1.547453234660216E-004
   55570.6627374653       4.760700862616041E-005  1.546592861182073E-004
   55570.6831707394      -2.481620387175809E-004  1.546642477143107E-004
   55570.7036039139      -7.306437535670174E-005  1.547041258614535E-004
   55570.7240370887       1.768066144396396E-004  1.547145615701808E-004
   55570.7444702636      -1.767735304190055E-004  1.547164153533402E-004
   55570.7649034389       4.127496401240549E-005  1.547404382021660E-004
   55570.7853366145      -8.259763201401427E-006  1.546740400512355E-004
   55570.8057697903       1.763483931407350E-004  1.547235251569873E-004
   55586.0285700624      -7.450713000611842E-005  1.547582672343176E-004
   55586.0490035579       8.106375194216753E-006  1.547564134511581E-004
   55586.0694369537       1.360657544333677E-004  1.547368287773084E-004
   55586.0898702497       1.241863949141830E-005  1.547522042729253E-004
   55586.1103037461       1.717958204874304E-004  1.547921369431023E-004
   55586.1307371427       1.983937204246278E-004  1.547915917127612E-004
   55586.1511704398       7.521356366768650E-005  1.547868154949738E-004
   55586.1716039370       2.349210335683694E-004  1.547664893078603E-004
   55586.1920373347       1.384693394046455E-004  1.547476788610948E-004
   55586.2124707326      -8.315632724653632E-005  1.547445165251168E-004
   55586.2329041307      -1.781574047591272E-004  1.547614513795092E-004
   55586.2533375293      -1.039441519747886E-004  1.547586816093768E-004
   55586.2737709282      -1.218436264300848E-004  1.547440912454508E-004
   55586.2942043272      -3.476467306410269E-004  1.547589760337609E-004
   55586.3146377268      -1.457144046842496E-004  1.547572640104901E-004
   55586.3350712264      -5.834765090511063E-004  1.547519207531480E-004
   55586.3555045265      -3.930669773201112E-004  1.547647990938031E-004
   55586.3759379269      -3.957029215920782E-004  1.547307003882752E-004
   55586.3963714276      -4.404191871981711E-004  1.547355093198831E-004
   55586.4168047285      -9.968703378360200E-005  1.547518662301139E-004
   55586.4372382298      -2.494595396137500E-004  1.547090438391295E-004
   55586.4576716314      -7.856159791741479E-005  1.547373631030426E-004
   55586.4781049333      -3.174000382466513E-005  1.547955064666098E-004
   55586.4985384355      -6.941661952808431E-006  1.547436441565712E-004
   55586.5189718380      -9.817379782617319E-005  1.546981501369158E-004
   55586.5394051408      -2.398313633034110E-005  1.547340044841418E-004
   55586.5598386440       1.994342967071017E-004  1.547382027577677E-004
   55586.5802720473       2.249321772929136E-005  1.547324996484006E-004
   55586.6007055512      -5.458862160134803E-005  1.547478206209835E-004
   55586.6211388551       1.473314291511318E-004  1.547405472482342E-004
   55586.6415722596       2.468230719276931E-005  1.547533383520347E-004
   55586.6620057642       1.704599882088598E-004  1.547260659303764E-004
   55586.6824390692      -1.113694457169911E-004  1.547247028545239E-004
   55601.9053996251      -7.841181413392739E-005  1.546071402883914E-004
   55601.9258332620       1.766015114370578E-004  1.546099972953784E-004
   55601.9462669991      -8.104877884762551E-005  1.546022114061085E-004
   55601.9667005366       1.044154677565245E-004  1.545980240370894E-004
   55601.9871341745      -8.319622988961495E-005  1.545816235084312E-004
   55602.0280014510      -2.118774922655886E-004  1.545499456256175E-004
   55602.0484350897      -2.601836843263428E-005  1.545645359895434E-004
   55602.0688688287      -3.160330495944885E-004  1.545796715838104E-004
   55602.0893023681      -1.739096727348954E-004  1.545530752477750E-004
   55602.1097360078       2.778140811581231E-004  1.546224939747947E-004
   55602.1301697477      -4.033541069605739E-004  1.545592036368081E-004
   55602.1506032880      -2.704168423676157E-004  1.545435773352343E-004
   55602.1710370286      -4.088914756731343E-004  1.545580477484852E-004
   55602.1914706695      -5.984351224012086E-004  1.545623659727861E-004
   55602.2119042107      -4.628801587367448E-004  1.545882317001645E-004
   55602.2323379522      -3.377457102202719E-004  1.545724309248815E-004
   55602.2527715940      -1.732480618208410E-004  1.545761821096278E-004
   55602.2732052362      -5.146122942467635E-004  1.545754078825435E-004
   55602.2936388787      -2.585447951048980E-004  1.545837608113681E-004
   55602.3140725214      -1.904579252184346E-004  1.545764438201915E-004
   55602.3345062645       9.634857120599527E-005  1.546209891390535E-004
   55602.3549398079      -5.075181419533781E-005  1.545890386410692E-004
   55602.3753734515      -6.520783306263045E-005  1.546055045973683E-004
   55602.3958071955      -2.124546362824997E-005  1.546054827881546E-004
   55602.4162407398       4.815576460370785E-005  1.546168999114958E-004
   55602.4366743845      -9.092640335739421E-005  1.546010009947514E-004
   55602.4571080294       3.169081332132784E-005  1.546207601423102E-004
   55602.4775416746       5.193588494711854E-005  1.545752770272617E-004
   55602.4979753201       1.403907844172991E-004  1.546406828589714E-004
   55602.5184090660      -2.066842880683595E-004  1.545648522231412E-004
   55602.5388426122       1.187815456780150E-004  1.546139447630474E-004
   55617.7824314626       2.154793464606009E-004  1.545185621671879E-004
   55617.8028654334      -6.004529176251161E-005  1.545232293389071E-004
   55617.8232993044       3.265850753086941E-004  1.545053239745077E-004
   55617.8437330759      -1.105149614505363E-004  1.544404415639254E-004
   55617.8641670475       2.429061631368246E-004  1.545399679103767E-004
   55617.8846009195       9.933641572934526E-005  1.545116486464637E-004
   55617.9050348917       1.505138701662911E-004  1.545084099782380E-004
   55617.9254686642      -2.507621976117758E-004  1.544685645449156E-004
   55617.9459025371       1.501456560215608E-005  1.544738096607963E-004
   55617.9663365102      -1.450202007802215E-004  1.545453765953597E-004
   55617.9867702837      -5.789347975349024E-005  1.545374271369875E-004
   55618.0072041572       4.952287279169632E-005  1.544639409916237E-004
   55618.0276381313      -3.654601994825812E-004  1.544962840554535E-004
   55618.0480719056      -3.681060056202057E-004  1.544636356626327E-004
   55618.0685057801      -5.973424359124735E-004  1.544101921846051E-004
   55618.0889397549      -4.841455441624287E-004  1.544639300870169E-004
   55618.1093735300      -6.763741053529282E-004  1.544401362349344E-004
   55618.1298075055      -3.971993813931540E-004  1.544577580795564E-004
   55618.1502413811      -4.160721980670523E-004  1.544771573750902E-004
   55618.1706752571      -1.820926938040923E-004  1.544128747178830E-004
   55618.1911091334      -4.395009066904265E-005  1.544667216663629E-004
   55618.2115430100       1.547545987901078E-004  1.544830131489529E-004
   55618.2319767868      -1.098207321386102E-004  1.544916714067684E-004
   55618.2524107640       1.882988238153249E-004  1.544524584406416E-004
   55618.2728446414      -2.289985111625370E-004  1.544514552168141E-004
   55618.2932785191      -5.133558383796366E-005  1.544638646593759E-004
   55618.3137123972       2.783089074753775E-007  1.544843871294122E-004
   55618.3341462754      -5.857194869396398E-005  1.544138561324968E-004
   55618.3545801540       1.034608137127080E-004  1.544978107004084E-004
   55618.3750140328      -3.744605673894341E-005  1.544549883094240E-004
   55618.3954479120       4.815205594588257E-005  1.544850741196420E-004
   55618.4158818914       2.471344435333034E-004  1.544825769646801E-004
   55633.6596360896      -2.618185625640201E-004  1.542914846347565E-004
   55633.6800702684       6.143953269477365E-006  1.542854543871847E-004
   55633.7005043475      -7.886870920803535E-005  1.542730776584433E-004
   55633.7209385268      -8.392044361871243E-006  1.542563827054011E-004
   55633.7413725063      -1.949550910556042E-004  1.542515628691864E-004
   55633.7618065860      -2.124487308849954E-004  1.542125352813756E-004
   55633.7822407660      -8.225116780669062E-005  1.542174532590516E-004
   55633.8026747463      -3.520075554808155E-005  1.542682687268355E-004
   55633.8231088268       2.733350244430444E-004  1.542517373428955E-004
   55633.8435430076       8.910233329140205E-005  1.542363509426717E-004
   55633.8639769885      -2.362732424214808E-004  1.542467539375785E-004
   55633.8844110697       2.388251237994687E-005  1.542866975123622E-004
   55633.9048452512      -1.321246972715295E-004  1.542144326829623E-004
   55633.9252793330      -5.049728671857601E-004  1.542715510134885E-004
   55633.9457134149      -2.495656189575035E-004  1.542481279180379E-004
   55633.9661474971      -1.294724152420823E-004  1.542719762931545E-004
   55633.9865815797      -6.228961270531297E-004  1.542179003479313E-004
   55634.0070156623      -3.531234741516176E-004  1.542231781776324E-004
   55634.0274497452      -3.406762171039857E-004  1.542350423898532E-004
   55634.0478838284       8.466301621323780E-006  1.542781373960081E-004
   55634.0683179118       1.012252412031511E-004  1.543126504765952E-004
   55634.0887519955      -5.463984250697607E-005  1.542582473931674E-004
   55634.1091861794      -3.349667312380067E-005  1.542480733950038E-004
   55634.1296201636       1.160087289746592E-004  1.542628818510661E-004
   55634.1500542480       7.094004745233917E-005  1.542455980492555E-004
   55634.1704884327      -1.407083345821292E-004  1.542679524932377E-004
   55634.1909224175      -1.417004912662723E-005  1.542363945610990E-004
   55634.2317906880       1.474987492924296E-004  1.542232654144870E-004
   55634.2522246737      -9.698179567896315E-005  1.542155885712853E-004
   55634.2726587595       1.717689814593193E-004  1.542738845993481E-004
   55634.2930929455       1.402849861276145E-005  1.542701007007813E-004
   55744.7610255203       7.209049092304909E-005  1.478778615313964E-004
   55744.7814596556       1.403107835180606E-004  1.478837074660296E-004
   55744.8018936904      -2.157054264197988E-004  1.478733772592960E-004
   55744.8223279252       2.765089087231054E-005  1.478786908145931E-004
   55744.8427620600       5.351552519727854E-005  1.478858369833741E-004
   55744.8631960944       1.268263211628984E-005  1.478843627021356E-004
   55744.8836303285      -4.985763330689341E-005  1.478817110435192E-004
   55744.9040644626       9.290367058634175E-005  1.478871372175220E-004
   55744.9244986963       2.143526796194450E-005  1.478819772331872E-004
   55744.9449327299       6.130045831520547E-005  1.478845265111621E-004
   55744.9653668633      -6.546968548626353E-005  1.478619822938902E-004
   55744.9858010963      -1.059207910198978E-004  1.478795405739181E-004
   55745.0062351292       8.400967290111971E-005  1.478758139185652E-004
   55745.0266692619      -6.769866560940585E-005  1.478651970460352E-004
   55745.0471034947      -4.115444892553999E-004  1.478676541814327E-004
   55745.0675375269      -4.146087363631201E-004  1.478695789374941E-004
   55745.0879716589      -4.383237290195297E-004  1.478707767910003E-004
   55745.1084058909      -5.342320191036309E-004  1.478573137366350E-004
   55745.1288399225      -3.626582480683593E-004  1.478730189270506E-004
   55745.1492741540      -3.156306673106624E-004  1.478735615444508E-004
   55745.1697082854       4.566435952524373E-005  1.478918672031621E-004
   55745.1901424165       1.840275096871569E-004  1.478959624288246E-004
   55745.2105765473      -1.237034039019980E-004  1.478952048120770E-004
   55745.2310106779       1.712576518331232E-005  1.478956860010924E-004
   55745.2514448083       2.404033524576743E-004  1.479136128514298E-004
   55745.2718789385      -5.388619672541672E-005  1.478878026916921E-004
   55745.2923130686      -1.407926760073064E-004  1.478708996477702E-004
   55745.3127470983      -3.228453550698784E-004  1.478695789374941E-004
   55745.3331813280       5.152974234889918E-005  1.478973548055498E-004
   55745.3536154572      -7.357699225996051E-006  1.478834515144257E-004
   55745.3740495864      -7.716726020889908E-005  1.478878641200770E-004
   55745.3944837154      -1.382011686418272E-004  1.478815369964285E-004
   55745.4149178442      -1.002936575095204E-004  1.478803289048581E-004
   55760.6382851532      -8.582030390558160E-005  1.481164493784923E-004
   55760.6587191113       7.230849116579563E-005  1.481191215132371E-004
   55760.6791530692       1.968021901677108E-004  1.481341305152901E-004
   55760.6995869268      -2.473859476237461E-005  1.481099993980739E-004
   55760.7200209840       3.077799808304249E-005  1.481242712595076E-004
   55760.7404549412      -1.412703360108569E-004  1.481107467767573E-004
   55760.7608888979       1.172160149052193E-004  1.481123643908940E-004
   55760.7813228545       8.327457476586808E-005  1.481354819397587E-004
   55760.8017568108      -2.505152823270018E-004  1.481044298911729E-004
   55760.8221908670       1.912746474461713E-004  1.481230836440655E-004
   55760.8426247228      -2.519332828067045E-004  1.480876599420851E-004
   55760.8630586783       2.718139721729074E-004  1.481277931535774E-004
   55760.8834927336      -2.153378936220474E-005  1.480851413783027E-004
   55760.9039265889      -4.398896848740730E-004  1.480790702062581E-004
   55760.9243605437      -4.757415437287582E-004  1.480746166483501E-004
   55760.9447945983      -8.056782645435856E-004  1.480961370592064E-004
   55760.9652284525      -5.646337226985487E-004  1.481074603581632E-004
   55760.9856624066      -2.899143417487426E-004  1.480969458662747E-004
   55761.0060964605      -4.786833209520225E-004  1.480970175327239E-004
   55761.0265303142      -4.715948692534111E-004  1.480932089728578E-004
   55761.0469643676      -4.304898973783722E-005  1.481119343921994E-004
   55761.0673983206      -2.743323056342284E-005  1.481240767362887E-004
   55761.0878322736       9.468331086415205E-005  1.481380926461185E-004
   55761.1082662263      -4.239735682620704E-005  1.480944170644282E-004
   55761.1287001786      -2.346141072695485E-005  1.481418295395355E-004
   55761.1491341306      -6.298033587981422E-007  1.481176369939344E-004
   55761.1695680827       2.044212656728828E-004  1.481452592910278E-004
   55761.1900020342      -2.246448179199501E-004  1.481063136949777E-004
   55761.2104359856       2.104840764469706E-004  1.481271583935997E-004
   55761.2308700369       9.319683926123368E-005  1.481460885742245E-004
   55761.2513038878       1.466056851362474E-005  1.481254281607573E-004
   55761.2717378384      -5.535901785302944E-005  1.480963725346820E-004
   55761.2921718888      -7.853488379860885E-005  1.481076651194463E-004
   55776.5153968617       2.974854002335547E-004  1.481331886133877E-004
   55776.5358305186       9.262107615026771E-005  1.481354205113737E-004
   55776.5562643750      -4.094049443170711E-005  1.481200122248187E-004
   55776.5766981313       2.679294789373898E-004  1.481314686186094E-004
   55776.5971317873      -4.714101356240175E-005  1.481278750580906E-004
   55776.6175656428      -2.389326676158765E-004  1.480941508747601E-004
   55776.6379993983       3.513816280862336E-004  1.481151389062803E-004
   55776.6584330534       4.982261258756893E-005  1.480928608786764E-004
   55776.6788669082      -3.022317959798793E-004  1.480814556752064E-004
   55776.6993006628      -1.988108808155253E-004  1.481068051220572E-004
   55776.7197345172      -1.652833428997802E-004  1.480949596818285E-004
   55776.7401681713      -1.200361763481483E-004  1.481051875079205E-004
   55776.7606019250      -1.556556618258487E-004  1.481122517721883E-004
   55776.7810357784      -2.504565384046087E-004  1.481244862588549E-004
   55776.8014694319      -5.546636684641282E-004  1.481126510566904E-004
   55776.8219031848      -5.011013258678920E-004  1.481020341841604E-004
   55776.8423370376      -3.557059214126523E-004  1.481177905648968E-004
   55776.8627706898      -1.161842971255655E-004  1.481313969521603E-004
   55776.8832044421      -3.773855452153807E-004  1.481303424315523E-004
   55776.9036382939      -2.243475488357127E-004  1.481252950659233E-004
   55776.9240719455      -3.379286296956163E-005  1.481161524746318E-004
   55776.9445056968       7.066896089491514E-005  1.481144427179177E-004
   55776.9649394479      -1.372948595439460E-004  1.481129070082943E-004
   55776.9853731988       7.063090300407637E-006  1.481267079187768E-004
   55777.0058070495      -6.714241454264247E-005  1.481081463084616E-004
   55777.0262406996      -4.867621701554192E-005  1.481320624263305E-004
   55777.0466744496      -7.026310840085870E-005  1.481165312830055E-004
   55777.0671082993       1.151426488332774E-005  1.481296360051255E-004
   55777.0875420488       1.457973898082443E-004  1.481338540875578E-004
   55777.1079756980      -1.693364692167965E-005  1.481123643908940E-004
   55777.1284095470       1.722958602590197E-005  1.481347243230111E-004
   55777.1488432956       5.790800358296266E-005  1.481222748369972E-004
   55792.3923463654       1.894618713893514E-005  1.481100505883947E-004
   55792.4127798082       4.658394079704031E-005  1.481225717408577E-004
   55792.4332133507       1.540950996203883E-005  1.480882537498062E-004
   55792.4536469929       2.957670549907920E-004  1.481058529820907E-004
   55792.4740804349      -3.842188843137251E-004  1.480926151651367E-004
   55792.4945140765       6.587621201470384E-005  1.480878135130474E-004
   55792.5149476178       1.614151923829965E-004  1.480951030147267E-004
   55792.5353810589      -9.172530390044731E-005  1.480686888092037E-004
   55792.5558146998       2.116787050456814E-004  1.480893799368633E-004
   55792.5762482404       4.281318215193508E-005  1.480655252473794E-004
   55792.5966817808      -2.955489623512886E-005  1.480898611258787E-004
   55792.6171153207      -1.854924471342834E-004  1.480974680075467E-004
   55792.6375487604      -1.117963589236659E-004  1.480765823566681E-004
   55792.6579822999      -3.614760897002744E-004  1.480481512525064E-004
   55792.6784159391      -5.865628261665368E-004  1.480331217743251E-004
   55792.6988494779      -2.968425132051644E-004  1.480679209543919E-004
   55792.7192829164      -3.460999400054510E-004  1.480608362139959E-004
   55792.7397165550      -2.184698005902597E-004  1.480967411049916E-004
   55792.7601500930      -5.858102023590384E-004  1.480773502114798E-004
   55792.7805837306      -4.246575601508651E-004  1.480554305161214E-004
   55792.8010171682       1.646295568595857E-004  1.481140946237364E-004
   55792.8214507054       1.466536895367021E-004  1.480858887569861E-004
   55792.8418843423      -4.076644511274985E-005  1.481048906040600E-004
   55792.8623177789      -1.439368029099164E-005  1.480995770487629E-004
   55792.8827513154      -8.975621875739748E-005  1.480550005174269E-004
   55792.9031849516      -1.946538868669023E-004  1.480721390368243E-004
   55792.9236183873       1.249449335116726E-004  1.481147908120990E-004
   55792.9440519228      -5.399813904904960E-005  1.481161319985035E-004
   55792.9644855581       1.695639621115408E-004  1.481324617108326E-004
   55792.9849189931       8.653680668713193E-006  1.481235750711450E-004
   55793.0053525279      -7.270822963512114E-005  1.481085046407071E-004
   55793.0257861623      -1.575848963611959E-004  1.480774423540572E-004
   55808.2691286325      -7.238005782383983E-005  1.481216912673403E-004
   55808.2895618612      -1.678333711138125E-004  1.481006929977559E-004
   55808.3099952897       1.278404132853961E-004  1.481595004382691E-004
   55808.3304285180       2.169204576192296E-004  1.481369357448688E-004
   55808.3508619461       8.032009794267658E-005  1.481388400248019E-004
   55808.3712952737       1.699075987335874E-004  1.481141150998647E-004
   55808.3917285010      -1.381880669877322E-004  1.481155791430390E-004
   55808.4121619281      -7.765424269279286E-005  1.481027406105872E-004
   55808.4325952550       2.388141801052956E-004  1.481642509000376E-004
   55808.4530284817      -1.125823200422982E-004  1.481439181046234E-004
   55808.4734619081      -1.443225955092275E-004  1.481166848539679E-004
   55808.4938952341       1.527048065255165E-004  1.481150365256388E-004
   55808.5143284600      -5.690011967234287E-004  1.480920315954798E-004
   55808.5347618855      -1.639217733510057E-004  1.481006110932427E-004
   55808.5551952108      -6.708321271909901E-004  1.480673373847350E-004
   55808.5756285358      -4.357898821414352E-004  1.481193160364560E-004
   55808.5960618604      -4.390673217085084E-004  1.480830323370865E-004
   55808.6164951849      -3.714166514816597E-004  1.480919292148382E-004
   55808.6369286090      -1.707942771245197E-005  1.481309157631450E-004
   55808.6573618329       7.667985492565421E-005  1.480667742912065E-004
   55808.6777951565      -4.808685188539830E-005  1.480785378269219E-004
   55808.6982285799      -1.149942596259113E-004  1.480915196922720E-004
   55808.7186619031      -9.090713705695030E-006  1.481161012843110E-004
   55808.7390951260       3.749870666758248E-004  1.481431092975550E-004
   55808.7595285485      -1.234850130009679E-004  1.480900249349052E-004
   55808.7799618707       3.412843666206200E-005  1.481450442916805E-004
   55808.8003950929       1.682889061038750E-005  1.481230836440655E-004
   55808.8208285147      -9.081246107600638E-005  1.480989218126569E-004
   55808.8412618360       7.171990354737368E-005  1.481592854389218E-004
   55808.8616950573      -5.786507203031643E-005  1.481325743295383E-004
   55808.8821284784      -1.886258388628104E-005  1.481399662118591E-004
   55808.9025617990      -9.917717654683855E-006  1.481143403372761E-004
   55824.1457487739      -2.364814788347047E-005  1.481980365117530E-004
   55824.1661819022      -1.599150040318964E-004  1.481894467759259E-004
   55824.1866150302      -1.255788568071958E-004  1.481860477386261E-004
   55824.2070481581       1.635305166258760E-005  1.481969103246958E-004
   55824.2274812856       1.844740944332290E-004  1.482062064869496E-004
   55824.2479144130      -1.181626376277611E-004  1.481959684227934E-004
   55824.2683475401       2.476758100293797E-004  1.482144071763387E-004
   55824.2887806668       2.176922095840084E-004  1.482000636484559E-004
   55824.3092138934       1.551825408281360E-004  1.482028893541630E-004
   55824.3296469199      -7.293121698737082E-005  1.481959479466651E-004
   55824.3500801460      -2.254283293130488E-004  1.481835394129078E-004
   55824.3705132718       2.350408051325914E-004  1.481962550885898E-004
   55824.3909462975      -3.295262626168416E-005  1.481990910323611E-004
   55824.4113795230      -5.788944725618750E-004  1.481735982526122E-004
   55824.4318126480      -4.026522230272667E-004  1.481936648583583E-004
   55824.4522456730      -5.208129231580871E-004  1.481847270283499E-004
   55824.4726788976      -5.244811169672348E-004  1.481924465287237E-004
   55824.4931120222      -3.101386267537753E-004  1.482034422096275E-004
   55824.5135450462      -5.722578643962972E-004  1.481777651447237E-004
   55824.5339782701      -1.889831388326435E-004  1.481943200944643E-004
   55824.5544113940      -6.778870678136872E-005  1.482069333895047E-004
   55824.5748444174       2.242102789384859E-005  1.481896515372091E-004
   55824.5952776405       1.224246807625118E-004  1.482056843456777E-004
   55824.6157107635      -2.059660932940410E-005  1.481894570139901E-004
   55824.6361438862      -1.057000569640865E-004  1.481837851264476E-004
   55824.6565770086      -7.672630525534796E-005  1.482107829016274E-004
   55824.6770101311       1.024949558197097E-004  1.481992446033234E-004
   55824.6974432531      -1.503272569122194E-004  1.481957431853820E-004
   55824.7178763748       4.536044584169119E-006  1.482021726896721E-004
   55824.7383094961       1.614240638745379E-004  1.482146631279426E-004
   55824.7587426175      -6.346649616251199E-005  1.481992446033234E-004
   55824.7791757385      -6.624164078605776E-005  1.481961527079482E-004
   55935.2596020454      -9.199812066773561E-005  1.548528119471795E-004
   55935.2800351215      -2.317602049345391E-004  1.548269517815993E-004
   55935.3004682977       1.534686420985309E-004  1.548619416340144E-004
   55935.3209012742       2.174499986096201E-004  1.548880529751894E-004
   55935.3413343510       2.105702856909364E-004  1.548301296989067E-004
   55935.3617675280       4.865483450000596E-005  1.548541442698995E-004
   55935.3822005053       1.229111890301837E-004  1.548634923702950E-004
   55935.4026335828      -2.023876125585300E-004  1.548665064774319E-004
   55935.4230667607      -1.469738720366598E-004  1.548116519116763E-004
   55935.4434997387      -1.149207305255473E-004  1.548548213519375E-004
   55935.4843659955       2.112152304569737E-004  1.549026211596843E-004
   55935.5047989744      -3.561305448416263E-004  1.548676859106594E-004
   55935.5252321534      -4.986723449549313E-004  1.548349457179189E-004
   55935.5456651327      -4.595391687814976E-004  1.548694441398226E-004
   55935.5660982123      -5.275912012041584E-004  1.548682101032049E-004
   55935.5865313922      -3.884476875684051E-004  1.548622364923213E-004
   55935.6069643723      -2.983414470595358E-004  1.548943651270920E-004
   55935.6273974526      -4.941737490185005E-004  1.548664627947198E-004
   55935.6478306331      -2.311572403774775E-004  1.548614502035030E-004
   55935.6682637140      -1.296480335710726E-005  1.548538712529487E-004
   55935.6886967952      -1.340089558187207E-004  1.548701758252507E-004
   55935.7091298766      -8.774475920536595E-005  1.548869609073862E-004
   55935.7295629582      -2.219759724891857E-004  1.548840560070296E-004
   55935.7499960400      -1.026129359372741E-004  1.549313425429090E-004
   55935.7704291222       1.823840726811188E-004  1.548693349330422E-004
   55935.7908622045       3.956986988191691E-004  1.549566566745876E-004
   55935.8112953871      -3.144557686323157E-004  1.548660150469205E-004
   55935.8317283701       1.357815688669550E-004  1.548984822227101E-004
   55935.8521615532       1.683846244857623E-004  1.549224749523468E-004
   55935.8725946367      -1.839496291017317E-004  1.548847876924578E-004
   55935.8930276203      -8.288820419788401E-005  1.549047834539347E-004
   55951.3405207497      -3.873483967009594E-005  1.546786271325663E-004
   55951.3609540442       1.039381169154474E-005  1.548793491947977E-004
   55951.3813873390      -4.175931733130245E-004  1.548508571458118E-004
   55951.4018206341      -2.739212435364236E-004  1.548388443999764E-004
   55951.4222539294      -3.881723939800352E-004  1.548559571024528E-004
   55951.4426873251      -4.658231863584605E-004  1.547813797921710E-004
   55951.4631206210      -4.822874939512944E-004  1.548555093546535E-004
   55951.4835538173      -3.442581715077386E-004  1.547729162666961E-004
   55951.5039872139      -9.403392075058026E-005  1.548313309734903E-004
   55951.5244205108      -3.418472660882133E-004  1.548204539781702E-004
   55951.5448537080      -2.420893272706559E-004  1.548326960582443E-004
   55951.5652871054       1.362460586054048E-004  1.548314292595925E-004
   55951.5857203032       7.787748226339986E-005  1.547849290125315E-004
   55951.6061537012       2.563251652489829E-004  1.548381454765823E-004
   55951.6265869996       6.120901861939032E-005  1.547984051292232E-004
   55951.6470201982       1.014052557903877E-004  1.548152448147488E-004
   55951.6674535972      -1.979217554060053E-005  1.548312763701001E-004
   55951.6878868964      -1.675964691262299E-004  1.548291686792399E-004
   55951.7083200960      -1.558307788631641E-004  1.547731674422909E-004
   55951.7287534958      -9.079903624065189E-005  1.548109093055701E-004
   55951.7696201963       9.100189368926870E-005  1.548413779972799E-004
   55966.9925175336      -1.123523716239916E-004  1.549692045336466E-004
   55967.0129510627      -6.871713292977422E-005  1.549761500848750E-004
   55967.0333845921      -7.230904783528391E-005  1.550089448810057E-004
   55967.0538181218       2.192518527213139E-004  1.550283290845128E-004
   55967.0742516518       1.820209873815148E-004  1.550215801054889E-004
   55967.0946852822      -2.245418375323993E-005  1.550233274139740E-004
   55967.1151187128       2.186620041855214E-005  1.550171135481737E-004
   55967.1355522439      -2.247033040303492E-006  1.550122210844153E-004
   55967.1559858751      -3.159888691650625E-005  1.550197672729356E-004
   55967.1764193068       2.651044675547887E-004  1.550172882790223E-004
   55967.1968529387       2.721746255305302E-004  1.550089885637178E-004
   55967.2172864709       7.013751131146329E-005  1.550191011115756E-004
   55967.2377199034       7.331031324553372E-005  1.550209030234509E-004
   55967.2581535364      -3.833324223488921E-004  1.549938634246432E-004
   55967.2785870694      -1.116686432299785E-003  1.549246700086313E-004
   55967.2990205029      -1.656938534166930E-004  1.549727755953631E-004
   55967.3194541367      -5.619401232174193E-004  1.549014198851008E-004
   55967.3398876708      -5.023502079849473E-004  1.549536753294848E-004
   55967.3603212053       4.243999975162005E-005  1.549830847154255E-004
   55967.4011882750      -1.655679431475932E-004  1.549763903397917E-004
   55967.4216219103      -3.759012701221032E-006  1.549933501527757E-004
   55967.4420553460      -7.587256183227975E-005  1.550026436497811E-004
   55967.4624888820       2.042921822709154E-005  1.549907837934381E-004
   55967.4829225182       3.538788112167346E-005  1.549784543479398E-004
   55967.5033560549       9.460912177816638E-005  1.549873983832482E-004
   55967.5237894918       3.926534240807911E-004  1.550043035928420E-004
   55967.5442231289      -8.595289389579097E-005  1.549930116117567E-004
   55967.5646566665       1.725275087014477E-004  1.549802453391371E-004
   55967.5850902043      -1.260224717175573E-004  1.549998042734927E-004
   55967.6055237424      -1.787376539432728E-004  1.549798412740499E-004
   55967.6259571809       2.540442765661677E-004  1.549947916822760E-004
   55982.8694679351       9.173593702405114E-005  1.547802222002996E-004
   55982.8899017038       2.189903441873753E-005  1.547881506125510E-004
   55982.9103354727       2.180159697329209E-005  1.547792611806328E-004
   55982.9307692419      -2.775537952259821E-005  1.547437034529600E-004
   55982.9512031114      -1.975150542384840E-004  1.547465100672143E-004
   55982.9716367813      -1.128660956360994E-004  1.547609144415387E-004
   55982.9920705513       6.994535597315554E-005  1.547808555996255E-004
   55983.0125044218       1.138740150958828E-004  1.547814562369173E-004
   55983.0329380924      -2.570691610691567E-004  1.547665167493692E-004
   55983.0533718634      -2.457384587406519E-005  1.547917107535895E-004
   55983.0738057348       2.134226636485437E-004  1.547833455142168E-004
   55983.0942394064      -8.586549894151752E-005  1.547720207710975E-004
   55983.1146732782      -4.437253115452400E-005  1.547558363262538E-004
   55983.1351070505      -2.611447113118892E-004  1.547496443018095E-004
   55983.1555407231      -2.543541457636911E-004  1.547635135629104E-004
   55983.1759745958      -5.104338117550844E-004  1.547547551791286E-004
   55983.1964083689      -2.005509362358326E-004  1.547771098070605E-004
   55983.2168420424      -2.399336775005256E-004  1.547644418205431E-004
   55983.2372759161      -3.084680153286889E-004  1.547572560143980E-004
   55983.2577096901      -4.224604614089245E-004  1.547652608713955E-004
   55983.2781435644       5.238185525624495E-005  1.547977935712534E-004
   55983.2985772390       5.032553310924115E-005  1.547747181785714E-004
   55983.3190110139       2.885457665513513E-005  1.547933597759724E-004
   55983.3394448891      -1.757290837590686E-004  1.547971383305715E-004
   55983.3598786646      -2.240439865441868E-005  1.547850272986338E-004
   55983.3803123404       1.104709380947977E-004  1.547981102709164E-004
   55983.4007462165       5.007426103098567E-005  1.547688428537901E-004
   55983.4211799929       4.505166606816324E-005  1.548101776201419E-004
   55983.4416137696       1.235613758039378E-004  1.548112696879451E-004
   55983.4620475467      -1.493982554738871E-004  1.547929229488511E-004
   55983.4824813240       6.934840994521352E-005  1.548026751143338E-004
   55983.5029151015       2.189768815370474E-004  1.548027624797581E-004
   55983.5233488795      -7.898448900967026E-005  1.548067376065618E-004
   55998.7465982110      -1.572685566989529E-004  1.544056538644738E-004
   55998.7670321010       7.295308802812706E-005  1.544624959936313E-004
   55998.7874661913       2.932640811093012E-004  1.545221010543310E-004
   55998.8079001819      -4.224382400268567E-004  1.544609015746386E-004
   55998.8283340727      -1.306525890599763E-004  1.544758301415086E-004
   55998.8487681638      -1.376834717901065E-004  1.544626598038018E-004
   55998.8692021552       3.208618447552158E-004  1.544818146730703E-004
   55998.8896362468      -7.710360201740318E-005  1.544864559612339E-004
   55998.9100701387       7.133995871888565E-005  1.544713417428374E-004
   55998.9305041309      -6.550879674971366E-005  1.544742903259061E-004
   55998.9509382233       3.116807517735687E-004  1.544849598283435E-004
   55998.9713721160      -2.724572103379730E-004  1.544583570566571E-004
   55998.9918061090       1.743846778601288E-004  1.544798817130586E-004
   55999.0122402023      -2.302426328143481E-004  1.544463224694657E-004
   55999.0326741958      -4.185104590501698E-004  1.544339493412552E-004
   55999.0531081895      -3.611333574379261E-004  1.544538468166298E-004
   55999.0735421835      -1.276412204916921E-004  1.544300069764856E-004
   55999.0939761778      -3.038211882154807E-004  1.544426094389347E-004
   55999.1144101724      -1.992778960326902E-004  1.544938492602617E-004
   55999.1348441671      -1.116930867137711E-004  1.544818146730703E-004
   55999.1552781622       3.698355801051711E-005  1.545003033809787E-004
   55999.1757121576      -1.917206697361618E-004  1.544633587271959E-004
   55999.1961461532      -1.229852040258717E-004  1.544338619758309E-004
   55999.2165800491       2.999604231557207E-005  1.544884981280260E-004
   55999.2370141453      -1.202573746441615E-004  1.544760048723571E-004
   55999.2574481417      -9.790188020886159E-005  1.544684914458710E-004
   55999.2778822383      -1.518159179488832E-004  1.544859863720785E-004
   55999.2983161353      -2.130489954965675E-005  1.544734385130196E-004
   55999.3187501325      -2.769349213549432E-005  1.544773262743990E-004
   55999.3391842299      -1.220331088691573E-005  1.544736132438681E-004
   55999.3596181277      -5.997462029916356E-005  1.544507781061028E-004
   55999.3800521256       1.879880377939624E-004  1.544889021931131E-004
   56109.8683605762      -2.186560850316877E-004  1.496256494509803E-004
   56109.8887947804      -1.083576988791801E-005  1.496583846128945E-004
   56109.9092290844      -3.217699818625075E-005  1.496283514008526E-004
   56109.9296631881      -2.114178220241625E-004  1.496331005973588E-004
   56109.9500973918       4.893721708643106E-005  1.496502995475074E-004
   56109.9705316953      -1.799528663040117E-004  1.496235294595420E-004
   56109.9909657986       5.751241556772868E-005  1.496574181462094E-004
   56110.0114000016      -6.616264087699886E-005  1.496294945334908E-004
   56110.0318343044      -1.455722625697264E-004  1.496592159820860E-004
   56110.0522684072       5.575184539030609E-005  1.496716761278432E-004
   56110.0727027098      -7.130548050893193E-005  1.496607851914349E-004
   56110.0931369121      -2.855929888849751E-004  1.496364468583545E-004
   56110.1135711142      -2.065033612473899E-004  1.496268133678483E-004
   56110.1340053161      -4.088537303542639E-004  1.496324666783504E-004
   56110.1544395180      -5.322057497647581E-005  1.496313235457121E-004
   56110.1748737194      -5.389065060755760E-004  1.495987130891766E-004
   56110.1953080208      -7.025688477640957E-004  1.496019762132531E-004
   56110.2157421219      -6.404996783114791E-004  1.496291723779292E-004
   56110.2361763231      -6.593369337970501E-004  1.496134387159805E-004
   56110.2566106238      -2.308295223771850E-004  1.496192790845506E-004
   56110.2770447245       2.859927732723477E-005  1.496442097681799E-004
   56110.2974790250       4.997856111454979E-005  1.496537497296520E-004
   56110.3179132252       9.193224870163164E-005  1.496355947049333E-004
   56110.3383473252       1.686959721154402E-004  1.496541238457882E-004
   56110.3792158248       1.206586797357634E-004  1.496568050114307E-004
   56110.3996499243      -1.076562648217871E-004  1.496492603360181E-004
   56110.4200842236       8.670184534897984E-005  1.496636014545710E-004
   56110.4405184229      -4.284316809888278E-005  1.496414870340778E-004
   56110.4609525217      -2.133717848519234E-004  1.496485536722053E-004
   56110.4813868206       3.902573683043364E-004  1.496695145679453E-004
   56110.5018210192      -6.716878968149320E-005  1.496427133036352E-004
   56141.6024268889       2.628606120096411E-004  1.499887499453558E-004
   56141.6228606388       1.814774370674233E-004  1.499816001703091E-004
   56141.6432945886       4.453659624981121E-005  1.499796880211687E-004
   56141.6637284380      -1.917986109126746E-004  1.499793035129177E-004
   56141.6841622871       8.579100812822205E-005  1.499836162405984E-004
   56141.7045961360       1.559759494877966E-004  1.499782435171985E-004
   56141.7250299846      -7.927305190302825E-005  1.499746374533305E-004
   56141.7454639331       7.260688435062335E-005  1.499891240614919E-004
   56141.7658976813      -8.129535745771133E-005  1.499827017344878E-004
   56141.7863315290      -3.871187799620035E-004  1.499621669154584E-004
   56141.8067653767      -1.739066266470690E-004  1.499724966776625E-004
   56141.8271992240       1.746058315317267E-004  1.499994226473513E-004
   56141.8476330713      -2.477549914509103E-004  1.499648896495605E-004
   56141.8680669181      -3.026693947147940E-004  1.499627073054329E-004
   56141.8885007646      -2.743343270822374E-004  1.499675604230881E-004
   56141.9089345110      -3.212037717345018E-004  1.499605353534202E-004
   56141.9293684568      -3.806861412447571E-004  1.499607120193734E-004
   56141.9498023027      -2.033731237925940E-004  1.499733280468539E-004
   56141.9702362484      -2.541239692135377E-004  1.499526789145608E-004
   56141.9906699935      -1.851784670861001E-004  1.499788254756326E-004
   56142.0111038385       1.896456081507125E-006  1.499858817216452E-004
   56142.0315377832       3.108731203194104E-005  1.499794697867559E-004
   56142.0519715279       2.451814976049960E-004  1.499950995275556E-004
   56142.0724053719       2.774565706376020E-004  1.500026649871980E-004
   56142.0928393159       1.740326575665474E-004  1.499908491525642E-004
   56142.1132731597       1.461935960096472E-004  1.499942265899046E-004
   56142.1337069030       6.520699592407198E-004  1.500384658230058E-004
   56142.1541408463       3.023614457955404E-004  1.500008775434364E-004
   56142.1745746891      -9.270451833409687E-006  1.499866403460324E-004
   56142.1950085317       2.077362024071050E-004  1.499983210831726E-004
   56142.2154423741       9.458155248820432E-005  1.499768197974582E-004
   56142.2358762162      -7.948526534862221E-005  1.499763729365177E-004
   56142.2563101582       7.936093864047145E-005  1.499904230758536E-004
   56157.4794509704       7.576612751947209E-005  1.499406968060887E-004
   56157.4998846106       1.031814990168911E-004  1.499310113550080E-004
   56157.5203182507      -2.020165424141407E-004  1.499176886637147E-004
   56157.5407518905       2.011298664557071E-004  1.499342536948548E-004
   56157.5611855301       3.271392959525166E-005  1.499267817642464E-004
   56157.5816191692      -4.057904074281637E-004  1.499115988843871E-004
   56157.6020528083       1.629569966314914E-004  1.499433779717312E-004
   56157.6224865470       1.020029735554484E-004  1.499326013485867E-004
   56157.6429201854       1.382386369346289E-004  1.499472438384715E-004
   56157.6633537236       2.793995519323467E-005  1.499321648797612E-004
   56157.6837874615      -8.546422352373462E-006  1.499189772859615E-004
   56157.7042210990       1.564831798970268E-004  1.499333184045144E-004
   56157.7246546363       4.719386856333330E-005  1.499281431312974E-004
   56157.7450883733      -2.351808846369208E-004  1.498780011769368E-004
   56157.7655219101      -4.570957815874799E-004  1.499012483379533E-004
   56157.7859555466      -5.401551810170213E-004  1.498989516805619E-004
   56157.8063892829      -2.664494683825014E-004  1.499028071551873E-004
   56157.8268228188      -2.057719546706416E-004  1.498782401955793E-004
   56157.8472565544      -3.027520969643982E-004  1.499314893922931E-004
   56157.8676901898      -3.283995695031461E-004  1.498993569730427E-004
   56157.8881237250      -1.414272541415684E-004  1.499116612370765E-004
   56157.9085574597      -3.797043084929896E-005  1.499101024198425E-004
   56157.9289910944       1.238914568197913E-004  1.499162961203190E-004
   56157.9494246286       2.851503212482065E-004  1.499203490451274E-004
   56157.9698583626      -1.028850701935147E-004  1.499045114620298E-004
   56157.9902919963       4.684419299838538E-005  1.499286627370421E-004
   56158.0107256313      -1.065116527887433E-005  1.499095828140978E-004
   56158.0311592643       1.391816747160490E-004  1.499063300821362E-004
   56158.0515928974      -2.131966784657546E-004  1.499155374959317E-004
   56158.0720265300       2.555419398559966E-004  1.499202763003231E-004
   56158.0924601623       2.417825983669353E-005  1.499044906778001E-004
   56158.1128937942       1.504491982304845E-004  1.499123159403148E-004
   56158.1333275261      -5.412113320668599E-005  1.499473269753907E-004
   56173.3563090831       7.715231933613786E-005  1.499326637012761E-004
   56173.3767426080       4.917321024011656E-005  1.499017263752384E-004
   56173.3971760325       1.447630418929258E-004  1.499216688437188E-004
   56173.4176093569      -8.966053232217774E-005  1.499130122120127E-004
   56173.4380428809      -5.313691451791502E-005  1.499298993987144E-004
   56173.4584763047       2.212222580899592E-006  1.499251709864379E-004
   56173.4789096282      -2.822105035726885E-004  1.499109337890340E-004
   56173.4993431515      -2.133228219680650E-005  1.499261582373528E-004
   56173.5197765743       1.198721823958415E-005  1.499278105836208E-004
   56173.5402100968      -9.094425901257086E-005  1.499243292251316E-004
   56173.5606434192       5.855491124862056E-005  1.499161714149402E-004
   56173.5810768413      -1.923774474762441E-004  1.499065067480894E-004
   56173.6015102632      -1.180674057610354E-005  1.499157972988041E-004
   56173.6219436849      -3.975943366729684E-005  1.498946805213407E-004
   56173.6423771060      -3.218105383260284E-004  1.498985048196215E-004
   56173.6628105270      -2.781429050953133E-004  1.499121912349361E-004
   56173.6832439477      -2.817610926584280E-004  1.499066730219277E-004
   56173.7036773682      -2.896192608311532E-004  1.499120561374424E-004
   56173.7241108885      -5.817820497882042E-004  1.498966861995151E-004
   56173.7445442082       1.504335730730944E-004  1.499474205044247E-004
   56173.7649776280      -8.559409800779072E-005  1.499117651582254E-004
   56173.7854111474      -4.373895542175710E-005  1.499358956490079E-004
   56173.8058444664       9.762143518599053E-005  1.499305541019527E-004
   56173.8262779853       1.511237409879129E-005  1.499230302107699E-004
   56173.8467114037       2.462067417512426E-004  1.499364152547526E-004
   56173.8671447221       3.127730243093207E-004  1.499240590301443E-004
   56173.8875782400      -2.298710034847051E-004  1.499148204400041E-004
   56173.9080116577       2.175039775216270E-004  1.499390860282802E-004
   56173.9284449752      -3.050499539103413E-005  1.499213778645018E-004
   56173.9488784922      -2.119206118282868E-004  1.499056338104383E-004
   56173.9693119092       2.232199261995582E-004  1.499386599515696E-004
   56173.9897453257       2.318247687873587E-004  1.499355838855611E-004
   56189.2330015078       1.084877099073456E-004  1.499080759574383E-004
   56189.2534347245       2.449048360448902E-004  1.499532608729948E-004
   56189.2738680408       6.406474875886303E-005  1.499502367675608E-004
   56189.2943011569      -4.899537195146575E-005  1.499320401743825E-004
   56189.3147343730       2.132692647052181E-004  1.499474205044247E-004
   56189.3351676886      -2.877823542224434E-005  1.498981307034853E-004
   56189.3556008039      -1.781810494009273E-004  1.498894532875493E-004
   56189.3760340190       8.078770552422121E-005  1.499330170331824E-004
   56189.3964673340      -2.337660267326402E-004  1.498890479950685E-004
   56189.4169005484       1.562884015722243E-004  1.499020797071448E-004
   56189.4373337628      -3.973900098930283E-004  1.499074316463149E-004
   56189.4577669768       2.034315715921942E-004  1.499279145047698E-004
   56189.4782001907      -2.784858669659940E-004  1.498898377958004E-004
   56189.4986334042      -3.570188526759166E-004  1.499225209971401E-004
   56189.5190666175      -4.480433901919989E-004  1.499006767716342E-004
   56189.5394998308      -5.089194075034165E-004  1.499043036197320E-004
   56189.5599331436      -3.528002762270832E-004  1.498916460237918E-004
   56189.5803662559      -5.522480517911044E-004  1.499056649867830E-004
   56189.6007994683      -5.962796839292794E-004  1.498921656295365E-004
   56189.6212327804      -1.187596891116804E-005  1.499258256896762E-004
   56189.6416658922       5.974990974877414E-006  1.499219494308210E-004
   56189.6620991036       1.364232281411137E-004  1.499405513164802E-004
   56189.6825323148      -2.485909304160705E-004  1.499237576588124E-004
   56189.7029655260       8.607245804781449E-005  1.499398758290121E-004
   56189.7438319472      -4.255884995030268E-005  1.499046569516383E-004
   56189.7642651574       3.814610107766292E-005  1.499160051411019E-004
   56189.7846984674      -2.739494219912153E-004  1.499014873565959E-004
   56189.8051315772       1.152473514636210E-004  1.499499146119991E-004
   56189.8255647865      -2.214746818773872E-005  1.499173457239232E-004
   56189.8459980958      -4.964978565014100E-005  1.499150698507615E-004
   56189.8664312047      -1.068760772438004E-005  1.499313023342250E-004
   56332.1000877133      -2.209142111498918E-004  1.577754150078716E-004
   56332.1205212323      -2.172667830190322E-004  1.577477735803901E-004
   56332.1409545517      -1.285433499113031E-004  1.577795292347074E-004
   56332.1613879714      -2.843696068077772E-005  1.577499685700424E-004
   56332.1818214914       1.049882691783743E-005  1.577712897509370E-004
   56332.2022548118       1.069660286285856E-004  1.577667012298547E-004
   56332.2226882324      -1.020822544754996E-004  1.577661056045219E-004
   56332.2431217533      -1.539406950000766E-004  1.577621568291674E-004
   56332.2635550745       3.833840359468432E-005  1.577734737104906E-004
   56332.2839884961       2.863780377042602E-004  1.577983024627894E-004
   56332.3044220180      -1.001394268678180E-004  1.577537518939156E-004
   56332.3248553401       2.516490750998912E-004  1.577902835809941E-004
   56332.3452888625      -3.108031248804100E-004  1.577729663259478E-004
   56332.3657222854      -6.410473928112337E-004  1.577348904250435E-004
   56332.3861556084      -4.334498039583190E-004  1.577719515568623E-004
   56332.4065891318      -6.193100481025615E-004  1.577614619329458E-004
   56332.4270225555      -6.632589761365049E-004  1.577284488473703E-004
   56332.4474559795      -1.841047730476442E-004  1.577868642503799E-004
   56332.4678894039      -3.267066630068260E-004  1.577808087261631E-004
   56332.4883228285      -7.935246495538451E-005  1.577731317774292E-004
   56332.5087562534       2.237445811259509E-004  1.577887393671683E-004
   56332.5291896787      -1.094743025693568E-004  1.577968906101487E-004
   56332.5496231042      -3.451588620263513E-004  1.577503987438939E-004
   56332.5700565300       7.854487634184615E-005  1.577732641386142E-004
   56332.5904899562      -2.332016406788595E-004  1.577467477812058E-004
   56332.6109233827      -5.221630015816991E-006  1.577675395173601E-004
   56332.6313569094      -3.543738486033732E-005  1.577467477812058E-004
   56332.6517902366      -1.584591032056659E-004  1.577375707390411E-004
   56332.6722236640      -7.876445336862936E-005  1.577792424521398E-004
   56332.6926571917      -4.085846049606268E-005  1.577460639150829E-004
   56332.7130905197      -2.019544438425225E-005  1.577644510897085E-004
   56332.7335240481       7.949995615685879E-005  1.578055712978694E-004
   56347.9565184259      -2.612206830041597E-004  1.577472441356498E-004
   56347.9769520858      -1.662689836757769E-004  1.577525496131513E-004
   56347.9973857461      -2.843014059303872E-004  1.577551196261613E-004
   56348.0178195067      -1.071926870728213E-004  1.577584065955905E-004
   56348.0382530675       1.770331432786598E-004  1.577706941256042E-004
   56348.0586867288       1.306352124768040E-004  1.577858384511956E-004
   56348.0791204904      -1.198074217956258E-004  1.577489979213520E-004
   56348.0995540522       6.865352552298809E-005  1.577850884044802E-004
   56348.1199878144      -3.897439893929544E-005  1.577255479313976E-004
   56348.1404214767      -1.049765872275232E-004  1.577742899377985E-004
   56348.1608550395       1.134162639351288E-004  1.577648922936588E-004
   56348.1812888026       6.715816617020032E-005  1.578002106698742E-004
   56348.2017224659       6.658151008198665E-005  1.577773563052526E-004
   56348.2221560296       2.717945433605706E-005  1.577632929293392E-004
   56348.2425897936      -3.958295933121914E-004  1.577510605498192E-004
   56348.2630234579      -2.879823287615935E-004  1.577788122782883E-004
   56348.2834570225      -3.612957567878938E-004  1.577474206172299E-004
   56348.3038907875      -5.513009210291742E-004  1.577334896025016E-004
   56348.3243244527      -5.301004092533868E-004  1.577530018472002E-004
   56348.3447582182      -2.472660878468647E-004  1.577669659522248E-004
   56348.3651917841      -1.401792019379844E-004  1.577586161674668E-004
   56348.3856254502      -2.446934459633399E-004  1.577525165228550E-004
   56348.4060592167       2.290636694641801E-004  1.578453899543770E-004
   56348.4264927834       1.091080810660117E-004  1.577599618395150E-004
   56348.4469264504      -5.063144169603628E-005  1.577678373300265E-004
   56348.4673602179      -1.585001038334477E-004  1.577732531085155E-004
   56348.4877938856      -2.457922507184129E-004  1.577591456122071E-004
   56348.5082275536      -4.147451927904999E-005  1.577672196444962E-004
   56348.5286612219      -3.953450988991580E-005  1.577961074731371E-004
   56348.5695285594       2.118655245355594E-004  1.577876584174903E-004
   56348.5899622287      -5.082558431823703E-005  1.577821985186063E-004
   56348.6103957982      -5.828543471275704E-005  1.577924454803502E-004
   56363.8335676227      -1.776719976225305E-004  1.577373942574611E-004
   56363.8540015146       3.493904958149496E-004  1.577562777865306E-004
   56363.8744355067       1.552593725475671E-004  1.577399753005699E-004
   56363.8948692991       2.948161307747554E-006  1.577096756192883E-004
   56363.9153032918      -6.022832199137351E-005  1.577254707207063E-004
   56363.9357370848       7.944534121717695E-005  1.577478397609826E-004
   56363.9561709780       3.414046053840103E-005  1.577298607000110E-004
   56363.9766049716       1.894326807394542E-005  1.577483802358216E-004
   56363.9970387655       7.789609982955525E-005  1.577570940138386E-004
   56364.0174726595       3.420214469840310E-005  1.577424681028886E-004
   56364.0379066540      -8.310755559659544E-005  1.577102491844236E-004
   56364.0583404487       2.628740903598548E-005  1.577394458558296E-004
   56364.0787744436      -6.152716293217342E-005  1.577404937152114E-004
   56364.0992083389      -3.175590039671272E-004  1.577208270491302E-004
   56364.1196421344      -2.273915518852254E-004  1.577235294233253E-004
   56364.1400761302      -3.869501512606677E-004  1.577112198331141E-004
   56364.1605100264      -4.682924698103941E-004  1.577171871165408E-004
   56364.1809438228      -1.551970573754335E-004  1.577440012866157E-004
   56364.2013778194      -4.890284695059366E-004  1.577169334242695E-004
   56364.2218117164      -7.302055373388239E-004  1.577018001287768E-004
   56364.2422456137       1.272063139903246E-004  1.577712456305420E-004
   56364.2626795111      -2.790225828184223E-004  1.577349896959323E-004
   56364.2831134090      -1.723621748414006E-004  1.577332028199339E-004
   56364.3035474071       4.394048790201666E-005  1.577548438736924E-004
   56364.3239812054      -4.597814801610145E-005  1.577135802742477E-004
   56364.3444151042       1.088889733402709E-004  1.577132493712851E-004
   56364.3648491030       3.462897191917058E-004  1.577611310299831E-004
   56364.3852830023      -2.017144703626572E-004  1.577245111021145E-004
   56364.4057168018       2.236150026722061E-004  1.577258016236689E-004
   56364.4261508016       8.576228273460273E-005  1.577271362656184E-004
   56364.4465847016      -2.104375403441106E-004  1.577074806296359E-004
   56364.4670186020      -1.518142976830728E-004  1.577144626821482E-004
   56364.4874525027       1.328282823458427E-004  1.577433615408878E-004
   56379.7107872949      -6.100205568959627E-005  1.575222963016283E-004
   56379.7312214911       2.406414040228011E-004  1.575597103966072E-004
   56379.7720897843      -1.422836898994362E-004  1.575206638470125E-004
   56379.7925237814       1.074621678676113E-004  1.575522209595522E-004
   56379.8333920761       7.480334101495068E-005  1.575543718288095E-004
   56379.8538260738       1.798317072927436E-004  1.575493310736782E-004
   56379.8742601717       9.983327891438520E-005  1.575340433568030E-004
   56379.8946943699      -4.306118145969151E-005  1.575423379910672E-004
   56379.9151283683       4.169848013368949E-005  1.575502355417762E-004
   56379.9355624669      -3.851901765240529E-004  1.574960777568862E-004
   56379.9559966659      -1.935526185036229E-004  1.575155569112886E-004
   56379.9764306649      -3.068298072146369E-004  1.575313630428054E-004
   56379.9968648644      -4.691245387943299E-004  1.575055195214210E-004
   56380.0172989639       1.624477510286937E-005  1.575257707827363E-004
   56380.0377329638      -5.017475868485111E-005  1.575248994049346E-004
   56380.0581671639      -1.741345436290231E-004  1.575202667634573E-004
   56380.0786012643      -3.528223733176850E-004  1.574891287946702E-004
   56380.0990353647      -2.227786174489044E-004  1.575268296722168E-004
   56380.1194694655      -2.260402599618683E-005  1.575111117814901E-004
   56380.1399035666       2.640075494886318E-006  1.575295651367082E-004
   56380.1603376679      -3.792031458239586E-004  1.575120272796868E-004
   56380.1807717694      -1.014600823786571E-004  1.575100970124046E-004
   56380.2012058712       2.886169678568695E-004  1.575449410943735E-004
   56380.2216399731      -1.508919995429903E-005  1.575224838133071E-004
   56380.2420740754      -5.110656810723979E-004  1.574989455825627E-004
   56380.2625081778       9.193244104865883E-005  1.575367236708006E-004
   56380.2829423805       1.046358295406780E-004  1.575303372436211E-004
   56380.3033763834      -2.936706428592339E-004  1.575075490595921E-004
   56380.3238105865      -9.345095229529310E-005  1.574951291683933E-004
   56380.3442446900      -1.094138246523491E-004  1.575172996668920E-004
   56380.3646786937      -1.073967144455956E-004  1.575173106969908E-004
