   54959.5367370399       5.318101106137618E-004  7.551682090571546E-005
   54959.5571717105       6.948509351905052E-004  7.567287833659621E-005
   54959.5776062810       6.582099051817281E-004  7.561671968447997E-005
   54959.5980407516       6.678163603373033E-004  7.552446778100362E-005
   54959.6184753221       6.827898043073599E-004  7.556365648748038E-005
   54959.6389099927       5.550687153974554E-004  7.557607501294835E-005
   54959.6593445632       5.607550569248776E-004  7.552979000620419E-005
   54959.6797790338       5.268088377108349E-004  7.552334216096120E-005
   54959.7002137043       1.457427269349054E-004  7.543285821505148E-005
   54959.7206482749       3.637776419540550E-004  7.525797111846117E-005
   54959.7410827454       1.880420381221715E-004  7.514690178427573E-005
   54959.7615173160       1.271464347021301E-004  7.499165798092565E-005
   54959.7819519866       2.198244343067923E-004  7.516862502759433E-005
   54959.8023864572      -7.574190903802958E-006  7.526535494123942E-005
   54959.8228210278      -1.695641539759540E-004  7.534564101426487E-005
   54959.8432556983      -8.637645555897855E-005  7.532298179341098E-005
   54959.8636901689      -2.668061750304984E-004  7.534436245671667E-005
   54959.8841247395      -5.637745661768445E-005  7.526497565622513E-005
   54959.9045593101      -2.944428102733543E-004  7.547588871167301E-005
   54959.9249938807      -1.900654513835587E-004  7.541336174181679E-005
   54959.9454284513      -3.519882351725734E-004  7.533999456155208E-005
   54959.9658630219      -3.557586697569004E-004  7.541963829705332E-005
   54959.9862976925      -3.039239723832132E-004  7.529837720748380E-005
   54960.0067321630      -6.884603344935458E-004  7.545255656579377E-005
   54960.0271667337      -6.090399896439003E-004  7.534705415681812E-005
   54960.0476012043      -3.607864253234450E-004  7.541419983934838E-005
   54960.0680358749      -1.477248229613815E-003  7.534494361923858E-005
   54960.1497741573      -7.065921580736489E-003  7.514498700670358E-005
   54960.1702087279      -7.058334248386089E-003  7.519788503119695E-005
   54960.1906431985      -7.183913894705629E-003  7.520320113889726E-005
   54960.2110778691      -7.967219949621129E-003  7.508731121453016E-005
   54960.2315124397      -7.965472349669378E-003  7.492772398601641E-005
   54960.2519469103      -8.477829388412239E-003  7.496824630754342E-005
   54960.2723814810      -9.201083279013145E-003  7.498826276829770E-005
   54960.2928161516      -9.073999070886019E-003  7.492962652858810E-005
   54960.3132506222      -9.038352860802568E-003  7.498187609805704E-005
   54960.3336851928      -8.867544166148988E-003  7.489397373724459E-005
   54960.3541198634      -8.507726611063027E-003  7.499904180370390E-005
   54960.3745543340      -8.128363372349456E-003  7.503846297518940E-005
   54960.4358580458      -1.743238320576990E-003  7.537141404273607E-005
   54960.4562926164      -1.339322576054847E-003  7.535109170697026E-005
   54960.4767271870      -1.239746663486585E-003  7.534686451431096E-005
   54960.4971618576      -1.344857085704532E-003  7.543696305770616E-005
   54960.5175963283      -1.309822735114707E-003  7.543287045005194E-005
   54960.5380308989      -1.365735738159901E-003  7.544610872055080E-005
   54960.5584653695      -1.307373778912879E-003  7.541335562431657E-005
   54960.5789000401      -1.262898651093414E-003  7.536305141992094E-005
   54960.5993346107      -1.311613814991452E-003  7.546313372369236E-005
   54960.6197691813      -1.136558029542600E-003  7.546666352132538E-005
   54960.6402037519      -1.148219496676983E-003  7.543005639994590E-005
   54960.6606383225      -1.207606748633405E-003  7.538292106066969E-005
   54960.6810728930      -1.170510699009641E-003  7.541648166693436E-005
   54960.7015073637      -1.157448890878099E-003  7.538351445819205E-005
   54960.7219420343      -1.145047286805423E-003  7.529085268220026E-005
   54960.7423766048      -1.166025989881914E-003  7.533272697127822E-005
   54960.7628110754      -9.368123756851032E-004  7.540027029132347E-005
   54960.7832457460      -1.059979891140594E-003  7.540253376640877E-005
   54960.8036803166      -9.381764039494422E-004  7.536021289981397E-005
   54960.8241147872      -1.055731128564497E-003  7.543142671999754E-005
   54960.8649840283      -9.637361648476839E-004  7.530464152771987E-005
   54960.8854185989      -9.982750879080626E-004  7.519776268119234E-005
   54960.9058531694      -7.980171268278102E-004  7.533190722624732E-005
   54960.9262877400      -8.618016525651084E-004  7.526071175856445E-005
   54960.9467223106      -6.602598744372967E-004  7.520366606891479E-005
   54960.9671568811      -6.900985319320263E-004  7.529574668238468E-005
   55085.1242717017       3.722847931542095E-004  7.846569416506820E-005
   55085.1447047537       2.334618955948109E-004  7.846265551336965E-005
   55085.1651379055       2.966411897553645E-004  7.846304456811252E-005
   55085.1855711571       3.137140792577320E-004  7.846431234994700E-005
   55085.2060042082       3.409819164510441E-004  7.846503008886918E-005
   55085.2264373591       2.846919230077294E-004  7.846134077665240E-005
   55085.2468705097       1.527382413382128E-004  7.846168287651250E-005
   55085.2673036599       1.705326662562179E-004  7.846268905257163E-005
   55085.2877368098      -5.238527209794341E-007  7.846168287651250E-005
   55085.3081699595       3.643081109672153E-005  7.846898100686132E-005
   55085.3286031090      -6.508078655065308E-005  7.846400378928887E-005
   55085.3490362580       1.203895536956434E-004  7.847079883160813E-005
   55085.3694694065      -3.374103475239920E-005  7.846459407924356E-005
   55085.3899024551       1.902122007457763E-006  7.846930298320025E-005
   55085.4103357032       2.374870888581793E-004  7.847116105498943E-005
   55085.4307688510       1.798438185365292E-004  7.846744491141106E-005
   55085.4512018984       1.359215742680053E-004  7.846445992243568E-005
   55085.4716351455       8.474320555951209E-005  7.846486910069972E-005
   55085.4920682924      -3.966037750990914E-005  7.846527827896376E-005
   55085.5125013391      -8.988731353465340E-006  7.846350740909971E-005
   55085.5329344853       3.577898921780509E-005  7.846857182859729E-005
   55085.5533677313      -1.425095501811358E-004  7.846494959478445E-005
   55085.5738008768      -1.450026784098890E-004  7.846187740388393E-005
   55085.5942339223      -8.212070788715664E-006  7.846772664070763E-005
   55085.6146671674      -1.766045918394354E-006  7.846174995491644E-005
   55085.6351003120       1.222231787378902E-005  7.846344703853616E-005
   55085.6555333565       1.945470796391735E-004  7.846253477224256E-005
   55085.6759665004      -2.275322024122062E-003  7.838757465583803E-005
   55085.6963997443      -5.681314655230141E-003  7.828107427390025E-005
   55085.7168327877      -6.399693553989949E-003  7.826578710564200E-005
   55085.7372659309      -6.833111381352563E-003  7.824987610822711E-005
   55085.7576991739      -7.232617094758753E-003  7.823744647997676E-005
   55085.7781322164      -7.605320523632164E-003  7.822492964980129E-005
   55085.7985653586      -7.598714569648335E-003  7.822675418238850E-005
   55085.8189985006      -7.601799728187864E-003  7.822318561129882E-005
   55085.8394317422      -7.787236241479811E-003  7.822125375326530E-005
   55085.8598647838      -8.009640927816308E-003  7.822296425256581E-005
   55085.8802979246      -8.115164448997070E-003  7.821577344766329E-005
   55085.9007311655      -7.695021991471873E-003  7.822900130892054E-005
   55085.9211642059      -7.571073470228007E-003  7.823426025578955E-005
   55085.9415973460      -7.391514088495921E-003  7.824031072782506E-005
   55085.9620303857      -7.188779426565817E-003  7.824703198389998E-005
   55085.9824636252      -6.642570689649130E-003  7.825870362618579E-005
   55086.0028967644      -5.757465798112316E-003  7.828811750631411E-005
   55086.0233298032      -2.435444512309815E-003  7.838265110098873E-005
   55086.0437630419      -2.212808197984417E-004  7.846330617388789E-005
   55086.0641961802       9.906786034896697E-005  7.846831693066231E-005
   55086.0846292181      -2.051196787955512E-005  7.846688816065836E-005
   55086.1050623557       7.345828574889524E-005  7.846967862226232E-005
   55086.1254955930       8.392780733479377E-005  7.846097184543073E-005
   55086.1459286302       5.529433505735426E-005  7.846904137742488E-005
   55086.1867950033      -1.429014126750339E-004  7.846738454084752E-005
   55086.2072280395      -1.651428396108878E-004  7.847279776804560E-005
   55086.2276611752      -1.175101351983399E-004  7.847542724148009E-005
   55086.2480942107      -1.564605408601594E-004  7.847375698922196E-005
   55086.2685274460      -2.712506683625326E-004  7.846572770427018E-005
   55086.2889605808      -1.489573083485185E-004  7.846186398820315E-005
   55086.3093937153      -2.903209612992175E-004  7.846054254364550E-005
   55086.3298268497      -2.645857360076276E-004  7.846916211855196E-005
   55086.3502599838      -1.970678877831755E-004  7.846941701648695E-005
   55086.3706931174      -1.566607709461154E-004  7.848047824529689E-005
   55086.3911261508      -1.183817455350233E-004  7.847436069485743E-005
   55086.4115593838      -2.548863591612660E-004  7.847040977686528E-005
   55086.4319925165      -1.038989404312796E-004  7.847623218232740E-005
   55086.4524255490      -8.202591791839353E-005  7.847334781095791E-005
   55086.4728587812      -1.483935155112137E-004  7.846643202751155E-005
   55086.4932919130      -1.922141582160197E-004  7.846686803713717E-005
   55086.5137249445      -2.272717719619122E-004  7.846958471249680E-005
   55086.5341580758      -1.955418580159574E-004  7.847283801508796E-005
   55086.5545913067      -3.366334461815113E-004  7.847040977686528E-005
   55086.5750244373      -3.207722284288561E-004  7.847104702170272E-005
   55210.7449373614      -2.348053517793325E-004  7.690181837804682E-005
   55210.7653705755      -1.412591326376278E-004  7.690918849485173E-005
   55210.7858036899      -1.049558395328498E-004  7.690594464917537E-005
   55210.8062368047      -3.460909213082175E-005  7.690098566670461E-005
   55210.8266699197      -1.103894208168699E-004  7.690429786928220E-005
   55210.8471030352      -7.500799235726774E-005  7.689562275709026E-005
   55210.8675361509      -3.569615261733716E-005  7.690239630457537E-005
   55210.8879692670      -1.052011031508204E-004  7.689514425878168E-005
   55210.9084023834      -5.220610599754316E-005  7.689797796305068E-005
   55210.9288355000      -2.523191455017226E-005  7.689758646443457E-005
   55210.9492686171      -1.570834831527979E-004  7.689242862552389E-005
   55210.9697017345      -2.429438747906243E-004  7.687842788930007E-005
   55210.9901348522       3.730977379001743E-005  7.689089370237818E-005
   55211.0105680702      -3.518296861959591E-005  7.688651264643597E-005
   55211.0310010886      -4.026948361457450E-005  7.688999263413475E-005
   55211.0514342073      -1.685512904293640E-004  7.688115595108536E-005
   55211.0718672263      -2.082169969108705E-006  7.689392626308710E-005
   55211.0923004456      -1.057900119884048E-004  7.688385294155192E-005
   55211.1127335653       3.831199107851013E-005  7.687572468456978E-005
   55211.1331666853      -1.498701554296655E-004  7.687913631536733E-005
   55211.1535998057      -9.436629369341532E-005  7.687967695631339E-005
   55211.1740329264      -2.202825396294683E-004  7.687892503039990E-005
   55211.1944659473      -1.631056654827212E-004  7.688619571898484E-005
   55211.2148991686      -1.278776065483100E-006  7.688875599564894E-005
   55211.2353322903      -2.065483636938259E-004  7.688558050687381E-005
   55211.2557653123      -3.113807476995412E-005  7.688574829199500E-005
   55211.2761985346      -3.699151268825585E-004  7.686497400828607E-005
   55211.3170646803      -6.288136436669367E-003  7.670808249144516E-005
   55211.3374979036      -6.968440303066314E-003  7.669479639555235E-005
   55211.3579310272      -7.770404357177352E-003  7.666780163383187E-005
   55211.3783640512      -7.854855640682334E-003  7.666573849826760E-005
   55211.3987971754      -8.086431365894597E-003  7.664989833997443E-005
   55211.4192304000      -7.565344585979572E-003  7.668042901776742E-005
   55211.4396634249      -7.802840391258115E-003  7.666878970176777E-005
   55211.4600965502      -8.345897582053063E-003  7.665156376265885E-005
   55211.4805297758      -8.329689635132587E-003  7.666086651548931E-005
   55211.5009629018      -7.920174280298342E-003  7.666944841372504E-005
   55211.5213959281      -7.778319178906368E-003  7.667302782964378E-005
   55211.5418291546      -7.417260395349179E-003  7.668979391323536E-005
   55211.5622622816      -7.348873587301963E-003  7.668670542415270E-005
   55211.5826953089      -6.935616705885606E-003  7.670308622339193E-005
   55211.6031285365      -6.390265607055801E-003  7.671668924673587E-005
   55211.6439946926      -1.544100232094947E-003  7.685255169505420E-005
   55211.6644279212      -5.114174815945560E-005  7.689523747273790E-005
   55211.6848610501      -2.010523450369783E-004  7.689577189942021E-005
   55211.7052940793       3.530269556062393E-005  7.689490190249552E-005
   55211.7257273088      -1.243565569186700E-004  7.688888028092389E-005
   55211.7461604387      -1.537069888032372E-004  7.688814078353790E-005
   55211.7870265996      -2.815535581550677E-004  7.689991681333999E-005
   55211.8074598305      -3.707060665748552E-004  7.690513679488816E-005
   55211.8278929617      -8.460070029614464E-005  7.689914003037152E-005
   55211.8483259932      -2.773453225825007E-004  7.690683950315505E-005
   55211.8687592251      -1.029021500429383E-004  7.690734285851862E-005
   55211.8891923574      -2.818056687906578E-004  7.691044377612878E-005
   55211.9096253899      -3.438756009064292E-004  7.690827499808080E-005
   55211.9300586228      -3.280530149508687E-004  7.691182955694455E-005
   55211.9504916559      -1.107750420500042E-003  7.691795060673613E-005
   55211.9709247896      -1.193083253799188E-003  7.690877213918063E-005
   55211.9913580233      -1.098752171498130E-003  7.691485590338972E-005
   55212.0117910576      -9.750132661274780E-004  7.691709925260269E-005
   55212.0322241921      -9.641141042763257E-004  7.691988945702545E-005
   55212.0526574271      -1.222412592616573E-003  7.692227573430460E-005
   55212.0730904622      -1.202603418277270E-003  7.692843406967869E-005
   55212.0935235977      -1.173485567799060E-003  7.693423197775540E-005
   55212.1139567336      -1.159283471849015E-003  7.692566872231091E-005
   55212.1343898698      -1.107766324112469E-003  7.693768089413543E-005
   55212.1548230063      -1.102355890056805E-003  7.692583029316835E-005
   55212.1752561432      -8.720445729628601E-004  7.694472165496169E-005
   55212.1956893804      -9.432817993861864E-004  7.693587875764857E-005
   55336.3938921588       1.284935593632852E-003  7.630217348081039E-005
   55337.1091021018      -8.682727644835686E-003  7.610313163896271E-005
   55337.1295365652      -8.539785677140865E-003  7.609932193076581E-005
   55337.1499711287      -8.296444411444948E-003  7.610902497397283E-005
   55337.1704057922      -8.634774358395325E-003  7.609429780102392E-005
   55337.1908402555      -8.175043012156880E-003  7.609759584938210E-005
   55337.2112748188      -7.583946069429692E-003  7.613172294416866E-005
   55337.2317094822      -6.763895466741165E-003  7.614460074420644E-005
   55337.2930131719      -8.088035237050484E-004  7.630700034410842E-005
   55337.3134477352      -6.399111729972207E-004  7.631455811473855E-005
   55337.3338821983      -6.365267142166564E-004  7.631689448918292E-005
   55337.3543168614      -5.133505991398168E-004  7.631489100186254E-005
   55337.3747514245      -4.577984577494032E-004  7.629801855633675E-005
   55337.3951858875      -4.849939686358828E-004  7.630677841935909E-005
   55337.4156205504      -1.396291022446317E-004  7.631713490766137E-005
   55337.4360551134      -4.252491509267875E-004  7.630169264385351E-005
   55337.4564897764      -5.894888284602162E-004  7.628784084074921E-005
   55337.4769242393      -2.224280815774637E-004  7.631638282934419E-005
   55337.4973588022      -2.096369191674219E-004  7.629502873679709E-005
   55337.5177934649      -2.081719200736076E-004  7.630192073317921E-005
   55337.5382279277      -7.860664977787923E-005  7.629402391084872E-005
   55337.5586624904      -7.710685032702447E-005  7.629137930758582E-005
   55337.5790970532       4.396939190765004E-005  7.629276633726916E-005
   55337.5995316158      -5.053924341513749E-005  7.629288346422019E-005
   55337.6199661785      -2.406422820336873E-004  7.628914773093973E-005
   55337.6404007411      -1.826118433800872E-006  7.628742164955602E-005
   55337.6608353036      -2.012312269682459E-004  7.629632329783489E-005
   55337.6812698661      -2.406550388580619E-004  7.629015872146448E-005
   55337.7017044287      -1.612713717282777E-004  7.628793330939476E-005
   55337.7221389911      -1.112942900881597E-004  7.629512120544266E-005
   55337.7425735535      -1.256666435611731E-004  7.629621850003659E-005
   55337.7630082159      -1.370503319372274E-004  7.629320402219146E-005
   55337.7834426783      -2.671202440285292E-005  7.630092207180721E-005
   55337.8038772406      -3.830954349592908E-005  7.629165671352249E-005
   55337.8243119029       1.978329407588131E-004  7.628858058991366E-005
   55337.8447463650       6.131765663175415E-005  7.629314854100412E-005
   55462.9004847335      -1.521361281293987E-003  8.198734018166886E-005
   55463.0230830583       2.062436872297457E-003  8.216322201130672E-005
   55463.0435162113       1.944077697457303E-003  8.216840234149945E-005
   55463.0639491640       1.988914397707875E-003  8.218849660717131E-005
   55463.0843823166       1.944784000658339E-003  8.218263934249674E-005
   55463.1048153687       1.779836867405793E-003  8.218685771316262E-005
   55463.1252483206       6.128642012075414E-004  8.218699310005899E-005
   55463.1456814723       5.365104037327040E-004  8.219952707641247E-005
   55463.1661145238       8.207502328061445E-004  8.220583325553289E-005
   55463.1865474748       6.008576101428353E-004  8.220427274341157E-005
   55463.2069806255       6.112627115746339E-004  8.220807782776220E-005
   55463.2274136760       6.303240068779026E-004  8.222330529079085E-005
   55463.2478466263       1.862868651603122E-004  8.220693772758224E-005
   55463.2682797761       2.911146475350623E-004  8.222054054785444E-005
   55463.2887128257       1.841565265834344E-004  8.222973260555540E-005
   55463.3091457751       2.140153013108215E-004  8.223542598082910E-005
   55463.3295789242       2.946287637737299E-004  8.223563262398671E-005
   55463.3500119729       1.854828278387011E-004  8.225399536251027E-005
   55463.3704450213       1.613190754217175E-004  8.225123774519997E-005
   55463.3908780695      -7.910330378646524E-005  8.223930944706710E-005
   55463.4113111174      -3.628616934348017E-005  8.224792432905195E-005
   55463.4317442649      -6.911738693216041E-005  8.226646520822863E-005
   55463.4521772124      -6.550606539124093E-005  8.226221120943214E-005
   55463.4726102595      -1.518494881231902E-004  8.226956485559290E-005
   55587.6425642379      -8.947294674166439E-005  7.713123889095296E-005
   55587.6629975390       9.450491489637614E-005  7.713662274201632E-005
   55587.7038638422       5.687227701001163E-005  7.715143614871676E-005
   55587.7242971445      -4.803637678296724E-006  7.714176272526147E-005
   55587.7447303469       3.566406206336747E-004  7.713207679576421E-005
   55587.7651634497       3.442719068493805E-004  7.713980552969489E-005
   55587.7855967528       4.238035435122356E-004  7.715092965401743E-005
   55587.8060299564       5.619620433083838E-004  7.716052804122096E-005
   55587.8264632603       5.268093310073496E-004  7.715050444859081E-005
   55587.8468963645       1.339486928608746E-004  7.715956507599012E-005
   55587.8673295689       4.447817515171870E-004  7.715814564022778E-005
   55587.8877628738       1.812285526856527E-004  7.716720001460610E-005
   55587.9081959790       1.204777424865799E-004  7.716366080473170E-005
   55587.9286291846       1.433629146496695E-004  7.716511150559894E-005
   55587.9490624904       6.982486284352607E-004  7.716992007873218E-005
   55587.9694955967       5.819210860045221E-004  7.715844578523478E-005
   55587.9899289032       6.983285745556511E-004  7.716598067551509E-005
   55588.0103621102       6.921128041055269E-004  7.716122837957067E-005
   55588.0307952174       7.354138590147663E-004  7.715763289250745E-005
   55588.0512285250       6.745529262117689E-004  7.717228997368341E-005
   55588.0716617329       8.606865414761966E-004  7.718248865090099E-005
   55588.0920948411       8.379062516470359E-004  7.716238518845187E-005
   55588.1125281498       8.978406505952830E-004  7.716802541337539E-005
   55588.1329613587       1.032568331455375E-003  7.718113799836941E-005
   55588.1533944680       7.963596751245916E-004  7.716171611520707E-005
   55588.1738277777       1.021032872800198E-003  7.717453480821505E-005
   55588.1942609877      -1.170815132762071E-003  7.711031628275553E-005
   55588.2146942980      -4.752853192726669E-003  7.698924529055035E-005
   55588.2351274086      -5.655069154759884E-003  7.695345299846367E-005
   55588.2555606197      -6.203233442479306E-003  7.694854437699476E-005
   55588.2759939310      -6.177672177245408E-003  7.694753138759607E-005
   55588.2964270427      -6.511746938649865E-003  7.693716387881205E-005
   55588.3168602547      -7.058910773547811E-003  7.692171891699267E-005
   55588.3372935671      -6.761279008208110E-003  7.694059053430882E-005
   55588.3577266799      -7.039129604256567E-003  7.692293200306270E-005
   55588.3781599929      -7.130701170629861E-003  7.692479540331459E-005
   55588.3985932063      -7.226862015924818E-003  7.692371988370612E-005
   55588.4190263200      -7.025140571080168E-003  7.692282570170604E-005
   55588.4394596341      -6.644161559094530E-003  7.694562421619733E-005
   55588.4598928485      -6.436557131369813E-003  7.694845683470105E-005
   55588.4803260633      -6.045287364890850E-003  7.696807256151375E-005
   55588.5007592783      -5.712873245792727E-003  7.696323897629660E-005
   55588.5211924938      -4.935004303635693E-003  7.700612844719502E-005
   55588.5416257096      -1.758725632171831E-003  7.710846538854561E-005
   55588.5620589257       9.284737745693938E-004  7.717993116532037E-005
   55588.5824921422       8.285267208267832E-004  7.718455840084520E-005
   55588.6029254590       9.397361537808457E-004  7.716877577589294E-005
   55588.6233585762       8.567497795246570E-004  7.719437564378303E-005
   55588.6437917937       8.348911328652786E-004  7.718888549136302E-005
   55588.6642250116       7.521928949323353E-004  7.717941216457907E-005
   55588.6846582298       8.004178769254189E-004  7.718622170442575E-005
   55588.7050914483       4.705770772979179E-004  7.718203843339046E-005
   55588.7255247671       5.271545714700121E-004  7.718189461390793E-005
   55588.7459578863       7.569606079007585E-004  7.719073013255198E-005
   55588.7663911059       3.528038331319650E-004  7.717656704003340E-005
   55588.7868244258       4.276080600620347E-004  7.718345786915281E-005
   55588.8072575460       5.659372995685530E-004  7.718695330788035E-005
   55588.8276908666       5.103205178524917E-004  7.717689219712433E-005
   55588.8481240876       5.398058172243481E-004  7.717289026369745E-005
   55588.8685572089       5.335551137422012E-004  7.718277003684506E-005
   55588.8889905304       6.064152547793356E-004  7.718250740996392E-005
   55588.9094237524       4.054632923793378E-004  7.718616542723693E-005
   55588.9298568747       3.889035217479186E-004  7.717517261635497E-005
   55588.9502901974       3.208530405123255E-004  7.718358918259338E-005
   55588.9707234204       2.067140721402350E-004  7.716840059463416E-005
   55588.9911567437       2.536238106360944E-004  7.717344678256463E-005
   55589.0115898673       2.234613675469177E-004  7.717603553325014E-005
   55589.0320230914       1.991214268879382E-004  7.717055163385111E-005
   55589.0524564157      -3.037787430493211E-007  7.716060933049369E-005
   55589.0728895404       1.050383290597257E-004  7.717050786270425E-005
   55589.0933227654       8.353536895522318E-005  7.716671227896969E-005
   55713.2918763581       1.392954129444179E-003  7.683672856800670E-005
   55713.3123109118       1.365365404894181E-003  7.683024229166962E-005
   55713.3327453653       1.502229008608191E-003  7.683219876695285E-005
   55713.3531800189       1.429385865754140E-003  7.683520201882074E-005
   55713.3736145724       1.419829139696738E-003  7.683924581646027E-005
   55713.3940490259       1.499729461482024E-003  7.684114621442648E-005
   55713.4144836792       1.346741626236270E-003  7.682133845988703E-005
   55713.4349182325       1.372450378680057E-003  7.683014259866157E-005
   55713.4553528859       1.280301430617969E-003  7.682012968216427E-005
   55713.4962218922       1.584556777934676E-003  7.682537602671356E-005
   55713.5166565452       1.696119433454157E-003  7.682043499200146E-005
   55713.5370909982       1.846983434679705E-003  7.681121338875567E-005
   55713.5575255512       1.702756802659300E-003  7.682223569695959E-005
   55713.5779602042       1.926131088917371E-003  7.681744420175958E-005
   55713.5983946570       1.814341714867718E-003  7.681612326940276E-005
   55713.6188292099       1.419104400520954E-003  7.680491403680872E-005
   55713.6392638626       1.775522728070467E-003  7.680712597542510E-005
   55713.6596984153       1.607747285913952E-003  7.679885145575591E-005
   55713.6801329679       1.689803491348840E-003  7.679904461095903E-005
   55713.7005675205       1.493477076603078E-003  7.680186716924980E-005
   55713.7210020730       1.497431701459995E-003  7.679183556031350E-005
   55713.7414366254       1.496151169104287E-003  7.678438973877382E-005
   55713.7618711778       1.701525961644412E-003  7.679099440055796E-005
   55713.7823057302       1.527583217565409E-003  7.677816515658291E-005
   55713.8027402825       1.551881735630589E-003  7.677795330894078E-005
   55713.8231748346       6.566340963944928E-004  7.675785270619015E-005
   55713.8436092868      -3.236210455997313E-003  7.663573500212645E-005
   55713.8640439390      -4.969350203995582E-003  7.656147617274579E-005
   55713.8844784910      -5.699578345137568E-003  7.654075871950779E-005
   55713.9049131429      -5.942352556782993E-003  7.654519505836657E-005
   55713.9253475949      -6.124751887183533E-003  7.652633438740372E-005
   55713.9457821468      -6.478390488079189E-003  7.651267644529915E-005
   55713.9662167986      -6.824451412076771E-003  7.650174759929029E-005
   55713.9866512503      -6.709993933684544E-003  7.649583455774957E-005
   55714.0070858020      -6.797234841923183E-003  7.649631433035087E-005
   55714.0275204537      -7.130610630999845E-003  7.648227630865305E-005
   55714.0479549052      -7.128117484959784E-003  7.647367778670764E-005
   55714.0683894567      -6.973452331708763E-003  7.648086191410117E-005
   55714.0888241082      -6.783425285702083E-003  7.647962821312639E-005
   55714.1092586595      -6.789429726115848E-003  7.648145384133653E-005
   55714.1296931109      -6.283317605095151E-003  7.649234530246738E-005
   55714.1501277621      -5.617292021600773E-003  7.651483853741150E-005
   55714.1705623133      -3.744404798427414E-003  7.656127055591667E-005
   55714.1909968646      -7.957691054605309E-005  7.667982423494214E-005
   55714.2114314156       3.537525156418475E-004  7.668209848168857E-005
   55714.2318659667       4.640201077312778E-004  7.669098985184516E-005
   55714.2523006176       2.426072333936435E-004  7.668191155729846E-005
   55714.2727350685       2.940976862431111E-004  7.668112024404696E-005
   55714.2931696193       7.100163715390018E-005  7.667169925478504E-005
   55714.3136042701       3.190064727986996E-004  7.667997377445424E-005
   55714.3340387209       4.284504070062312E-005  7.666868354129115E-005
   55714.3544732715       4.013397431767984E-005  7.666774268852756E-005
   55714.3749079222       5.474997391430314E-005  7.666108194942636E-005
   55714.3953423727       2.672572473016999E-005  7.664942409829604E-005
   55714.4157770231      -7.887595198530217E-005  7.665439628707317E-005
   55714.4362115735       4.435891397536196E-006  7.664919978902790E-005
   55714.4566460239       2.281250258917566E-005  7.663747339895454E-005
   55714.4770806742      -2.785663342641520E-005  7.663696247228822E-005
   55714.4975151244      -1.975856580137547E-004  7.663635185261383E-005
   55714.5179496746      -2.327631194952717E-004  7.662636385936856E-005
   55714.5383843247      -7.557229849035618E-004  7.661316699742627E-005
   55714.5588187747      -6.983878712840674E-004  7.661194575807750E-005
   55714.5792533247      -6.886556255690790E-004  7.661491785588037E-005
   55714.5996879746      -5.419101042293262E-004  7.659894828215133E-005
   55714.6201224245      -1.192274078156697E-004  7.661102982856593E-005
   55714.6405569743      -5.562389805107149E-004  7.658948367719839E-005
   55714.6609916240      -3.026880179402003E-004  7.659053668459605E-005
   55714.6814261737      -2.435019830316909E-004  7.658858644012582E-005
   55714.7018607233      -3.514453875167467E-004  7.658171385338251E-005
   55714.7222952728      -5.545669708518774E-004  7.657846759980748E-005
   55714.7427298223      -7.217870251123859E-004  7.657535842411851E-005
   55838.8990275719      -1.365714777407101E-004  8.540023926653333E-005
   55838.9194606717       4.475130980763353E-005  8.540575715780650E-005
   55838.9398936712      -1.493312754496934E-005  8.540523673653656E-005
   55838.9603267705      -5.040348831331087E-005  8.540542922111586E-005
   55838.9807596696       8.182236636389284E-005  8.541336386321797E-005
   55839.0011926682       1.100836062928323E-005  8.540514405877615E-005
   55839.0216257668      -3.264761170584940E-005  8.541245847278942E-005
   55839.0420586649      -7.798866441444119E-005  8.539919129493494E-005
   55839.0624916628      -7.824534597999921E-005  8.541106117732491E-005
   55839.0829247605       1.340386386754489E-004  8.541709948986803E-005
   55839.1033576577       2.408985668478358E-005  8.540902226659606E-005
   55839.1237906547      -2.295375142402634E-006  8.541361338026520E-005
   55839.1442237516       4.424142133285791E-005  8.542202566928633E-005
   55839.1646567481       2.659857776743380E-005  8.541738465220772E-005
   55839.1850896442      -9.072199443760365E-005  8.541627251908290E-005
   55839.2055227402      -4.670603320988675E-005  8.541519603125054E-005
   55839.2259557358      -3.615966658743197E-005  8.541357060591425E-005
   55839.2463887311       7.300613756089369E-005  8.542361544933014E-005
   55839.2668217262       1.000007929978786E-004  8.542376515955849E-005
   55839.2872547211       2.264418385871103E-004  8.542843469287105E-005
   55839.3076877157       9.953560051956245E-005  8.541625826096591E-005
   55839.3281207099       5.696173819358386E-005  8.542006517820090E-005
   55839.3485537039       1.190349490631792E-004  8.542107037544833E-005
   55839.3689866976       2.424885984309011E-004  8.542705878458200E-005
   55839.3894196910       1.910915526313062E-004  8.541856094685898E-005
   55839.4098525843       3.496275178604957E-004  8.542442816199829E-005
   55839.4302856771       2.930791811506239E-004  8.542810675618040E-005
   55839.4507186698      -6.253782253808904E-004  8.540254195242640E-005
   55839.4915846542      -6.202871337703142E-003  8.523599288792533E-005
   55839.5120176458      -6.899269703674937E-003  8.520985775949192E-005
   55839.5324507375      -7.142634449819996E-003  8.521145466859425E-005
   55839.5528836286      -7.299766398766061E-003  8.518926903856568E-005
   55839.5733166195      -7.300487660431010E-003  8.519728210031121E-005
   55839.5937497102      -7.499560374943703E-003  8.520166647128407E-005
   55839.6141826006      -7.355678209125305E-003  8.520282850781836E-005
   55839.6346155906      -7.109740632599171E-003  8.521432767916671E-005
   55839.6550486806      -6.956645602345879E-003  8.520791865558197E-005
   55839.6754816701      -6.986162653023986E-003  8.520962962962016E-005
   55839.6959145594      -6.736796199587114E-003  8.521034253546941E-005
   55839.7163476485      -6.498989597659377E-003  8.520325625132790E-005
   55839.7367806371      -7.171991015592183E-003  8.519574222367683E-005
   55839.7572136256      -6.766681446604084E-003  8.520003391688930E-005
   55839.7776466138      -5.905266645758189E-003  8.523070312652391E-005
   55839.8185125893      -2.154604356991996E-004  8.542444954917377E-005
   55839.8389455765       3.504305909209915E-004  8.543909976437579E-005
   55839.8593785637       3.849899549999147E-004  8.543382426109135E-005
   55839.8798116504       3.215982681814555E-004  8.544595078958706E-005
   55839.9002445369       1.696453771837803E-004  8.543571346159186E-005
   55839.9206775232       9.867666853335955E-005  8.543007437632433E-005
   55839.9411105092       3.081705532541612E-004  8.544070380253659E-005
   55839.9615434950       7.258737295723350E-005  8.542655975048753E-005
   55839.9819765803      -1.133298265232341E-005  8.543821576112272E-005
   55840.0024095654       9.621073154719717E-005  8.542368673991507E-005
   55840.0228424503      -1.593112070424896E-004  8.542357980403768E-005
   55840.0432755349      -1.487349756968959E-004  8.542704452646503E-005
   55840.0637084193      -1.548952029239992E-005  8.542555455324010E-005
   55840.0841414032      -1.490185602900373E-004  8.542816378864834E-005
   55840.1045744869      -2.025388441361242E-004  8.541856094685898E-005
   55840.1250073704      -2.570983694200057E-004  8.541748445902662E-005
   55840.1454403536      -3.313943305838229E-004  8.540836639321475E-005
   55840.1658734366      -2.281276699938051E-004  8.543323967829497E-005
   55840.1863063194      -3.627950669985447E-004  8.543294738689679E-005
   55840.2067393017      -5.714274211320314E-004  8.541648639083768E-005
   55840.2271723837      -5.046495648580729E-004  8.541215905233275E-005
   55840.2476053656      -3.878041912029895E-004  8.543050211983387E-005
   55840.2680383472      -6.276289711238947E-004  8.541753436243607E-005
   55840.2884713283      -5.530595406958438E-004  8.542605358733457E-005
   55840.3089043095      -5.570788386719538E-004  8.542434974235487E-005
   55840.3293372901      -5.586030046722534E-004  8.541926672364973E-005
   55840.3497702706      -5.656361924977205E-004  8.543119363850764E-005
   55964.5402009341       2.018486445936052E-004  7.819778960825226E-005
   55964.5606343155       4.104889063920591E-004  7.822582588157739E-005
   55964.5810674971       1.575666695285971E-004  7.822180177755458E-005
   55964.6015007792       1.640442066213055E-004  7.821582238787803E-005
   55964.6219341617       4.391360850530823E-005  7.821873639423939E-005
   55964.6423673443      -7.234166620051496E-005  7.820794447890546E-005
   55964.6628007274      -6.483897929954185E-005  7.820214169567507E-005
   55964.6832340109      -1.288590905224041E-005  7.820515031263257E-005
   55964.7036671947       8.997244826236539E-005  7.820892212173232E-005
   55964.7241005789       9.427939830253251E-005  7.820618472181711E-005
   55964.7445338634       1.053980141010324E-004  7.820734527846319E-005
   55964.7649670483      -6.043843934433468E-006  7.821471229021658E-005
   55964.7854004335      -1.655571900552877E-004  7.820968531387459E-005
   55964.8058337190      -8.020558834520575E-005  7.821201273453983E-005
   55964.8262671049       8.243819557662846E-005  7.821815611591635E-005
   55964.8467002912       7.822908933263761E-005  7.822120257711231E-005
   55964.8671335778      -3.122989228465656E-005  7.821989695088546E-005
   55964.8875669648       4.123169659586701E-005  7.820669561903631E-005
   55964.9080001521       1.811591421874148E-004  7.822032585225468E-005
   55964.9284334397       3.618110545580144E-004  7.821486366717041E-005
   55964.9488668277       1.855075286814056E-004  7.821218934098597E-005
   55964.9693001161       2.085697699867328E-004  7.821674326434720E-005
   55964.9897334048       5.110814154440924E-005  7.821669911273568E-005
   55965.0101666940       1.755325793675322E-004  7.821034758804762E-005
   55965.0305998834      -6.256229442613837E-005  7.821703340350873E-005
   55965.0510332731      -3.445705156892576E-004  7.822177654806227E-005
   55965.0714665632      -6.222153413172338E-004  7.820054593028671E-005
   55965.1123331445      -5.845725175282035E-003  7.807844149489836E-005
   55965.1327664356      -6.635714133798265E-003  7.801918372484446E-005
   55965.1531996271      -7.070178242571723E-003  7.801652201340617E-005
   55965.1736330190      -7.045298738521444E-003  7.802320782886728E-005
   55965.1940663112      -7.514366808166528E-003  7.800450646769540E-005
   55965.2144997037      -7.751918786315870E-003  7.800431724650311E-005
   55965.2349328968      -7.949625234307645E-003  7.799873522133038E-005
   55965.2553661900      -7.850059586016589E-003  7.799093930820781E-005
   55965.2757995836      -7.831712368155386E-003  7.798784238802724E-005
   55965.2962327775      -7.525005395392803E-003  7.799574552649212E-005
   55965.3166660718      -7.289528523430011E-003  7.800276563272628E-005
   55965.3370994665      -7.414380102903517E-003  7.798733779818111E-005
   55965.3575326616      -6.961793224166124E-003  7.801519746506010E-005
   55965.3779660569      -6.713568251125013E-003  7.802587584767864E-005
   55965.3983993526      -6.072369009196943E-003  7.804837424744259E-005
   55965.4392659450      -5.867247463953174E-004  7.820735789320935E-005
   55965.4596992419       8.881491313417200E-005  7.822267219503914E-005
   55965.4801325390       1.427678830381307E-004  7.822626739769275E-005
   55965.5005658364      -1.766401070923962E-005  7.822393366965443E-005
   55965.5209991343       1.502567271087774E-004  7.821802366108174E-005
   55965.5414325325       7.754494046374738E-005  7.823069517359247E-005
   55965.5618657309       7.606676250215827E-005  7.822055291768543E-005
   55965.5822990299      -1.220154960100972E-004  7.822129088033538E-005
   55965.6027324291       9.533425252605809E-005  7.822600879539661E-005
   55965.6231656286      -1.150547223927045E-004  7.822128457296230E-005
   55965.6435989286      -7.201024720804305E-005  7.821814980854327E-005
   55965.6640323288       3.672689052036660E-005  7.822583849632355E-005
   55965.6844655295       1.629203607045326E-005  7.822638723778121E-005
   55965.7048988305      -4.078125703976809E-005  7.822288664572374E-005
   55965.7253322317      -2.845995474349827E-004  7.821179197648214E-005
   55965.7457654335       1.103414594130214E-004  7.822528975486590E-005
   55965.7661988355       6.021292889801799E-005  7.823404438869610E-005
   55965.7866321379       1.363616222875841E-004  7.822643138939275E-005
   55965.8070653406       1.227617579899754E-004  7.821802366108174E-005
   55965.8274987437       2.891753522378249E-004  7.821861024677786E-005
   55965.8479320472       2.980743878775449E-004  7.822272896139683E-005
   55965.8683652509       2.141146924332649E-004  7.822959769067716E-005
   55965.8887986551       1.223957188341007E-004  7.822465901755825E-005
   55965.9092319595       1.155633147140733E-004  7.820741465956704E-005
   55965.9296653644       5.890509259187660E-005  7.822194053976227E-005
   55965.9500985697      -1.587404732281694E-004  7.821322375017051E-005
   55965.9705318751      -3.842487250671489E-005  7.822144856466230E-005
   56090.1489453281      -1.818448546586637E-005  7.718840257784050E-005
   56090.1693798663       8.492823745376299E-006  7.719381553931171E-005
   56090.1898144045      -1.170463178283843E-004  7.718621851082828E-005
   56090.2102489426      -2.075394792308005E-004  7.718906975681253E-005
   56090.2306834805      -5.171506563139694E-005  7.719258188762756E-005
   56090.2511181185      -5.964817429238156E-005  7.719092023433873E-005
   56090.2715526563      -2.609832378743793E-004  7.718663392415048E-005
   56090.2919870940      -2.934408672350397E-004  7.718932781660360E-005
   56090.3124217317      -1.989291900701406E-004  7.718322249959536E-005
   56090.3328562693      -2.018198846214236E-004  7.718957958225342E-005
   56090.3532907068      -1.478856401359030E-004  7.719210353289290E-005
   56090.3737253442      -1.181774452775342E-004  7.719700666892321E-005
   56090.3941598815      -9.998348367201704E-005  7.720292945583532E-005
   56090.4145943189      -4.904743723144200E-005  7.719651572590606E-005
   56090.4350289560      -9.981373932810289E-005  7.720700805936246E-005
   56090.4554634932      -9.453044133278521E-005  7.720374769419725E-005
   56090.4758981302      -1.711523915535196E-004  7.719963132582262E-005
   56090.4963325671      -5.799964573061089E-005  7.719394142213661E-005
   56090.5167671040      -3.111366359154211E-005  7.719993973874367E-005
   56090.5372017408      -1.027493063354701E-004  7.719207835632793E-005
   56090.5576361775      -4.285982538442257E-004  7.719795708425130E-005
   56090.5985053506      -2.277306714406624E-004  7.720827318175282E-005
   56090.6189397871      -1.623960426649917E-004  7.720124262598150E-005
   56090.6393743235      -1.720374670368674E-004  7.720629052726047E-005
   56090.6598089598      -3.697561375415326E-005  7.720280357301040E-005
   56090.6802433960      -3.898272207214504E-005  7.720364069379607E-005
   56090.7006780321      -1.327349205187178E-003  7.717211334029690E-005
   56090.7415471042      -6.390639197222048E-003  7.701679281677943E-005
   56090.7619816401      -6.811025775459667E-003  7.700941608323958E-005
   56090.7824161758      -7.092694549076239E-003  7.700179387819118E-005
   56090.8028506116      -7.334516858035323E-003  7.698894753590892E-005
   56090.8232852472      -7.717650492270467E-003  7.698055744562854E-005
   56090.8437197828      -7.927441342686858E-003  7.697423812781797E-005
   56090.8641542183      -7.907845619898102E-003  7.697226176746685E-005
   56090.8845888536      -7.951857688694552E-003  7.697435142236039E-005
   56090.9050233890      -7.779931348592117E-003  7.697902796930586E-005
   56090.9254578242      -7.985401933834013E-003  7.697567948616320E-005
   56090.9458924593      -7.736891452950867E-003  7.698153303752161E-005
   56090.9663269944      -7.295351213869816E-003  7.698736141231503E-005
   56090.9867616294      -7.055155831649063E-003  7.700225335050210E-005
   56091.0071960644      -6.744969083013586E-003  7.700786772449317E-005
   56091.0276305992      -6.164546439397567E-003  7.702163930553853E-005
   56091.0684996686      -1.333637012383981E-004  7.720272174917422E-005
   56091.0889342030       1.311562249770581E-004  7.720945648030700E-005
   56091.1093688376       1.271784962670885E-004  7.720250145423062E-005
   56091.1298032720       3.768558143601997E-004  7.720637864523790E-005
   56091.1502378063       1.678836944158935E-004  7.721332108303179E-005
   56091.1706724406       1.143024109799828E-004  7.720007191570982E-005
   56091.1911068747       4.336048794164604E-004  7.721737450999396E-005
   56091.2115415088       3.796875619155315E-004  7.720850606497891E-005
   56091.2319760427       2.472786558569418E-004  7.721096078006469E-005
   56091.2524105766       2.444685734757091E-004  7.720313086835517E-005
   56091.2728451104       3.376846880513984E-004  7.720880818375871E-005
   56091.2932796441       2.411602984460082E-004  7.720124892012275E-005
   56091.3137141778       1.864434437657270E-004  7.718762210432604E-005
   56091.3341487114       2.300869771623137E-004  7.719460860110864E-005
   56091.3545832448       2.153501391406465E-004  7.720676258785389E-005
   56091.3750177782       3.301848741641411E-004  7.720515128769501E-005
   56091.3954524115       2.560832306006677E-004  7.719847320383345E-005
   56091.4158868447       2.559002686575162E-004  7.719545831017681E-005
   56091.4363214779       3.633106332283642E-004  7.719902079412181E-005
   56091.4567559110       1.671079351577287E-004  7.719569748754413E-005
   56091.4771904439       2.940490584824040E-004  7.720223080615706E-005
   56091.4976250768       3.328637334516493E-004  7.719990826803743E-005
   56091.5180595096       4.877021308586915E-004  7.720063838842192E-005
   56091.5384940422       2.872344648214842E-004  7.719966909067011E-005
   56091.5589286749       1.756251604170256E-004  7.720030479893591E-005
   56091.5793631074       2.568264973075163E-004  7.720277839644543E-005
   56091.5997976399       4.410233672194064E-004  7.719727731699677E-005
   56215.7761789469      -1.274118840925764E-003  8.260490220901169E-005
   56215.8170449247      -1.450403844223014E-003  8.260109219353710E-005
   56215.8374777632      -1.170967448857141E-003  8.260144577451863E-005
   56215.8579108012      -1.298570055926929E-003  8.259993042745488E-005
   56215.8783437393      -1.312069125973037E-003  8.260519084654764E-005
   56215.8987766769      -1.247915009975453E-003  8.259887690044865E-005
   56215.9192096145      -1.148820849109278E-003  8.260170554830099E-005
   56215.9396425516      -1.443135324395994E-003  8.259422983611980E-005
   56215.9600754885      -1.240039723905739E-003  8.259959127835013E-005
   56215.9805084252      -1.345793940819573E-003  8.259871814980388E-005
   56216.0009413616      -1.365716064467226E-003  8.259779450968882E-005
   56216.0213742978      -1.446459709873782E-003  8.259513182841965E-005
   56216.0418072336      -1.251136193153757E-003  8.260164060485541E-005
   56216.0622401693      -1.268744948015210E-003  8.259575239912195E-005
   56216.0826731046      -1.064935458948590E-003  8.260470016273652E-005
   56216.1031061396      -1.256022605839457E-003  8.259321238880556E-005
   56216.1235389744      -1.153452204978422E-003  8.259500915746686E-005
   56216.1439720090      -1.116580126454214E-003  8.260517641467085E-005
   56216.1644049433      -1.213966582827575E-003  8.259889854826384E-005
   56216.1848377772      -1.147956910769854E-003  8.260113548916748E-005
   56216.2052708111      -1.108014377332323E-003  8.260447646864615E-005
   56216.2257037445      -1.327669279790555E-003  8.259941087989017E-005
   56216.2461365776      -1.104208472907042E-003  8.260465686710613E-005
   56216.2665696108      -1.064264619114352E-003  8.260778136843282E-005
   56216.2870025435      -1.105572788851261E-003  8.260574647380436E-005
   56216.3074353758      -1.040391006459807E-003  8.261319332223196E-005
   56216.3278684080      -1.673030085852290E-003  8.259205783866174E-005
   56216.3687342716      -7.255037076050908E-003  8.238693757373604E-005
   56216.3891672031      -7.601111946528238E-003  8.237739088723437E-005
   56216.4096000342      -8.165794055028264E-003  8.236382492304452E-005
   56216.4300330650      -8.326126277552581E-003  8.235765529571351E-005
   56216.4504659956      -8.054887094462782E-003  8.236762050664232E-005
   56216.4708989260      -7.878913509302476E-003  8.237257785632233E-005
   56216.4913318559      -8.152240876407757E-003  8.235912013120848E-005
   56216.5117647858      -8.216227891740369E-003  8.236015201039951E-005
   56216.5321977155      -8.353814835837414E-003  8.235415556559006E-005
   56216.5526307447      -8.136558518876513E-003  8.236699993594002E-005
   56216.5730635737      -8.005129884807505E-003  8.236943170718043E-005
   56216.5934965025      -7.742467811693188E-003  8.237905055306609E-005
   56216.6139295310      -7.774516743915494E-003  8.237884129085252E-005
   56216.6343623593      -7.164853728925724E-003  8.242326260763585E-005
   56216.6547953873      -6.585679140456713E-003  8.244200239965766E-005
   56216.6956611425      -9.965621502184829E-004  8.263043219906682E-005
   56216.7160941696      -1.759424643497098E-004  8.265687139736021E-005
   56216.7365270967      -1.524634728301555E-004  8.265495917368451E-005
   56216.7569599234      -1.961765644238334E-004  8.266137414292109E-005
   56216.7773929498      -3.678002916085443E-004  8.265874754134391E-005
   56216.7978258760      -1.385033416371195E-004  8.266573978565240E-005
   56216.8182587017      -1.686206155914194E-004  8.266934775485182E-005
   56216.8386917274      -2.690004881445995E-004  8.266605728694194E-005
   56216.8591246529      -3.139737494395334E-005  8.267473806083576E-005
   56216.8795576779      -1.655454311033644E-005  8.268106643881154E-005
   56216.8999905027      -9.267876220553362E-005  8.268354150568236E-005
   56216.9204234273       5.474112111647500E-005  8.269212847237698E-005
   56216.9408564516      -1.895939359549681E-004  8.268421258795345E-005
   56216.9612892757       4.439015406187963E-005  8.269211404050019E-005
   56216.9817221996      -1.358135715001652E-007  8.269420666263585E-005
   56217.0021551232       2.513937568981994E-005  8.269085846721879E-005
   56217.0225880464       1.552402229370031E-004  8.270377499695273E-005
   56217.0430209695      -1.848748515385079E-004  8.269430768577343E-005
   56217.0634538922       7.996005550081620E-005  8.270380386070632E-005
   56217.0838868147      -6.150138649130277E-005  8.270029691464449E-005
   56217.1043197369      -4.961245920953594E-005  8.270246169616414E-005
   56217.1247527589       7.629762348915214E-005  8.271401441354070E-005
   56217.1451855807      -1.087170069816734E-004  8.270942507671902E-005
   56217.1656186022       3.813246631279021E-005  8.271940471952464E-005
   56217.1860515235       2.065213122997012E-004  8.272664230573869E-005
   56217.2064843443       1.739886471181507E-004  8.272700310265863E-005
   56217.2269173652       1.637604696904660E-004  8.273031521838369E-005
   56341.4174223640       1.849553913109148E-004  7.821713075206557E-005
   56341.4378558235       1.913917577385238E-004  7.820857063850293E-005
   56341.4582891832       2.251368314722946E-004  7.821848636856284E-005
   56341.4787224434       1.315383831765882E-004  7.820439559426718E-005
   56341.4991559038       2.716615622997409E-004  7.821189285358077E-005
   56341.5195892647       1.787941989068731E-004  7.821951103643168E-005
   56341.5400226258       1.142344023852271E-004  7.821643703282518E-005
   56341.5604559874       1.795917737072994E-004  7.820580212593806E-005
   56341.5808892492       2.736496902706609E-004  7.823199798275875E-005
   56341.6013227115       3.941922551535804E-004  7.821643703282518E-005
   56341.6217560742       1.201447632455110E-004  7.821481411166646E-005
   56341.6421894372       1.014247171202687E-004  7.823620484897801E-005
   56341.6626228004       2.566701052246767E-004  7.822320238651818E-005
   56341.6830561641       3.005980440704548E-004  7.824447220029240E-005
   56341.7034895282       2.392107206945493E-004  7.824141092547930E-005
   56341.7239229926       2.405881624258921E-004  7.823191524560163E-005
   56341.7443562575       4.006143146160213E-004  7.824024624088304E-005
   56341.7647897225       2.114247176383532E-004  7.822961769839262E-005
   56341.7852230878       1.707982717000789E-004  7.823966071638656E-005
   56341.8056563538       2.738114680551629E-004  7.823990892785790E-005
   56341.8260898198       2.513166690480961E-004  7.824767985622963E-005
   56341.8465231866       2.530802728633041E-004  7.824726617044407E-005
   56341.8669564533       2.130916796212468E-004  7.824570689325237E-005
   56341.8873899207       2.595401086833427E-004  7.824381030303552E-005
   56341.9078232883       1.776995573270490E-004  7.825109753725798E-005
   56341.9282567562       1.439125080213710E-004  7.825340781326039E-005
   56341.9486900245      -2.352545747430490E-005  7.825099570691077E-005
   56341.9691233931      -1.864532580371225E-003  7.818447503259354E-005
   56341.9895568621      -5.442343450231868E-003  7.808536864716796E-005
   56342.0099901316      -6.566137460568555E-003  7.805599695639356E-005
   56342.0304235013      -6.790974567727259E-003  7.804543205787017E-005
   56342.0508569713      -6.673004316691156E-003  7.805742894565126E-005
   56342.0712902419      -7.454465948916966E-003  7.802833092393499E-005
   56342.0917236126      -7.819797411402596E-003  7.803083849623513E-005
   56342.1121569837      -7.871587527676915E-003  7.801936348898350E-005
   56342.1325903553      -7.805067442521185E-003  7.803078121666481E-005
   56342.1530238272      -7.790314744894333E-003  7.803792206976317E-005
   56342.1734570995      -7.832359856342008E-003  7.802815272082736E-005
   56342.1938904720      -7.558813104696638E-003  7.803877489892109E-005
   56342.2143239450      -7.643271673386409E-003  7.804816874845153E-005
   56342.2347572182      -7.494068130142195E-003  7.804300085833044E-005
   56342.2551905919      -7.210926858954081E-003  7.805481317860721E-005
   56342.2756240660      -6.687201799377540E-003  7.806645366017306E-005
   56342.2960574402      -5.901773504877639E-003  7.809014830909030E-005
   56342.3164908150      -2.758987529113965E-003  7.817654499430428E-005
   56342.3369241901      -4.572616654296979E-005  7.825602994470114E-005
   56342.3573575654      -7.330780808945114E-005  7.825727100205780E-005
   56342.3777909412       1.000673071027691E-004  7.825793289931469E-005
   56342.3982243175      -3.079822464613358E-005  7.824263288964586E-005
   56342.4186576940       4.696868458942127E-005  7.826089234378059E-005
   56342.4390911709      -3.775132025340966E-005  7.824758439027911E-005
   56342.4595244481      -1.068472283920485E-004  7.825467432820386E-005
   56342.4799579257      -1.849741019380735E-004  7.824234649179432E-005
   56342.5003913036      -1.772327011391184E-004  7.824915003186752E-005
   56342.5208245820      -8.396423310252921E-005  7.825263135686289E-005
   56342.5616914396       1.523430609684517E-005  7.826441821955286E-005
   56342.5821247189      -1.521034779164987E-004  7.826122965680573E-005
   56342.6025581986      -6.954065104913809E-005  7.825681912989204E-005
   56342.6229915786      -8.529511343169371E-005  7.825128210476230E-005
   56342.6434248590      -1.862135315237046E-004  7.824613330783132E-005
   56342.6638583399      -2.242328917523295E-005  7.825187399365549E-005
   56342.6842917211      -2.668082721122289E-004  7.824848177021393E-005
   56342.7047251027      -1.483614068790162E-004  7.824679520508822E-005
   56342.7251584845      -1.712033963366943E-004  7.824645789206306E-005
   56342.7455918666      -3.924718996680676E-004  7.824874271047866E-005
   56342.7660252491      -1.137855714932190E-004  7.826005860781278E-005
   56342.7864586321      -7.841102127570387E-005  7.825435610836881E-005
   56342.8068920153      -2.031533421801290E-004  7.825179125649837E-005
   56342.8273253990      -1.648671492607834E-004  7.825193763762249E-005
   56342.8477587830       3.763959087965674E-006  7.825510074278281E-005
   56342.8681922674      -1.921481430708916E-004  7.824300838905120E-005
