   55009.6830958154       5.201754807220293E-004  4.952291619041317E-004
   55009.7035299240      -1.137533201747365E-003  4.950883224647272E-004
   55009.7239638327      -1.996192168067790E-004  4.952056625538417E-004
   55009.7443978408       1.016161799915372E-003  4.952895709006104E-004
   55009.7648318490      -5.381473904035872E-004  4.951553739442212E-004
   55009.7852658566       2.995788951829503E-004  4.951981427617489E-004
   55009.8056998641      -8.314853108876141E-004  4.951634577207210E-004
   55009.8261338713       3.599959644486894E-004  4.952863749889709E-004
   55009.8465679783      -1.893272020854209E-004  4.951944141981696E-004
   55009.8670018851      -3.986769369661580E-004  4.951412430015802E-004
   55009.8874358916      -1.139110553395883E-003  4.950888864491341E-004
   55009.9078697979       1.192352593151202E-004  4.952371203507633E-004
   55009.9283039039       7.967294983806106E-004  4.952754399579694E-004
   55009.9487379095       4.418002500068408E-004  4.952882862694612E-004
   55009.9691718151      -9.436966119658052E-008  4.952089524628823E-004
   55009.9896059202      -9.491136819694823E-006  4.952168169121126E-004
   55010.0100399254      -4.896581593945015E-004  4.951824138632882E-004
   55010.0304739300      -5.667633905638292E-004  4.951714474998195E-004
   55010.0509078344       2.282138094655828E-004  4.952404102598038E-004
   55010.0713419389       3.531195892625405E-004  4.952842757136784E-004
   55010.0917759428      -6.473746975366179E-005  4.951894950008422E-004
   55010.1122098466       2.827786941654864E-004  4.952545098699778E-004
   55010.1326439501      -3.310908570564042E-005  4.952085451408107E-004
   55010.1530779533       4.245411755239292E-004  4.952955240693505E-004
   55010.1735118561       4.244046220875930E-004  4.952422588753600E-004
   55035.3071297626       1.732354803141156E-005  4.961899406738536E-004
   55035.3275633305       2.235431278254651E-004  4.961242991553769E-004
   55035.3479969983      -1.951522091812041E-004  4.959034365951184E-004
   55035.3684307658      -7.664665513518187E-005  4.961390880798261E-004
   55035.3888643331       8.964947669030110E-004  4.962625380000161E-004
   55035.4092980002       1.261343335429377E-003  4.962456498002743E-004
   55035.4297317667      -8.931384098376238E-005  4.961117035036215E-004
   55035.4501653331      -1.043701947520681E-004  4.961217298930786E-004
   55035.4910326649      -1.615335236025972E-004  4.959497459814231E-004
   55035.5114663305      -2.111104972306599E-004  4.960333410035213E-004
   55035.5318999957       4.364492129127484E-004  4.961970218114076E-004
   55035.5523336607      -4.851765381758133E-004  4.957817726255505E-004
   55035.5727674254      -1.181758782831110E-006  4.961518403939168E-004
   55035.5932009897       7.354242162178615E-004  4.962038522892253E-004
   55035.6136346537      -6.169387804191295E-004  4.958663702865943E-004
   55035.6340682175       5.041675138515167E-004  4.962191112006802E-004
   55035.6545019811       2.059126061080274E-004  4.961847081518557E-004
   55035.6749356442      -3.375121658701907E-004  4.959269672778754E-004
   55035.6953692073       3.507221140548467E-004  4.962208971513023E-004
   55035.7158029699      -9.468989117622506E-005  4.961542216614128E-004
   55035.7362366323       5.262008812365604E-004  4.961832355259042E-004
   55035.7566702942      -2.879519789773521E-004  4.959272492700788E-004
   55035.7771038559      -5.956183114896874E-004  4.960966325869689E-004
   55035.7975376176       6.102568727861524E-005  4.961242991553769E-004
   55035.8179712786      -3.518891763776288E-004  4.960559630447337E-004
   55060.9511518231       7.377272830533244E-005  4.947536290516640E-004
   55060.9715851316      -5.669856122954009E-004  4.947722092046266E-004
   55060.9920184398       5.874833462182760E-004  4.948986357091866E-004
   55061.0124517476       9.329271099982606E-004  4.949658125185489E-004
   55061.0328851554       8.268141397591577E-004  4.948160119935671E-004
   55061.0533183627      -7.354335924925071E-005  4.947920113238043E-004
   55061.0737515696       4.943259171326098E-004  4.948358141127448E-004
   55061.0941849765      -1.348019627404051E-004  4.949008916468144E-004
   55061.1146182829      -1.590680460992200E-004  4.948947504832719E-004
   55061.1350515893       8.002505841333551E-004  4.948471564658180E-004
   55061.1554847952       3.818503707277987E-004  4.948668959200616E-004
   55061.1759182009       6.779255367208581E-004  4.948583108240891E-004
   55061.1963514061      -3.762444796534536E-004  4.947795096694500E-004
   55061.2167847114      -4.127818589405585E-004  4.947474252231874E-004
   55061.2372181162      -3.775442585322031E-004  4.947449499582902E-004
   55061.2576513207       5.044697714502444E-004  4.948910845846268E-004
   55061.2780846250      -6.941424461719414E-004  4.947695772773941E-004
   55061.2985179291      -2.517212136636804E-004  4.948764836549799E-004
   55061.3189513327       3.032520794818971E-004  4.949535928563980E-004
   55061.3393845361      -3.053888020687623E-006  4.948836274574680E-004
   55061.3598178394      -1.236402736034536E-004  4.948769536419857E-004
   55061.3802512421      -1.033841555981851E-004  4.949750555963296E-004
   55061.4006844448       4.917847014263010E-004  4.949516502434408E-004
   55061.4211177472      -6.020216183649785E-004  4.947320723143313E-004
   55061.4415510492       1.246114073758520E-004  4.948306755881480E-004
   55061.4619843509       1.575735271863721E-005  4.948485037619013E-004
   55086.5947414576      -2.143506739780143E-004  4.957620645037739E-004
   55086.6151745462      -6.632179525900561E-005  4.957619078414387E-004
   55086.6356075347      -5.290753999138698E-004  4.957497508442219E-004
   55086.6560404229       2.197260079064289E-004  4.958031100356137E-004
   55086.6764734110      -3.460404464112887E-004  4.957186377044381E-004
   55086.6969064986       1.043718916311498E-004  4.957762894438161E-004
   55086.7173393863       1.516683632187821E-004  4.958086872147492E-004
   55086.7377723737      -4.483053931921832E-004  4.957678610101788E-004
   55086.7582054607      -2.503784899233752E-004  4.958097525186291E-004
   55086.7786383476       2.447175799094037E-004  4.958730127696096E-004
   55086.7990713344      -1.687103565461978E-005  4.958345991650022E-004
   55086.8195043209       2.063265194081065E-004  4.958985173977910E-004
   55086.8399373069      -1.860876615605855E-004  4.958298992949443E-004
   55086.8603702929       4.280401047456195E-004  4.958510800426723E-004
   55086.8808032787      -3.576252395018908E-004  4.957766341009537E-004
   55086.9012363643       5.403843453621882E-005  4.957608112050919E-004
   55086.9216692496      -2.556691728413663E-004  4.957039741098571E-004
   55086.9421022349       3.073455622626398E-004  4.958945695069422E-004
   55086.9625351198       3.334080867629652E-004  4.958563438971373E-004
   55086.9829682044      -3.649697935239615E-004  4.957547327064834E-004
   55087.0034011888       1.696448428107900E-004  4.958547772737846E-004
   55087.0238340732       1.622091379136492E-004  4.958111624796465E-004
   55087.0442671571       4.963090850704788E-004  4.959255259843909E-004
   55087.0647001408      -6.034054270701583E-004  4.958294606404055E-004
   55087.0851331245      -3.644077184898897E-004  4.958707254995148E-004
   55087.1055660077       8.903259358061799E-004  4.959260899687979E-004
   55112.2584409142       6.183346796821976E-004  5.892833974599077E-004
   55112.2788736834      -2.126164205640269E-004  5.892646907955317E-004
   55112.2993063526       4.452002696297974E-004  5.893694066990682E-004
   55112.3197392216       4.649410521326836E-004  5.892927853062365E-004
   55112.3401719905      -4.842632606912867E-004  5.892615154945675E-004
   55112.3606046593       6.511630749572728E-004  5.892449487069282E-004
   55112.3810375281      -5.092671817766847E-004  5.892864347043082E-004
   55112.4014702967       1.621541594902798E-004  5.892434300847280E-004
   55112.4219029651       1.337163343126946E-004  5.892440513392644E-004
   55112.4423357335      -4.190740710583452E-004  5.892818788377075E-004
   55112.4627686017      -8.840451526299642E-004  5.891897951097458E-004
   55112.4832012698      -9.974838680681941E-005  5.892185108749872E-004
   55112.5036340377      -5.304983624224713E-004  5.892028414550117E-004
   55112.5240669056      -2.314735574358018E-004  5.892833974599077E-004
   55112.5444995734       6.569064117720735E-004  5.893087998676212E-004
   55112.5649323410      -3.200360955896153E-004  5.892486762341470E-004
   55112.5853652084      -9.165400147562730E-004  5.891666016070509E-004
   55112.6057979758       1.815037009571530E-004  5.891438913023287E-004
   55112.6262306431      -8.626666614249823E-004  5.891764726513526E-004
   55112.6466634102      -1.588020884495389E-004  5.892241711940973E-004
   55112.6670961773       7.076747319025856E-004  5.893412431600814E-004
   55112.6875289442      -2.506434870102048E-004  5.890719638326615E-004
   55112.7079617110       7.379234848345906E-004  5.893536682508108E-004
   55112.7283944776       7.221029730752893E-004  5.893101804332579E-004
   55112.7488272442       9.352504002935191E-005  5.893052794252478E-004
   55137.9015026888       4.213954081266902E-004  5.869181433829935E-004
   55137.9219354914       1.001663589382362E-003  5.876698613721252E-004
   55137.9423680941       2.833815974081499E-004  5.869386447826971E-004
   55137.9628007968       1.014990538550364E-004  5.869035093872455E-004
   55137.9832335995      -4.276569572070343E-005  5.869106883285559E-004
   55138.0036662023      -1.069827467768403E-003  5.866338849184165E-004
   55138.0240989051       7.112313417234617E-004  5.867978270877634E-004
   55138.0445315078       9.523665868238496E-005  5.868459398001990E-004
   55138.0649643106      -1.312279625970136E-004  5.867748406699139E-004
   55138.0853970134      -8.241197680144419E-004  5.866969767680093E-004
   55138.1058296162      -4.034663558497575E-004  5.868583648909286E-004
   55138.1262624190      -2.619003636376016E-004  5.867896817505074E-004
   55138.1466951219       1.090994105809928E-003  5.868956401631169E-004
   55138.1671278248      -7.671834789425569E-004  5.867160285737945E-004
   55138.1875605277       3.007023832568567E-004  5.868904630419796E-004
   55138.2079932306      -3.092378207281143E-004  5.868962614176533E-004
   55138.2284259336      -4.401780142407885E-004  5.867716653689496E-004
   55138.2488585365      -9.020173221762073E-004  5.866701247663773E-004
   55138.2692913395       2.202457804258984E-004  5.868394511417070E-004
   55138.2897240425      -4.985314018292053E-004  5.868626446444019E-004
   55138.3101566455      -4.870384667627903E-004  5.868365519538702E-004
   55138.3305894485      -1.578983210911433E-004  5.867415000097899E-004
   55138.3510221516       6.648909757702715E-004  5.868906701268251E-004
   55138.3714547546      -5.970419302088192E-004  5.866396832940903E-004
   55138.3918874578       3.950043156457639E-004  5.868495982991361E-004
   55163.5445962113      -5.040300440753986E-004  5.861004343564322E-004
   55163.5650290265       1.341065889823856E-004  5.862150213042704E-004
   55163.5854619418      -4.179282715410793E-005  5.862616844227877E-004
   55163.6263274729      -3.556597162146513E-004  5.865150182171047E-004
   55163.6467603887      -5.118441728444445E-004  5.862058405427870E-004
   55163.6671932046       3.728300641949733E-004  5.862570595279050E-004
   55163.6876259207       2.797131428164956E-004  5.862877771133196E-004
   55163.7080588370      -2.865446741260325E-004  5.862538151986590E-004
   55163.7284916534       9.174415605655017E-004  5.863178734441975E-004
   55163.7489243700       3.039240247502129E-004  5.862713483822439E-004
   55163.7693571868      -4.061641611929900E-004  5.861903782076570E-004
   55163.7897901037       4.203235246877934E-004  5.863588762436047E-004
   55163.8102228208       6.289564822892224E-005  5.863384438721830E-004
   55163.8306556380       1.068277891755676E-003  5.863490051993029E-004
   55163.8510885554      -3.547057233663775E-004  5.861991447994495E-004
   55163.8715212730      -2.277554414834571E-004  5.862980623273122E-004
   55163.8919540907      -9.172084526304358E-004  5.860835914556656E-004
   55163.9123870086       1.312978342226767E-003  5.864722897106518E-004
   55163.9328197266       2.687615716199243E-004  5.862589923197963E-004
   55163.9532525448       4.735099287467293E-004  5.862935064607115E-004
   55163.9736853632      -8.564067455694158E-004  5.862903311597472E-004
   55163.9941181817       1.963440477339429E-004  5.863011685999945E-004
   55164.0145510004       4.174961973779645E-004  5.861595915939607E-004
   55164.0349837193       3.002550032027429E-005  5.863370633065463E-004
   55189.1879420378       8.205619322938507E-004  4.754132884533886E-004
   55189.2083750296       8.657973636561067E-005  4.753933587594900E-004
   55189.2288081216       4.181135433896088E-004  4.754721654982449E-004
   55189.2492413139      -2.050547065257646E-006  4.753910617778203E-004
   55189.2696743065       2.278380201259367E-005  4.754120724042693E-004
   55189.2901073993       1.462778692167044E-003  4.755766443850725E-004
   55189.3105404924      -1.729140912816174E-004  4.753767394215271E-004
   55189.3309735858       3.990416429171528E-004  4.754399064174429E-004
   55189.3514066795      -2.816802475257285E-004  4.754012968579072E-004
   55189.3718397734      -3.714787769981687E-005  4.753929196306414E-004
   55189.3922728676      -4.512475720441778E-004  4.752269964841501E-004
   55189.4127059620       1.632166208147545E-003  4.756354876507866E-004
   55189.4331390568      -2.215943578272039E-004  4.753497161077663E-004
   55189.4535722517       6.528645789427578E-005  4.754301780244891E-004
   55189.4740052471      -2.738528694186115E-004  4.753504254697525E-004
   55189.4944383427      -6.016002060960091E-005  4.754398050800164E-004
   55189.5148715385      -5.408752511599779E-004  4.753225576774367E-004
   55189.5353045346       9.189789455854580E-006  4.754122412999804E-004
   55189.5557376310      -2.881714524338719E-006  4.754241315580351E-004
   55189.5761706276       2.439186759572998E-005  4.754326439018697E-004
   55189.5966038246      -6.391506908210998E-004  4.753690377771053E-004
   55189.6170369218       4.973208653007433E-004  4.755278673037343E-004
   55189.6374699192      -1.081350360196964E-004  4.754622682095800E-004
   55189.6579031170      -4.315436228995440E-004  4.753842721702379E-004
   55189.6783362150      -9.789602772063422E-004  4.753409335307940E-004
   55214.8317025154       5.572300603355895E-004  4.776461573111580E-004
   55214.8521360883       4.026983556495445E-004  4.776076828681910E-004
   55214.8725694615       2.071212323180305E-004  4.776102838621405E-004
   55214.8930029351      -1.268674722002539E-004  4.774760117718916E-004
   55214.9134365090       2.414550829499262E-004  4.774592235382177E-004
   55214.9338698832      -1.203564105951571E-004  4.774467928138878E-004
   55214.9543033577      -7.349251288901737E-005  4.774328082490166E-004
   55214.9747369325      -1.947808340645452E-004  4.774870913305335E-004
   55214.9951703077       3.402499060414232E-004  4.775906581805218E-004
   55215.0156037832       2.324161841786854E-004  4.776035280337003E-004
   55215.0360372591       6.945380482235031E-004  4.776515957530523E-004
   55215.0564707352      -1.540457221973490E-004  4.775692422043663E-004
   55215.0769042116      -1.931812814565115E-004  4.775659656275729E-004
   55215.0973376884      -7.351624149565250E-005  4.776049467576728E-004
   55215.1177712655      -3.892028572766160E-004  4.775013461285424E-004
   55215.1382046429       1.286398674373634E-003  4.777002039386795E-004
   55215.1586381206      -1.057795553380814E-004  4.775649522533068E-004
   55215.1790715987      -3.154246243582959E-004  4.775696137749305E-004
   55215.1995050771      -4.547694211208819E-004  4.775841725852191E-004
   55215.2199385559       1.152770275392179E-005  4.776748695820288E-004
   55215.2403720349      -3.138668497759678E-004  4.776587907103411E-004
   55215.2608055142      -3.558805514597418E-004  4.776214309790668E-004
   55215.2812389940       6.614349157214594E-004  4.777490147991600E-004
   55215.3016724739       9.156874169446994E-005  4.776743966740380E-004
   55215.3221059544      -9.707057620977899E-005  4.776063992607874E-004
   55240.4759645295      -6.008385578529785E-004  4.771091365084467E-004
   55240.4963984013      -4.377295807375114E-004  4.771723035043626E-004
   55240.5168323735      -8.183736401645714E-005  4.772536436787825E-004
   55240.5372661459      -1.205452256239914E-004  4.772154394689532E-004
   55240.5577000186       4.809617208350048E-004  4.772463136049249E-004
   55240.5781339917       6.315225975228600E-005  4.772045288060223E-004
   55240.5985678649       1.507245731047213E-005  4.771638587188123E-004
   55240.6190016386      -1.040686254738521E-003  4.770303297696918E-004
   55240.6394356125      -7.835927645635232E-004  4.770733643968559E-004
   55240.6803032612      -4.002117133536931E-004  4.770675881635395E-004
   55240.7007372361      -5.842191551010956E-004  4.770395514755127E-004
   55240.7211711111      -1.818168321979785E-004  4.770700540409202E-004
   55240.7416048866      -6.206621648850996E-004  4.771406862272624E-004
   55240.7620388624       8.587137700755143E-005  4.771704118723993E-004
   55240.7824726384       3.107962813293508E-004  4.772163177266505E-004
   55240.8029065146       4.250036099682220E-004  4.772359771874115E-004
   55240.8233403912       8.788939832635734E-004  4.772735395935389E-004
   55240.8437742682      -4.564391567096759E-005  4.771811198604770E-004
   55240.8642081455       4.393217701172958E-004  4.773004615698731E-004
   55240.8846420230      -7.852682456362947E-004  4.771629804611151E-004
   55240.9050759008      -1.697023904877470E-003  4.769688517308860E-004
   55240.9255097789      -3.417009465976895E-004  4.771756476394405E-004
   55240.9459436574      -5.043940409406034E-004  4.772064204379856E-004
   55240.9663776361       5.649382126371449E-004  4.773846391922380E-004
   55266.1206915101      -5.030424211961426E-004  4.758812984685832E-004
   55266.1411256136       4.384039632987502E-005  4.759568624096868E-004
   55266.1615599174       3.440753551942066E-005  4.759148411567888E-004
   55266.1819941213       1.108521523192296E-003  4.760981267823713E-004
   55266.2024282255       3.320120035970042E-004  4.759356828875268E-004
   55266.2228625300      -4.496555269297708E-004  4.758654898300332E-004
   55266.2432967346      -1.454664796001204E-004  4.759660165572232E-004
   55266.2637308395       8.956700960194297E-005  4.759777041404248E-004
   55266.2841650445      -8.491535156974761E-004  4.758243806139745E-004
   55266.3045993499       4.615055401149259E-004  4.760434721302901E-004
   55266.3250334554       4.545066185308588E-004  4.760092200800983E-004
   55266.3454676611       4.255929763945510E-004  4.759863516008282E-004
   55266.3659019670      -8.883343563695911E-004  4.758411688476484E-004
   55266.3863361732      -6.836458659670308E-004  4.758801499777484E-004
   55266.4067702796      -4.413759506924908E-004  4.759120712671283E-004
   55266.4272045862       3.310610231821443E-005  4.759081866657752E-004
   55266.4476387930       8.160789810451874E-005  4.759303457830590E-004
   55266.4680729001       8.111218495479022E-004  4.760478634187763E-004
   55266.4885072073      -3.665854540136904E-004  4.758674490202808E-004
   55266.5089414148      -6.726377662480409E-005  4.759226103594950E-004
   55266.5293755225      -4.099243572449618E-004  4.758833589962574E-004
   55266.5498098304       3.358380924773918E-004  4.759816225209201E-004
   55266.5702440385       7.889577923207991E-004  4.760277310500245E-004
   55266.5906781469       4.576938128808550E-005  4.759755422753239E-004
   55266.6111124554       5.228077760062178E-004  4.759920602758602E-004
   55291.7453042335       1.755735218886834E-004  4.934743632916787E-004
   55291.7657386420      -2.067735832100848E-004  4.934179908871752E-004
   55291.7861731506      -2.360603946105488E-004  4.932006443176095E-004
   55291.8066074593       2.269453329588611E-004  4.934771438448075E-004
   55291.8270418681      -4.593812146240772E-004  4.933852200824432E-004
   55291.8474763770      -2.445030394239156E-004  4.934166668142567E-004
   55291.8679106860      -2.054466473089267E-004  4.933266298558012E-004
   55291.8883450951       6.084200038554144E-004  4.934885639737292E-004
   55291.9087796044      -1.043561028391204E-003  4.933537733506297E-004
   55291.9292139137       8.947982123808096E-005  4.933725751860719E-004
   55291.9496483231      -6.889962997780330E-005  4.933981628952211E-004
   55291.9700828327      -5.663546657983520E-004  4.932963085859685E-004
   55291.9905171423      -5.709319177670258E-004  4.932520514486688E-004
   55292.0109515520      -8.216512188974345E-005  4.932932963200789E-004
   55292.0313860619      -1.853989658855415E-004  4.934119663553961E-004
   55292.0518203718      -1.291606760146835E-003  4.931764137832016E-004
   55292.0722547819       5.975982359940346E-005  4.933523499722423E-004
   55292.0926892920       5.285281249947094E-004  4.934923044797239E-004
   55292.1131237023       1.042076070753017E-003  4.935880018499057E-004
   55292.1335580126      -9.989759857451652E-004  4.932617171809736E-004
   55292.1539925231      -4.994315841863051E-004  4.932239811027974E-004
   55292.1744269336       6.752948408015325E-004  4.933386789193593E-004
   55292.1948612443       4.551542895625538E-005  4.933939258618820E-004
   55292.2152957551      -3.792204656254405E-004  4.933007442302453E-004
   55292.2357301659       5.392386708995556E-004  4.933816450855633E-004
   55292.2561644769       2.439536874532244E-004  4.933555939508926E-004
   55317.3905342998       1.482486149877449E-004  4.920760760861363E-004
   55317.4109687609       9.537730103126307E-005  4.920293363121146E-004
   55317.4314032219      -4.029579020022878E-004  4.920568108251728E-004
   55317.4518376828      -7.632384347855403E-005  4.920146060008967E-004
   55317.4722721438      -1.650704428668437E-004  4.920279460355503E-004
   55317.4927066047      -1.527519223899487E-004  4.920764733080120E-004
   55317.5131410655      -8.057568939405790E-004  4.918391001355546E-004
   55317.5335756264      -2.508578452286025E-004  4.919649532664544E-004
   55317.5540099873      -1.584203420950114E-004  4.919974261547797E-004
   55317.5744444481       3.256930076322995E-004  4.920982212056977E-004
   55317.5948790089       3.776296472466356E-004  4.920453906962510E-004
   55317.6153133697      -1.858933905729554E-005  4.920768043262415E-004
   55317.6357478305      -1.574578753392841E-003  4.918320494472638E-004
   55317.6561823913      -1.198597540656321E-003  4.919200340926955E-004
   55317.6766167520       1.355032326775252E-004  4.921243385440144E-004
   55317.6970512127       5.333363869519658E-004  4.920827626543746E-004
   55317.7174857734       6.319513015384803E-004  4.921036499046633E-004
   55317.7379201341       3.486588849750394E-004  4.920206636344987E-004
   55317.7583545947       4.085688661892295E-004  4.920292039048228E-004
   55317.7787891553       8.415503587699824E-005  4.920421136157779E-004
   55317.7992235159      -5.884482393014867E-005  4.920085814691178E-004
   55317.8196579765       2.983620942140774E-004  4.920642918371620E-004
   55317.8400924371      -1.598540533717219E-003  4.917450909583438E-004
   55317.8605268976      -3.118831963105917E-004  4.919904085683119E-004
   55317.8809614582       4.535730007670935E-005  4.921353614510606E-004
   55343.0357405638      -8.271364110927770E-004  4.893144903019221E-004
   55343.0561749276       1.267246534975008E-004  4.893345831084599E-004
   55343.0766091913      -3.021426575200437E-005  4.893409386584684E-004
   55343.0970436548      -7.574742884486341E-006  4.894135640580461E-004
   55343.1174780183      -5.206853433908920E-004  4.893754638598174E-004
   55343.1379122815      -1.329883059718040E-003  4.892721199685314E-004
   55343.1583467447      -9.080150195879266E-004  4.892737088560336E-004
   55343.1787810077       6.259887385717811E-004  4.894826144607440E-004
   55343.1992154707      -9.842459930033964E-004  4.892176674697596E-004
   55343.2196498334       3.764721098229451E-004  4.894372318614636E-004
   55343.2400840961       8.624841666418082E-004  4.895787752564473E-004
   55343.2605185586      -1.416839993322760E-003  4.892431227716171E-004
   55343.2809529209       2.781707500894015E-004  4.894542461984659E-004
   55343.3013871832       4.285493561166920E-004  4.895281294673161E-004
   55343.3218216452       3.099513492179629E-004  4.894283936747329E-004
   55343.3422560072       2.497282989679661E-004  4.893074727154544E-004
   55343.3626903690       5.907605550365957E-004  4.893786416348217E-004
   55343.3831247308       1.791450705195263E-004  4.894173376658637E-004
   55343.4035590924      -8.288166931748053E-004  4.892640762255517E-004
   55343.4239934538       2.189040112057228E-004  4.893956228700010E-004
   55343.4444278151       9.319654876969174E-004  4.895429259821800E-004
   55343.4648621762      -7.506846325333605E-005  4.893855599158207E-004
   55343.4852965374      -5.222529427979516E-004  4.893607335485995E-004
   55343.5057308983       1.530501733055800E-004  4.893722198811672E-004
   55343.5261652589       3.688789164597583E-004  4.894462355573092E-004
   55368.6807427013      -6.379966078416954E-004  4.844475292718838E-004
   55368.7011769417      -3.279064073380411E-005  4.845670599545980E-004
   55368.7216110819      -9.181246523348729E-005  4.844516669997540E-004
   55368.7420451220       2.436932226745903E-004  4.844649077289386E-004
   55368.7624793617      -6.755618848287570E-004  4.842951946826147E-004
   55368.7829135014      -8.954842063491064E-005  4.844245566067484E-004
   55368.8033477407       4.478789852015996E-004  4.844605382883077E-004
   55368.8237817799       1.589771191154998E-004  4.843230333157253E-004
   55368.8442159189      -2.324668176602041E-004  4.843557710186344E-004
   55368.8646501577       7.729166606533777E-004  4.845306810511632E-004
   55368.8850841960       3.725138372263626E-004  4.844535869054858E-004
   55368.9055183343       1.587497489909939E-004  4.843927457548824E-004
   55368.9259524724       8.114507144636462E-004  4.845078076914968E-004
   55368.9463866102       5.756855692953255E-004  4.845012535305504E-004
   55368.9668207478      -1.272270721306423E-004  4.844917202055375E-004
   55368.9872548852      -6.251492100198819E-004  4.842600736484524E-004
   55369.0076890225       7.987085030491947E-004  4.844659669872734E-004
   55369.0281231595      -4.185661896115578E-004  4.844298528984223E-004
   55369.0485573961      -2.024876694581845E-004  4.843502430141998E-004
   55369.0689914328       4.481010194443691E-004  4.845483905264477E-004
   55369.0894255690      -3.960216769122171E-004  4.843602728665571E-004
   55369.1098598050      -3.435810811251994E-004  4.843190279951470E-004
   55369.1302938410      -1.186609579298836E-003  4.842372333906090E-004
   55369.1507279765       1.608118479801135E-004  4.843290247456814E-004
   55394.3253782980       2.320540249642900E-004  4.944865710148494E-004
   55394.3458122259      -6.244295591573135E-005  4.944526604521196E-004
   55394.3662460536      -2.114722288013571E-004  4.943708945046359E-004
   55394.3866797811      -4.045236442385969E-004  4.944574959049467E-004
   55394.4071137081      -5.856203489362777E-005  4.945570750367162E-004
   55394.4275475351       7.756033168837551E-004  4.946272670938845E-004
   55394.4479812617       5.717926741424240E-004  4.945675570505867E-004
   55394.4684151880       4.733420009914724E-004  4.945431926076318E-004
   55394.5092827399       2.360717744325225E-004  4.945334281125680E-004
   55394.5297166655       1.833488553781848E-005  4.945056944508690E-004
   55394.5501504907      -4.581852932925568E-004  4.943852136842983E-004
   55394.5705842158      -1.268473706237505E-003  4.944428335641159E-004
   55394.5910181405      -1.616601566439835E-004  4.944926231300007E-004
   55394.6114519649       3.858759097965514E-004  4.945122769060079E-004
   55394.6318858889      -6.595606913385454E-004  4.943098118166645E-004
   55394.6523196129      -3.885442925427585E-004  4.944265490068530E-004
   55394.6727534364      -5.635183681207412E-005  4.944596172648967E-004
   55394.6931873599       1.053922025036069E-004  4.945744826668940E-004
   55394.7136210830      -5.135809034270133E-004  4.944552185626475E-004
   55394.7340549058       3.626363528619336E-005  4.944743108021973E-004
   55394.7544888282       5.330057323016391E-005  4.945051017179418E-004
   55394.7749226505      -2.997653834961866E-004  4.945423503029458E-004
   55394.7953563724       2.202438638634341E-004  4.945281247126930E-004
   55394.8157902943      -1.072050792136903E-004  4.943844025760821E-004
   55419.9696161007       3.354826026336077E-005  4.939754168563146E-004
   55419.9900495738      -4.567676470988991E-004  4.938580869331989E-004
   55420.0104829464      -6.267771971946168E-004  4.937159246200807E-004
   55420.0309165191       3.816068624142854E-004  4.938914047630015E-004
   55420.0513499913       2.840159251253915E-004  4.938789885680002E-004
   55420.0717834632      -3.995258452946793E-004  4.936630154072108E-004
   55420.0922169347      -8.338223599424488E-004  4.937781303809668E-004
   55420.1126504062       6.846282844463758E-005  4.938977064499118E-004
   55420.1330839772       8.742999872146662E-005  4.938740283292936E-004
   55420.1535173479       2.452435762971827E-004  4.938666347659386E-004
   55420.1739508185       2.485771695130978E-004  4.939601929790265E-004
   55420.1943843888       1.618664582694329E-004  4.939139598107050E-004
   55420.2148178587       5.656964052780378E-004  4.939126807554411E-004
   55420.2352512283       1.263193251721528E-004  4.939663386835874E-004
   55420.2556847977      -8.942261661015749E-005  4.938841983784656E-004
   55420.2761182668      -8.122565166501783E-004  4.938761808857135E-004
   55420.2965516355      -2.716003446701087E-004  4.939060359073624E-004
   55420.3169852039       1.002938335041836E-004  4.939748241233874E-004
   55420.3374186721       3.704640606616572E-005  4.938317883091132E-004
   55420.3578520401      -3.819605071949672E-004  4.938833560737796E-004
   55420.3782856079       3.575592835716179E-004  4.938653869071445E-004
   55420.3987190752       4.733589662735405E-004  4.939215405528792E-004
   55420.4191524422       1.496615826979131E-004  4.940399623524396E-004
   55420.4395860091      -4.891568684960435E-004  4.936944926452920E-004
   55420.4600194754       1.851351814670110E-004  4.939281854009577E-004
   55445.6133879106       4.186754733970233E-004  4.938229285116751E-004
   55445.6338210408      -6.743575231202836E-004  4.938467938111124E-004
   55445.6542541707      -2.064304760712732E-004  4.939270935245129E-004
   55445.6951204298      -6.949912348557241E-004  4.938977376463817E-004
   55445.7155535590       2.483290188599607E-004  4.937467155358252E-004
   55445.7359866880       5.657703416028781E-004  4.939648412530345E-004
   55445.7564198165      -2.216998413495652E-005  4.938212127058332E-004
   55445.7768530450      -6.814024592753931E-004  4.938578061649703E-004
   55445.7972860731       4.351628561387599E-004  4.940794570832729E-004
   55445.8177192011      -4.564814189265132E-004  4.939232875551909E-004
   55445.8381524287      -2.654996493932638E-004  4.940502571874909E-004
   55445.8585854561      -9.292651388289608E-004  4.937065656791250E-004
   55445.8790185834      -5.710004643291189E-004  4.939752920704351E-004
   55445.8994518103      -2.536247135291880E-004  4.938647005848077E-004
   55445.9198848370      -1.822821453658641E-004  4.939294020632820E-004
   55445.9403179634      -1.885199070608135E-004  4.939843390466925E-004
   55445.9607510896       6.583446342434129E-005  4.938670403200467E-004
   55445.9811842153       1.104371012570216E-004  4.939470280687487E-004
   55446.0016173410       3.973774395757967E-004  4.939553887226692E-004
   55446.0220504665      -1.602496423102062E-004  4.939924189323843E-004
   55446.0424835916       2.132811252304467E-004  4.940058646108907E-004
   55446.0629168166       4.032552539001699E-004  4.940316952879287E-004
   55446.0833498411      -3.873471525106531E-005  4.939048504415080E-004
   55446.1037829655      -1.303383995396978E-003  4.938909992088934E-004
   55471.2568113544       2.528598372449231E-003  5.833274924312343E-004
   55471.2772443128      -1.126829970744536E-004  5.828315719509183E-004
   55471.2976771713       2.834414413310782E-005  5.827333468171099E-004
   55471.3181099297      -7.040520421647267E-004  5.827545809813222E-004
   55471.3385428877       4.475006465558540E-004  5.830887793271042E-004
   55471.3589757456       2.818699989062257E-004  5.828216398418511E-004
   55471.3794085034      -6.939371911253156E-004  5.828534910881697E-004
   55471.3998414609      -6.150509575775231E-005  5.829717859320242E-004
   55471.4202743181       9.702052499385161E-004  5.831864564824813E-004
   55471.4407071754      -4.203285321568995E-005  5.829255502518842E-004
   55471.4611400324       9.858467002574756E-004  5.831876894339518E-004
   55471.4815728892      -5.794539451662306E-004  5.829572645035950E-004
   55471.5020058461       3.415824391339584E-006  5.829654156827604E-004
   55471.5224386026      -1.787225570462070E-004  5.830371323599553E-004
   55471.5428714590       3.344506353524235E-004  5.830893273055355E-004
   55471.5633044151      -1.756941511565913E-004  5.830104869087339E-004
   55471.5837372709       4.345700913404027E-004  5.831887168935105E-004
   55471.6041700268      -1.049085574156838E-003  5.828027345859717E-004
   55471.6246029825      -4.460341590724060E-004  5.828908906161052E-004
   55471.6450358381       5.589231255531679E-004  5.827934189526398E-004
   55471.6654685935      -4.990282680652491E-004  5.830398722521117E-004
   55471.6859015485      -7.345569827842402E-004  5.829187690187970E-004
   55471.7063343036       1.049268945102932E-003  5.831135068538161E-004
   55471.7267671583       9.652540898916762E-004  5.829428800697737E-004
   55471.7472001130       1.440096370803889E-003  5.833609876128468E-004
   55496.8999479492      -5.184773900819284E-004  5.815782082839539E-004
   55496.9203806641      -2.022613410536112E-004  5.816072511408122E-004
   55496.9408133791      -9.326867754955170E-004  5.815593715253783E-004
   55496.9612460939      -2.010346433436450E-004  5.816406778251208E-004
   55496.9816788087       1.271502054009277E-003  5.817837686929910E-004
   55497.0021115235       5.646831509193984E-004  5.816117034655664E-004
   55497.0225442382      -2.818654343549332E-004  5.815972505344412E-004
   55497.0429769528       4.054202285681541E-004  5.817463691650555E-004
   55497.0634096675       1.331442881069567E-004  5.816671177844304E-004
   55497.0838423821       3.259015257031095E-004  5.817339711530476E-004
   55497.1042751966      -6.842126336870091E-005  5.814942990866629E-004
   55497.1247078110      -2.899123938833181E-004  5.815203965594530E-004
   55497.1451406255      -7.096304238152218E-004  5.815251228734229E-004
   55497.1655733398       6.645207070432591E-005  5.816105390113999E-004
   55497.1860059542      -3.204759465372797E-004  5.816143063631150E-004
   55497.2064387684       8.335574047697580E-004  5.817028048797681E-004
   55497.2268714826      -2.962882793777766E-006  5.815935516800299E-004
   55497.2473040968       1.153573376853956E-003  5.815572481089571E-004
   55497.2677369109      -6.346869130844368E-004  5.815383428530777E-004
   55497.2881696249      -3.798561940878686E-004  5.815873184253741E-004
   55497.3086022390       6.552398250545544E-004  5.815905377986579E-004
   55497.3290350530       1.419910778470701E-004  5.816911603381032E-004
   55497.3494677670      -5.428184455867902E-004  5.815584125631236E-004
   55497.3699003808      -5.325087393713845E-004  5.814995048817601E-004
   55497.3903331946      -1.051602185836331E-003  5.815122453802876E-004
   55522.5430078772      -5.083176982710880E-004  5.792187501534340E-004
   55522.5838734571       3.807010146406054E-004  5.791651167644717E-004
   55522.6043060972       1.446719863049672E-004  5.792688216825929E-004
   55522.6247389374      -1.048166310149035E-003  5.790697685174274E-004
   55522.6451716776      -1.591621661369835E-004  5.790559320620374E-004
   55522.6656043180       6.862014255866189E-004  5.792723835423963E-004
   55522.6860371584      -8.324526164941171E-004  5.791838850257433E-004
   55522.7064698990       8.954340037026221E-005  5.792232709754921E-004
   55522.7269025396      -5.450926437533532E-005  5.790159981338572E-004
   55548.1862110609      -3.140891924799938E-004  5.807074020593327E-004
   55548.2066440013      -2.618101764872982E-004  5.808009693764753E-004
   55548.2270768418      -6.625110556440772E-004  5.807269922882513E-004
   55548.2475098826      -5.149674084625744E-005  5.808427527318610E-004
   55548.2679428236       1.711606917183861E-003  5.809170038093006E-004
   55548.2883756648      -7.678373700634733E-004  5.807303486561429E-004
   55548.3088087063       6.294477168904411E-004  5.809095376031742E-004
   55548.3292416479      -4.973295341688111E-004  5.808087780691211E-004
   55548.3496744898      -8.306776558386630E-005  5.808089150637289E-004
   55548.3701075320       7.361710935271937E-004  5.808101480151993E-004
   55548.3905404743      -7.039460365932948E-004  5.806963739934031E-004
   55548.4109735168      -1.762163666648719E-004  5.807304856507507E-004
   55548.4314063597       1.299739330271610E-004  5.808119289451011E-004
   55548.4518393027      -1.446711449765159E-004  5.807617204213342E-004
   55548.4722723459       3.350007260010113E-004  5.808746724754835E-004
   55548.4927051893      -5.182696684811194E-004  5.807118543840869E-004
   55548.5131381330       1.482875117098104E-004  5.808602195443583E-004
   55548.5335710769      -3.543722453843712E-004  5.807726799899600E-004
   55548.5540040210       3.964762115302722E-004  5.809023453862636E-004
   55548.5744369654      -1.478514337508452E-004  5.807191150983016E-004
   55548.5948699100       2.454148265933487E-004  5.807330200509955E-004
   55548.6153028548       7.469164510702786E-004  5.809091266193508E-004
   55548.6357358998      -5.026025796044387E-004  5.807139093032043E-004
   55548.6561688451      -2.212084202046771E-005  5.807198685686446E-004
   55548.6766016905      -5.968900119249776E-004  5.806700025313973E-004
   55573.8297463111      -2.283622337950764E-005  4.784464152309121E-004
   55573.8501794896       1.065076919726682E-003  4.785762905040592E-004
   55573.8706128683      -6.223850141895415E-004  4.782902593142577E-004
   55573.8910461474       1.006320920715620E-004  4.784682478585287E-004
   55573.9114793268      -5.623122119130519E-004  4.782620432745230E-004
   55573.9319127065       6.172539121775955E-004  4.784973467105777E-004
   55573.9523459864      -7.508058110127225E-004  4.782917533043279E-004
   55573.9727791667      -2.310468291234491E-004  4.784686213560463E-004
   55573.9932125474      -4.909271747169930E-004  4.784056021385402E-004
   55574.0136458283      -6.681264836327916E-005  4.784616607204920E-004
   55574.0340791095      -5.457048188218794E-004  4.784035648793536E-004
   55574.0545123911      -6.356558211164653E-004  4.784039044225514E-004
   55574.0749455729       1.942488636674788E-004  4.785515038506219E-004
   55574.0953789550      -4.493928172122352E-005  4.783615294314696E-004
   55574.1158122375      -2.980084373814806E-004  4.784677724980519E-004
   55574.1362454203      -1.098854684910000E-004  4.783748395248222E-004
   55574.1566788033      -1.947446595342850E-004  4.783589828574864E-004
   55574.1771120866       4.824581307696363E-004  4.785047827066088E-004
   55574.1975454703       6.222032948033362E-004  4.784925591514891E-004
   55574.2179786543       4.384842883333739E-004  4.784986369747291E-004
   55574.2384119385       7.852729248258861E-005  4.783787442715966E-004
   55574.2588453232       5.385620054731977E-004  4.785237292170444E-004
   55574.2792785080       6.678650101132888E-005  4.784283854871106E-004
   55574.2997117933       4.072040460967319E-004  4.783771484185671E-004
   55574.3201451788      -5.806889766214463E-004  4.783469630282853E-004
   55599.4737500909       1.314585979292904E-004  4.786471531694337E-004
   55599.4941836694       6.757662665353159E-004  4.787127189609231E-004
   55599.5146174484       5.035592496185348E-004  4.787281002677821E-004
   55599.5350511276      -8.630873973507480E-004  4.785460711594577E-004
   55599.5554847073      -1.099268948499765E-003  4.785224049985731E-004
   55599.5759184871       3.813310747073917E-004  4.787861621546008E-004
   55599.5963521675      -6.668665793406747E-004  4.785031528992595E-004
   55599.6167857479      -1.560345728182089E-004  4.786817865756063E-004
   55599.6372195288      -7.206412873522750E-004  4.785489233223189E-004
   55599.6576532099      -8.402406644199001E-004  4.787372679341219E-004
   55599.6780869914      -1.827160743439471E-004  4.787453490622289E-004
   55599.6985205733      -2.384820023079159E-004  4.786635191515663E-004
   55599.7189542555       3.791703425286563E-004  4.788313213999042E-004
   55599.7393880379      -5.558988819901467E-004  4.785792105755600E-004
   55599.7598216207       3.656497815895943E-004  4.787476919102935E-004
   55599.7802553038       1.457252707433021E-004  4.785325573401864E-004
   55599.8006890872       2.421446517959502E-004  4.787177102459304E-004
   55599.8211226710       3.472918179088236E-004  4.786007036599788E-004
   55599.8415563550       4.448950621913639E-004  4.787433118030422E-004
   55599.8619900394       7.150130352107098E-005  4.786619232985368E-004
   55599.8824238242       4.186293458448009E-004  4.787741083710800E-004
   55599.9028575091       3.007403236885420E-004  4.786494620631786E-004
   55599.9232911945      -3.004442356072667E-004  4.786186315408211E-004
   55599.9437247802      -3.142567983174249E-004  4.786513974594059E-004
   55599.9641585661       4.854279016248686E-004  4.787643634813040E-004
   55625.1182646085       2.433412796214451E-004  4.781807905872967E-004
   55625.1386987604      -2.588828217441330E-004  4.780870427103924E-004
   55625.1591328125       4.113668190608433E-004  4.782647256657854E-004
   55625.1795668650       2.319176833478487E-004  4.782774585357018E-004
   55625.2000009178      -9.796028258447498E-004  4.780748870639122E-004
   55625.2204348708      -4.369288499707080E-004  4.782375961642836E-004
   55625.2408690241       1.647889632727662E-005  4.782828233182266E-004
   55625.2817370313      -3.069496221330681E-005  4.782157295823472E-004
   55625.3021711854      -6.541747888100247E-004  4.780968555088080E-004
   55625.3226052397      -1.244814132888017E-004  4.781618440768611E-004
   55625.3430393943      -4.429835706597496E-004  4.782190571056854E-004
   55625.3634733491      -3.291407472083563E-004  4.782689699557575E-004
   55625.3839074043       5.803869207383627E-004  4.783681844781459E-004
   55625.4043415596      -3.944265744035835E-004  4.783026865952961E-004
   55625.4247755153       1.399127661263488E-004  4.781385174591743E-004
   55625.4452095711       2.998401262666039E-004  4.782518909329097E-004
   55625.4656437274       5.467202486615363E-004  4.783048257174420E-004
   55625.4860777838       4.655104537443222E-004  4.782608209190111E-004
   55625.5065117405       8.630609400510636E-004  4.783606805734752E-004
   55625.5269458975      -1.675518400212628E-004  4.781694837988109E-004
   55625.5473799547      -1.252216316314225E-004  4.781788212367496E-004
   55625.5678140121       6.789581159583058E-005  4.783178641762365E-004
   55625.5882480699      -7.242285551997130E-004  4.781661902297926E-004
   55625.6086821280      -3.314464270733897E-004  4.781863930500599E-004
   55650.7631547381       1.638737904268162E-004  5.053861273728898E-004
   55650.7835891627      -5.994680523264684E-004  5.052779127605235E-004
   55650.8040234874      -5.485291475217924E-004  5.052405904452986E-004
   55650.8244577123       4.312221357958279E-004  5.054163470572101E-004
   55650.8448921374      -1.929669170958048E-004  5.052861544926107E-004
   55650.8653264627      -1.133496175713677E-004  5.052821341354950E-004
   55650.8857606881      -4.873114290687708E-004  5.052180094394983E-004
   55650.9061951137       1.170197754631896E-004  5.053250849506820E-004
   55650.9266294395       3.264720590707704E-004  5.053329246470576E-004
   55650.9470637654      -4.456050129842959E-004  5.052620323499161E-004
   55650.9674980915       6.938959471707307E-004  5.053666956468302E-004
   55650.9879324177      -6.894710967119133E-004  5.052223648263737E-004
   55651.0083667441      -2.496978455925891E-004  5.052441082577749E-004
   55651.0288010707       8.929116827238737E-005  5.053475319445783E-004
   55651.0492352974      -7.988188260407147E-004  5.052278928174079E-004
   55651.0696697243       3.533592866840074E-004  5.053234433048596E-004
   55651.0901040514      -5.924951511913079E-004  5.052291994334705E-004
   55651.1105382785      -6.139893535584973E-004  5.052746294688788E-004
   55651.1309727060       6.876411884946254E-004  5.053743343253502E-004
   55651.1514070335      -4.811794212461473E-004  5.052133190228633E-004
   55651.1718414612       5.316110501289995E-004  5.053207295638065E-004
   55651.1922756890      -6.265080133238676E-004  5.051945908592989E-004
   55651.2127100170       7.232605899221145E-004  5.053957092240157E-004
   55651.2331444452       4.020727558302628E-004  5.053308474625479E-004
   55651.2535786736      -3.450985158112152E-004  5.051928487045487E-004
   55676.4083360745      -4.939104493217883E-005  5.029928087818665E-004
   55676.4287704285      -4.508112995761371E-004  5.029368923149813E-004
   55676.4492048826      -3.356303731270049E-004  5.029648337969359E-004
   55676.4696393368       7.601158553254272E-004  5.030107328740077E-004
   55676.4900737910      -6.386896802518249E-004  5.029137417585896E-004
   55676.5105083452       3.126239064255021E-004  5.030244020882014E-004
   55676.5309426994       8.562676868735242E-004  5.030227939453551E-004
   55676.5513771537       4.987592898582083E-004  5.029944504276888E-004
   55676.5718117081      -1.590085506306682E-004  5.030695305968260E-004
   55676.5922461625      -9.536247332599945E-004  5.028604385238295E-004
   55676.6126805169       2.616246143041234E-004  5.031075564745461E-004
   55676.6331150714       1.082964902957562E-003  5.032054856732912E-004
   55676.6535495259      -2.100505382176543E-004  5.029835619605002E-004
   55676.6739838804      -5.519515573224609E-004  5.027650220482817E-004
   55676.6944184350      -6.765868986760015E-004  5.029696917284508E-004
   55676.7148528897      -1.182691639424749E-003  5.028212065389747E-004
   55676.7352874443      -3.366033139760027E-004  5.029468426988428E-004
   55676.7557217990      -1.610969364574166E-003  5.027922264647651E-004
   55676.7761562538      -4.754473199453102E-005  5.028703889076911E-004
   55676.7965908086       3.452055801742571E-004  5.029476802732419E-004
   55676.8170251634       1.833451001853614E-004  5.030330458560003E-004
   55676.8374596183       1.908545647963944E-004  5.030265462786631E-004
   55676.8578941732       5.409346549556382E-004  5.029105589758729E-004
   55676.8783285281      -3.340803618111510E-004  5.028608070565651E-004
   55676.8987630831      -2.401874882318467E-005  5.029796086093364E-004
   55702.0535828286      -2.642247142198295E-004  5.024320024671913E-004
   55702.0740172584      -2.049420637295629E-005  5.024560911069100E-004
   55702.0944516881      -3.970326328972540E-005  5.024669125681466E-004
   55702.1148862176      -1.040394052935767E-004  5.023475749677599E-004
   55702.1353206472       5.874304139299458E-004  5.025534172520878E-004
   55702.1557549767       2.844537128465774E-004  5.024138103512424E-004
   55702.1761895061       3.856548633109913E-004  5.024996114726883E-004
   55702.1966239355       1.226834400103183E-004  5.025281895111863E-004
   55702.2170582647       1.202383649918204E-003  5.026631059953967E-004
   55702.2374927939       5.129294656069927E-004  5.024755563359456E-004
   55702.2579272229      -1.125107268858283E-003  5.023760524973301E-004
   55702.2783615520      -2.344299084133805E-004  5.024897951007306E-004
   55702.2987960809       3.585829731322931E-005  5.025940563619332E-004
   55702.3192305098      -1.314904185395482E-004  5.025528141985204E-004
   55702.3396650385      -9.277087743697621E-005  5.025494303979480E-004
   55702.3600993672      -4.034736556967067E-004  5.024312654017200E-004
   55702.3805337958      -9.905147486707344E-004  5.023026474769911E-004
   55702.4009683244       2.901015822616149E-004  5.025258443028688E-004
   55702.4214026529      -1.468804100333343E-003  5.024229566636808E-004
   55702.4418370812      -9.106452692674294E-004  5.025023587167174E-004
   55702.4622716095       3.929310384547247E-004  5.026703091352291E-004
   55702.4827059378      -1.258305134011373E-003  5.023531364617701E-004
   55702.5031403658      -9.895575122382816E-004  5.025069821274006E-004
   55702.5235748939      -1.404780719255205E-004  5.024092539465112E-004
   55702.5440092220       7.186540913737272E-004  5.025896674720817E-004
   55727.6987083705      -9.607070786132876E-005  5.020347576811764E-004
   55727.7191425366       7.715177995923916E-004  5.021802611057916E-004
   55727.7395769023       1.059388748902768E-003  5.023912628484181E-004
   55727.7600111680       1.250927894485887E-003  5.023422144916056E-004
   55727.7804454336       1.269784163482335E-005  5.022749405158682E-004
   55727.8008796988      -1.390267661222078E-004  5.020441050114705E-004
   55727.8213139640      -2.062421247038815E-004  5.022011669627937E-004
   55727.8417482290       4.498048319396819E-004  5.020399506424510E-004
   55727.8621825937      -5.063978214407960E-004  5.018682813936071E-004
   55727.8826167582      -1.003351945351949E-003  5.019596775120392E-004
   55727.9030510227       5.587319237321253E-004  5.022299795221234E-004
   55727.9234853870       4.636491023284339E-004  5.022656266885500E-004
   55727.9439195510      -2.244714766880263E-004  5.018792368667477E-004
   55727.9643538148       1.804352819378963E-006  5.022911559562352E-004
   55727.9847881784       3.815099988528914E-004  5.021315142757628E-004
   55728.0052223419       2.297080018898168E-004  5.020766699041084E-004
   55728.0256567053       3.664497641420184E-004  5.023567212801984E-004
   55728.0460909684       6.573846580908427E-004  5.023325656345277E-004
   55728.0665251315      -1.930391974905854E-004  5.022490762184234E-004
   55728.0869594944       9.050482923151915E-004  5.023919999138894E-004
   55728.1073937567      -3.863065073406169E-004  5.022649901320066E-004
   55728.1278279192      -4.043612995168200E-004  5.021494048649281E-004
   55728.1482622816      -1.322213406705908E-004  5.022141661174680E-004
   55728.1686965435      -3.924080401018770E-005  5.022503158285341E-004
   55728.1891307054      -3.911887920987622E-004  5.022491097213994E-004
   55753.3435167085      -1.959259942256875E-004  4.963524650743477E-004
   55753.3639508020      -5.420812303628120E-004  4.962311123001470E-004
   55753.4048186883       5.604380907509032E-004  4.963943390010894E-004
   55753.4252527811       8.402241885054895E-004  4.965622427748088E-004
   55753.4456867734       3.885147348501317E-004  4.964483921509014E-004
   55753.4661207657       1.117025448247322E-004  4.964434639601230E-004
   55753.4865547578      -1.354161948960986E-004  4.964993063256954E-004
   55753.5069887494       3.195324742837347E-004  4.964483921509014E-004
   55753.5274228408      -6.101367529101065E-004  4.963034970640650E-004
   55753.5478567322       1.694061137678116E-004  4.965172612627991E-004
   55753.5682907231       1.278157803694668E-004  4.964629569949856E-004
   55753.5887248138      -7.487359582325492E-005  4.964965440276795E-004
   55753.6091587043       2.700924131606719E-004  4.964702080272774E-004
   55753.6295926945       2.884073714308766E-004  4.965112030410141E-004
   55753.6500267845      -7.833596321270564E-004  4.963792405312523E-004
   55753.6704606742      -2.641651835639802E-004  4.964544503726864E-004
   55753.6908946638      -2.715561393848986E-004  4.965472384742221E-004
   55753.7113287531       2.173670930374350E-004  4.964958534531754E-004
   55753.7317626419      -1.516228676390341E-005  4.964677596267633E-004
   55753.7521967307       1.292369306315377E-003  4.965799465939109E-004
   55753.7726307191       3.516025823355751E-004  4.965635925340665E-004
   55753.7930646074      -6.417021797491262E-004  4.964094060811763E-004
   55753.8134986953       4.363230689021780E-004  4.966015113522854E-004
   55753.8339326830      -7.089653595930834E-004  4.963409764257813E-004
   55778.9879754723       8.861015351315782E-004  4.970829673405651E-004
   55779.0084091265      -7.348290172184413E-004  4.968447819161900E-004
   55779.0288427803      -6.430758166280359E-004  4.969496236817952E-004
   55779.0492764341       1.383458427932638E-004  4.970323670632729E-004
   55779.0697101874       6.822001282653645E-004  4.970975321846492E-004
   55779.0901437403       4.485913478080583E-005  4.969096645298146E-004
   55779.1105773931      -4.672595922426970E-004  4.968827635139092E-004
   55779.1310111455       1.919253367856921E-004  4.969933182140475E-004
   55779.1514447979      -1.887554993871277E-004  4.969175747468602E-004
   55779.1718783496      -5.122547810632039E-004  4.969344624324577E-004
   55779.1923121013      -2.213856754943455E-004  4.968913643054589E-004
   55779.2127457527       9.661395028213171E-004  4.975292040291414E-004
   55779.2331793037      -2.361361297953390E-005  4.969983405740764E-004
   55779.2536130545      -6.510426568322458E-004  4.969442246447641E-004
   55779.2740467050      -1.504655903761254E-004  4.969701839681640E-004
   55779.2944802551       1.774914982386466E-004  4.970185555731931E-004
   55779.3149140051       7.119284785273017E-005  4.970324298427733E-004
   55779.3353476547      -6.324282919656365E-005  4.969945110245543E-004
   55779.3557814041       5.537755319839910E-005  4.970162641214300E-004
   55779.3762149532       5.623289750935623E-004  4.970406539573207E-004
   55779.3966486019      -4.575837337666977E-004  4.969136510280875E-004
   55779.4170823503       1.521180062937777E-004  4.970028606981026E-004
   55779.4375158985       2.970089826936917E-004  4.970362593922954E-004
   55779.4579495464      -4.869107612648360E-005  4.968600687245282E-004
   55779.4783832942      -3.512024774171563E-004  4.969546774315744E-004
   55804.6319923591      -3.180780985446718E-004  4.959888148184982E-004
   55804.6524256578      -4.854845629462812E-004  4.960814459712830E-004
   55804.6728589563       4.883269635813647E-005  4.961106698287016E-004
   55804.6932922543      -5.209636421564801E-004  4.960186978606707E-004
   55804.7137255521       5.715950094178357E-004  4.961447590973984E-004
   55804.7341588497      -9.519418559081894E-004  4.960494284260981E-004
   55804.7545921470       2.820492757982240E-004  4.962017001042272E-004
   55804.7750254441       2.170382508956958E-004  4.961572208282204E-004
   55804.7954588407      -8.685879161645094E-004  4.960784639450157E-004
   55804.8158920371       6.996545183779457E-004  4.962574483005491E-004
   55804.8363253332      -1.264186786922306E-003  4.960145230238966E-004
   55804.8567586292      -5.108653979120081E-004  4.961151899527278E-004
   55804.8771919249       3.632399233266526E-005  4.961745479703204E-004
   55804.8976253203      -1.253992054947028E-004  4.961318265203238E-004
   55804.9180585153       1.230031571051171E-004  4.961753641038252E-004
   55804.9384918101      -1.738187063746732E-004  4.961447904871486E-004
   55804.9589252046      -1.305498071140221E-004  4.962360091011753E-004
   55804.9793583989       3.016585709134656E-004  4.962814614594377E-004
   55804.9997916929      -5.266954829241666E-005  4.961581311309757E-004
   55805.0202250744      -2.531036416320021E-005  4.961046116069167E-004
   55805.0406582680       5.425046473830353E-004  4.962895914047347E-004
   55805.0610915612       1.891973403689295E-004  4.962403722764504E-004
   55805.0815249540       5.212068367181910E-004  4.963136359533735E-004
   55805.1019581465      -5.004570700846145E-004  4.962135340400456E-004
   55805.1223914389      -5.649000256962022E-004  4.962169869125655E-004
   55830.2755820639      -6.922179305558496E-004  4.959835413404678E-004
   55830.2960149478       4.434134394164513E-004  4.962261841093686E-004
   55830.3164480315       1.097226946855656E-004  4.961539876839518E-004
   55830.3368810152      -1.229185002113775E-003  4.960822934945378E-004
   55830.3573140984       6.539963051266362E-005  4.961728529238107E-004
   55830.3777469817      -5.472182320055419E-004  4.961237279647771E-004
   55830.3981799644      -2.588114388263341E-004  4.961838393363741E-004
   55830.4186130472       2.406337049656315E-004  4.961968974724495E-004
   55830.4390459297       5.606805253366431E-005  4.961736690573154E-004
   55830.4594789118      -1.415192975167678E-003  4.960581547766485E-004
   55830.4799119939      -2.681869026535111E-004  4.961088178334410E-004
   55830.5003448757      -2.228293540266213E-004  4.960904234398348E-004
   55830.5207778573      -3.931286002202272E-004  4.960812262430317E-004
   55830.5412109387      -4.521736594357284E-004  4.961567813717179E-004
   55830.5616438198      -1.149842883117813E-003  4.960272358727200E-004
   55830.5820768007      -7.143608351312114E-005  4.960913651323402E-004
   55830.6025098814       2.180038856418598E-004  4.961945118514357E-004
   55830.6229428620      -2.490739604253944E-004  4.960101284588712E-004
   55830.6433757422       2.393697302180975E-004  4.961079389204359E-004
   55830.6638088222       4.737747950611659E-004  4.961616153932458E-004
   55830.6842418022       2.009665607147770E-004  4.961291270018083E-004
   55830.7046747817      -1.846895748311983E-004  4.960250072004571E-004
   55830.7251077612      -8.062749256013690E-004  4.959934605015250E-004
   55830.7455407405       5.185584367319862E-004  4.961582880797266E-004
   55830.7659738193      -1.288270726281793E-004  4.961467680414101E-004
   55855.9188257555       2.067313636617829E-004  5.968965537367592E-004
   55855.9392586248       8.761069639384722E-005  5.968917593852557E-004
   55855.9596913939      -1.234160593412637E-003  5.966884510881649E-004
   55855.9801240629      -1.068035462950645E-003  5.968623679260386E-004
   55856.0005569318      -1.999486310588772E-005  5.968042103578003E-004
   55856.0209897006      -6.243220239947611E-004  5.968250553643374E-004
   55856.0414224693       1.202957574126806E-003  5.970304481620819E-004
   55856.0618552379      -3.191972214559025E-004  5.968698026450368E-004
   55856.0822880063      -5.226120323332806E-004  5.968941913026851E-004
   55856.1027207745       5.769992845894301E-004  5.969934830171563E-004
   55856.1231535428       5.745568237158771E-004  5.969085048738405E-004
   55856.1435862108       8.709038865206686E-005  5.969312259309658E-004
   55856.1640190788      -7.601693332438542E-004  5.968201220461236E-004
   55856.1844518467      -2.713767358822894E-004  5.968965537367592E-004
   55856.2048845144       5.831204706017168E-004  5.969125349084376E-004
   55856.2253173821       1.868048986837234E-004  5.968363116678673E-004
   55856.2457501496       1.633607659845548E-004  5.967716226642475E-004
   55856.2661830170      -1.509478877713688E-004  5.968175511619840E-004
   55856.2866156843       9.928543989976557E-004  5.970034886202940E-004
   55856.3070484514       3.416488434382359E-006  5.968161614948816E-004
   55856.3274813185       1.029118303006893E-003  5.969827825804673E-004
   55856.3479139854      -1.184294144561671E-004  5.970804066944155E-004
   55856.3683467522       3.708373144264421E-004  5.969425517178509E-004
   55856.3887796189      -3.058326917375620E-004  5.969514455873067E-004
   55856.4092122855       2.381652324179306E-005  5.968653557103089E-004
   55881.5618990773      -5.152322305498336E-004  5.957413234744791E-004
   55881.5823316824       7.501978384316654E-004  5.958549982434608E-004
   55881.6027643876       4.140469340614406E-004  5.959220496811547E-004
   55881.6231971927       1.055759737575768E-003  5.959096816439428E-004
   55881.6436297979      -6.592606917665833E-004  5.958090697457243E-004
   55881.6640625030       6.159473683267080E-004  5.958993981073846E-004
   55881.6844953082       2.363260933389011E-004  5.958543728932647E-004
   55881.7049280134      -2.890212004684756E-004  5.958629888293000E-004
   55881.7253606187       4.177718913969120E-004  5.958933530554888E-004
   55881.7457934239       2.977987938479476E-004  5.957872519722155E-004
   55881.7662261291      -4.147896089191638E-004  5.957167958501205E-004
   55881.7866588345       4.913248343900722E-004  5.958483278413689E-004
   55881.8070915398      -1.765940753711837E-004  5.958968272232450E-004
   55881.8275242451      -4.135323782882283E-004  5.957436164251981E-004
   55881.8479569504       7.708836741198155E-004  5.959191313802396E-004
   55881.8683896557      -5.217641333437051E-004  5.958538865097788E-004
   55881.8888223612      -1.627770814693896E-005  5.958496480251163E-004
   55881.9092550666       4.976872833544199E-004  5.958533306429379E-004
   55881.9296877720      -3.566807759377566E-004  5.958370020544839E-004
   55881.9501204774      -6.979293484588034E-006  5.958208819160952E-004
   55881.9705531829      -6.401620176176293E-004  5.958003148429787E-004
   55881.9909858884      -8.118987866475580E-004  5.957172822336063E-004
   55882.0114186939       3.756509196659596E-004  5.958973830900860E-004
   55882.0318512994      -1.755924692127264E-003  5.955797051904622E-004
   55882.0522840049      -2.052582929332747E-004  5.957268709366134E-004
   55907.2049782381      -1.709110246530532E-003  5.955095964851428E-004
   55907.2254109558      -2.640969097126300E-004  5.954819421098037E-004
   55907.2458438736      -4.245920442932372E-004  5.954180869064454E-004
   55907.2662765915      -6.804420604055172E-004  5.955276621574749E-004
   55907.2867094097       3.966266461377099E-004  5.956331378905521E-004
   55907.3071423280      -1.765934562136806E-006  5.955473954303298E-004
   55907.3275750464       4.606063431833451E-004  5.956338327241032E-004
   55907.3480078651      -6.919377296483731E-004  5.954732566904133E-004
   55907.3684407838      -1.453022405565330E-004  5.958257457509539E-004
   55907.3888735028      -2.069467121115220E-004  5.956665593843663E-004
   55907.4093063219      -3.914572514560621E-004  5.957019264121241E-004
   55907.4297392411      -3.900786392402322E-004  5.956228543539938E-004
   55907.4501719605       9.087905409455033E-005  5.955487156140772E-004
   55907.4706048801      -1.872600872553365E-004  5.954371948291043E-004
   55907.4910376998      -2.176615540699922E-004  5.955518423650577E-004
   55907.5114704197      -3.672626064032958E-005  5.956207003699849E-004
   55907.5319033398       5.749321501176130E-004  5.956109727002677E-004
   55907.5523361600      -4.984530196295855E-004  5.955105692521146E-004
   55907.5727689804       3.196718541071952E-004  5.955687268203527E-004
   55907.5932018010      -1.166443830914465E-004  5.956772598210554E-004
   55907.6136346216       7.594974465179316E-004  5.956306364897676E-004
   55907.6340674425       4.122408315645476E-004  5.957222155518201E-004
   55907.6545003635      -1.349445776656633E-003  5.955582348337291E-004
   55907.6749330847      -7.937975363115912E-004  5.956582213817516E-004
   55907.6953660061       3.314402577541120E-004  5.958718826987558E-004
   55932.8483284769      -1.684099892204083E-004  4.795334402768825E-004
   55932.8687616694      -8.331478976184581E-004  4.794389373967847E-004
   55932.8891947622      -5.206226243142931E-004  4.793797871224877E-004
   55932.9096277553      -1.868521623863417E-004  4.796136714338215E-004
   55932.9300609487      -1.086060853943138E-004  4.795829270470648E-004
   55932.9504939424       1.164076755226784E-004  4.796458945774356E-004
   55932.9709271362       7.641156592381737E-004  4.796784960076877E-004
   55932.9913602304      -2.309832753658592E-004  4.795657665895797E-004
   55933.0117932249      -7.576825229721473E-004  4.795188590464744E-004
   55933.0322264197      -1.806719229513476E-004  4.795931751759837E-004
   55933.0526595147       2.336323200844426E-004  4.795969924320575E-004
   55933.0730925099       2.158500962252674E-004  4.796718244069821E-004
   55933.0935257055      -3.266305250275714E-004  4.796221656883281E-004
   55933.1139588013      -3.576215134646343E-004  4.796159411536492E-004
   55933.1343918973       1.837697584101683E-004  4.796666659528283E-004
   55933.1548249937       8.110097682467732E-004  4.797251628229326E-004
   55933.1752580903      -1.164253090379930E-004  4.796128804708513E-004
   55933.1956912873      -1.397941223817423E-004  4.797126793638803E-004
   55933.2161242844       7.067061911636419E-004  4.798202847175288E-004
   55933.2365573819       2.965161007184580E-004  4.796570368384078E-004
   55933.2569905796       9.704821020872778E-005  4.796913233636836E-004
   55933.2774236776       3.867615995076790E-004  4.798016111134920E-004
   55933.2978566759       4.136757803263613E-005  4.797994101730531E-004
   55933.3182898743      -4.893771466205621E-004  4.796729248772016E-004
   55933.3387229732       1.162030467027897E-005  4.797113037761060E-004
   55984.1363636447      -2.769851307393711E-005  4.832763802211941E-004
   55984.1567975137      -4.759817604224059E-004  4.832158199694284E-004
   55984.1772313830       3.545305558816381E-005  4.832371071902365E-004
   55984.1976651525      -6.793576979168270E-004  4.831937073959558E-004
   55984.2180991223      -1.599644176519810E-005  4.832641374900025E-004
   55984.2385329925      -2.743054637288633E-005  4.832628650713112E-004
   55984.2589667630       1.509342359287569E-003  4.835183117210079E-004
   55984.2794007337      -3.494374113833798E-004  4.832036116279311E-004
   55984.2998346048       1.471164443114237E-004  4.833108043052473E-004
   55984.3202685761       1.588160868226662E-004  4.833913793591298E-004
   55984.3407023477      -4.175960348227203E-004  4.832093890965833E-004
   55984.3611362198       2.580297504479745E-004  4.832717720021501E-004
   55984.3815701920       6.827959394286598E-004  4.833152405758195E-004
   55984.4020039645       8.248228655904910E-004  4.833387975164553E-004
   55984.4224378374      -2.338824244605409E-004  4.831742428289487E-004
   55984.4428718106      -3.481720482141348E-004  4.832354564849073E-004
   55984.4633055840       4.212278010882198E-004  4.832980801183346E-004
   55984.4837394577       7.982582874910271E-005  4.832282346490919E-004
   55984.5041734318      -4.197382615388490E-004  4.830927392533185E-004
   55984.5246072062      -6.446039826751848E-004  4.830830069698150E-004
   55984.5450411808       1.489648495307527E-004  4.832780653162177E-004
   55984.5654750558      -7.620834679176181E-004  4.831309118140567E-004
   55984.5859089311       6.975556027235541E-004  4.833314037321682E-004
   55984.6063428065      -1.255367137923402E-004  4.832174362850633E-004
   55984.6267766824      -2.741092119059596E-004  4.832394112997585E-004
   56009.7810946537       1.733316205543289E-004  4.822557972617096E-004
   56009.8015288541       1.295854177061351E-003  4.823829359617539E-004
   56009.8219630548      -3.885827101882677E-004  4.821709234960323E-004
   56009.8423972557      -3.782793584318211E-004  4.821774575379604E-004
   56009.8628314567       8.261301385159570E-005  4.822241243532052E-004
   56009.8832657581       2.438530326021038E-005  4.821631170354128E-004
   56009.9036998596      -3.945699721208396E-004  4.821537286488529E-004
   56009.9241341614       5.860945257494254E-004  4.823032894296191E-004
   56009.9650024656      -2.037556771727900E-005  4.820414119070772E-004
   56009.9854367680       3.097297411931432E-004  4.821763226780466E-004
   56010.0058709706      -2.055526327677804E-004  4.821074401202460E-004
   56010.0263050735       8.620452279410884E-004  4.823299414427471E-004
   56010.0467393766      -2.634627249179511E-004  4.820512817493582E-004
   56010.0671735799       4.903770007613772E-005  4.821063396500265E-004
   56010.0876076834       2.475292511960880E-005  4.821269046872530E-004
   56010.1080419872       1.792478835762612E-004  4.821642862850210E-004
   56010.1284761911      -5.794243924293063E-004  4.820942688673066E-004
   56010.1489104952       1.208711447746591E-004  4.821578210224816E-004
   56010.1693445996      -2.078853485900645E-004  4.821395600947771E-004
   56010.1897788043      -2.496078077360853E-004  4.821514589290252E-004
   56010.2102130091      -2.601124432835000E-004  4.820603950183633E-004
   56010.2306472141       4.353654842450538E-004  4.822378802309487E-004
   56010.2510814194      -3.784134439088760E-005  4.820631118042176E-004
   56010.2715156249       1.166710953088845E-004  4.821752565975214E-004
   56035.4261136131      -1.877394148560585E-004  5.065337523039762E-004
   56035.4669823263       8.718021160847300E-004  5.069855875269634E-004
   56035.4874168330      -2.680692336949342E-004  5.067363759597121E-004
   56035.5078512399       4.755471158746083E-005  5.066808080594553E-004
   56035.5282855468       1.107358631953215E-004  5.067589947283464E-004
   56035.5487200539       3.459256537521327E-004  5.067016713415687E-004
   56035.5691544611       3.033048768485980E-004  5.068329614777162E-004
   56035.5895887683       1.144170284894663E-004  5.066262866992397E-004
   56035.6100232757      -1.287438604329338E-004  5.065618400883101E-004
   56035.6304576832      -3.076934412302723E-004  5.065148808238767E-004
   56035.6508921907       9.367743786770077E-005  5.069062867993187E-004
   56035.6713264984       7.458730949647663E-004  5.067606151774425E-004
   56035.6917609062       1.019267470965035E-003  5.066596409431363E-004
   56035.7121953141       3.321528129747175E-004  5.066861420377302E-004
   56035.7326297221      -8.826773302956781E-004  5.067208128965175E-004
   56035.7530641302      -3.560399512393397E-004  5.066658189053155E-004
   56035.7734986384       4.424851774291749E-004  5.068431905626359E-004
   56035.7939329467      -2.101095442824663E-004  5.068394432741009E-004
   56035.8143674551       5.718494698423449E-004  5.068310709537705E-004
   56035.8348017636      -4.542632026646176E-004  5.066004607917693E-004
   56035.8552361722       1.314362715649775E-004  5.067030217158155E-004
   56035.8756706809      -9.540774544991582E-005  5.067149725278999E-004
   56035.8961049898       4.864134176330026E-006  5.068293154672497E-004
   56035.9165393987      -3.526944951470767E-004  5.067059250204462E-004
   56061.0713509028       5.887760187917035E-004  5.057361875144457E-004
   56061.0917853637      -9.585800855365090E-004  5.055804556044308E-004
   56061.1530887463       2.042143837244215E-004  5.056956762870410E-004
   56061.1735233071      -2.616006787790059E-004  5.055750878667996E-004
   56061.1939576679      -4.065951595255690E-004  5.055981117477080E-004
   56061.2143921287       1.279630491709316E-003  5.057962454090733E-004
   56061.2348266894      -4.789327067975524E-004  5.056068216616000E-004
   56061.2552611502       3.873269742848962E-005  5.056898021590674E-004
   56061.2756955109      -4.608288282935691E-004  5.055811983102666E-004
   56061.2961300716      -3.123867096377353E-005  5.056458812366894E-004
   56061.3165645323      -4.277219090388362E-004  5.055903470957887E-004
   56061.3369989930       6.164986856391774E-004  5.057118470186468E-004
   56061.3574334536       1.572192357301994E-004  5.056212369066849E-004
   56061.3778679143      -5.421381142607373E-004  5.056064503086822E-004
   56061.4187368355      -4.745389806131151E-004  5.055257316880782E-004
   56061.4391712960       3.088657489394020E-004  5.056461513115388E-004
   56061.4596057566       3.674025888307231E-004  5.056840968278746E-004
   56061.4800402171       7.637927443797654E-004  5.057690691273560E-004
   56061.5209091381      -1.531880983084433E-004  5.056715045880229E-004
   56061.5413435986       7.455059132217556E-004  5.057395634500628E-004
   56061.5617781590      -7.343551579144236E-004  5.055112489242811E-004
   56086.7165611855      -2.352307707099710E-004  5.050641062518015E-004
   56086.7369955516       3.646101604155572E-004  5.051585649303668E-004
   56086.7574300175       4.656646743248505E-004  5.051653505609571E-004
   56086.7778642834       4.598099749468787E-004  5.051135299492353E-004
   56086.7982986491      -2.116926760760141E-004  5.050604264819790E-004
   56086.8187331146       6.737539097076972E-004  5.051435420168709E-004
   56086.8391673801       2.413327520915942E-004  5.050894595282857E-004
   56086.8596017454      -3.276008757678861E-004  5.050200502919989E-004
   56086.8800362106      -4.270713156750983E-005  5.050452347717022E-004
   56086.9004705757      -1.916690319450076E-004  5.051090737142207E-004
   56086.9209049406      -1.488803976305020E-004  5.051043474043568E-004
   56086.9413393054       6.247967188044434E-005  5.050882441914635E-004
   56086.9617736700      -4.056921840817074E-004  5.050320686227956E-004
   56086.9822080346      -4.942129563136888E-004  5.050287264465347E-004
   56087.0026423990      -1.963878124616736E-004  5.050607978348968E-004
   56087.0230767633      -4.358223872050759E-004  5.050074242927910E-004
   56087.0435112274       1.183541169992752E-003  5.052448538447389E-004
   56087.0639454913      -5.351703951951281E-004  5.050550249849916E-004
   56087.0843798552      -4.154063379291362E-005  5.050632285085411E-004
   56087.1048143190      -1.877145219588705E-004  5.050784539781740E-004
   56087.1252485826      -9.941968836357784E-005  5.050337903499603E-004
   56087.1456830461       2.564003104343904E-004  5.051001612441917E-004
   56087.1661174095       7.775527589952702E-004  5.051231851251000E-004
   56087.1865516727      -2.992229122419365E-004  5.049909497269799E-004
   56087.2069861357       2.991055412462362E-004  5.049996596408719E-004
   56112.3615322678       1.610163818328569E-004  4.989390444357643E-004
   56112.3819664131       7.423054696411580E-004  4.989868880680002E-004
   56112.4024005579      -2.251095489548272E-004  4.989519948299301E-004
   56112.4228347027      -3.551152935475921E-004  4.988797069329119E-004
   56112.4432688471       5.025371811528956E-004  4.990310270642522E-004
   56112.4637029915       2.118161209543334E-004  4.989742543093887E-004
   56112.4841371356      -1.754345747083663E-004  4.989511082503784E-004
   56112.5045712795      -8.498231289996161E-004  4.988716643898358E-004
   56112.5250054231      -8.324645356346805E-004  4.988871478684350E-004
   56112.5454395666      -5.527870894140863E-004  4.989785605529254E-004
   56112.5658737098       4.285993925057241E-005  4.989789088520350E-004
   56112.5863079527       1.943263511721138E-004  4.990773508458281E-004
   56112.6067419954       5.032170248508994E-004  4.990109207065621E-004
   56112.6271761382      -1.849438056681363E-004  4.989630454107708E-004
   56112.6476103804      -3.148438172839718E-006  4.989676999534172E-004
   56112.6680444225       5.393826128019530E-004  4.990620573485614E-004
   56112.6884785645       5.493316468840881E-004  4.990387213082187E-004
   56112.7089128061       5.554425064377977E-004  4.990731079294021E-004
   56112.7293468476      -3.422137935101821E-004  4.989552561761381E-004
   56112.7497809890       3.540730842441775E-004  4.990101607812321E-004
   56112.7702152298       2.844883334283121E-004  4.990453389913010E-004
   56112.7906492707      -3.993046235776232E-004  4.989127320212123E-004
   56112.8110835113      -4.253427455893632E-004  4.989486701566112E-004
   56112.8315176517       3.268030582326276E-005  4.989836583853476E-004
   56112.8519516919      -1.450021945029745E-004  4.990073743883554E-004
   56163.6504504536       6.711535250474299E-004  4.996868109605047E-004
   56163.6708840347       9.100156367511936E-004  4.995962215284552E-004
   56163.6913175155      -3.031020632358050E-004  4.994404368358009E-004
   56163.7117509958       8.902917353470485E-004  4.995970764444515E-004
   56163.7321844761      -1.418590689546195E-003  4.993607713303705E-004
   56163.7526179560       6.870668066165653E-004  4.995922319204726E-004
   56163.7730514356      -1.548787518462769E-004  4.995002492919847E-004
   56163.7934849148      -8.728750123730977E-004  4.993679906210056E-004
   56163.8139183939      -5.467946853557892E-004  4.994715937743318E-004
   56163.8343518726       1.385607733535021E-004  4.994875205427068E-004
   56163.8547854511       3.563594291340344E-004  4.995277332580871E-004
   56163.8752188291      -2.422193483130330E-004  4.994140610941381E-004
   56163.8956524071       6.583423339479033E-005  4.994410384433539E-004
   56163.9160858846      -1.195571035305099E-004  4.994985077964366E-004
   56163.9365192619      -3.054676471547779E-006  4.994529756037463E-004
   56163.9569528390      -6.960203900721051E-004  4.993598847508187E-004
   56163.9773862158      -1.954368735956891E-005  4.996148080354853E-004
   56163.9978196922       7.398709799495418E-004  4.996095202217305E-004
   56164.0182532683      -4.732117913807121E-004  4.994530072673017E-004
   56164.0386866442       7.973664852554130E-004  4.995421085122467E-004
   56164.0591201199       2.991109798333724E-004  4.994792563547428E-004
   56164.0795536951       1.991178454892051E-004  4.995941000702423E-004
   56164.0999870703       1.011031792321537E-003  4.995284931834171E-004
   56164.1204205450      -5.842315206437965E-004  4.993495307681972E-004
   56164.1408541195      -3.132684000324293E-004  4.994668125774637E-004
   56189.2942549407       8.752168285754980E-004  5.000821937770034E-004
   56189.3146880788      -1.114221424752815E-004  4.999516766015724E-004
   56189.3351213166       4.832875283158344E-004  5.000364082758697E-004
   56189.3555543542      -3.202756411149199E-004  4.999419558900592E-004
   56189.3759874913      -1.369587923567561E-004  4.999539247140071E-004
   56189.3964207285      -3.267870090801761E-004  4.999315385803268E-004
   56189.4168538651       3.612761686657695E-004  5.001899131925339E-004
   56189.4372870018      -1.403858107507094E-005  4.999553495740009E-004
   56189.4577201380      -9.292842180785854E-005  4.999674133886149E-004
   56189.4781532740       4.717722461937690E-004  4.999971771307074E-004
   56189.4985864097      -1.494981440482990E-004  4.999143452697352E-004
   56189.5190195452       1.363585014033664E-004  5.000394796407453E-004
   56189.5394526805      -1.108051577511815E-003  4.998790720690000E-004
   56189.5598859155      -1.029601977037276E-004  5.000024332809067E-004
   56189.5803189503      -3.247014274752047E-004  4.999375229923008E-004
   56189.6007520847       1.731812441452263E-006  4.999830235214357E-004
   56189.6211853190      -2.536519232398948E-004  4.999496501340257E-004
   56189.6416183529       3.856174399776702E-004  4.999948973547174E-004
   56189.6620514867       7.666326792779010E-004  5.000638922419722E-004
   56189.6824846202       2.642577072438090E-004  5.000442608376133E-004
   56189.7029177533      -3.918846717644309E-004  4.998979118844734E-004
   56189.7437840190      -2.771474794672768E-004  4.999694398561616E-004
   56189.7642171515       1.366830800968444E-004  5.000092726088769E-004
   56189.7846503837      -5.143467434577387E-004  4.998959804075930E-004
   56214.9376579605       4.239237566849852E-005  5.893967524136539E-004
   56214.9580908249      -2.559738138018242E-004  5.893795172391597E-004
   56214.9785236894      -9.373034901259958E-004  5.893741659954660E-004
   56214.9989565537      -4.313161678985988E-004  5.893752084455362E-004
   56215.0193894177       1.135906915641360E-004  5.894138485948053E-004
   56215.0398222815       7.261659314994340E-005  5.894299718225579E-004
   56215.0602550453      -1.407476433162858E-003  5.892244006687124E-004
   56215.0806880088      -1.549159550973123E-005  5.893853549595528E-004
   56215.1011208722      -5.660085719932928E-004  5.893175262083178E-004
   56215.1215538353      -5.137174674103573E-004  5.893182906717027E-004
   56215.1419865983       6.141442891567372E-004  5.894337246428107E-004
   56215.1624194610       2.544624356344283E-004  5.893647839448341E-004
   56215.1828524238      -1.190273469586556E-003  5.892162000614934E-004
   56215.2032851862       5.120595919607673E-004  5.893654789115476E-004
   56215.2237180486       8.535006477317086E-004  5.894259410156198E-004
   56215.2441510105      -1.996836139781522E-004  5.893264217822503E-004
   56215.2645837727       1.259880291063276E-003  5.894556160942851E-004
   56215.2850166344       1.267157109996253E-003  5.894055089942437E-004
   56215.3054495959       5.038054857047225E-004  5.893803511992159E-004
   56215.3258823573       1.444336446371430E-003  5.894709053619815E-004
   56215.3463153188      -8.182773969866997E-005  5.892373270495829E-004
   56215.3667481798      -2.612702805344647E-004  5.892617898778972E-004
   56215.3871810408      -1.951768644101737E-004  5.892332267459734E-004
   56215.4076139013      -1.577483462644746E-004  5.892847237794419E-004
   56215.4280467621      -6.696269655576126E-004  5.891934051532914E-004
   56240.5807998201      -6.782826261538810E-004  5.878017343095598E-004
   56240.6012326373      -8.139709076160351E-005  5.879234924777604E-004
   56240.6216652546      -4.469943438889512E-005  5.878884661554012E-004
   56240.6420980717      -6.798538565399026E-004  5.878120198169191E-004
   56240.6625306888       5.643012283356175E-004  5.878650457771572E-004
   56240.6829634058       1.351244594892664E-003  5.880692269975759E-004
   56240.7033962226      -3.040250087156249E-004  5.878657407438707E-004
   56240.7238288396       3.811466750356374E-004  5.879049368665106E-004
   56240.7442615565      -2.467873916836005E-004  5.878852693085193E-004
   56240.7646943733       9.661888467138446E-005  5.879094541501482E-004
   56240.7851270900       3.488825095654402E-004  5.879603257135745E-004
   56240.8055597067       1.681946306349325E-003  5.881316350084458E-004
   56240.8259925233       4.413228800383973E-004  5.879561559132936E-004
   56240.8464252399      -9.248831857171513E-004  5.878178575373123E-004
   56240.8668578565       1.012204074986256E-003  5.880344091652308E-004
   56240.8872906730       1.520069329955964E-003  5.882529066999470E-004
   56240.9077233894      -1.008922896508113E-003  5.878226528076353E-004
   56240.9281562057       3.488494924264174E-005  5.879833291117905E-004
   56240.9485888221      -3.248665428776665E-004  5.878690070874239E-004
   56240.9690215383       2.438584271826638E-004  5.879653989705829E-004
   56240.9894543546      -4.682194221690139E-004  5.879021569996567E-004
   56241.0098869707       3.264712093160593E-004  5.879631055804283E-004
   56241.0303196868      -6.906799616912540E-005  5.879772829013833E-004
   56241.0507525029      -1.100311175672442E-004  5.879650514872261E-004
   56241.0711851189       8.760830202492187E-005  5.879485807761168E-004
   56266.2238453853      -4.102773272955940E-004  5.849380544700188E-004
   56266.2442781223       1.589138707562832E-004  5.849821848563244E-004
   56266.2647109595       2.599915883378934E-004  5.849622393116477E-004
   56266.2851435967      -2.109379689390067E-004  5.849126881849770E-004
   56266.3055763341       6.738453005323830E-004  5.850289561161411E-004
   56266.3260091715      -3.017314041543484E-004  5.849591119614370E-004
   56266.3464418090      -4.622823763107409E-004  5.848492377240368E-004
   56266.3668745466      -4.777478695768833E-004  5.848844030397386E-004
   56266.3873073843      -1.339295671084484E-004  5.849383324567042E-004
   56266.4077401220       6.634317800544576E-004  5.850151957752144E-004
   56266.4281727599       2.293669114048491E-004  5.850414655169837E-004
   56266.4486055978       8.700215187211757E-004  5.850564767979948E-004
   56266.4690383359      -4.599439058168286E-004  5.849014992208901E-004
   56266.4894710740      -3.679781731620313E-004  5.849413208135721E-004
   56266.5099038122       6.172740887990802E-004  5.849958757005798E-004
   56266.5303365505       3.513470438611943E-004  5.850328479297366E-004
   56266.5507692889      -3.012407870850442E-005  5.849896210001586E-004
   56266.5712020274       5.593885185639635E-005  5.850175586620402E-004
   56266.5916346660      -3.756160715044921E-004  5.849607103848780E-004
   56266.6120675046       6.624243961725895E-004  5.851256259859854E-004
   56266.6325002434       1.424426201864337E-003  5.851460580073615E-004
   56266.6733657212      -8.408819109717580E-004  5.848976769039660E-004
   56266.6937984602       2.979324160847785E-004  5.850293730961692E-004
   56266.7142312993      -7.080837682786889E-004  5.849661311252432E-004
   56291.8670419504       2.322994609553763E-004  5.868398308814404E-004
   56291.8874747826       3.678953438703836E-004  5.868257230571568E-004
   56291.9079078151       6.394364481483450E-004  5.868877140879987E-004
   56291.9283407477       1.730268068886875E-004  5.868560931025356E-004
   56291.9487735806       8.806748949252707E-005  5.868551201491368E-004
   56291.9692066137      -2.523922148417457E-004  5.868419157815808E-004
   56291.9896395470      -2.401433995965485E-004  5.867886813313287E-004
   56292.0100725805       1.086972644779305E-004  5.867638015229863E-004
   56292.0305054143      -7.237527112702313E-005  5.868457380985049E-004
   56292.0509383483       6.701904778969592E-004  5.869896657048654E-004
   56292.0713713825       3.205666860757184E-004  5.869105784928720E-004
   56292.0918042169      -5.909312696983360E-004  5.868700619334764E-004
   56292.1122371515      -2.352659161402038E-004  5.869086325860743E-004
   56292.1326701864       1.101430056404951E-004  5.869257982638971E-004
   56292.1531030215      -3.476870503668072E-004  5.869191265834477E-004
   56292.1735359567      -4.957510863614623E-004  5.868276689639546E-004
   56292.1939689922      -1.395416924435011E-003  5.867351688943912E-004
   56292.2144018280       6.662147434310928E-004  5.869889012414805E-004
   56292.2348348639       3.075944227952654E-004  5.869520680056664E-004
   56292.2552678001      -7.709312347280450E-004  5.868354525911455E-004
   56292.2757007365      -5.757777944026543E-005  5.868632512596845E-004
   56292.2961336731      -5.816478790566793E-004  5.868547031691087E-004
   56292.3165666100       4.157602675529670E-004  5.869665233133067E-004
   56292.3369995470       6.945529532333961E-004  5.870641661365497E-004
   56292.3574324843       5.836543121295890E-005  5.869377516913688E-004
   56343.1749977479       5.644524714434329E-004  5.447244194904760E-004
   56343.1954314136       3.876073474047281E-004  5.447123970458126E-004
   56343.2158651797       1.571686111276893E-004  5.446811667303752E-004
   56343.2362987460      -2.991860470258345E-006  5.447306935942508E-004
   56343.2567325129      -3.338547948905646E-005  5.447093476210730E-004
   56343.2771661799      -3.188531907293291E-004  5.445961683971136E-004
   56343.2975997472      -5.729780210210755E-004  5.446516188561733E-004
   56343.3180335150       1.677313070205244E-004  5.446186359977819E-004
   56343.3384671829      -5.798970606051279E-004  5.447099785365363E-004
   56343.3589007513       5.898486980473461E-004  5.448660950628650E-004
   56343.3793345199       7.165094553385210E-005  5.447118011812083E-004
   56343.3997681889       2.133122669774057E-004  5.448327616958828E-004
   56343.4202018582       3.765216539908245E-005  5.447843915103567E-004
   56343.4406355278      -1.529211787158369E-003  5.446272585091148E-004
   56343.4610691976       8.496588755113610E-004  5.447249803042213E-004
   56343.4815028679       2.923825342144859E-004  5.447412439028330E-004
   56343.5019365385       1.814866838611984E-005  5.446878614444588E-004
   56343.5223702093       4.238943728387401E-004  5.446753482877683E-004
   56343.5428038805       2.927750187378120E-004  5.446718782527197E-004
   56343.5632375520       1.252881258060334E-004  5.446947314128379E-004
   56343.5836712238      -3.641785642106710E-004  5.445895788356071E-004
   56343.6041049960       1.097272199445776E-003  5.450039851424736E-004
   56343.6245385685      -2.044927518619621E-004  5.446275739668465E-004
   56343.6449723413      -6.165552037902255E-004  5.446257513221745E-004
   56368.7990631178       5.418828066081627E-004  5.432235066539429E-004
   56368.8194970582      -4.399110606757572E-004  5.431476565949004E-004
   56368.8399310989      -1.016514365124066E-003  5.431396649990309E-004
   56368.8603652399       5.900626622510341E-004  5.433372116407885E-004
   56368.8807991811       2.636809012404040E-004  5.432276426553140E-004
   56368.9012332226       6.449916000317302E-005  5.432155851597915E-004
   56368.9216673644       9.420935314152779E-005  5.431691778223737E-004
   56368.9421013064       2.757666013788462E-004  5.432965526442592E-004
   56368.9625354487      -6.043144947260881E-004  5.431418732031527E-004
   56368.9829694913       4.786174778712571E-004  5.433035277652155E-004
   56369.0034034341       6.048082096186125E-004  5.432762231459946E-004
   56369.0238375772       4.414600581137407E-004  5.431991112560254E-004
   56369.0442716206       1.062301325660542E-005  5.432230509927749E-004
   56369.0647055642      -7.837148454503673E-005  5.431485679172365E-004
   56369.0851397082      -3.728841516014159E-004  5.431224900780832E-004
   56369.1055737523      -5.243789017395084E-004  5.431075934629755E-004
   56369.1260077968      -1.922663783368028E-004  5.431601697515909E-004
   56369.1464418415      -9.785428272642838E-004  5.430275022499847E-004
   56369.1668758864       8.905687047922051E-004  5.434973590159110E-004
   56369.1873099317      -3.011804202266433E-004  5.431441865598518E-004
   56369.2077439771       2.637398382883127E-004  5.431313228945706E-004
   56369.2281780230       4.697811634106763E-004  5.432257849597829E-004
   56369.2486120690       1.116821564184356E-004  5.431212282471565E-004
   56369.2690461153       2.442372763220568E-004  5.431670046691109E-004
   56369.2894801619      -5.368967484109533E-004  5.430158653647713E-004
   56394.4439293116      -8.819992443074298E-004  5.040002006499413E-004
   56394.4643635287      -2.876877654213184E-004  5.037184193484552E-004
   56394.4847978460      -3.552710246511603E-004  5.041179140442581E-004
   56394.5052322633      -5.136558967722138E-006  5.041308053357886E-004
   56394.5256665809       3.232320882304851E-004  5.040721008979790E-004
   56394.5461008986      -5.063379423373426E-004  5.040216861358256E-004
   56394.5665352166       9.914655684186702E-004  5.041511404177043E-004
   56394.5869694346       7.194566934076718E-004  5.040542358010549E-004
   56394.6074038529       3.186242971808806E-004  5.038762953754406E-004
   56394.6278381713       1.076745239938282E-003  5.038039891024728E-004
   56394.6482723899      -1.173739085812531E-003  5.040157649389283E-004
   56394.6687068086       6.454311000847479E-004  5.040508184245598E-004
   56394.6891411276       6.332342076653674E-005  5.041562495647412E-004
   56394.7095755466       1.988105068091439E-004  5.040476040605300E-004
   56394.7300097659      -3.517071134701011E-004  5.041718476891391E-004
   56394.7504440853      -3.614975441995627E-004  5.038962582678369E-004
   56394.7708785048       1.942666842509322E-004  5.038586332909814E-004
   56394.7913127246       2.208367810243583E-004  5.040498033622346E-004
   56394.8117470445      -3.410584749528045E-004  5.041182862337774E-004
   56394.8321814646       1.833950173513177E-004  5.039985765502209E-004
   56394.8526156848      -3.288675655744866E-004  5.038677350164977E-004
   56394.8730501052      -2.084421743672182E-004  5.041341888768727E-004
   56394.8934844258       1.413554282136964E-005  5.041215344332181E-004
   56394.9139186465      -1.093154988153211E-004  5.037527284550482E-004
   56394.9343530674      -4.521063263214220E-004  5.038607649218644E-004
   56420.0890961871       5.133332558038273E-004  5.009982214938710E-004
   56420.1095306389      -1.966419564617405E-004  5.011998467070742E-004
   56420.1299650907       2.675664336668770E-004  5.010532040364881E-004
   56420.1503995425       7.235716431523986E-004  5.020098664426143E-004
   56420.1708339944       2.813320637308436E-003  5.017259873456559E-004
   56420.1912684463      -3.347202224009971E-004  5.015248358282045E-004
   56420.2117029982       1.233765892552086E-004  5.018085119126979E-004
   56420.2321373503       1.316138129046074E-004  5.013306882407974E-004
   56420.2525718023      -7.789913752498379E-005  5.019263268132471E-004
   56420.2730063544      -2.927603998029715E-004  5.022012733617434E-004
   56420.2934408066       2.304969604340901E-004  5.018856566494159E-004
   56420.3138751588      -4.617993031348355E-004  5.020115582131563E-004
   56420.3343097110       4.433325638624197E-004  5.019928810663719E-004
   56420.3547440632      -6.257386032776369E-004  5.021162111388883E-004
   56420.3751786156      -3.204332839116253E-004  5.022262438949442E-004
   56420.3956130680      -3.785182368410966E-004  5.024247900857608E-004
   56420.4160474204       3.573363682840558E-005  5.023749843610024E-004
   56420.4364819728      -1.083991747375612E-003  5.022301349671910E-004
   56420.4569164253      -1.911879483180723E-004  5.026870821906023E-004
   56420.4773507779       3.991499422726363E-004  5.027023757963025E-004
   56420.4977853305       4.335149905161373E-004  5.026549047148923E-004
   56420.5182197831      -5.500094988333259E-004  5.025250782434943E-004
   56420.5386541357      -2.492382938178439E-004  5.027361773717330E-004
   56420.5590886885       4.301414491827416E-004  5.026382238573475E-004
   56420.5795231412      -3.766774361367853E-004  5.026957440557777E-004
