   54978.0719165847      -6.073452597388229E-005  1.954997989363419E-004
   54978.0923508907       1.473780214388265E-004  1.955137230831577E-004
   54978.1127852966       3.819110751568378E-005  1.955153837612183E-004
   54978.1332198024       4.784881445233369E-004  1.954810715975971E-004
   54978.1536541078       8.937843182377225E-005  1.954689103244149E-004
   54978.1740885131      -2.348703540110408E-004  1.954967075202599E-004
   54978.1945228182      -3.140709806758180E-004  1.954563402689408E-004
   54978.2149573231       1.454882200683238E-004  1.955201230809143E-004
   54978.2353917278       1.118509040341054E-003  1.955776591884906E-004
   54978.2558261322       1.796281359779384E-004  1.955717190708123E-004
   54978.2762605364       2.173468241196685E-004  1.955047554216305E-004
   54978.2966949404      -7.145396614338662E-005  1.954901670035905E-004
   54978.3171293444      -1.230716659016418E-004  1.954006947794642E-004
   54978.3375636479       6.252676914175748E-005  1.954739179074899E-004
   54978.3579981514      -7.293387179641009E-006  1.954920192983504E-004
   54978.3784325546      -1.815695958667929E-004  1.954772903613975E-004
   54978.3988668576      -4.778846831128281E-004  1.954225646320776E-004
   54978.4193013605       4.371716746176535E-005  1.955284136967706E-004
   54978.4397357630      -4.715460222139978E-004  1.954612456564429E-004
   54978.4601700654      -5.832714072370182E-004  1.954466572384029E-004
   54978.4806044675      -1.203679268153457E-003  1.953472209459131E-004
   54978.5010389696      -2.113836812532854E-003  1.953800512737264E-004
   54978.5214733712      -2.288660478430904E-003  1.953532888080575E-004
   54978.5419076728      -2.568614548241421E-003  1.953029191650350E-004
   54978.5623421742      -3.133380716127232E-003  1.952351507257161E-004
   54978.5827765754      -2.790860366755132E-003  1.953548856138851E-004
   54978.6032108763      -2.682838889770500E-003  1.953849183378886E-004
   54978.6236452770      -1.243222168437530E-003  1.954162412810008E-004
   54978.6440797775      -9.128932234245823E-004  1.954084999663491E-004
   54978.6645140778      -6.126014034278926E-004  1.954167778077588E-004
   54978.6849484780      -3.295420497884116E-005  1.955207234799054E-004
   54978.7053828778       1.509865200249871E-004  1.954577965558555E-004
   54978.7258172775      -3.384983466043767E-004  1.955041805715326E-004
   54978.7462516771      -6.731002392024177E-005  1.954804967474992E-004
   54978.7666860762       1.889768755868326E-004  1.955353629957319E-004
   54978.7871204752      -9.397098860830511E-005  1.954593678127897E-004
   54978.8075548741      -3.621996425564600E-004  1.955266635975837E-004
   54978.8484235713      -1.895203511312893E-004  1.955284775690038E-004
   54978.8688580694      -1.863600707338042E-004  1.955511138884143E-004
   54978.8892924676      -2.710208424103744E-004  1.955795498065904E-004
   54978.9097267653       5.995793994084675E-005  1.955250156939697E-004
   54978.9301612629       1.412417831725410E-005  1.955330252720005E-004
   54978.9505956604       7.037061859549443E-005  1.955334851520788E-004
   54978.9710299574       5.095030632650266E-004  1.955516120918325E-004
   54978.9914644546      -1.467713511791313E-004  1.954959921512492E-004
   54979.0118988513       1.632791064244410E-004  1.955633007104898E-004
   54979.0323332478      -1.649321531024261E-004  1.955594172787173E-004
   55123.9253505604       2.910152724034942E-004  1.863389780404344E-004
   55123.9457832114       1.121455931448745E-004  1.863235108742722E-004
   55123.9662157624       2.642767075179409E-004  1.863288016271420E-004
   55123.9866482132       8.161503163728323E-005  1.863128557153605E-004
   55124.0070808641       2.912972238048317E-004  1.863246279473839E-004
   55124.0275134148      -5.941976581954611E-004  1.862812585044863E-004
   55124.0479458657      -8.657089666306295E-004  1.862614458011643E-004
   55124.0683784165      -2.175385278731734E-003  1.861900267751868E-004
   55124.0888110671      -2.883302967790047E-003  1.861013360803282E-004
   55124.1092435178      -3.072717789848523E-003  1.860693092259496E-004
   55124.1296760685      -2.981099376433649E-003  1.860684622144692E-004
   55124.1501087190      -2.664659932412161E-003  1.860912701467941E-004
   55124.1705411696      -1.975588266530326E-003  1.861369473890874E-004
   55124.1909737201      -1.423100420440249E-003  1.862356058132504E-004
   55124.2114063706      -5.347355167463208E-004  1.862789875316767E-004
   55124.2318389210      -6.092216710984477E-005  1.862925642664191E-004
   55124.2522713714       2.889991358613342E-004  1.863112353455720E-004
   55124.2727039218       4.133696065767856E-004  1.863139850640009E-004
   55124.2931365722      -1.268367435131035E-004  1.862914471933074E-004
   55124.3135690225       9.231485954186436E-005  1.863089643727625E-004
   55124.3340015728       3.080240666085698E-004  1.863288507292567E-004
   55124.3544341230      -9.103958365952458E-006  1.863241369262359E-004
   55124.3748666733       7.011993285310769E-005  1.863133099099224E-004
   55124.3952991234       2.157859574475340E-004  1.863141446458740E-004
   55124.4157316735       3.609835168180142E-004  1.863235722519157E-004
   55124.4361643236       4.224751847370367E-005  1.863222587703448E-004
   55124.4565968737       5.121695669718651E-005  1.863096272513123E-004
   55124.4770293237      -1.277000774636550E-004  1.863041278144547E-004
   55124.4974619737       3.221313714930618E-004  1.863261132863566E-004
   55124.5178945236       5.086700681411482E-005  1.863052326120377E-004
   55124.5383269735       1.744740022845415E-004  1.862938900235187E-004
   55124.5587596235      -4.098191447455823E-004  1.862653985214057E-004
   55124.5791921733      -2.036777142320201E-004  1.862888447812230E-004
   55124.5996246231      -1.968913587012677E-004  1.862791839401360E-004
   55269.2061475959       5.450413219865169E-006  2.034322961210733E-004
   55269.2265820056       2.287250564726451E-004  2.034556450571670E-004
   55269.2470164155       2.580989340265072E-004  2.034556321714407E-004
   55269.2674508255       7.122740248111104E-005  2.034306080909252E-004
   55269.2878852359       2.871111941293858E-005  2.034215107681426E-004
   55269.3083195464      -1.118325486259009E-004  2.034064988969785E-004
   55269.3287540572       7.120364320145622E-005  2.034168719066670E-004
   55269.3491884681       1.018527802487679E-005  2.034146169045608E-004
   55269.3696227793      -3.704113927360808E-005  2.034243069707542E-004
   55269.3900572907      -1.114819759326924E-004  2.034185985939940E-004
   55269.4104917024       1.792199584867982E-004  2.034242940850279E-004
   55269.4309260143       2.034417013396794E-005  2.034179414219516E-004
   55269.4513605263       1.882706510788479E-004  2.034196681092786E-004
   55269.4717949386       2.560560788557042E-004  2.034061252109152E-004
   55269.4922292511       2.282822034993526E-005  2.033831370751585E-004
   55269.5126637638       1.174385897154684E-004  2.034095399283903E-004
   55269.5330981767       4.187047104570185E-004  2.034040119517986E-004
   55269.5535324899       1.020989848602438E-004  2.033803924154521E-004
   55269.5739670032       3.681420715817563E-005  2.033870414502338E-004
   55269.5944014169      -5.046288802880161E-004  2.033568501934635E-004
   55269.7783111488      -1.749964179642571E-005  2.033592211671066E-004
   55269.7987455646      -2.317567036569379E-005  2.033583449377168E-004
   55269.8191798805      -8.863059738772883E-005  2.033521597890827E-004
   55269.8396143967      -1.622222435605503E-004  2.033355629735812E-004
   55269.8600488131       2.554116799761141E-004  2.033621719984341E-004
   55269.8804831297      -2.997218142708480E-004  2.033147782970253E-004
   55269.9009176465      -4.217445686747201E-004  2.033275995947148E-004
   55269.9213520635      -5.270927583643781E-004  2.033149844686465E-004
   55269.9417864808       1.977298423748719E-004  2.033363103457078E-004
   55269.9622208982      -2.782105261567303E-004  2.033129485238877E-004
   55269.9826553160      -2.870418663447616E-005  2.033283083096624E-004
   55270.0030897339       2.545600355918776E-005  2.033055778884321E-004
   55270.0235241519       1.696611867855191E-004  2.033230767047761E-004
   55270.0439585702      -1.193918288922013E-004  2.033280377094097E-004
   55270.0643929888      -4.678486979340368E-004  2.032813656086748E-004
   55270.0848274076      -2.025341168365724E-005  2.033089539487282E-004
   55270.1052618266      -2.214086511894697E-004  2.032955527933543E-004
   55270.1256961457      -5.331223260579554E-004  2.032762499753254E-004
   55270.1461305651       2.362767670357480E-004  2.033057067456953E-004
   55270.1665650847      -5.024357474837648E-004  2.032681448534694E-004
   55414.7595226064      -1.180449985154208E-004  2.171120536817421E-004
   55414.7799560539       9.073920899449472E-005  2.171376289506323E-004
   55414.8003895012      -6.837725046660026E-005  2.171288545332965E-004
   55414.8208229482       1.340892557893936E-004  2.171703388277169E-004
   55414.8412563948       1.294847213506589E-005  2.171487623916453E-004
   55414.8616898411       2.285166253946924E-004  2.171645851114311E-004
   55414.8821232872       2.896956810191087E-004  2.171719354839862E-004
   55414.9025567328      -1.207570618939613E-004  2.171565874457939E-004
   55414.9229902780       6.246657977626580E-005  2.171649303344083E-004
   55414.9434237229       2.781992088208840E-004  2.171668146764918E-004
   55414.9638570676      -2.912168738674614E-004  2.171505604279846E-004
   55414.9842906119      -1.213989002917248E-004  2.171458423806303E-004
   55415.0047240559      -6.180655485410469E-005  2.171844066640356E-004
   55415.0251573994       4.031708524354638E-005  2.171857731716534E-004
   55415.0455909427       2.285323172136478E-004  2.171938427587442E-004
   55415.0660242858       6.201181695619784E-005  2.171727697728476E-004
   55415.0864577284       6.846623590839318E-005  2.172030918576736E-004
   55415.1068912705      -1.086429959302748E-004  2.171800626082398E-004
   55415.1273246124       4.215652947764381E-004  2.172128875596501E-004
   55415.1477580541      -1.232756091877896E-004  2.171864204647356E-004
   55415.1681915953      -6.587334097196695E-005  2.171764377669798E-004
   55415.1886249363      -6.951082585362478E-004  2.171497692919953E-004
   55415.3112256749      -5.487757610167510E-004  2.171890527899363E-004
   55415.3316591136       8.853400214492435E-005  2.172142109143958E-004
   55415.3520925518       1.541085086177452E-004  2.172200221678444E-004
   55415.3725259897      -1.861541298164848E-004  2.171871540635620E-004
   55415.3929594274      -4.676642707799328E-004  2.171855574072927E-004
   55415.4133928647       2.800770124865570E-004  2.172441302390818E-004
   55415.4338263017      -5.406785050091623E-004  2.172190871889480E-004
   55415.4542598383      -1.329491579608044E-004  2.172171596939923E-004
   55415.4746931744      -9.699651555927780E-005  2.172262937185959E-004
   55415.4951266104      -3.403456050601328E-004  2.172204249279845E-004
   55415.5155601461       1.288019150730291E-004  2.172528615035454E-004
   55415.5359934812      -1.054980955916829E-005  2.172402033277168E-004
   55415.5564269161       3.833422868922964E-004  2.172557815145605E-004
   55415.5768604508      -7.472389624618714E-005  2.172142396829773E-004
   55415.5972937851       1.080682667621291E-004  2.172636497215813E-004
   55415.6177272190       7.856726351895826E-005  2.172404478606589E-004
   55415.6381607526      -4.459762466501038E-004  2.172517251445790E-004
   55415.6585940859       2.075996217579812E-004  2.172823061466378E-004
   55415.6790276187      -1.127960019375873E-004  2.172550191471526E-004
   55415.6994610513      -4.456446191420937E-004  2.172530628836155E-004
   55415.7198943836      -3.765134059733333E-004  2.172413540709739E-004
   55705.8956696526       8.870465538735051E-005  1.962185577313642E-004
   55705.9161040785      -3.123740423064403E-004  1.961994799765176E-004
   55705.9365386045      -3.167578129941173E-004  1.961903996368716E-004
   55705.9569731302      -5.049399549161837E-005  1.962522699454127E-004
   55705.9774076557      -1.981411955048751E-004  1.962293818062196E-004
   55705.9978422810      -7.347770382482022E-005  1.962457729171880E-004
   55706.0182767063      -1.071528819737155E-004  1.962109627957854E-004
   55706.0387112316      -2.220937079858709E-004  1.962176019061383E-004
   55706.0591458566       2.489988705814961E-004  1.962214381235990E-004
   55706.0795803814       2.422067301081077E-004  1.962301697162031E-004
   55706.1000148060      -8.010355451171236E-007  1.962669819039572E-004
   55706.1204494305       2.710710989461962E-005  1.962361888318148E-004
   55706.1408839551      -1.688909290464835E-005  1.962428537752819E-004
   55706.1613183794       3.954556129570630E-005  1.962334892713795E-004
   55706.1817530035      -1.722545986386770E-004  1.961924662860086E-004
   55706.2021875274      -3.694245098984084E-005  1.962067390816115E-004
   55706.2226219513       3.450299173365368E-004  1.964648764753891E-004
   55706.2430565752      -4.348626421615265E-004  1.962160906689568E-004
   55706.2634910986      -1.802808677197065E-004  1.962031095290645E-004
   55706.2839257222      -9.891091394800267E-004  1.961716189628384E-004
   55706.3043601454      -1.326284326998883E-003  1.961645277729868E-004
   55706.3247946686      -2.347846431287715E-003  1.961047886963683E-004
   55706.3452292915      -2.725026078867154E-003  1.960787230841270E-004
   55706.3656637144      -2.737777694615251E-003  1.961117119709775E-004
   55706.3860982371      -3.267917562977729E-003  1.960321588957573E-004
   55706.4065328598      -2.263370755199112E-003  1.961228718763177E-004
   55706.4269672823      -1.750411820360398E-003  1.961646440220008E-004
   55706.4474018046      -1.384117844576815E-003  1.961809318005124E-004
   55706.4678364268      -8.480377120381188E-004  1.962049049305024E-004
   55706.4882709488      -1.179700959084151E-004  1.962014562097549E-004
   55706.5087054706       2.179674118251151E-004  1.962206114639441E-004
   55706.5291399924      -4.124341542999233E-005  1.962459795821017E-004
   55706.5495745139       2.199859680364069E-004  1.962579790636539E-004
   55706.5700090355      -5.253377744995902E-005  1.962243572655051E-004
   55706.5904435568      -8.114352170451866E-005  1.962030707793932E-004
   55706.6108779778      -1.342515293334401E-004  1.962215027063845E-004
   55851.4644300074       2.084011590958168E-004  1.880055076530092E-004
   55851.4848627277       2.200802935120594E-004  1.879438904538284E-004
   55851.5052952480       2.774417553740305E-004  1.879101953167381E-004
   55851.5257278681       5.697994926593397E-004  1.879918610596001E-004
   55851.5461605880      -1.610691131325170E-004  1.879244582079141E-004
   55851.5665931078       3.849883061300963E-004  1.879715358107991E-004
   55851.5870257276      -2.149531805053506E-004  1.879138931033393E-004
   55851.6074584471       3.572453520886976E-004  1.879502546715842E-004
   55851.6278909666      -6.227021953530976E-005  1.879372495309528E-004
   55851.6483235858      -8.209328486141754E-005  1.879571471445687E-004
   55851.6891888240       3.006934231020164E-005  1.879295520976198E-004
   55851.7300541616       1.859091710979532E-004  1.879527701726734E-004
   55851.7504867802      -7.485256567907328E-006  1.879517513947322E-004
   55851.7709193988      -1.606902078732375E-006  1.879523048049719E-004
   55851.7913520171      -4.086405840888485E-004  1.879340171120532E-004
   55851.8117846354       1.143963110462609E-004  1.879922635397744E-004
   55851.8322172536      -3.460497032894416E-004  1.879085979735464E-004
   55851.8526498715      -9.216665555418224E-004  1.879180185251256E-004
   55851.8730824894      -1.441726962846945E-003  1.878392204535054E-004
   55851.8935152071      -2.430820002460865E-003  1.878326675731679E-004
   55851.9139477247      -2.463458101661931E-003  1.878751418090596E-004
   55851.9343803421      -2.633887956682623E-003  1.878154615457176E-004
   55851.9548130595      -2.765219198468505E-003  1.877951237194111E-004
   55851.9752455767      -2.227256131886235E-003  1.878298502119480E-004
   55851.9956781938      -1.945556941453819E-003  1.878877947795385E-004
   55852.0161109108      -1.109148299713425E-003  1.878552693504547E-004
   55852.0365434275      -3.481740189749116E-004  1.879461921373250E-004
   55852.0569761443       1.126923140960523E-004  1.879713219932065E-004
   55852.0774087608      -2.807522983228061E-004  1.879247852230557E-004
   55852.0978412772       2.531994933611115E-004  1.879905529990337E-004
   55852.1182739935      -1.090261328521303E-004  1.879804658396659E-004
   55852.1387065097      -1.213248165886638E-004  1.879344447472383E-004
   55852.1591391257       2.913684240927195E-004  1.879187228654306E-004
   55852.1795718417       3.349642109162776E-005  1.879375513910835E-004
   55852.2000043575      -2.909444791320270E-004  1.879370482908657E-004
   55852.2204369731      -2.065326859731487E-004  1.879244582079141E-004
   55852.2408696887       1.274842994186676E-004  1.879750072023022E-004
   55852.2613023040      -1.364087409172487E-005  1.879542543183161E-004
   55852.2817349193      -8.637335056660422E-005  1.879426578582947E-004
   55852.3021675345      -2.831813185073528E-004  1.879294263225653E-004
   55852.3226001495      -2.319279442375421E-005  1.879693599023569E-004
   55852.3430327644       1.884521908757097E-005  1.879643037451675E-004
   55852.3634653791      -1.418895247348173E-004  1.879496257963119E-004
   55852.3838979938       1.661086139944645E-004  1.879634358972917E-004
   55852.4043307083       2.466282963423660E-004  1.879936470653734E-004
   55997.5612448676      -6.833566473325448E-004  1.971014635302851E-004
   55997.5816790816      -7.854809302102472E-004  1.973300968032364E-004
   55997.6021131959      -2.694237268937583E-004  1.973240409501535E-004
   55997.6225475104      -8.432345469500113E-005  1.973375177051701E-004
   55997.6429817253       7.663093313914349E-005  1.973587752386354E-004
   55997.6634158404       1.404376789678752E-004  1.973708497161963E-004
   55997.6838501558       7.934266768094833E-005  1.973532405860227E-004
   55997.7042843715      -2.153950306776897E-004  1.973782457990599E-004
   55997.7247185874       1.991621427043233E-004  1.973924174880368E-004
   55997.7451528037      -3.432448117146603E-004  1.973515901178669E-004
   55997.7655870204       6.043698033242340E-005  1.973753295583335E-004
   55997.7860213373      -3.893421373224459E-005  1.973297493362563E-004
   55997.8064554544       2.491309781175177E-004  1.973605001640012E-004
   55997.8268896719       9.062930420467019E-006  1.973655012066087E-004
   55997.8473238897      -3.807496993641912E-004  1.973305435464966E-004
   55997.8677581076       2.656706461358072E-004  1.973405580412465E-004
   55997.8881923260      -3.109548527731043E-004  1.973659851784739E-004
   55997.9086266446      -5.953950123471774E-005  1.973456707696690E-004
   55997.9290607635       1.843687361188229E-004  1.973784071230150E-004
   55997.9494950827      -1.528082645561035E-004  1.973642354340380E-004
   55997.9699293023      -5.036666494351305E-005  1.973386593823906E-004
   56142.5838933385      -2.508846757287575E-005  2.036707738981657E-004
   56142.6043271545       5.793222554106858E-005  2.036731657617723E-004
   56142.6247607704       2.434939339509556E-004  2.036858536359614E-004
   56142.6451944857       4.191192818348011E-005  2.036676809710882E-004
   56142.6656283009       3.135427999513274E-004  2.037081776962897E-004
   56142.6860620155       1.624932056675243E-004  2.036872282702180E-004
   56142.7064956300      -3.151340183739082E-004  2.036610002486007E-004
   56142.7269294441       2.698734447609263E-004  2.036832968162439E-004
   56142.7473631577      -6.908252596626863E-005  2.036771247084315E-004
   56142.7677969713      -4.437954457621185E-004  2.036614263852203E-004
   56142.7882305843       2.126416042488311E-004  2.036946787878892E-004
   56142.8086642972      -3.028555279016576E-004  2.036723959665885E-004
   56142.8290981097       1.858703696243635E-004  2.036744029326033E-004
   56142.8495317216      -3.275082808997798E-004  2.036813860746272E-004
   56142.8699654334       2.858589185236182E-004  2.036740730203817E-004
   56142.8903992449      -1.422961938217782E-004  2.036721072933946E-004
   56142.9108328560      -1.572088226436952E-004  2.036866096848025E-004
   56142.9312665668      -1.685149936369035E-004  2.036601067363339E-004
   56142.9517003772      -3.760243992868562E-004  2.036371365979049E-004
   56142.9721339873      -1.145171072388651E-003  2.036056162343994E-004
   56142.9925677972      -1.838272131693963E-003  2.035782060273214E-004
   56143.0130015066      -2.520068081775739E-003  2.035469056052970E-004
   56143.0334351158      -3.084202407827474E-003  2.034959479134021E-004
   56143.0538689246      -3.593741393673300E-003  2.034748335312197E-004
   56143.0743026331      -3.550017720328480E-003  2.034739950043231E-004
   56143.0947363411      -3.105234159975989E-003  2.035174884322042E-004
   56143.1151700489      -2.061375804795484E-003  2.035603220356421E-004
   56143.1356037565      -1.788148640717746E-003  2.035752505636696E-004
   56143.1560374636      -3.606560819816584E-004  2.036336587732355E-004
   56143.1764711704       1.016329628434898E-004  2.036791591671314E-004
   56143.1969048768       2.758962832151157E-004  2.036764373913032E-004
   56143.2173385830      -5.358603617049429E-004  2.036413842177580E-004
   56143.2377722887      -1.529107032034460E-004  2.036673510588666E-004
   56143.2582059942       7.550376070708520E-005  2.036796265427786E-004
   56143.2786397994       1.574121956439134E-004  2.036872557629032E-004
   56143.2990734042       1.570026296032756E-004  2.036735918983918E-004
   56143.3195071087       2.610434627624558E-004  2.036860598310999E-004
   56143.3399409128      -1.405662382969464E-004  2.036693992639090E-004
   56143.3603745167       5.484400204517348E-004  2.036918470413205E-004
   56143.3808082203      -1.969167518593995E-004  2.036589108045306E-004
   56143.4012420234       1.996702988248389E-004  2.036740730203817E-004
   56143.4216756261      -5.457513264250924E-005  2.036760524937113E-004
   56143.4421093285       5.022483382038923E-004  2.037067893156905E-004
   56143.4625431307       5.019522251614728E-005  2.036645605513255E-004
   56143.4829767327      -9.963437737192660E-005  2.036810836550907E-004
   56143.5238442353      -1.901313136951632E-004  2.036748565619080E-004
   56143.5442778361      -3.641771971207852E-004  2.036706914201103E-004
   56288.1477800399       4.240334056736517E-004  1.890527223541249E-004
   56288.1682129722       6.755737444319454E-005  1.890712173694995E-004
   56288.1886458049      -1.961551872883271E-004  1.890034570944430E-004
   56288.2090785378       6.684932331257887E-005  1.890260607085850E-004
   56288.2295114709      -3.136845632558671E-004  1.890170091494543E-004
   56288.2703770381      -8.878273767509715E-005  1.890233174287926E-004
   56288.2908099721      -2.968220906298669E-004  1.890624565727431E-004
   56288.3112428063       3.974421882303458E-004  1.890417998023248E-004
   56288.3316755407      -2.577234417839858E-004  1.890452763089741E-004
   56288.3521084754      -1.910621670347945E-004  1.890560471586659E-004
   56288.3725413105       3.394844816938525E-004  1.890918614980755E-004
   56288.3929742457      -1.082595971801936E-005  1.890839350629149E-004
   56288.4134069813      -7.582744641398964E-005  1.890797379712510E-004
   56288.4338398171      -1.249623896115715E-005  1.890732274224349E-004
   56288.4542727532      -1.087750297211754E-004  1.890515972301548E-004
   56288.4747054895       5.419381663318568E-006  1.890751742661586E-004
   56288.4951383261      -3.350815270015683E-004  1.890472357945401E-004
   56288.5155712629       8.354081561068316E-005  1.890603580269112E-004
   56288.5360040001      -6.278614728323362E-004  1.890415090399505E-004
   56288.5564369375      -1.355173154958145E-003  1.889677944571419E-004
   56288.5768696751      -2.184265681710484E-003  1.889184027790364E-004
   56288.5973025131      -2.114480252743633E-003  1.889082387377779E-004
   56288.6177354513      -2.759128898692453E-003  1.888821459751442E-004
   56288.6381681897      -2.294641377893258E-003  1.889153813787120E-004
   56288.6586010284      -1.831467067520687E-003  1.889280485047580E-004
   56288.6790339674      -1.282973656855368E-003  1.889843552706351E-004
   56288.6994667066      -9.194186154733996E-004  1.889610689970057E-004
   56288.7198995462      -5.171138504777018E-004  1.890334688282087E-004
   56288.7403324860      -2.084046431067854E-004  1.890462623726783E-004
   56288.7607653261      -1.115327673562039E-004  1.890542393752083E-004
   56288.7811981663       7.874889357258885E-004  1.891088142086819E-004
   56288.8016310070       5.851904603149105E-005  1.890744916066710E-004
   56288.8220638478      -7.808594689850956E-006  1.890664766786140E-004
   56288.8424966889      -2.132251411979258E-004  1.890609901190292E-004
   56288.8629295302       2.534715110323882E-004  1.890756546561683E-004
   56288.8833623719       8.132601005150786E-005  1.890670455615203E-004
   56288.9037953138      -1.460442742476920E-004  1.890618118387827E-004
   56288.9242280561       2.440649654410487E-004  1.890665398878258E-004
   56288.9446609984       1.089679835962754E-004  1.890704715008002E-004
   56288.9650938411       2.433526579804779E-004  1.890851107542545E-004
   56288.9855265842       1.186841074639622E-004  1.890682212528599E-004
   56289.0059595274      -2.302779227378871E-004  1.890306496973622E-004
   56289.0263923709      -1.272081239975797E-004  1.890636196222403E-004
   56289.0468251147      -5.468480526331643E-004  1.890311427292142E-004
   56289.0672580588      -2.867636333148127E-005  1.890918362143907E-004
   56289.0876909030      -3.763159081027201E-005  1.891022025251270E-004
   56289.1081236476       4.902997089806238E-005  1.890344422500705E-004
