   54991.0062911922      -8.319938605572119E-005  4.458467668694941E-004
   54991.0267256801       1.071928146356704E-005  4.459476237097420E-004
   54991.0471599678       3.721549850455030E-004  4.458379810441689E-004
   54991.0675943555      -1.434786440174252E-004  4.459729557108374E-004
   54991.0880287429      -1.381908360647000E-004  4.458548598063868E-004
   54991.1084631301       2.237329110081898E-004  4.459182175246628E-004
   54991.1288975171      -6.366347706288078E-005  4.459915805519055E-004
   54991.1493319038      -1.208952189940549E-004  4.458344057398567E-004
   54991.1697663905       1.188741882471867E-004  4.459904719304133E-004
   54991.1902006768      -6.580698035656418E-004  4.459950172785311E-004
   54991.2106350631       4.154815897610131E-004  4.460457644273340E-004
   54991.2310693491       5.842006859309024E-004  4.460024727580658E-004
   54991.2515038349       3.403319434709395E-004  4.459660822575862E-004
   54991.2719382205      -6.733777609455593E-004  4.459192707150804E-004
   54991.2923726061       7.597375760224345E-004  4.460032210775730E-004
   54991.3128069912      -4.501923245424866E-003  4.455573612289699E-004
   54991.3332413763      -3.203496388175742E-002  4.426539369721188E-004
   54991.3536757611      -6.525339274538033E-002  4.392219219878133E-004
   54991.3741100458      -7.822407307574208E-002  4.374657269665704E-004
   54991.3945445302      -8.160969498640480E-002  4.375094897999728E-004
   54991.4149789146      -8.011532851231484E-002  4.375829914049019E-004
   54991.4354131985      -7.258131508125421E-002  4.385717709137453E-004
   54991.4558476825      -4.397192284937668E-002  4.413931571801778E-004
   54991.4762820662      -1.106595775406372E-002  4.448656922800211E-004
   54991.4967163497      -9.972528622902432E-004  4.455540907955681E-004
   54991.5171507329      -2.537562965054807E-005  4.458667497718900E-004
   54991.5375852159      -3.086283404978296E-004  4.455765958118586E-004
   54991.5580194987       4.058405201077253E-004  4.460210698835965E-004
   54991.5784538815      -2.966766248829744E-004  4.459957378825010E-004
   54991.5988882640       5.831317205331477E-004  4.459433832325345E-004
   54991.6193227463      -1.496479919065319E-004  4.460842890241861E-004
   54991.6397570284      -4.895406627167809E-004  4.455723276191138E-004
   54991.6601914102      -5.599713787116656E-004  4.459181620935882E-004
   54991.6806258919       8.753208763441211E-004  4.459735100215835E-004
   54991.7010601735       5.353746167588991E-004  4.461715929666924E-004
   54991.7214945546       5.631576227944635E-004  4.459278348161072E-004
   54991.7419288358      -1.488531820836858E-004  4.460615622835971E-004
   54991.7623633167       4.567226043805661E-004  4.459003132875647E-004
   54991.7827976974       5.080077249093318E-004  4.458923312128213E-004
   55029.0546824894      -2.944382417326974E-004  4.161964940583006E-004
   55029.0751163930       1.536112989093397E-004  4.162541937532836E-004
   55029.0955501961      -2.189751391221684E-004  4.161862783745987E-004
   55029.1159840990       7.929458425675051E-004  4.163219740038771E-004
   55029.1364181015       1.957692659226851E-004  4.162323570537303E-004
   55029.1568520039      -7.248491862565931E-004  4.161844676581754E-004
   55029.1772858057      -1.234298836998438E-004  4.162209252172067E-004
   55029.1977198074      -6.518862103239709E-004  4.161647930080829E-004
   55029.2181537087      -6.098514660360932E-004  4.161814407889304E-004
   55029.2385875098       3.550103710736607E-005  4.162359244353405E-004
   55029.2590214106       1.371373677092613E-004  4.162560585209434E-004
   55029.2794554109       3.567341743822006E-004  4.162704631754755E-004
   55029.2998892110      -5.298959697450645E-004  4.161468209719407E-004
   55029.3203231107       4.279761851557762E-004  4.162605177479562E-004
   55029.3407571101      -5.296730283290696E-004  4.161847919655945E-004
   55029.3611909093      -1.681619684763180E-002  4.144931233906741E-004
   55029.3816248083      -5.306319392292380E-002  4.104479558752895E-004
   55029.4020587067      -7.618331133227529E-002  4.080170555641315E-004
   55029.4224927050      -8.122810671616243E-002  4.075281351042084E-004
   55029.4429265028      -8.043172927821240E-002  4.075878617205607E-004
   55029.4633604006      -7.774672245787906E-002  4.078702794313670E-004
   55029.5246620914      -9.652256220246125E-004  4.161597932687049E-004
   55029.5450958878      -1.763628374040760E-005  4.162445456075651E-004
   55029.5655298837      -3.671976654828768E-005  4.162465995545528E-004
   55029.5859637794       7.414007849957382E-004  4.163326220974711E-004
   55029.6063975749       6.823050946858089E-005  4.162939484377425E-004
   55029.6268315701       3.381710863537002E-005  4.162924350031200E-004
   55029.6472654649      -5.335039489458016E-004  4.161967643144833E-004
   55029.6676993594      -1.503941819409604E-004  4.162528965236071E-004
   55029.6881331535      -1.884299186017957E-004  4.162316543876556E-004
   55029.7085671473       7.558391658279984E-004  4.163484861353891E-004
   55029.7290010409      -7.744663678155295E-005  4.162639229758568E-004
   55029.7494348340      -1.514244096939565E-004  4.162507885253829E-004
   55029.7698688269       2.838353990859410E-004  4.163112178078100E-004
   55029.7903027196       1.281253287157780E-003  4.164288332984730E-004
   55029.8107365118       1.003018704559544E-004  4.162599772355910E-004
   55067.0816072698      -8.043521627387751E-005  4.153128374180871E-004
   55067.1020405639      -5.146355128573532E-004  4.154420468989832E-004
   55067.1224739577      -7.501489378777260E-004  4.152072483275492E-004
   55067.1429071513      -6.253608539397160E-005  4.152871090295045E-004
   55067.1633404444       3.232201890079889E-004  4.152584348485317E-004
   55067.1837738373       8.354705723117029E-004  4.154003193443913E-004
   55067.2042070300       7.410293260194933E-004  4.153372685769932E-004
   55067.2246403222       7.167899549520573E-004  4.153564297403388E-004
   55067.2450737141       5.858423862050710E-004  4.153353227324785E-004
   55067.2655069056       5.260040606054339E-004  4.153298095063537E-004
   55067.2859401969      -4.144573475962643E-004  4.152204368292596E-004
   55067.3063734877      -2.482564214856264E-005  4.152797580613380E-004
   55067.3268068783       6.841394325989292E-004  4.153328363755987E-004
   55067.3472400686       8.880411529677001E-004  4.153157832104772E-004
   55067.3676733587      -1.040020168763256E-005  4.151836279371909E-004
   55067.3881067484      -5.785444648324867E-003  4.146351159890068E-004
   55067.4085399375      -3.411710910824550E-002  4.117115656826060E-004
   55067.4289732265      -6.579029908711487E-002  4.077279084743788E-004
   55067.4494065152      -7.957190733128094E-002  4.063407375403822E-004
   55067.4698398036      -8.244695733922003E-002  4.060423747148032E-004
   55067.4902730917      -8.041998834785280E-002  4.062572554055803E-004
   55067.5107063792      -7.109811761153673E-002  4.072348260692438E-004
   55067.5311396667      -4.152613656107407E-002  4.109752797387586E-004
   55067.5515729536      -9.414545915582107E-003  4.142892421265285E-004
   55067.5720062404      -6.997164230513331E-004  4.152028972030095E-004
   55067.5924394268      -3.179314620425089E-004  4.152567052089631E-004
   55067.6128728129      -7.785649898217617E-004  4.152608941797933E-004
   55067.6333060986       1.073258200171789E-003  4.154098593876367E-004
   55067.6537392841       9.045504323448306E-004  4.153978329875115E-004
   55067.6741726690       5.141761242517529E-004  4.153532136917659E-004
   55067.6946059538      -1.460183930346304E-005  4.153069188076883E-004
   55067.7150391383       3.732753818077583E-004  4.153438628278483E-004
   55067.7354724226       1.999548523856642E-004  4.153171615170085E-004
   55067.7559058062      -2.795589889937888E-004  4.152591375146064E-004
   55067.7763390898       8.327807491581574E-005  4.153109456248089E-004
   55067.7967722729       4.367538997345211E-004  4.153294041220798E-004
   55067.8172056558      -8.764777737156892E-004  4.151908437772661E-004
   55067.8376389382       1.353178438088687E-003  4.155320151821673E-004
   55067.8580721204       4.837553412859741E-004  4.153529164099651E-004
   55105.1278989500       5.113435231649532E-004  4.711862886057022E-004
   55105.1483316232       8.703291980438621E-007  4.710433357788184E-004
   55105.1687643964       8.490672949590383E-005  4.711184919452144E-004
   55105.1891972694      -3.436986306027956E-004  4.709999592970260E-004
   55105.2096299419       8.309774157357896E-004  4.711685588869233E-004
   55105.2300627144      -1.671206903384181E-004  4.710609539899320E-004
   55105.2504954867       4.291802775233666E-004  4.712879278426012E-004
   55105.2709282588      -1.491816176574234E-004  4.709843482238874E-004
   55105.2913609306      -5.516240634311220E-004  4.709740895186819E-004
   55105.3117938022       8.662752771633198E-004  4.712386972083819E-004
   55105.3322265735       1.340931767399578E-004  4.712425442228339E-004
   55105.3526593449      -4.266035950424296E-004  4.710886636447530E-004
   55105.3730920158       4.075112622681232E-005  4.711735209780280E-004
   55105.3935248867       7.239567390058266E-004  4.711101846241513E-004
   55105.4139576571      -4.744892779575682E-004  4.710896114599079E-004
   55105.4343903275      -1.752263800596532E-002  4.685451180459752E-004
   55105.4548231977      -5.192360977627275E-002  4.639696518936221E-004
   55105.4752559674      -7.591842397212123E-002  4.612771041771193E-004
   55105.4956886372      -8.208428493771824E-002  4.605051087334973E-004
   55105.5161214066      -8.244658270229421E-002  4.605673857645539E-004
   55105.5365542759      -7.856822557212284E-002  4.609475990262287E-004
   55105.5569869452      -6.008852810757370E-002  4.631924713435648E-004
   55105.5774197140      -2.534302010510414E-002  4.676136666410086E-004
   55105.5978525825      -1.461098423214180E-003  4.705178001523726E-004
   55105.6182852511       2.091716979772951E-004  4.710999259189459E-004
   55105.6387180192       6.749679116750951E-004  4.712175665058121E-004
   55105.6591507873      -8.382438760112798E-005  4.710073745567669E-004
   55105.6795836551      -5.464342498273655E-005  4.711197185295324E-004
   55105.7000163228       1.144815063500726E-004  4.711348835720099E-004
   55105.7204490902       1.016240622107034E-004  4.711344932951815E-004
   55105.7408819573      -5.133558741251543E-004  4.710760632785768E-004
   55105.7613146243      -7.080201546538767E-004  4.709416965419193E-004
   55105.7817473910       7.074456771209992E-004  4.711270222816080E-004
   55105.8021802574       1.096330647567534E-004  4.710815829080080E-004
   55105.8226129239       7.682398801378554E-005  4.711429678777424E-004
   55105.8430456899      -3.812311583819561E-004  4.710614557744257E-004
   55105.8634784559      -3.876370317745792E-005  4.711794866381203E-004
   55143.1530289121       4.426996998101451E-004  4.745809164596989E-004
   55143.1734614792       1.819838691596853E-004  4.746204459270393E-004
   55143.1938941463       1.472972132448014E-004  4.746125288828046E-004
   55143.2143267135      -7.991597393850469E-004  4.745338044711198E-004
   55143.2347591806       5.541373716910769E-005  4.746092951605117E-004
   55143.2551918477      -1.788960583627430E-004  4.745680373243596E-004
   55143.2756244148      -1.879158651179047E-004  4.745795783677156E-004
   55143.2960568819       9.562298455789708E-005  4.746261885718010E-004
   55143.3164895491      -6.175278780331528E-004  4.745753410764351E-004
   55143.3369221163       1.466758868544638E-004  4.746408518297848E-004
   55143.3573545834      -5.705717561965695E-005  4.745779057527365E-004
   55143.3777871506       3.934337441733327E-004  4.746103544833318E-004
   55143.3982198177       1.577561280385886E-004  4.746109677754908E-004
   55143.4186522849      -3.283948398924430E-004  4.745644133252381E-004
   55143.4390848521       5.305190063018550E-004  4.747296119313444E-004
   55143.4595175193      -3.704635432898451E-003  4.741875174166053E-004
   55143.4799499865      -3.268904858922284E-002  4.702795082716779E-004
   55143.5003825537      -6.684540622034552E-002  4.663714712498342E-004
   55143.5208152209      -8.134144893931639E-002  4.646896568883091E-004
   55143.5412477881      -8.490599345924010E-002  4.641615565855621E-004
   55143.5616802554      -8.288971651375709E-002  4.644905878288752E-004
   55143.5821128226      -7.455366988288381E-002  4.654017169618453E-004
   55143.6025454898      -4.684111753319042E-002  4.686953746249346E-004
   55143.6229779571      -1.155128523533755E-002  4.733180921504484E-004
   55143.6434105243       6.272276042647018E-004  4.746450333672326E-004
   55143.6638431916      -3.344866546007852E-004  4.746081800838589E-004
   55143.6842756589       6.248714245418174E-004  4.746736350833759E-004
   55143.7047082262       5.638822980418290E-004  4.748009210832885E-004
   55143.7251408935      -3.402211066103611E-004  4.746211707268636E-004
   55143.7455733608      -1.091653191530595E-004  4.746798795126314E-004
   55143.7660059281       6.617981081089575E-004  4.746675021617857E-004
   55143.7864384954       1.960877223441404E-004  4.746544557649484E-004
   55143.8068710628      -3.661172101337984E-004  4.745172455828264E-004
   55143.8273036301       3.482070818519034E-004  4.745576671114889E-004
   55143.8681688648      -7.456348573053884E-005  4.745999285166285E-004
   55143.8886013322      -2.089436620820173E-004  4.745780730142344E-004
   55143.9090338996      -5.708960302948096E-004  4.745937398412056E-004
   55143.9294665670       5.061741706202660E-004  4.746927028941381E-004
   55181.1986195258       1.364575601765505E-004  4.775144043639468E-004
   55181.2190522310      -5.112654769152680E-004  4.773731241520422E-004
   55181.2394851363       5.348362179409261E-004  4.775341412207007E-004
   55181.2599179420       1.045830251406255E-003  4.776591970673077E-004
   55181.2803506478      -5.207504303296195E-004  4.774028409448382E-004
   55181.3007835540       6.006999823071624E-005  4.775481911865255E-004
   55181.3212163603       2.567138736244701E-004  4.774355126907641E-004
   55181.3416490669      -4.599491766021924E-005  4.775730573958820E-004
   55181.3620818737      -3.367293387239734E-004  4.775106131033275E-004
   55181.3825147808      -3.495120278481645E-004  4.775558852154295E-004
   55181.4029475882      -4.017707625183498E-004  4.774425376736765E-004
   55181.4233802957       9.194911736940536E-004  4.776442550401608E-004
   55181.4438132035      -3.156672644752945E-004  4.774569779163297E-004
   55181.4642460116       1.277922593574399E-004  4.775438981414123E-004
   55181.4846787199      -4.058515549274500E-004  4.774851336018119E-004
   55181.5051116284      -1.391428699171926E-002  4.759322221013459E-004
   55181.5255444373      -4.984594062377135E-002  4.718653702872329E-004
   55181.5868427651      -8.514093091711183E-002  4.673341169241617E-004
   55181.6072755748      -8.147996310217342E-002  4.678055434560322E-004
   55181.6277083848      -6.564516645095075E-002  4.699054558085096E-004
   55181.6481411951      -3.119842632668279E-002  4.739109784067208E-004
   55181.6685740056      -2.470281755909576E-003  4.773796473504608E-004
   55181.6890068164      -1.695806226712171E-003  4.775726671190536E-004
   55181.7094396273      -1.248391900957602E-004  4.775441769105755E-004
   55181.7298724386       5.627593102397466E-004  4.776030529578413E-004
   55181.7503052500      -3.212430259266208E-004  4.775525399854712E-004
   55181.7707381618       1.819099362436738E-004  4.775152964252691E-004
   55181.7911708737      -7.839521526767923E-004  4.774399172435425E-004
   55181.8116036860       1.679631274846827E-004  4.776051158496489E-004
   55181.8320363984      -1.401781000669455E-004  4.774705260976607E-004
   55181.8524693111       3.395914468700134E-004  4.775254993766418E-004
   55181.8729021241      -1.575718920466818E-004  4.774433182273334E-004
   55181.8933349373       5.917613112416120E-005  4.775105015956622E-004
   55181.9137677507      -6.500239027706911E-005  4.775427830647596E-004
   55181.9546333784      -2.531697719044823E-004  4.774465519496264E-004
   55219.2450219380       4.824349290499796E-005  4.396091914777063E-004
   55219.2654554352       3.053728921302845E-004  4.396358433677962E-004
   55219.2858888329       1.822291842652479E-004  4.396214524394382E-004
   55219.3063221310       2.092073572856901E-004  4.396476947205615E-004
   55219.3267556291      -7.454222197695870E-004  4.395415240764332E-004
   55219.3471889280      -8.591601126185511E-004  4.394915517825148E-004
   55219.3676223270      -3.439751976640482E-004  4.395938174878287E-004
   55219.3880558266      -2.567672516378128E-004  4.395951555437861E-004
   55219.4084891263       6.740093355659393E-004  4.396585357045427E-004
   55219.4289225266       6.376599696700236E-004  4.396772138734172E-004
   55219.4493560270       8.088415123985726E-005  4.396454282176133E-004
   55219.4697893280       2.360575519988473E-004  4.396625771796793E-004
   55219.4902227291       5.488232236516843E-005  4.396307369093466E-004
   55219.5106561307      -2.439792776298688E-005  4.396003166167646E-004
   55219.5310895328      -2.281990888088892E-003  4.393590569354699E-004
   55219.5515229352      -2.930171901804746E-002  4.363345316337697E-004
   55219.5719563380      -6.431978450136289E-002  4.318956265705915E-004
   55219.5923898410      -7.970334925011957E-002  4.301419540484924E-004
   55219.6128231445      -8.357359043975710E-002  4.296554478252953E-004
   55219.6332565484      -8.213379378011176E-002  4.298568115932485E-004
   55219.6536900526      -7.593877982849817E-002  4.305703777202335E-004
   55219.6741233573      -4.957032465334588E-002  4.340785146751004E-004
   55219.6945567622      -1.454678517517938E-002  4.380457959741993E-004
   55219.7149902675      -5.707026362479217E-004  4.396070068965514E-004
   55219.7354235731       5.674958972980981E-004  4.397343406706179E-004
   55219.7558569792       8.077330917188874E-004  4.397406486487027E-004
   55219.7762904854       7.131998421365804E-004  4.397496600459667E-004
   55219.7967237922      -1.530661122219890E-004  4.396763673482196E-004
   55219.8171571994       7.564295391127018E-005  4.396646525317765E-004
   55219.8375906069       7.937374430388999E-005  4.397259573404360E-004
   55219.8580240148      -3.585333294852111E-004  4.396246746966417E-004
   55219.8784574232      -1.291224537783853E-004  4.397116756411358E-004
   55219.8988908315      -5.194982239364876E-004  4.396600922186156E-004
   55219.9193243406      -2.175522944324326E-004  4.396905671257265E-004
   55219.9397576499       4.082025865181915E-004  4.397798618804332E-004
   55219.9601910597       1.770732955153065E-005  4.397460008725322E-004
   55220.0010578802      -1.592793027342942E-004  4.397294799775482E-004
   55257.2722022548      -3.022435112682853E-004  4.400105263431266E-004
   55257.2926363113      -8.131884999684758E-005  4.400205208019103E-004
   55257.3130704681      -1.406167760686916E-004  4.400026891582334E-004
   55257.3335045252       3.712140392273522E-004  4.400343382777151E-004
   55257.3539384826      -6.259569069640980E-004  4.400077136948897E-004
   55257.3743726404       1.613497510519757E-004  4.400647039557682E-004
   55257.3948066985      -1.688352444361163E-004  4.400346932721527E-004
   55257.4152406568       7.602085386506641E-004  4.400979642038517E-004
   55257.4356748156      -3.375751530304560E-004  4.400306244897517E-004
   55257.4561088745      -2.331948853753207E-004  4.399742622959552E-004
   55257.4765428339       3.389530612671887E-004  4.400365228588700E-004
   55257.4969769935      -7.092866524577301E-004  4.398668355176628E-004
   55257.5174110534       2.210672358307075E-004  4.400161789468650E-004
   55257.5378450137       3.539048035738901E-004  4.400304879534296E-004
   55257.5582790743      -9.718392824046296E-004  4.399026353413388E-004
   55257.5787132352      -1.368724429456436E-002  4.384509265493762E-004
   55257.5991472964      -4.858054881430496E-002  4.340634137578672E-004
   55257.6195812580      -7.506279244707981E-002  4.310417557189329E-004
   55257.6400154198      -8.340777594422566E-002  4.300787377313223E-004
   55257.6604494820      -8.469757333062844E-002  4.299369857216335E-004
   55257.6808834444      -8.091395377057475E-002  4.303600571695451E-004
   55257.7013176073      -6.477191344068434E-002  4.321850289590874E-004
   55257.7217516704      -3.004365083295102E-002  4.361392573857857E-004
   55257.7421856337      -4.360053728238444E-003  4.395116226218755E-004
   55257.7626197975      -6.147272070313736E-004  4.399181185602742E-004
   55257.7830538615       8.482238519249563E-004  4.400989745726358E-004
   55257.8034878258      -5.636832838653572E-004  4.399456715900904E-004
   55257.8239219905       3.477081784164504E-004  4.400642124250084E-004
   55257.8443560555       7.273956922009273E-004  4.400920385274690E-004
   55257.8647900208       1.234476689471187E-004  4.400201111929437E-004
   55257.8852241863      -5.515773121189671E-005  4.398957266034364E-004
   55257.9056582522       1.515081697978093E-004  4.399458081264126E-004
   55257.9260923185       7.217663420444609E-005  4.399546283728255E-004
   55257.9465262851       3.642308650411152E-004  4.400044914376862E-004
   55257.9669604519      -2.756590439704221E-004  4.399112371296363E-004
   55257.9873944191      -7.502439840323394E-005  4.399472554114277E-004
   55258.0078284866       1.581267377441797E-004  4.399929404648297E-004
   55258.0282626543      -1.401775565657015E-004  4.399582602389956E-004
   55295.3004160848      -2.523534590517240E-004  4.542463428564778E-004
   55295.3208506785       1.407178987271607E-004  4.542197006871300E-004
   55295.3617195662      -2.615511496489864E-004  4.541803704307961E-004
   55295.3821540603       2.443887792422661E-004  4.542836193869803E-004
   55295.4025886546       1.764025651336265E-004  4.542961386745830E-004
   55295.4230230489      -3.264678621077710E-004  4.542545296265730E-004
   55295.4434575434       5.496244201090850E-004  4.543781751749190E-004
   55295.4638921381      -2.237612124478261E-006  4.542211354818889E-004
   55295.4843266329      -1.431544335497303E-004  4.542265089289274E-004
   55295.5047610278      -2.485634931098657E-004  4.541976723675953E-004
   55295.5251956229       7.831645526388264E-004  4.542895554986301E-004
   55295.5456301181      -5.914717923269919E-004  4.542153400363919E-004
   55295.5660645135       4.237672090077194E-004  4.542818751266850E-004
   55295.5864991090       2.569669030654254E-004  4.543046911766756E-004
   55295.6069336046      -4.455692615050411E-003  4.538439251264344E-004
   55295.6273680004      -3.198873098797617E-002  4.509474402400848E-004
   55295.6478025964      -6.579850354552952E-002  4.470649981552523E-004
   55295.6682370924      -7.895474415053438E-002  4.457429332511746E-004
   55295.6886714886      -8.156739689051129E-002  4.454658771965418E-004
   55295.7091060850      -8.001998463685167E-002  4.456298657975222E-004
   55295.7295404814      -7.182178965715602E-002  4.464635096857104E-004
   55295.7499749781      -4.466013702604388E-002  4.496230121446394E-004
   55295.7704095748      -1.161203376217645E-002  4.530172301461964E-004
   55295.7908439717      -1.042265062626280E-004  4.542009920888023E-004
   55295.8112784688       4.374152758739314E-004  4.542664018498727E-004
   55295.8317130659       3.239603486477893E-004  4.542640105252745E-004
   55295.8521475633      -1.608774605849073E-004  4.542589465437722E-004
   55295.8725819607       4.250639309111293E-004  4.542954353438188E-004
   55295.8930165583       8.081389942871109E-004  4.542555424228735E-004
   55295.9134510561       8.561722900679580E-004  4.542518288364385E-004
   55295.9338854539      -4.344254225241428E-005  4.542376215550017E-004
   55295.9543200520      -3.271457958837765E-004  4.542136520425579E-004
   55295.9747545501       2.055126956608255E-004  4.542518007032080E-004
   55295.9951889484      -4.952494352616910E-006  4.542059998038434E-004
   55296.0156234468      -2.471155317670393E-004  4.542192786886715E-004
   55296.0360580454      -3.447796771548495E-004  4.541936774488546E-004
   55296.0564924441      -5.169040224128896E-004  4.541847310815341E-004
   55296.0769269430       3.804555547277655E-004  4.542922000223035E-004
   55333.3495705571      -2.388924616747445E-004  4.537404511044057E-004
   55333.3700051233      -7.584961711348814E-005  4.537451774871411E-004
   55333.3904396893      -6.131443538365255E-004  4.537243026300597E-004
   55333.4108742552      -4.196374692277960E-005  4.537850704080864E-004
   55333.4313088211       1.907781468555303E-004  4.538368918187925E-004
   55333.4517434870      -6.299684532876659E-004  4.537185071845627E-004
   55333.4721779526      -2.402090381325994E-004  4.537897405243607E-004
   55333.4926126184      -9.531500375237201E-005  4.537894591920549E-004
   55333.5130470840      -2.339089788618853E-004  4.537819757527239E-004
   55333.5334816496       9.607864972149827E-004  4.539064934312174E-004
   55333.5539163151      -5.673399502852394E-004  4.537586533045831E-004
   55333.5743508805       5.912266673164801E-004  4.538579073420267E-004
   55333.5947853459       3.153112659193269E-006  4.537991370233703E-004
   55333.6152200113       2.309663285582353E-004  4.538255259936430E-004
   55333.6356545765      -1.814106674880023E-006  4.538354288908029E-004
   55333.6560890417      -1.940835592126977E-002  4.517848539811692E-004
   55333.6765237069      -5.447556647245555E-002  4.475591302169471E-004
   55333.6969582718      -7.573154049535957E-002  4.453202595951223E-004
   55333.7173927369      -8.162144330131549E-002  4.447342725356234E-004
   55333.7378274018      -8.135691304152204E-002  4.447047889099882E-004
   55333.7582619667      -7.716288929615256E-002  4.450885261749345E-004
   55333.7786964315      -5.765755801873251E-002  4.472131477474229E-004
   55333.7991310962      -2.267279351691032E-002  4.512410949007527E-004
   55333.8195656609      -1.481728801621562E-003  4.536171712880571E-004
   55333.8400002254       4.999493736579375E-005  4.537885307954462E-004
   55333.8604347900       2.671803313185617E-004  4.538244287976509E-004
   55333.8808693545       2.781713871811142E-004  4.538287894483889E-004
   55333.9013039189       4.071234230131893E-004  4.538510147005375E-004
   55333.9217384832       2.469133622295949E-005  4.538220374730526E-004
   55333.9421730476      -2.744603329063455E-004  4.537742109810871E-004
   55333.9626077117       4.408266506255032E-004  4.538750123462120E-004
   55333.9830421759       3.170258287028549E-004  4.538436156608982E-004
   55334.0034767399      -6.065275843047946E-005  4.538151166983329E-004
   55334.0239114040       2.233013357126890E-004  4.538962810685213E-004
   55334.0443459680       2.508169884452016E-005  4.538638997201376E-004
   55334.0647804318       4.082253811539260E-004  4.539063527650646E-004
   55334.0852150956      -7.139515361098692E-005  4.538406054052274E-004
   55334.1056495594       7.927085530705646E-004  4.539314476067312E-004
   55485.4989572415      -5.937337923084263E-004  4.742876277635866E-004
   55485.5193898309       1.813051673289490E-004  4.743814221954455E-004
   55485.5398225200       4.250577835698266E-004  4.745123400691032E-004
   55485.5602553092       6.215695149254241E-004  4.745339156050803E-004
   55485.5806878981      -4.412251180812010E-004  4.743456507454573E-004
   55485.6011205868      -4.681155909557200E-004  4.743343841470358E-004
   55485.6419859638       2.465559197115663E-004  4.744155036556705E-004
   55485.6624187520      -3.311405224154518E-004  4.743048656591715E-004
   55485.6828513400       1.399015889935740E-004  4.744093633595308E-004
   55485.7032840280      -3.863057009088067E-004  4.743676769453713E-004
   55485.7237168158      -3.875498704661862E-004  4.743357924718385E-004
   55485.7441494033       6.866453552261120E-004  4.744489654529823E-004
   55485.7645820909      -5.014708986661454E-004  4.742679675493412E-004
   55485.7850148779      -1.052684763127809E-003  4.742803608076048E-004
   55485.8054475650      -2.311492550501193E-002  4.716884798407421E-004
   55485.8258801521      -5.915804265623537E-002  4.674317054586406E-004
   55485.8463129387      -7.807256443663990E-002  4.647872939766378E-004
   55485.8667456253      -8.205513157586197E-002  4.642975067767598E-004
   55485.8871782116      -8.257449700498876E-002  4.641987832080916E-004
   55485.9076109980      -7.700771145961871E-002  4.648712864678700E-004
   55485.9280436842      -5.448072825002404E-002  4.679926975605424E-004
   55485.9484764701      -1.859504997252481E-002  4.721093436247767E-004
   55485.9689090557      -1.237948370474640E-003  4.741948473255857E-004
   55485.9893417414      -1.669555022574265E-004  4.743471717362442E-004
   55486.0097745269      -2.667581514399497E-004  4.743147802657824E-004
   55486.0302071121      -6.651578752674414E-004  4.742715165278439E-004
   55486.0506397970       3.300538846726653E-004  4.744357835328292E-004
   55486.0710725820      -9.106985869057338E-004  4.742151272027444E-004
   55486.0915051668       3.834740685242366E-004  4.743870554946562E-004
   55486.1119378515      -3.112714356626745E-004  4.742502789898194E-004
   55486.1323706358      -6.802452905234624E-004  4.743342714810516E-004
   55486.1528032201       7.467963992289217E-004  4.744603447173880E-004
   55486.1732359041      -9.050268687533780E-004  4.741709621369321E-004
   55486.1936686881       1.094508220650381E-003  4.744166866485047E-004
   55486.2141013720       1.089286900513020E-004  4.742962467113791E-004
   55486.2345340555       1.492958561688518E-005  4.742737698475282E-004
   55486.2549667389       6.576946446452681E-004  4.743847458419798E-004
   55523.6466309120       1.913775405955720E-003  4.784924349604691E-004
   55523.6670634966       3.789633647008905E-004  4.783579117753165E-004
   55523.6874960813       1.394649250319624E-003  4.784807176981107E-004
   55523.7079286661      -1.604489885228877E-003  4.783944718871942E-004
   55523.7283612509       1.046466330920204E-003  4.784635361355180E-004
   55523.7487939358       2.380381099483131E-003  4.785947920071283E-004
   55523.7692264208       1.065461254940336E-003  4.784978429277114E-004
   55523.7896590058       4.534293465159323E-004  4.784136251045108E-004
   55523.8100916908       6.661498613995676E-004  4.784691131017366E-004
   55523.8305241760      -6.656719281471934E-003  4.775507163314092E-004
   55523.8509567612      -3.907522123124751E-002  4.739052394131614E-004
   55523.8713894465      -7.073094397750723E-002  4.701495751623515E-004
   55523.8918219318      -8.163206146806756E-002  4.684149978358757E-004
   55523.9122546173      -8.389819220480366E-002  4.681918346876422E-004
   55523.9326872027      -8.172039477543347E-002  4.684522339436587E-004
   55523.9531196883      -7.102912627836666E-002  4.701576589467189E-004
   55523.9735523739      -3.855171861652185E-002  4.739816269504591E-004
   55523.9939849596      -7.956206037550206E-003  4.775183248609475E-004
   55524.0144174453       1.027869523437364E-003  4.785896093718544E-004
   55524.0348501311       6.121029438104220E-004  4.785690478297352E-004
   55524.0552827170       5.123976013243770E-004  4.786018899641338E-004
   55524.0757153029       3.614415988433262E-004  4.785688224977667E-004
   55524.0961478889       1.750169891732156E-004  4.785548519157241E-004
   55524.1165804750       1.120194247276274E-003  4.786538289828568E-004
   55524.1370130612       4.712723455149170E-004  4.785904543667360E-004
   55524.1574456474      -3.848746383516843E-005  4.785316427229758E-004
   55524.1778782337       9.046948357245288E-004  4.786691515567100E-004
   55524.1983108200       7.734194603710165E-004  4.786936000752847E-004
   55524.2187434064      -5.463934620086874E-005  4.786158605461764E-004
   55524.2391759929       2.523395210820567E-004  4.786847557955238E-004
   55524.2596085795       1.053968600475796E-003  4.787696496146297E-004
   55524.2800411661       1.626253889195350E-004  4.786496603414409E-004
   55524.3004737528       4.257244166139262E-004  4.787258788797622E-004
   55599.5959758553       1.023686649597177E-004  4.429421067544429E-004
   55599.6164093096      -4.155254082779392E-004  4.429066913793414E-004
   55599.6368429642      -5.692170041582401E-005  4.429036069920853E-004
   55599.6572765193       3.028953055865813E-004  4.429587954926323E-004
   55599.6777101748      -5.230491925634073E-005  4.429381961920289E-004
   55599.6981436306       1.346459714648418E-004  4.429953675129549E-004
   55599.7185771868      -5.274782617550322E-004  4.428773346220644E-004
   55599.7390108433      -1.645174120931125E-004  4.429833604339935E-004
   55599.7594443002      -5.914038912908648E-004  4.428689627137977E-004
   55599.7798778576       3.368030358366081E-004  4.430247793485757E-004
   55599.8003115152      -2.841421290943336E-004  4.429056448908080E-004
   55599.8207449733       1.741793378722267E-004  4.430826391487999E-004
   55599.8411785316      -4.293917849693685E-004  4.428984571669344E-004
   55599.8616120904      -1.318300467671119E-003  4.428853485210959E-004
   55599.8820457495       4.780344570209927E-005  4.430674375258948E-004
   55599.9024793089      -6.015094707546798E-003  4.423693745958219E-004
   55599.9229128689      -3.652299624548638E-002  4.383925253949764E-004
   55599.9433463291      -6.861027469532599E-002  4.343917171145521E-004
   55599.9637799897      -8.049412502321762E-002  4.330349998094377E-004
   55599.9842135506      -8.392490310847589E-002  4.326166797878263E-004
   55600.0046470120      -8.218780396605729E-002  4.328720505291300E-004
   55600.0250806738      -7.271402962474016E-002  4.339594071936004E-004
   55600.0455142358      -4.199279079506102E-002  4.378364544353728E-004
   55600.0659477983      -9.883446304399079E-003  4.419098008946598E-004
   55600.0863813611      -4.417402895640077E-005  4.429586027184287E-004
   55600.1068149243       5.673557577827726E-004  4.430964638131086E-004
   55600.1272485877       5.384268294275074E-004  4.430763602176000E-004
   55600.1476820517       3.670623506228932E-004  4.430831348538946E-004
   55600.1681156160       6.519422000608177E-004  4.431120785235927E-004
   55600.1885492806       7.128303335113273E-005  4.430040974304565E-004
   55600.2089827457      -2.343331138437987E-004  4.430241459476213E-004
   55600.2294164110       7.959085810305133E-005  4.430107894492355E-004
   55600.2498499768      -1.100923785128938E-003  4.428827598389345E-004
   55600.2702834428       3.607765737021484E-004  4.431357622114522E-004
   55600.2907171095      -8.415161028074714E-005  4.430413303909054E-004
   55600.3111506762       7.876679621443561E-004  4.430956651771227E-004
   55600.3315841434      -1.213317921657797E-004  4.430170683804354E-004
   55600.3520178110       6.636762414797825E-004  4.430954999420910E-004
   55600.3724513791      -1.075822034632745E-003  4.429240961360009E-004
   55675.6722519461      -2.782886098161574E-004  4.515816020035041E-004
   55675.6926865894       2.371432605274837E-004  4.516346526452097E-004
   55675.7131210328       1.453345238753290E-004  4.516026819145734E-004
   55675.7335556763      -9.259834753594376E-005  4.515898543255472E-004
   55675.7539902198       5.594118697087591E-004  4.516421471009427E-004
   55675.7744246635      -2.321201552851759E-004  4.515625150001391E-004
   55675.7948593073      -3.520142019042272E-004  4.515404246006564E-004
   55675.8152937511      -4.384201063805104E-004  4.515796933031676E-004
   55675.8357283951      -1.110633834552233E-003  4.514872616824605E-004
   55675.8561629392      -1.220274788912512E-003  4.515088749068590E-004
   55675.8765973833       1.968438029462671E-004  4.515865983073261E-004
   55675.8970320276       5.836351313148747E-005  4.515801424091291E-004
   55675.9174665719      -1.226830385849809E-004  4.515435122041419E-004
   55675.9379011163       1.406174721660935E-004  4.515688586218457E-004
   55675.9787702055      -8.910163579361252E-003  4.506656784640887E-004
   55675.9992047502      -3.935771628062323E-002  4.475031584903705E-004
   55676.0196392950      -6.933753776619511E-002  4.439343941053269E-004
   55676.0400738399      -7.993463337334117E-002  4.426925599834545E-004
   55676.0605083849      -8.084711476632866E-002  4.426042264546463E-004
   55676.0809430300      -7.780798484696960E-002  4.429378279766944E-004
   55676.1013774752      -6.677840463180540E-002  4.444150497606531E-004
   55676.1218121205      -3.536096546240719E-002  4.479551836406492E-004
   55676.1422466659      -5.817251962836334E-003  4.509865366044784E-004
   55676.1626811113      -5.911412476093947E-004  4.515320880712455E-004
   55676.1831157569      -4.250095973986623E-004  4.515381790708488E-004
   55676.2035503025      -4.306965979172794E-005  4.515957769104149E-004
   55676.2239847483       1.561150877003037E-004  4.515824160080593E-004
   55676.2444193941       9.560338224856579E-006  4.515436525497549E-004
   55676.2648539400       3.073989742485850E-004  4.516154533653543E-004
   55676.2852885860      -2.254438014583915E-004  4.515382071399714E-004
   55676.3057230322       3.611150275228958E-004  4.516211513972412E-004
   55676.3261575784       3.216629027358309E-006  4.516367858985269E-004
   55676.3465922247       1.225670105325261E-003  4.519455181779554E-004
   55676.3670266710      -1.184106571863186E-004  4.516284212999935E-004
   55676.3874612175       3.479095619027817E-004  4.516218531253061E-004
   55676.4078958641      -9.242436841333523E-004  4.515019137644553E-004
   55676.4283303108      -9.033229402787279E-004  4.515170991597795E-004
   55676.4487648575       1.505138569746212E-004  4.516166603376259E-004
   55713.7214275205       8.677585487741890E-004  4.511415062303284E-004
   55713.7418620512      -6.041072080442689E-005  4.510164863582878E-004
   55713.7622965819       5.564676119311773E-004  4.510849188791758E-004
   55713.7827311124       7.263551735883222E-004  4.511013673850168E-004
   55713.8031656428       5.670597224849416E-005  4.510379592370735E-004
   55713.8236001730       4.904886292349531E-004  4.510913747773728E-004
   55713.8440346032      -6.428384876822069E-005  4.510765823497649E-004
   55713.8644692334       3.339511680255924E-004  4.510659722214238E-004
   55713.8849037633      -5.675376543811117E-004  4.509549869106810E-004
   55713.9053383932       4.060569001629322E-004  4.510957254913751E-004
   55713.9257728229      -1.439448680631283E-004  4.510090480408000E-004
   55713.9462073526       7.168021472307995E-004  4.511815889373949E-004
   55713.9666419822      -4.695889369505934E-004  4.509775544852478E-004
   55713.9870764115       1.980542213584346E-004  4.510556147151860E-004
   55714.0075109409      -2.357286846907058E-003  4.507813232491823E-004
   55714.0279455701      -2.656802284059767E-002  4.482904131718079E-004
   55714.0483799992      -6.117117747020318E-002  4.447315852561632E-004
   55714.0688145283      -7.712714594656345E-002  4.427511683114340E-004
   55714.0892491572      -8.060152788959862E-002  4.423969079151556E-004
   55714.1096836859      -7.979770154925669E-002  4.424964129547568E-004
   55714.1301181147      -7.364678428444815E-002  4.430940045748161E-004
   55714.1505527432      -5.021870595024314E-002  4.458642866293840E-004
   55714.1709872718      -1.602705611767041E-002  4.493803933404384E-004
   55714.1914218001      -8.123220227678196E-004  4.509653724860414E-004
   55714.2118563284      -6.406240709990740E-004  4.509979888064974E-004
   55714.2322908565       5.086827466675992E-004  4.511142791814108E-004
   55714.2527254846      -2.106915930277786E-004  4.510156162154874E-004
   55714.2731599125       5.923939386518473E-004  4.510534253236236E-004
   55714.2935944404      -3.113830607858192E-004  4.510114619853432E-004
   55714.3140290681      -3.163952166346240E-004  4.510016658615574E-004
   55714.3344634957       3.492653746686170E-004  4.510733824697890E-004
   55714.3548980232      -1.874557225493012E-004  4.510235597771820E-004
   55714.3753326506       4.517976608855445E-004  4.510668985024694E-004
   55714.3957670779      -3.725392492891499E-004  4.510078972067736E-004
   55714.4162017051      -3.585047639838024E-004  4.510063814741535E-004
   55714.4366362322      -3.251206671295304E-005  4.509876593693822E-004
   55714.4570706592       4.887732462421912E-004  4.510913186391276E-004
   55714.4775052860       1.708939838531709E-004  4.510366399883115E-004
   55865.8700197110       2.180343836243548E-003  4.987522854589533E-004
   55865.8904523417       6.731505625574563E-004  4.988399912876027E-004
   55865.9108848722       6.876289005304237E-004  4.987555652384902E-004
   55865.9313176027      -6.554944299880239E-004  4.988130744762312E-004
   55865.9517502330       1.023213394840683E-003  4.987742260530964E-004
   55865.9721829632       4.864183145369960E-004  4.987639908790245E-004
   55865.9926154933       8.924783812045423E-004  4.990479745485779E-004
   55866.0130481233       1.085689698133496E-003  4.987185263488928E-004
   55866.0334807531       1.286814989287510E-003  4.987738302176351E-004
   55866.0539133828       1.130357152418826E-003  4.988935987186534E-004
   55866.0743460123       6.693573386780116E-004  4.990030754976767E-004
   55866.0947786418       4.012751676494286E-004  4.991351148979968E-004
   55866.1152112712      -1.479030311025697E-004  4.986473325137739E-004
   55866.1356439004       2.582484368656157E-004  4.987433508871115E-004
   55866.1560766295      -3.027061547422272E-003  4.984701113229375E-004
   55866.1765091585      -3.053925173696481E-002  4.959867527343065E-004
   55866.1969418874      -6.451441305240224E-002  4.926619610507026E-004
   55866.2173745161      -7.994667666493493E-002  4.914090287197003E-004
   55866.2378070448      -8.296430235918484E-002  4.910547559817967E-004
   55866.2582397732      -8.209887953312645E-002  4.911439886043685E-004
   55866.2786724016      -7.453827035345229E-002  4.918407721121814E-004
   55866.2991049298      -4.875273486608200E-002  4.940413345376430E-004
   55866.3195376580      -1.437240680158625E-002  4.975285884041674E-004
   55866.3399702860       1.421744678031800E-005  4.989145214501816E-004
   55866.3604028139       2.703317747398959E-004  4.988129048324621E-004
   55866.3808355417      -3.073643054856134E-004  4.987820862144002E-004
   55866.4012681694      -1.636641161838259E-003  4.986157787727124E-004
   55866.4217008968      -4.095522478638758E-004  4.988682087012043E-004
   55866.4421334243      -1.271582784489245E-003  4.986253353717078E-004
   55866.4625660515       1.005985309916912E-003  4.991580168068317E-004
   55866.4829987788      -4.165222654697320E-004  4.987569223886434E-004
   55866.5034313058      -8.716103219451599E-004  4.986869726078314E-004
   55866.5238639328      -1.201465702826976E-004  4.990026796622154E-004
   55866.5442966596      -7.050930891496776E-004  4.990336113761233E-004
   55866.5647291863      -5.296675529643524E-004  4.987326067817322E-004
   55866.5851618129      -5.189777027753140E-004  4.987371306155760E-004
   55866.6055945394      -5.427109632404337E-004  4.989865635041463E-004
   55866.6260271657      -5.231550406271657E-004  4.988996493464196E-004
   55941.9409356580      -3.513686787159909E-004  4.444070434571010E-004
   55941.9613687998       2.239472231151396E-004  4.445356103739017E-004
   55941.9818017420       9.636963040338120E-004  4.446099498907761E-004
   55942.0022347844      -2.046069793761873E-004  4.444385924227989E-004
   55942.0226679272       1.206010074155106E-004  4.444971156146948E-004
   55942.0431008702      -1.038941572203411E-004  4.444749113912681E-004
   55942.0635339137       3.406025455432449E-004  4.445192919433683E-004
   55942.0839670573       4.684698840289325E-004  4.445602972303497E-004
   55942.1044000013      -5.725472963300504E-004  4.444489134814269E-004
   55942.1248331457      -7.304956210150149E-004  4.443933192386011E-004
   55942.1452661902       5.531490450529919E-004  4.445366424797645E-004
   55942.1656991353       7.646602442523687E-005  4.444563613804908E-004
   55942.1861322806       5.779818845907947E-004  4.445841751389593E-004
   55942.2065653261      -3.463227773640165E-004  4.444460961113690E-004
   55942.2269983721      -2.296578216756773E-003  4.441842201697492E-004
   55942.2474314183      -2.549260784789875E-002  4.416138302553379E-004
   55942.2678644648      -5.770264404341707E-002  4.373954462255716E-004
   55942.2882976116      -7.855176947269105E-002  4.346648009548964E-004
   55942.3087305589      -8.249732755182526E-002  4.342394059709061E-004
   55942.3291636064      -8.239548157033849E-002  4.342454312375646E-004
   55942.3495967542      -7.674123703426416E-002  4.348832168712665E-004
   55942.3700298023      -5.274597468832376E-002  4.380387550203771E-004
   55942.3904627508      -1.772243783812988E-002  4.425276623652083E-004
   55942.4108958995      -8.230521502951005E-004  4.444667103338718E-004
   55942.4313289486      -1.363820083354339E-004  4.444847303443412E-004
   55942.4517618981      -6.962932931873222E-004  4.444192613589363E-004
   55942.4721950478       5.677660640828197E-004  4.446078856790505E-004
   55942.4926280979       4.780747855255285E-004  4.446216935818095E-004
   55942.5130611481      -2.085991791395125E-004  4.445435882732736E-004
   55942.5334941989      -4.706739291884254E-004  4.445250661572494E-004
   55942.5539272499       9.472099183605032E-005  4.445483024865388E-004
   55942.5743604012      -3.674260951459507E-004  4.444983987733350E-004
   55942.5947933528       1.084468900609759E-003  4.446618899209525E-004
   55942.6152264048       6.952989380062391E-004  4.446188204222455E-004
   55942.6356594571      -2.283334977543072E-004  4.445384277439596E-004
   55942.6560925097      -3.064490751606419E-004  4.445364472164932E-004
   55942.6765256625      -5.740878178993603E-004  4.444899466631613E-004
   55942.6969586157      -1.420006677541608E-004  4.445520682782004E-004
   55979.9674370946      -3.948562182465309E-004  4.478982949591509E-004
   55979.9878708959       6.658264776000511E-004  4.480238771373754E-004
   55980.0083045977       2.596067802285162E-006  4.479340002430530E-004
   55980.0287383996      -1.335131560850078E-004  4.479358691915072E-004
   55980.0491720021       4.291500042941099E-004  4.479941413306256E-004
   55980.0696057050      -1.261614393832655E-004  4.479163428643733E-004
   55980.0900395081       3.632448848311931E-005  4.479234281316476E-004
   55980.1104731115       9.645810308400726E-005  4.479917702766165E-004
   55980.1309068154      -3.190960044087143E-004  4.478996618020503E-004
   55980.1513406197       2.364226483710929E-004  4.479500397260559E-004
   55980.1717743242       2.047157682252276E-004  4.479704028957814E-004
   55980.1922080292       1.034997261066151E-003  4.480309624046498E-004
   55980.2126417347       2.297702962956727E-004  4.479509602529065E-004
   55980.2330753404       2.461195764655866E-004  4.479327728739189E-004
   55980.2535091463       5.613484010602576E-005  4.479085044387666E-004
   55980.2739428527      -9.286260446930261E-003  4.468930517435404E-004
   55980.2943764596      -4.400755518166266E-002  4.421439979317786E-004
   55980.3148102667      -7.452043770644867E-002  4.386683117019298E-004
   55980.3352439743      -8.269693726613137E-002  4.376790242850631E-004
   55980.3556775821      -8.471702172162454E-002  4.374657410032539E-004
   55980.3761113903      -8.139993343914287E-002  4.378460580663178E-004
   55980.3965450988      -6.874071801509329E-002  4.393328205090522E-004
   55980.4169789078      -3.506189209183141E-002  4.436893114611619E-004
   55980.4374125170      -5.782022624017835E-003  4.472367987853577E-004
   55980.4578462267       6.787058994084383E-004  4.480139466052901E-004
   55980.4782800368       9.943826939928790E-005  4.479106244399983E-004
   55980.4987136472      -4.065901956721296E-004  4.478667459934530E-004
   55980.5191473580      -4.886626016826767E-004  4.479067749640776E-004
   55980.5395811690      -1.324845227567151E-004  4.479172912859769E-004
   55980.5600147806       2.471769227505582E-004  4.479400812992176E-004
   55980.5804485923      -6.169060168211837E-004  4.479351997174341E-004
   55980.6008823045      -2.845686953080184E-004  4.478836223190473E-004
   55980.6213159170       1.195906799433155E-003  4.480814519076676E-004
   55980.6417497302      -4.230266105916813E-004  4.479002754866173E-004
   55980.6621834433      -1.649616171172097E-004  4.479157291798062E-004
   55980.6826171569      -1.307062131284953E-004  4.479441818279157E-004
   55980.7030508710      -7.213765388669469E-004  4.478757281039346E-004
   55980.7234845853       5.715382955382431E-004  4.479432891958182E-004
   55980.7439184001      -4.900971107432150E-004  4.479428428797694E-004
   56018.0155262446       7.377908415961976E-004  4.558571744768121E-004
   56018.0359604337      -6.537487055080504E-004  4.556680504317153E-004
   56018.0563948233       3.395236975922700E-005  4.558377257503835E-004
   56018.0768291130       1.821864001925189E-004  4.557850532924506E-004
   56018.0972634029       9.278731035156085E-005  4.558551138715446E-004
   56018.1176976931       4.735488808764732E-004  4.559063749560067E-004
   56018.1381319836      -1.331059705447779E-003  4.555952235606184E-004
   56018.1585662743      -5.090792390267662E-004  4.557591122480560E-004
   56018.1790005653      -3.873214553640203E-005  4.557467486164511E-004
   56018.1994347565       2.755300265857574E-004  4.557577573295240E-004
   56018.2198691480       1.390655679673669E-003  4.559286746568465E-004
   56018.2403034396       6.720199062648646E-005  4.557782222448516E-004
   56018.2607376316       4.113095265103617E-004  4.558130267146433E-004
   56018.2811720238      -2.977734236129237E-004  4.557515472862521E-004
   56018.3016063162      -1.679671155880413E-003  4.556004456424606E-004
   56018.3220407089      -2.618773221777015E-002  4.528069705865036E-004
   56018.3424749018      -6.132492055158223E-002  4.491549005932766E-004
   56018.3629091951      -7.683390541619117E-002  4.469229263589710E-004
   56018.3833435884      -8.110763772177376E-002  4.464856264027562E-004
   56018.4037777821      -8.033776551046035E-002  4.465000224121591E-004
   56018.4242120760      -7.458750740813458E-002  4.471169902112158E-004
   56018.4446464702      -4.942594680765944E-002  4.503614273185857E-004
   56018.4650806646      -1.601571968607529E-002  4.538559880324635E-004
   56018.4855150592       2.020406350482506E-004  4.557998444864253E-004
   56018.5059493541       3.301414040837169E-004  4.558136477189704E-004
   56018.5263836492      -4.788102905639580E-005  4.557889486832302E-004
   56018.5468179447      -3.200430610071914E-004  4.557191421513609E-004
   56018.5672522403       6.487143014566321E-005  4.558647958935548E-004
   56018.5876865362       2.421806650636515E-004  4.557922512971520E-004
   56018.6081208323       1.154563605374470E-004  4.557884688162501E-004
   56018.6285551287       4.849541057194706E-005  4.558067884439020E-004
   56018.6489895253      -3.806827741625884E-005  4.557499947754341E-004
   56018.6694238221       4.780783644076081E-004  4.557952151814409E-004
   56018.6898580192      -5.769890145670420E-004  4.557466639340429E-004
   56018.7102924166      -7.497712913048238E-004  4.556521019114945E-004
   56018.7307267141      -1.595379796826002E-005  4.558324189861330E-004
   56018.7511609119      -6.618422694111281E-004  4.557360786330113E-004
   56018.7715953101       9.784950952778093E-004  4.558638643870640E-004
   56056.0440692053      -1.088705018709168E-003  4.530163901821114E-004
   56056.0645036776      -4.064758023782922E-004  4.531457002195127E-004
   56056.0849383500      -3.055384470947997E-004  4.532186682279568E-004
   56056.1053729224       1.850715700988381E-004  4.532023245231641E-004
   56056.1258073949      -3.350378144235666E-004  4.531383893049336E-004
   56056.1462420675      -1.091178995639153E-004  4.530934511736210E-004
   56056.1666766401       2.246448699074755E-004  4.531814926507340E-004
   56056.1871112128      -1.369606462352513E-004  4.531598704091602E-004
   56056.2075457854       6.340103322304280E-004  4.532869504764775E-004
   56056.2279803582      -7.504970214490259E-004  4.531260256733287E-004
   56056.2484148310       1.017566879570886E-004  4.532011671969180E-004
   56056.2892840767      -1.311061905562294E-005  4.531094843762501E-004
   56056.3097186497       2.648492593197993E-004  4.532169745797917E-004
   56056.3301532227      -8.947815726131347E-004  4.530655059788978E-004
   56056.3505877957      -1.468160080848691E-002  4.516326796312691E-004
   56056.3710224688      -4.731460117340414E-002  4.479312680215004E-004
   56056.3914569420      -7.309645319755798E-002  4.449588590369063E-004
   56056.4118915152      -7.992467558424909E-002  4.442687256371196E-004
   56056.4323261884      -8.027041104360677E-002  4.442032096806017E-004
   56056.4527606617      -7.770657535732106E-002  4.445543594001545E-004
   56056.4731953351      -6.252034124537165E-002  4.464206749956267E-004
   56056.4936299085      -2.791230459684946E-002  4.503446037468129E-004
   56056.5140643819      -2.926096728547489E-003  4.528899875740602E-004
   56056.5344990554      -3.621416161220248E-004  4.531745769207267E-004
   56056.5549336289      -1.391800148949907E-004  4.531712743068049E-004
   56056.5753681025      -8.563291026519870E-005  4.531947313338908E-004
   56056.5958027761      -4.420534013310773E-004  4.531682821950466E-004
   56056.6162373498      -4.689689953142340E-004  4.531356794678695E-004
   56056.6366718236      -4.591584548636618E-004  4.531465188161258E-004
   56056.6571064974       2.247871472278451E-004  4.532385968213655E-004
   56056.6775410712       2.390448402349588E-004  4.532543759767698E-004
   56056.6979757450      -8.306380659972579E-005  4.532477707489261E-004
   56056.7184102190      -5.514119009791818E-004  4.531990783641811E-004
   56056.7388447929      -9.800719683723536E-004  4.530964150579099E-004
   56056.7592794669       1.164660474528567E-004  4.532720746000946E-004
   56056.7797139410      -2.068794513925276E-004  4.531891987498849E-004
   56056.8001485151       9.166444358021941E-005  4.532558720326489E-004
   56094.0727894259       7.615774692304456E-004  4.530024458122193E-004
   56094.0932239071      -3.238859704945973E-005  4.529225903012373E-004
   56094.1136584882       2.497428302685734E-004  4.529506484058383E-004
   56094.1340928690      -2.058169163259294E-004  4.528622399716229E-004
   56094.1545274495      -5.917397026600213E-006  4.529119203177976E-004
   56094.1749618301       1.956351767997688E-004  4.528691557016301E-004
   56094.1953963104      -3.236407560730514E-004  4.528455010822583E-004
   56094.2158308907      -1.270718526151793E-004  4.529217999320937E-004
   56094.2362652708       6.166565763896514E-004  4.529893200389401E-004
   56094.2566997509       8.427577693135291E-004  4.529644234109140E-004
   56094.2771343308      -8.516658410728795E-005  4.528963387546791E-004
   56094.2975687104       1.191399203808174E-004  4.529630684923819E-004
   56094.3180031899       1.529298083700059E-004  4.529561245349052E-004
   56094.3384377692      -9.859503883925536E-004  4.528123902606317E-004
   56094.3588721487       2.471994461350491E-004  4.528997825059480E-004
   56094.3793067276      -4.647965283743560E-003  4.524226535903852E-004
   56094.3997412068      -3.292819554782711E-002  4.495068689094425E-004
   56094.4201755855      -6.674056624090952E-002  4.458385681213004E-004
   56094.4406101642      -7.821984149458061E-002  4.444909040489041E-004
   56094.4610446426      -8.101510693411673E-002  4.438366759902164E-004
   56094.4814791211      -7.918806527751443E-002  4.443888052920213E-004
   56094.5019135993      -7.002769624741900E-002  4.453388290027343E-004
   56094.5223480773      -4.087803718894334E-002  4.487012287047996E-004
   56094.5427825553      -9.349641228573624E-003  4.519688405645612E-004
   56094.5632170331      -7.868789578153734E-004  4.528366658843307E-004
   56094.5836515107      -2.110212085987273E-004  4.529080813819568E-004
   56094.6040859882       1.728448114930448E-004  4.529602457454402E-004
   56094.6245205657       7.184258350001471E-004  4.530329879341289E-004
   56094.6449549428       5.274167093798354E-004  4.529676977973664E-004
   56094.6653895199      -7.297466928113394E-004  4.528715832640001E-004
   56094.6858239970      -2.463394510549000E-004  4.529797226993382E-004
   56094.7062583736       1.122656788813625E-003  4.530549771328051E-004
   56094.7266929502      -1.047049614766316E-004  4.529683752566324E-004
   56094.7471274268       5.299246576795369E-004  4.529583827324586E-004
   56094.7675618031       6.094742835631717E-004  4.530029821341382E-004
   56094.7879963793      -1.647247943281638E-005  4.529282922500597E-004
   56094.8084308554       5.350609926679795E-004  4.530845595207546E-004
   56094.8288652313       7.721290938351721E-004  4.530295441828600E-004
   56094.8492998070       4.232340457013262E-004  4.530372220545415E-004
   56208.1953215342      -1.994176228372613E-004  4.793718295045881E-004
   56208.2157544545      -2.886938523091187E-004  4.793739839045480E-004
   56208.2361873744       7.360550300437030E-004  4.794985943982273E-004
   56208.2566201943      -1.304393666973214E-004  4.793703932379482E-004
   56208.2770532138      -7.336763175771477E-004  4.792926050367302E-004
   56208.2974861330       8.624033783122265E-005  4.794329857381159E-004
   56208.3179190522      -2.601126501555751E-004  4.793848708056786E-004
   56208.3383519709      -2.088838653127034E-004  4.793995781760713E-004
   56208.3587848894      -3.510724024877732E-004  4.794111832105219E-004
   56208.3792178075       2.864359415319928E-004  4.794314632954776E-004
   56208.3996507255      -6.336313233524793E-004  4.793516068702980E-004
   56208.4200836433       3.007898186559999E-004  4.794478367351726E-004
   56208.4405166607      -3.353200571803994E-004  4.793878869656224E-004
   56208.4609494778      -5.427818118201033E-004  4.794022783573544E-004
   56208.4813823949      -7.464865300930157E-004  4.793140628603306E-004
   56208.5018154115      -2.020844274626366E-002  4.770977310829390E-004
   56208.5222483279      -5.596116321980382E-002  4.722746040794274E-004
   56208.5426811439      -7.671682005968927E-002  4.698077299493684E-004
   56208.5631141598      -8.055012059026512E-002  4.693601030883713E-004
   56208.5835470755      -8.088520426918944E-002  4.692890366150281E-004
   56208.6039798908      -7.622333344609222E-002  4.698232416290796E-004
   56208.6244129060      -5.611191392115178E-002  4.722015555581212E-004
   56208.6448458208      -2.077779487404929E-002  4.769468081844163E-004
   56208.6652788353      -3.122367603833887E-004  4.794139982931361E-004
   56208.6857116497      -2.930978559372299E-004  4.793553411635619E-004
   56208.7061445637       1.465865461567351E-004  4.794270395942266E-004
   56208.7265775776      -1.220687918528918E-003  4.793030610578688E-004
   56208.7470103912      -2.581614813997879E-004  4.794031401173383E-004
   56208.7674433043       3.095827294781195E-004  4.794826231131915E-004
   56208.7878763175      -1.988853056889006E-005  4.794537254283963E-004
   56208.8083091302       6.099095302063429E-004  4.794658475188372E-004
   56208.8287420426       7.181023436306777E-004  4.794643250761989E-004
   56208.8491749551      -4.072495844024138E-004  4.793900413655823E-004
   56208.8696078671       2.447201664312892E-004  4.794462855672015E-004
   56208.8900408786       3.553320067095633E-005  4.794359444473941E-004
   56208.9104736901       3.445177716403514E-004  4.794683753481234E-004
   56208.9309066014      -4.525585929648912E-005  4.794395925646595E-004
   56208.9513396124      -2.517855114027023E-004  4.794004686613881E-004
   56284.2661244586       2.804883838058991E-005  4.868792239567768E-004
   56284.2865572360      -3.867180269764292E-004  4.868342400856145E-004
   56284.3069898136      -5.016101868218215E-004  4.867762723640274E-004
   56284.3274225913       1.308826929167228E-004  4.869069726282601E-004
   56284.3478552691       3.645647414169950E-004  4.869601719446026E-004
   56284.3682878472       8.715516073660723E-004  4.871166101070226E-004
   56284.3887206254      -7.530313177358527E-004  4.868380892802095E-004
   56284.4091533038       1.843395026501771E-004  4.869013999136971E-004
   56284.4295858824       1.137374992882023E-003  4.870203802421481E-004
   56284.4500186611      -4.184406866901691E-004  4.867681718201783E-004
   56284.4704513400      -8.135484505689128E-004  4.867880497504748E-004
   56284.4908841190       1.092627243207467E-003  4.869833245628381E-004
   56284.5113166983       1.035677935543156E-003  4.870453138310170E-004
   56284.5317493777       5.208253765365267E-004  4.870235974794215E-004
   56284.5521821572      -5.335441200482460E-005  4.869117410335046E-004
   56284.5726147370      -1.692672176410781E-002  4.849641634697746E-004
   56284.5930474169      -5.379687905181629E-002  4.806803545895526E-004
   56284.6134801969      -7.776255607703508E-002  4.775989019642723E-004
   56284.6339128772      -8.387916805807616E-002  4.766544130218616E-004
   56284.6543454576      -8.459559532856620E-002  4.765894937697373E-004
   56284.6747782382      -8.003064516036329E-002  4.771600076044458E-004
   56284.6952108189      -6.339183560203576E-002  4.795349032188845E-004
   56284.7156435999      -2.655352420944901E-002  4.837957318328678E-004
   56284.7360762809      -2.437988763998367E-003  4.866642435661138E-004
   56284.7565088622       6.048634251718532E-004  4.869591952832875E-004
   56284.7769416436      -6.710780401137928E-004  4.868405596588302E-004
   56284.7973743252      -3.108041900234948E-005  4.868995614923980E-004
   56284.8178069070       3.296467044331397E-004  4.868665848103455E-004
   56284.8382396889      -6.328825597889942E-004  4.868384914348687E-004
   56284.8586723710       1.449086199906580E-003  4.871177016696689E-004
   56284.8791049533       1.044639155778349E-005  4.868996189430636E-004
   56284.8995377358       6.295924761270388E-004  4.869471880941778E-004
   56284.9199704184      -4.877399017211292E-004  4.869023191243467E-004
   56284.9404032012      -7.449146759264114E-005  4.868634824744033E-004
   56284.9608357841       6.204231766404611E-005  4.869386853956694E-004
   56284.9812684673      -1.321381491938833E-004  4.869253568412510E-004
   56285.0017012506      -4.200003236087824E-005  4.869092706548839E-004
   56285.0221338340       1.184846218695856E-004  4.869382257903447E-004
   56322.3121712639       5.664469889141710E-004  4.484369526186565E-004
   56322.3326044350      -7.850769132404789E-004  4.481868557762050E-004
   56322.3530376065       9.649624035157345E-006  4.482688233626111E-004
   56322.3734708782       2.845771213588755E-005  4.482270795677484E-004
   56322.3939039504      -1.884115512540419E-004  4.482390707050455E-004
   56322.4143371228      -1.203920032744721E-003  4.481791994631891E-004
   56322.4347703957       3.848428667359016E-004  4.483282160849041E-004
   56322.4552034688       4.353522628641748E-004  4.483197153255996E-004
   56322.4756367422       4.654868865412443E-004  4.483538028074464E-004
   56322.4960699161       1.970340222756661E-005  4.483630917166202E-004
   56322.5165029903       7.447215554976516E-004  4.484598934094948E-004
   56322.5369362648       4.707156951251346E-004  4.483566457766177E-004
   56322.5573694397      -2.157398954811818E-004  4.482805611660216E-004
   56322.5778025149       1.902320709135097E-005  4.483173790242013E-004
   56322.5982357904      -4.618154870202118E-003  4.478076712444477E-004
   56322.6186689663      -3.255445492945419E-002  4.440945001727552E-004
   56322.6391022424      -6.557710592854105E-002  4.402714666389257E-004
   56322.6595353190      -8.023838555297491E-002  4.385760436772445E-004
   56322.6799684960      -8.222697557738023E-002  4.383223438639620E-004
   56322.7004017732      -8.192093409160095E-002  4.384470685807771E-004
   56322.7208348508      -7.373360984015143E-002  4.394428959406250E-004
   56322.7412680287      -4.555547678776062E-002  4.425866568799650E-004
   56322.7617013069      -1.170771098182433E-002  4.470377895631994E-004
   56322.7821344856      -1.703174462315271E-004  4.482304573529025E-004
   56322.8025675645      -3.111188687060507E-004  4.482763107863694E-004
   56322.8230007438       4.202569429234693E-005  4.483589539298064E-004
   56322.8434340234      -1.117134536242625E-004  4.483708043260554E-004
   56322.8638672034       4.827463091656714E-004  4.484104933016160E-004
   56322.8843003837       3.993609042733937E-004  4.483980517929651E-004
   56322.9047334644       1.756402589829786E-004  4.483907614066742E-004
   56322.9251667454       4.685085307034598E-004  4.484562341422445E-004
   56322.9455999268      -4.336818570243040E-004  4.482970841650671E-004
   56322.9660330085      -2.641719097151718E-004  4.483797273085041E-004
   56322.9864662905      -4.456170498717826E-004  4.482359744019875E-004
   56323.0068994729      -4.639779387922705E-004  4.483013063965097E-004
   56323.0273325556      -5.286626468441469E-004  4.483583909656140E-004
   56323.0477658386       1.624673053155501E-004  4.483841465774141E-004
   56323.0681990221       2.573222868795799E-004  4.483666383910320E-004
   56360.3389334323      -2.314800686247231E-004  4.493622405652029E-004
   56360.3593673735      -1.120615748887777E-003  4.492750937082272E-004
   56360.3798011147       3.996964766916911E-004  4.495110882976603E-004
   56360.4002349566      -2.922063079818793E-004  4.493450701573362E-004
   56360.4206688988       5.863883747776466E-004  4.494639963429702E-004
   56360.4615364840      -5.733224027675288E-004  4.494103177072296E-004
   56360.4819704271      -8.544622212104391E-004  4.493010745057041E-004
   56360.5024041706       3.016221555247611E-004  4.494112465981470E-004
   56360.5228381144      -1.110971347112466E-004  4.494513015004327E-004
   56360.5432719586      -2.561697866757529E-004  4.494489370508248E-004
   56360.5637057031       7.141726292361206E-004  4.495948292212723E-004
   56360.5841396480       1.318642989973640E-004  4.494636022680356E-004
   56360.6045734932      -4.273503157714575E-004  4.494266436688078E-004
   56360.6250073388      -6.949579990156440E-005  4.494675430173820E-004
   56360.6454411847      -1.625034016183302E-002  4.473270405652289E-004
   56360.6658750310      -5.209983717996569E-002  4.432302656928692E-004
   56360.6863088776      -7.742926164937558E-002  4.403302119523974E-004
   56360.7067427246      -8.323801248993212E-002  4.396038474032179E-004
   56360.7271765719      -8.359076325780501E-002  4.395619065708878E-004
   56360.7476104196      -7.947790191338300E-002  4.400967225536203E-004
   56360.7680442678      -6.350796940077430E-002  4.419414436191127E-004
   56360.7884781160      -2.722175313885322E-002  4.461602409801643E-004
   56360.8089119649      -2.549748662501794E-003  4.492813707589719E-004
   56360.8293458138       2.389616781186543E-004  4.495302290802002E-004
   56360.8497796634      -2.867926298062429E-004  4.495302853766194E-004
   56360.8702136130      -2.572308010699853E-004  4.495882706884315E-004
   56360.8906473633      -4.136094261752987E-005  4.496026544235460E-004
   56360.9110813136       4.537372082926705E-004  4.495736617676400E-004
   56360.9315151646       4.952577609502740E-004  4.495659491582048E-004
   56360.9519489156       4.029167535506417E-004  4.496145611162142E-004
   56360.9723828673       5.374564765849854E-004  4.495912825468605E-004
   56360.9928167190       2.630724696386366E-004  4.496284944799749E-004
   56361.0132504713      -1.676478643941604E-005  4.496128722236371E-004
   56361.0336844237      -6.899712320873608E-005  4.495499609751421E-004
   56361.0541182768       2.613494374381631E-005  4.496136885217161E-004
   56361.0745520299      -1.200244065364675E-004  4.495688202755858E-004
   56361.0949859837       2.788831297242389E-004  4.496316189312424E-004
   56398.3668143640      -3.490760163704643E-005  4.612877137003823E-004
   56398.3872486425      -1.955059968371531E-004  4.612568947961282E-004
   56398.4076830212      -7.657810956152034E-005  4.612904531585383E-004
   56398.4281175000      -1.769648231061405E-004  4.613195599014449E-004
   56398.4485517790       7.832852633429255E-004  4.613288055727212E-004
   56398.4689861583      -4.383594906776089E-005  4.613396777972775E-004
   56398.4894205377       6.356332258656838E-004  4.612606615510926E-004
   56398.5098549175      -1.168006728208604E-003  4.611937445784297E-004
   56398.5302893973       2.111911940216871E-006  4.613205871982534E-004
   56398.5507236774      -3.135200624913015E-004  4.612012495523360E-004
   56398.5711580578       1.173108612297913E-004  4.614172387063171E-004
   56398.5915925382       2.291462771677466E-004  4.611982532699780E-004
   56398.6120268190       2.097387484740754E-004  4.611313362973151E-004
   56398.6324611999      -2.808261224106490E-004  4.612290721742321E-004
   56398.6528956811      -1.622432220218517E-004  4.613256095382059E-004
   56398.6733299624      -5.818276753903673E-003  4.606404596390005E-004
   56398.6937644439      -3.352196775953198E-002  4.573131879564741E-004
   56398.7141988258      -6.688795535934966E-002  4.537294630401218E-004
   56398.7346331077      -7.827213822590862E-002  4.526422976565345E-004
   56398.7550675899      -8.177015106481123E-002  4.521531331595674E-004
   56398.7755019723      -8.016407016333305E-002  4.524242824449590E-004
   56398.7959363549      -7.089170992432003E-002  4.534047516405775E-004
   56398.8163707377      -4.165308883782481E-002  4.562878315975299E-004
   56398.8368051207      -9.084721804333618E-003  4.602121339419128E-004
   56398.8572395039       2.600195743509559E-004  4.612805796947679E-004
   56398.8776739874      -1.054710257236358E-003  4.609798385540880E-004
   56398.8981082710      -6.632099923719048E-004  4.611581886944476E-004
   56398.9185427548       1.082067813229504E-004  4.613185326046365E-004
   56398.9389771389       3.801704800319161E-004  4.612744159139171E-004
   56398.9594114232       1.678461751926097E-004  4.612977013082425E-004
   56398.9798459077       6.671709997942976E-004  4.613758044017087E-004
   56399.0002802923      -5.321203090759008E-004  4.610922134105258E-004
   56399.0207145772      -6.210547507243813E-004  4.612102954714551E-004
   56399.0411490623       9.840709631192546E-005  4.613087732849560E-004
   56399.0615834477      -1.456858513424475E-004  4.613829954793681E-004
   56399.0820178331       3.519964579339341E-004  4.612856020347205E-004
   56399.1024522188      -4.072351786663653E-004  4.612874854122027E-004
   56399.1228865047      -6.144647487391630E-004  4.613485239642393E-004
   56399.1433209909      -2.611001629043708E-004  4.613274929156882E-004
