   55036.2883646463      -1.090184501710167E-003  5.581286909121342E-004
   55036.3087982575       1.116137521508964E-003  5.583683306686166E-004
   55036.3292317682      -2.592609357429110E-004  5.582087707806959E-004
   55036.3496653787       1.053062969445628E-003  5.583434036017484E-004
   55036.3700990889       2.175144815534935E-004  5.583045133784394E-004
   55036.3905325987       3.153260515673662E-004  5.582560588928428E-004
   55036.4109662083      -6.083826926176483E-004  5.581303904848752E-004
   55036.4313999173      -1.137403391322067E-003  5.581084959889763E-004
   55036.4518334262      -5.294340708711931E-003  5.576604086345525E-004
   55036.4722670346      -5.822222860840665E-003  5.576210185369080E-004
   55036.4927006427      -5.014871673868604E-003  5.577826445720824E-004
   55036.5131342506      -3.870185949838456E-003  5.578290662353809E-004
   55036.5335678581      -3.025808416321496E-004  5.581739128770274E-004
   55036.5540014653       5.082242135570070E-004  5.582935161430564E-004
   55036.5744351720      -7.541616195139156E-004  5.582396963395911E-004
   55036.5948686786       2.421225221191925E-004  5.582851515791742E-004
   55036.6153022846       4.878546574511589E-004  5.582995479600393E-004
   55036.6357357904       3.747879439552904E-005  5.582081709314932E-004
   55036.6561694960       2.732002190697358E-005  5.582303320270378E-004
   55036.6766031012       2.549064369792298E-004  5.583092455221497E-004
   55087.8822051262       7.948953157084215E-004  5.636140452712645E-004
   55139.4746322393      -4.485950837397334E-004  4.918233643375472E-004
   55139.4950649141      -4.791172950362466E-004  4.918602601627343E-004
   55139.5154973891       8.222896440288618E-004  4.920210246553206E-004
   55139.5359299641       5.622919946479676E-005  4.918800607303856E-004
   55139.5563625391       4.559206707466235E-004  4.919837259116057E-004
   55139.5767951142       3.073641258246607E-004  4.919562123321369E-004
   55139.5972276893      -1.022952934486288E-004  4.919824020364428E-004
   55139.6176602645      -6.365966187356076E-004  4.918244004137615E-004
   55139.6380929397      -1.515381102429991E-003  4.918086290313882E-004
   55139.6585254150      -6.534711593289999E-003  4.911961928691551E-004
   55139.6789579904      -5.575344727996367E-003  4.913804993157218E-004
   55139.6993906657      -4.856314979802545E-003  4.914430092473182E-004
   55139.7198231412      -1.317382566908942E-003  4.917473854151649E-004
   55139.7402557167       2.328440151400102E-004  4.919750919431530E-004
   55139.7606882922       3.171405495290269E-004  4.919681847683911E-004
   55139.7811208678       6.028981776484699E-004  4.920453148865670E-004
   55139.8015534435      -2.355256448373089E-004  4.919227125345410E-004
   55139.8219860192      -4.113457594020486E-004  4.919763582585261E-004
   55139.8424185949      -9.254609142166359E-004  4.919149995227235E-004
   55139.8628511707       1.618562907235166E-004  4.919520104674900E-004
   55191.0673791850       1.134229052974112E-003  4.959839486581723E-004
   55191.0878121758      -3.676665517863276E-004  4.955849582102877E-004
   55191.1082452670      -8.885356838606029E-005  4.955468850637521E-004
   55191.1286784583       3.901621267523581E-004  4.957619609021239E-004
   55191.1491114502       5.232087880515657E-004  4.958129362949892E-004
   55191.1695445423      -8.037600875432371E-004  4.955192949923595E-004
   55191.1899777347      -4.527563543050839E-004  4.955679664126660E-004
   55191.2104108275       4.027046977199689E-004  4.956410023427826E-004
   55191.2308438206      -1.776807200786323E-003  4.954387711514265E-004
   55191.2512770141      -5.502725192604752E-003  4.950628204291308E-004
   55191.2717101078      -6.206155789387657E-003  4.950299888201667E-004
   55191.2921431020      -5.607724258153590E-003  4.950833257849048E-004
   55191.3125761964      -2.347014868446018E-003  4.954066883335441E-004
   55191.3330093911       7.236734348077256E-004  4.957125406907358E-004
   55191.3534423862       9.685642227972302E-004  4.957328156492540E-004
   55191.3738754817      -8.564628294738252E-004  4.955814446521354E-004
   55191.3943086775      -7.899822959470670E-004  4.955764911111338E-004
   55191.4147416735      -6.826555217652741E-004  4.955829422342987E-004
   55191.4351747700       5.498563513404164E-004  4.956966432800795E-004
   55191.4556079668       2.886578085514735E-004  4.957867286071319E-004
   55191.4760409639       4.438592561826216E-004  4.956767139174453E-004
   55242.6825133536      -3.409717915062727E-004  5.000233309477202E-004
   55242.7029473546      -4.277800160337186E-004  5.000538585841254E-004
   55242.7233814560      -1.792125797268618E-004  5.000929109189986E-004
   55242.7438153577      -3.138396629877027E-004  5.000279964921520E-004
   55242.7642493598       5.720122658903204E-004  5.001732043626757E-004
   55242.7846834621       6.205097544602634E-004  5.002316100670433E-004
   55242.8051173648      -6.383911309219004E-004  5.000266717079307E-004
   55242.8255513679      -1.117703464351139E-003  4.999769634999728E-004
   55242.8459854713      -5.892093212813920E-003  4.994727967047751E-004
   55242.8664194750      -6.484397716052692E-003  4.994585696742241E-004
   55242.8868533790      -6.372801438223274E-003  4.994615648385506E-004
   55242.9072874834      -3.793268833602537E-003  4.996919044951249E-004
   55242.9277214881      -7.920380989286935E-004  5.000360027967941E-004
   55242.9481553932       1.504753684145932E-003  5.001670988353946E-004
   55242.9685894986      -6.485080655115327E-004  4.998834798133961E-004
   55242.9890235043      -6.477750306788099E-005  4.999270824940729E-004
   55243.0094574103       5.999734060639916E-004  4.999929185099430E-004
   55243.0298915167      -4.703640890242333E-004  4.999952800818159E-004
   55243.0503255234       7.076345193031131E-004  5.000169950231834E-004
   55243.0707594305       2.201287228882354E-004  5.000101983041347E-004
   55294.2792060346       6.344754696538946E-004  5.039819920857002E-004
   55294.2996405971      -7.195738245895367E-004  5.037631792984956E-004
   55294.3200752598       3.370608633357364E-005  5.038582770698258E-004
   55294.3405097225       7.739160196273964E-005  5.038626120973361E-004
   55294.3609442853       4.238322736582756E-004  5.038978683000958E-004
   55294.3813789482       5.592455887521997E-004  5.039756259613842E-004
   55294.4018134112       1.479210908026607E-003  5.040249482673945E-004
   55294.4222479743       2.558004858774776E-004  5.038225358290230E-004
   55294.4426826374      -4.442781327539058E-003  5.032841436011546E-004
   55294.4631171007      -5.608709316587079E-003  5.031386625030949E-004
   55294.4835516640      -5.302200367186982E-003  5.032166323685272E-004
   55294.5039863274      -3.367685784845587E-003  5.034809781020302E-004
   55294.5244208910       5.682178717334452E-004  5.039347615062510E-004
   55294.5448553546      -5.229160624198315E-005  5.038294476211375E-004
   55294.5652900182      -5.471496067210868E-004  5.037629064645964E-004
   55294.5857245820       4.250304258839321E-004  5.039851145181029E-004
   55294.6061590459       8.610984234336261E-004  5.039984833791664E-004
   55294.6265937098      -2.448703832841348E-004  5.038410885341725E-004
   55294.6470282739      -8.655830063463155E-004  5.038446353748629E-004
   55294.6674627380       1.027265756431861E-003  5.040508674878239E-004
   55345.8764581811       8.037833026186547E-005  5.002289192823901E-004
   55345.8968927135      -8.065706793780603E-005  5.002201885976139E-004
   55345.9173270457       1.001366844740614E-003  5.003513307585238E-004
   55345.9377615776      -5.707156331555829E-004  5.001539505898497E-004
   55345.9581959092       2.592978320676842E-004  5.001982709410402E-004
   55345.9786304409      -1.059085863889475E-003  5.000850145579707E-004
   55345.9990648723      -5.509794537633672E-004  5.001637119804676E-004
   55346.0194992035       6.952441751884031E-005  5.003432366861791E-004
   55346.0399337347      -5.148756407783228E-003  4.996263807733186E-004
   55346.0603681657      -5.899041209504352E-003  4.994882358756611E-004
   55346.0808024962      -6.437986078273394E-003  4.993773743679294E-004
   55346.1012370270      -3.307103417863000E-003  4.998559856569827E-004
   55346.1216714572       5.432802982066054E-004  5.003571815299189E-004
   55346.1421057873       1.396020219750493E-004  5.002491089909352E-004
   55346.1625403173      -6.868508136781415E-005  5.002083051655574E-004
   55346.1829747471       3.251989047639015E-004  5.003684889792993E-004
   55346.2034090769       1.265144696622755E-004  5.002291314865340E-004
   55346.2238436063      -4.418265112011710E-004  5.001682895269995E-004
   55346.2442780356      -7.805288588003112E-004  5.000464843484200E-004
   55346.2647124647      -2.449556450100365E-004  5.001838107443796E-004
   55397.4930560040      -3.430816050288277E-004  5.751895421457951E-004
   55397.5134897674      -8.823127207160386E-004  5.750866284064623E-004
   55397.5339235304      -3.818630104607257E-004  5.751822889168262E-004
   55397.5543572932       1.376753782600382E-005  5.751707248064889E-004
   55397.5747910557      -1.360245940964844E-003  5.750346241232888E-004
   55397.5952249180       5.207039035000083E-004  5.753001881009155E-004
   55397.6156586796      -3.181062577795046E-007  5.752676854239321E-004
   55397.6360923411      -3.502898601363991E-003  5.748498720646462E-004
   55397.6565262023      -6.501433865508499E-003  5.745380516456704E-004
   55397.6769599632      -6.438748695839602E-003  5.745971723044361E-004
   55397.6973936236      -3.481045976552077E-003  5.749453272949448E-004
   55397.7178274838       6.576711666639312E-005  5.752755544930965E-004
   55397.7382611437       6.662318190950867E-004  5.754599644182972E-004
   55397.7586949032      -1.286217381313071E-003  5.751743514209734E-004
   55397.7791287625      -6.515587573217019E-004  5.752050065773703E-004
   55397.7995624215      -5.679285789170763E-004  5.752736385458216E-004
   55397.8199961800       7.517468018656270E-004  5.753709412967068E-004
   55397.8404300384      -5.405741329412850E-004  5.751529338675085E-004
   55397.8608636962       4.014317977270032E-004  5.753053201025444E-004
   55449.0668322575       4.392208292010036E-004  5.827857941036086E-004
   55449.0872652261      -3.118539401701925E-004  5.827323528599790E-004
   55449.1076982942      -4.789612324398451E-004  5.826604364104850E-004
   55449.1281311623      -2.758834362968088E-004  5.827294105123784E-004
   55449.1485641299      -1.232989807949947E-004  5.827177095486644E-004
   55449.1689971975       4.487128802255214E-004  5.827950317065407E-004
   55449.1894300647       8.516162371017266E-004  5.828260974230680E-004
   55449.2098630316      -8.553516737663802E-004  5.826456562457937E-004
   55449.2302960981      -3.667948445105540E-003  5.822903848796927E-004
   55449.2507289646      -7.295387250315422E-003  5.819804119813034E-004
   55449.2711620306      -6.970550134265174E-003  5.820144200454313E-004
   55449.2915949966      -5.119854603018004E-003  5.822281165932613E-004
   55449.3120279621      -7.197915298834401E-004  5.827129881071656E-004
   55449.3324609274      -7.230142184593280E-004  5.826736427613436E-004
   55449.3528938925      -3.830256132687504E-004  5.827394008088827E-004
   55449.3733268571      -1.243929962385537E-003  5.825908464683964E-004
   55449.3937598217      -1.547099056208312E-003  5.826793906031681E-004
   55449.4141927858      -8.602936673985928E-004  5.826970446887716E-004
   55449.4346256497      -3.509703969546418E-004  5.827444643838233E-004
   55449.4550587134      -2.363574071000407E-004  5.827083350923554E-004
   55500.6594464163       7.011058730721498E-004  5.019731968613510E-004
   55500.6798789854       3.364001900976188E-004  5.018487697033268E-004
   55500.7003115543      -5.448683309914326E-004  5.017513995829675E-004
   55500.7207441233       2.553558838314096E-004  5.017970620022801E-004
   55500.7411766923      -7.034249396410397E-004  5.017481715199056E-004
   55500.7616092612      -5.764274024778748E-004  5.017981184592822E-004
   55500.7820418302      -1.075005112305516E-003  5.017550971824748E-004
   55500.8024743991      -3.938142787217602E-004  5.018988927188706E-004
   55500.8229069680      -2.200490376565334E-003  5.016195772259288E-004
   55500.8433395369      -5.019790454485196E-003  5.013920868181451E-004
   55500.8637721057      -6.284313206585623E-003  5.012577993947682E-004
   55500.8842046746      -5.576587924486454E-003  5.014061729115064E-004
   55500.9046373434      -1.216910020559236E-003  5.017172994986222E-004
   55500.9250698123      -1.851491782127734E-004  5.017616706927100E-004
   55500.9455023811       3.192224355741402E-006  5.019348122569416E-004
   55500.9659350499      -2.804436984938929E-004  5.018864500030681E-004
   55500.9863675186       5.554240839102942E-004  5.020313606885216E-004
   55501.0068000874      -2.343131543633969E-004  5.019152091103473E-004
   55501.0272327562      -3.587036955389200E-004  5.018788200358308E-004
   55501.0476652249      -5.887778915281139E-005  5.019484875059131E-004
   55501.0680977936      -4.125147630851256E-004  5.019090464445017E-004
   55603.8666442236      -9.924593015390171E-004  4.889372257374673E-004
   55603.8870781462      -2.027707604966844E-004  4.889991135271955E-004
   55603.9075118695       2.159243062465066E-004  4.890484031458441E-004
   55603.9279456930      -5.998041737900195E-004  4.890041644068450E-004
   55603.9483796167       4.712381613458660E-005  4.891258499671364E-004
   55603.9688133410       2.738607505770041E-005  4.891082589724950E-004
   55603.9892471654       9.035370303767110E-005  4.891075622994399E-004
   55604.0096810903      -7.487937682200130E-004  4.890075897160327E-004
   55604.0301148157      -3.339079319596205E-003  4.888082831661854E-004
   55604.0505487413      -4.543150906574422E-003  4.885432571248066E-004
   55604.0709825674      -6.980093800217579E-003  4.884447939996854E-004
   55604.0914162937      -3.473163748094921E-003  4.887717078307924E-004
   55604.1118502205      -8.795118296200943E-005  4.891112778890671E-004
   55604.1322840475      -4.545269314395473E-004  4.891050658876591E-004
   55604.1527178750      -5.176831579222219E-004  4.891008277932405E-004
   55604.1731517027      -1.485739507827155E-004  4.891236438357952E-004
   55604.1935855308       8.113988999047805E-005  4.891706692670147E-004
   55604.2140193593       2.373296654238910E-004  4.892199588856632E-004
   55604.2344531881      -2.778505067839721E-004  4.891898858321178E-004
   55604.2548870175       5.754701032363307E-004  4.891859380181390E-004
   55655.4630162794       1.498158031729035E-003  5.091006378912912E-004
   55655.4834507805       4.250880070810759E-004  5.089719225422965E-004
   55655.5038853818      -2.397549262084242E-004  5.088765891200642E-004
   55655.5243197832       7.624548432374478E-004  5.090122184265180E-004
   55655.5447542847      -6.034522518256757E-004  5.088874321546695E-004
   55655.5651888864      -9.310069930849041E-004  5.087696512141673E-004
   55655.5856233883      -2.405993224228187E-004  5.089125295156662E-004
   55655.6060577902      -3.496205347498504E-004  5.089501450991987E-004
   55655.6264923924      -3.741668908036289E-003  5.084209684609037E-004
   55655.6469268947      -6.417721713477653E-003  5.081304299578133E-004
   55655.6673613971      -5.129831447862720E-003  5.082820192365511E-004
   55655.6877958997      -3.906841890596868E-003  5.084452434569162E-004
   55655.7082304024      -4.226244876740504E-004  5.088126883150024E-004
   55655.7286650052       2.901832658133152E-004  5.089399416818032E-004
   55655.7490994082      -1.375192509358580E-004  5.089284285720256E-004
   55655.7695339114      -2.989567844514651E-004  5.088624566255224E-004
   55655.7899685147      -7.577862122998269E-004  5.088187494495150E-004
   55655.8104029181      -3.840413638714901E-004  5.088085764900819E-004
   55655.8308374217      -7.106638488756367E-004  5.087826263061388E-004
   55655.8512720255       9.112161779882832E-004  5.089176159953826E-004
   55707.2850890403      -3.394861781557679E-003  5.051725963156989E-004
   55707.3055236522       5.390830463862795E-004  5.059023386362300E-004
   55707.3259580640      -2.553612258580085E-004  5.057503229460187E-004
   55707.3463925755       2.798900024856277E-004  5.058392297381900E-004
   55707.3668271870       4.884160665987736E-004  5.057968017966023E-004
   55707.3872615983       1.433028998811814E-004  5.058755356293404E-004
   55707.4076962096       7.139121080781408E-004  5.057427693713498E-004
   55707.4281307207       4.752477851133197E-004  5.057821210587378E-004
   55707.4485651318       3.064592973500702E-005  5.056912040410497E-004
   55758.6567912428       5.371418659905203E-004  5.790702926278678E-004
   55758.6772251720      -8.532243707535248E-004  5.788900701828890E-004
   55758.6976590012      -6.368130759181190E-004  5.788754258140368E-004
   55758.7180930300      -3.044668311197318E-004  5.789019860018844E-004
   55758.7385269583       6.974727585955520E-004  5.789930643053357E-004
   55758.7589607866       1.220797796852580E-004  5.789886779024012E-004
   55758.7793948144      -5.695900235945794E-004  5.789636719518139E-004
   55758.7998287417       3.900842201232102E-005  5.790694982399348E-004
   55758.8202625691      -2.055650816135457E-003  5.787140269092101E-004
   55758.8406965960      -6.066134104628196E-003  5.783071966716854E-004
   55758.8611305227      -4.494876618758359E-003  5.784764358400248E-004
   55758.8815645489      -4.092870406513738E-003  5.785387434848585E-004
   55758.9019983748      -4.276767674503690E-004  5.789998338720692E-004
   55758.9224323005       1.289298991857368E-003  5.791045894634109E-004
   55758.9428663260       1.703236250561790E-003  5.791913849797450E-004
   55758.9633001511      -3.116548810788711E-004  5.790407621199228E-004
   55758.9837340759       8.184643344089082E-005  5.790391042668452E-004
   55759.0041681002      -9.928150131977009E-005  5.789951711602885E-004
   55759.0246019245       3.195519895746735E-004  5.790218004253476E-004
   55759.0450358484      -3.331970376823090E-004  5.790383098789122E-004
   55810.2514491236       3.412355568048753E-004  5.877910488179817E-004
   55810.2718822440       6.028641606916629E-004  5.878331859170377E-004
   55810.2923152643      -2.053969740934969E-004  5.877645922459515E-004
   55810.3127484843      -7.240860507562452E-004  5.877369613613246E-004
   55810.3331815039       6.006612812148315E-004  5.878323569904988E-004
   55810.3536146231      -1.027531258491754E-004  5.877505004947918E-004
   55810.3740478423       6.317145301213412E-004  5.880219048590391E-004
   55810.3944808611       6.207317878208496E-004  5.878683462177253E-004
   55810.4149139793      -2.689373225627234E-003  5.875776693114507E-004
   55810.4353471976      -6.275013708639254E-003  5.871504267579078E-004
   55810.4762133330      -5.009564179891179E-003  5.873251230259611E-004
   55810.4966465501      -7.701680837658431E-004  5.877297773313216E-004
   55810.5170795670       7.133839613127080E-005  5.878538400032962E-004
   55810.5375126836       1.006193054816862E-003  5.879095162358193E-004
   55810.5579459000      -1.090471446026364E-003  5.877149257308347E-004
   55810.5783789162       1.368268926422722E-004  5.878096305878932E-004
   55810.5988121319       1.205882349228249E-003  5.879099997763003E-004
   55810.6192452472       1.060379741522066E-004  5.878240677251108E-004
   55810.6396783624      -7.672482754129684E-004  5.876588350350421E-004
   55861.8442808078       1.858522873807722E-004  5.132359314826226E-004
   55861.8647133039      -9.773027485437957E-005  5.131907394091453E-004
   55861.8851459000       3.539369990268604E-005  5.131597505587609E-004
   55861.9055785959       1.786848586893264E-005  5.132027123740666E-004
   55861.9260110918      -8.844255447402194E-004  5.131742472368763E-004
   55861.9464437876      -4.872164242702981E-004  5.132183828722724E-004
   55861.9668763833      -2.934811480873600E-004  5.132246041187511E-004
   55861.9873088790       7.987451851596550E-004  5.134231557870285E-004
   55862.0077415745      -1.316380134410045E-003  5.130917276845269E-004
   55862.0281741700      -5.647582705709642E-003  5.127159878736159E-004
   55862.0486066653      -5.210442661229941E-003  5.127725660019692E-004
   55862.0690393607      -4.711811877456173E-003  5.127041322907037E-004
   55862.0894719559      -2.567943260938343E-003  5.130197725129904E-004
   55862.1099044511       1.116158873818662E-003  5.132794215169690E-004
   55862.1303371461       6.071746249578513E-004  5.133277242136855E-004
   55862.1507696411      -3.795969752298234E-004  5.132311188202523E-004
   55862.1712022359      -1.500627331723070E-003  5.131240664280152E-004
   55862.1916349308       1.090282541884591E-003  5.133222072592611E-004
   55862.2120674256      -3.187783944423872E-004  5.132410962910200E-004
   55862.2325001202      -6.900371175475595E-004  5.132636923277586E-004
   55862.2529327147       2.050915418982946E-004  5.132823560671947E-004
   55913.4570843218       4.328721754278675E-004  5.200412121472507E-004
   55913.4775171156       4.966935764427749E-004  5.201061830892499E-004
   55913.4979499098       7.613695652468611E-004  5.202053121958773E-004
   55913.5183827041       1.177651146421432E-003  5.201672217339465E-004
   55913.5388154986      -6.360399820268814E-004  5.200273023791805E-004
   55913.5592483934      -6.345734563887317E-004  5.200361647208624E-004
   55913.5796810884      -2.373466906223642E-004  5.200758985309196E-004
   55913.6001138838      -3.728994873231084E-004  5.201354112094988E-004
   55913.6205467792      -5.106785402812508E-003  5.194608754945971E-004
   55913.6409794750      -5.681772145388342E-003  5.194124554158714E-004
   55913.6614123710      -5.279207513060991E-003  5.193115068881040E-004
   55913.6818451672      -2.820904133058244E-003  5.195642890445542E-004
   55913.7022778637      -5.653964198187866E-004  5.200379841420024E-004
   55913.7227107603      -1.221334523482387E-004  5.201271944688666E-004
   55913.7431434573      -1.018203384364202E-003  5.200403317821829E-004
   55913.7635762545       3.858019136171453E-004  5.201734429804251E-004
   55913.7840091518       2.470207254523515E-004  5.201840073612381E-004
   55913.8044418495       3.204573508999164E-004  5.202012625165658E-004
   55913.8248746474      -6.149293228167041E-004  5.200930949952428E-004
   55913.8453075455       4.167897895490658E-004  5.202067207799857E-004
   55965.0508714520       1.097996602115181E-004  4.935302776579617E-004
   55965.0713050778       1.012780386316914E-003  4.936497357091150E-004
   55965.0917386042      -4.262274506869890E-004  4.934524108696060E-004
   55965.1121723309      -4.979715424728859E-004  4.935064444624260E-004
   55965.1326059579      -1.336760131615544E-003  4.934396764661091E-004
   55965.1530394852       4.150136551772654E-004  4.936232738523069E-004
   55965.1734732131      -3.865312005599808E-004  4.934979159169646E-004
   55965.1939068413       1.855488415825057E-005  4.935473931635793E-004
   55965.2143405697      -3.537832831604915E-003  4.931862151047623E-004
   55965.2347740986      -6.165476601385667E-003  4.930143590722474E-004
   55965.2552077279      -5.591395283352618E-003  4.931167600324781E-004
   55965.2756414575      -5.487780597855485E-003  4.930124313873144E-004
   55965.2960749875       6.522813956524320E-004  4.936314519095986E-004
   55965.3165086178      -3.316581382440953E-004  4.935157323989215E-004
   55965.3369423485      -3.392999598904600E-004  4.935050425097474E-004
   55965.3573758797      -1.187150876118537E-004  4.935358854686759E-004
   55965.3778096111       3.791012369780411E-005  4.936565118137281E-004
   55965.3982432430      -2.152779812742978E-004  4.935560969531254E-004
   55965.4186767752      -3.244904306108909E-004  4.934966307936760E-004
   55965.4391105078       2.817592835211435E-004  4.936004921212802E-004
   56016.6468331364       9.180975289808657E-004  5.117893686390784E-004
   56016.6672675419      -3.438001193745155E-005  5.117108606007178E-004
   56016.6877019477      -4.325110064964388E-004  5.117062352734481E-004
   56016.7081363537      -3.193163133624610E-004  5.117613409937019E-004
   56016.7285707598       4.687876139053415E-005  5.117665176844873E-004
   56016.7490051662      -3.661216542040213E-004  5.116696614935797E-004
   56016.7694395727       9.595530187791468E-004  5.118870518752593E-004
   56016.7898739795      -3.613618620794679E-004  5.116566431883502E-004
   56016.8103083865      -3.445220965889839E-003  5.114110413734557E-004
   56016.8307427937      -5.541654000459917E-003  5.110559632694074E-004
   56016.8511772011      -5.461512063284268E-003  5.111477040321425E-004
   56016.8716116087      -4.194351186196599E-003  5.112894657182652E-004
   56016.8920461165      -1.329097885672259E-003  5.115897137838173E-004
   56016.9124804245       5.170531918585741E-004  5.118583809724481E-004
   56016.9329148327      -1.043299877763193E-004  5.117869793971775E-004
   56016.9533493411      -1.221662651984534E-004  5.117537750610156E-004
   56016.9737836497       1.047848039671617E-003  5.118970070498466E-004
   56016.9942181586      -1.327172119195419E-004  5.118187134306310E-004
   56017.0146525676       8.360146756640763E-004  5.118626693553472E-004
   56017.0350868768       1.088958508065119E-003  5.119088919967386E-004
   56068.2440791958       5.607839651931013E-004  5.089195521716724E-004
   56068.2645137649       3.881530939406908E-004  5.089643964042747E-004
   56068.2849483341       2.082881176472817E-004  5.089136096982264E-004
   56068.3053829032       4.673244676460797E-004  5.090600886055383E-004
   56068.3258174722      -1.234245899589537E-004  5.089673982723042E-004
   56068.3462521411       1.962956356722501E-004  5.090019503859486E-004
   56068.3666866099      -3.431387225839577E-004  5.088471091319835E-004
   56068.3871211787      -4.488229172886493E-004  5.086942895442423E-004
   56068.4075558474      -3.020069128707559E-003  5.084602051005625E-004
   56068.4279903160      -6.104017748862711E-003  5.082005741473264E-004
   56068.4484249846      -5.610812758203076E-003  5.081542596120157E-004
   56068.4688595530      -4.461637709861743E-003  5.083108774817534E-004
   56068.4892940215      -3.557997722971606E-004  5.087952196989040E-004
   56068.5097286897      -5.546477360285351E-004  5.088251464852786E-004
   56068.5301632579       1.254941664941001E-004  5.089306713359037E-004
   56068.5505977261      -8.630194587366802E-005  5.087667938465440E-004
   56068.5710323941      -4.562124582508931E-004  5.087219496139417E-004
   56068.5914669621      -4.991047505580326E-004  5.089318353255478E-004
   56068.6119014301       1.457633343793230E-004  5.088842649066738E-004
   56068.6323360979      -5.086079890554984E-004  5.087603000095824E-004
   56119.8408527603       1.344672678650127E-003  5.808701510090473E-004
   56119.8612868493      -6.987565736038537E-005  5.807927802925315E-004
   56119.8817209380      -2.885535084744539E-004  5.808448030215968E-004
   56119.9021550264      -3.266012379472549E-004  5.806997329281296E-004
   56119.9225891145      -1.114528881104970E-003  5.807414558551316E-004
   56119.9430232022      -6.899015378544204E-004  5.806853481198244E-004
   56119.9634572898      -1.138167550200242E-003  5.806715917740179E-004
   56119.9838912771       4.315254232707399E-004  5.808281836799624E-004
   56120.0043254642      -3.380506432511088E-003  5.804220223328378E-004
   56120.0247595508      -5.440639123202251E-003  5.801967883561936E-004
   56120.0451935372      -5.685376078592097E-003  5.800373334544212E-004
   56120.0656277233      -4.994409306231073E-003  5.801427405812990E-004
   56120.0860618092      -3.635649297666355E-004  5.806473261386484E-004
   56120.1064959947       7.720060868832146E-004  5.807923962321156E-004
   56120.1269299799      -7.624174896564417E-004  5.806939021927244E-004
   56120.1473640651      -5.677122765056497E-004  5.807340190488961E-004
   56120.1677982497       2.063175333586464E-004  5.807838421592156E-004
   56120.1882322342       1.995484540833203E-004  5.808459901174278E-004
   56120.2086663182      -7.349170747206202E-005  5.806991742947974E-004
   56120.2291005023      -1.538016761105210E-003  5.805929990470877E-004
   56171.4359486099       4.390326350474094E-004  5.914618389883950E-004
   56171.4563818988       4.018717058418275E-005  5.914461972550921E-004
   56171.4768151875       1.244199386905009E-004  5.914644924967231E-004
   56171.4972484758      -2.746011707724927E-004  5.913950823051917E-004
   56171.5176817638       9.255281489324307E-004  5.915454245007319E-004
   56171.5381150513       1.178670562553830E-004  5.914241312384685E-004
   56171.5585483389       1.389373091040813E-003  5.915589713590388E-004
   56171.5789816257       1.247702712837473E-003  5.915569463132095E-004
   56171.5994149126      -1.751821461580927E-003  5.912175067347047E-004
   56171.6198481989      -5.400142040088318E-003  5.909089316478063E-004
   56171.6402814851      -4.077372142968216E-003  5.915094624799688E-004
   56171.6607148708      -5.995934762815569E-003  5.907773734980629E-004
   56171.6811480562      -1.994319331628969E-003  5.912464160096483E-004
   56171.7015813414      -5.057161424653067E-004  5.914254579926326E-004
   56171.7220147262      -3.062832458862186E-004  5.914649813008888E-004
   56171.7424479107      -5.464272939696979E-004  5.914061153135036E-004
   56171.7628811947      -5.137110638042675E-005  5.915024097341492E-004
   56171.7833145785       3.939972442619233E-004  5.914964044258275E-004
   56171.8037477621       1.456844894642817E-004  5.914664477133859E-004
   56171.8446144284       1.374201386886709E-003  5.915776855756691E-004
   56223.0290953705       7.328101796422182E-005  5.053975084755358E-004
   56223.0495279294      -7.217849033441803E-004  5.053833814333420E-004
   56223.0699605878       3.628373191906231E-004  5.054853236064603E-004
   56223.0903933463      -3.721309404656203E-004  5.053660219323412E-004
   56223.1108259045      -1.694787727315461E-004  5.054315091533579E-004
   56223.1312585627      -1.199846628825441E-004  5.054405480659480E-004
   56223.1516913206       1.824182275445008E-004  5.054841263994948E-004
   56223.1721238784       9.002406373921357E-004  5.055541031466323E-004
   56223.1925565361      -1.429700921330324E-003  5.053351339926295E-004
   56223.2129891936      -5.346455619902546E-003  5.049249708862253E-004
   56223.2334218509      -4.654663855966024E-003  5.049827361223140E-004
   56223.2538546081      -5.392320739974865E-003  5.049930919625662E-004
   56223.2742871652      -2.111819993450448E-003  5.051955995207923E-004
   56223.2947198222      -1.296548625432381E-004  5.055305780297588E-004
   56223.3151525790       3.204683831590227E-004  5.054661084346629E-004
   56223.3355852356      -2.928359829880156E-004  5.054864609530776E-004
   56223.3560177922       1.298211950047090E-004  5.055351274162279E-004
   56223.3764505485      -6.028269934150732E-004  5.053899062113043E-004
   56223.3968832048       1.069529897443910E-003  5.056343758736738E-004
   56223.4173157609      -8.166080602212133E-005  5.054620379309799E-004
   56223.4377485168       2.521072789167800E-004  5.055351274162279E-004
   56274.6418474234       1.010478561803696E-003  5.135601254271405E-004
   56274.6622801060      -3.356359562527444E-004  5.134478274137700E-004
   56274.6827128888      -2.801230507574193E-004  5.135023601910517E-004
   56274.7031455718      -3.484361980230499E-004  5.134617150145706E-004
   56274.7235781550       2.123129601507845E-004  5.135235507543423E-004
   56274.7440109383       1.703090252200834E-004  5.135502484696745E-004
   56274.7644436218      -4.894459122578576E-004  5.134625530594464E-004
   56274.7848762055       2.195865886491788E-004  5.136296232914918E-004
   56274.8053089893      -4.204272373506401E-003  5.131073417527619E-004
   56274.8257416733      -5.605525393253985E-003  5.129819343231185E-004
   56274.8461744575      -4.973925648029009E-003  5.130136603077061E-004
   56274.8666070419      -3.171314540436398E-003  5.131695965149715E-004
   56274.8870397264       1.015923673183705E-003  5.135653332774407E-004
   56274.9074724111       6.396741314569354E-004  5.136271091568641E-004
   56274.9279050960      -5.766068563884952E-004  5.134442357928732E-004
   56274.9483377810       2.621267911220304E-004  5.135657522998786E-004
   56274.9687704662      -4.384412122553361E-004  5.135096631535417E-004
   56274.9892031517       8.894766389269115E-004  5.136197463340258E-004
   56275.0096357372      -1.299796583117518E-003  5.133784492701152E-004
   56275.0300685230       4.974451082748743E-004  5.135826329180932E-004
   56326.2351865242       1.237749431281188E-003  5.154448632522462E-004
   56326.2556200467       4.867047636307742E-004  5.152815931583182E-004
   56326.2760533696       1.393975038473716E-003  5.154955211084163E-004
   56326.2964867928       6.852159469912245E-004  5.153207779808608E-004
   56326.3169203166      -5.485492141612536E-004  5.151681572155818E-004
   56326.3373536406      -7.580174489207891E-007  5.151752175439679E-004
   56326.3577870650      -8.969820534908690E-004  5.151009664237743E-004
   56326.3782205899      -1.309062004051231E-005  5.152558817957788E-004
   56326.3986540148      -3.616817005907547E-003  5.148696229969905E-004
   56326.4190874404      -5.573332910860374E-003  5.145427297927151E-004
   56326.4395208663      -6.391785013879714E-003  5.144604181309474E-004
   56326.4599542926      -4.951457899756151E-003  5.146997044271656E-004
   56326.4803877191      -2.211218045768959E-004  5.151625089528729E-004
   56326.5008211461      -9.187115069702045E-004  5.152192857603110E-004
   56326.5212545736      -4.492261499264849E-004  5.151815130034455E-004
   56326.5416881013      -7.859637275642317E-005  5.151977517587334E-004
   56326.5621214295      -5.441719209150486E-004  5.151291489012488E-004
   56326.5825549579       5.698391338586628E-004  5.152508218937688E-004
   56326.6029883868       4.046288546919463E-004  5.152638835012831E-004
   56326.6234217159       2.245577095720819E-004  5.152765332563081E-004
   56377.8307308814      -6.477112544744923E-005  5.107426257110485E-004
   56377.8511651590      -4.008555469514619E-005  5.108659461135253E-004
   56377.8715994368       7.716083855122680E-004  5.109102496741479E-004
   56377.8920338148       1.360763457958214E-005  5.107509804329720E-004
   56377.9124679930      -5.046667038293151E-004  5.108659461135253E-004
   56377.9329022715       1.567750172882354E-003  5.110675773250177E-004
   56377.9533366503      -6.445250337721031E-004  5.108147587327262E-004
   56377.9737708293       1.687428805126068E-004  5.108994826733592E-004
   56377.9942051086      -3.915112019908240E-003  5.104255581304437E-004
   56378.0146394882      -5.102198042199579E-003  5.102895291368719E-004
   56378.0350736681      -6.565594085352622E-003  5.101106674844246E-004
   56378.0555080482      -5.637684717082370E-003  5.102051582126584E-004
   56378.0759423285      -6.527495796366800E-004  5.107139137089451E-004
   56378.0963765091      -5.356042593696042E-004  5.108114050767429E-004
   56378.1168108900       8.205896592605733E-005  5.108644752117782E-004
   56378.1372450712      -6.122343018019061E-004  5.107745736969955E-004
   56378.1576793525       4.923896209192424E-004  5.109026598211329E-004
   56378.1781137342      -1.781682051773537E-004  5.108056979779641E-004
   56378.1985479160      -9.381367605304503E-004  5.106454285236002E-004
   56378.2189822982       3.398412323665223E-004  5.108531198502906E-004
