   55007.5579738480      -1.782456873172800E-004  1.187927316022310E-003
   55007.5784079076       7.707208738716442E-004  1.188178353887708E-003
   55007.5988418670      -1.589580636206067E-003  1.187797471718836E-003
   55007.6397100851       1.494452768642018E-003  1.188135599261196E-003
   55007.6601440435      -6.805824658560056E-004  1.187870836661606E-003
   55007.6805781020       7.027093212281788E-004  1.188165876856625E-003
   55007.7010122602      -1.691044135739839E-004  1.188022557359580E-003
   55007.7214462179       1.390401251215811E-003  1.188249140244055E-003
   55007.7418802757       6.576915729519239E-004  1.188141255515287E-003
   55007.7623143329       5.805788992843119E-004  1.188131440250835E-003
   55007.7827484902      -1.198783428413730E-003  1.187906188249676E-003
   55007.8031824470      -4.792503983485075E-004  1.188119129580166E-003
   55007.8236165036      -6.473413675767148E-004  1.188073796367229E-003
   55007.8440506602       2.721739599631068E-003  1.188490612385622E-003
   55007.8644846163      -2.569346116011895E-003  1.187755548894396E-003
   55007.8849186722       2.643081213475895E-004  1.188307948650561E-003
   55007.9053526278      -7.652676285690996E-004  1.188192827243765E-003
   55007.9257867832      -1.865681403561470E-003  1.187931724573293E-003
   55007.9462208384      -1.129777905340523E-003  1.187980717715347E-003
   55007.9666548934       2.524409949247186E-004  1.188143667741296E-003
   55007.9870889481      -7.594463188456135E-004  1.188029045415744E-003
   55008.0075230024      -2.185132476604013E-003  1.187963083511416E-003
   55008.0279570566      -4.384093277771450E-003  1.187802795252098E-003
   55008.0483910104      -2.393418060188224E-003  1.187890217649889E-003
   55008.0688251642      -5.233864727361759E-003  1.187449944813060E-003
   55008.0892592175      -4.075477376623504E-003  1.187677193139192E-003
   55008.1096931708      -1.221891745016412E-003  1.188047345061333E-003
   55008.1301273237      -4.620769148584669E-003  1.187673949111110E-003
   55008.1505613763      -6.419398356385053E-003  1.187394297254428E-003
   55008.1709953289      -4.979582727272280E-003  1.187615556605640E-003
   55008.1914293811      -4.897477464720024E-003  1.187633689890815E-003
   55008.2118635330      -4.305518070966574E-003  1.187764781897398E-003
   55008.2322975847      -4.595532983456496E-003  1.187708718437729E-003
   55008.2527315362      -2.701323811423406E-003  1.187975394182085E-003
   55008.2731656874      -8.878699516584598E-004  1.188106818909497E-003
   55008.2935997381      -1.946173642421556E-003  1.188011910293056E-003
   55008.3140336889      -2.748797586182850E-004  1.188293641654919E-003
   55008.3344677394      -2.121778684759712E-003  1.187984544004880E-003
   55008.3549018895      -6.082053626526029E-004  1.188276756072853E-003
   55008.3753358396      -5.979718649510302E-004  1.188209296924795E-003
   55008.3957698892       1.163666846744071E-004  1.188345962005262E-003
   55008.4162040387       1.295837357407015E-003  1.188496601360542E-003
   55008.4366379879       2.347173858270324E-003  1.188580696550044E-003
   55008.4570720368       1.548717686516765E-003  1.188563561427356E-003
   55008.4775060854       8.438868671727384E-004  1.188364594371680E-003
   55008.4979401341       2.901571277591053E-003  1.188692490748551E-003
   55008.5183741823      -6.670205154422071E-004  1.188247975721154E-003
   55008.5388082303       4.421053826697552E-005  1.188212624133084E-003
   55008.5592423778       1.006596541972771E-003  1.188399030977470E-003
   55008.5796763253      -2.736360913616620E-004  1.188186256007394E-003
   55008.6001103725       2.288444299911596E-003  1.188627610186917E-003
   55008.6205443196      -1.789502633558371E-003  1.188074045907851E-003
   55008.6614125127       1.251199111651946E-003  1.188517812313383E-003
   55008.6818464588      -1.808210177114411E-004  1.188386387585972E-003
   55008.7022806049      -3.607218616719088E-004  1.188232005121367E-003
   55008.7227146506       9.125325951981900E-004  1.188583275136468E-003
   55073.7015550447      -1.166973468705867E-004  1.194930174488172E-003
   55073.7219881923       2.142143839900523E-005  1.195028909394145E-003
   55073.7424213396       9.365822043490013E-004  1.195096285361996E-003
   55073.7628544868      -1.335014926040490E-005  1.195080980203867E-003
   55073.7832877335      -5.964030269189902E-005  1.195035896531552E-003
   55073.8037207801       5.497447990934212E-004  1.195224881962362E-003
   55073.8241539264      -1.868061153524669E-003  1.194997716816437E-003
   55073.8445869726      -1.464395186341672E-003  1.194907383111393E-003
   55073.8650202183       1.695715677506149E-003  1.195431168876274E-003
   55073.8854533638       1.139634634205189E-003  1.195220639771793E-003
   55073.9058864091       1.665610305878529E-003  1.195292590651041E-003
   55073.9263196539      -1.521549358372454E-003  1.194954047207645E-003
   55073.9467527987       1.569029274774536E-003  1.195292257930212E-003
   55073.9671859431       1.370116175545277E-004  1.195067754550918E-003
   55073.9876189874       5.282819333878308E-004  1.194984407983281E-003
   55074.0080522313       2.639379016056154E-005  1.194980997594785E-003
   55074.0284853750       1.006680800026416E-003  1.195139206348922E-003
   55074.0489184184      -2.740555678795831E-003  1.194662334220915E-003
   55074.0693516614      -6.851770762322795E-004  1.194871449261873E-003
   55074.0897848043      -9.657315934288313E-004  1.194989066074886E-003
   55074.1102178468      -1.038108966453843E-003  1.194939490671381E-003
   55074.1306509893      -1.856657211023904E-003  1.194749007996841E-003
   55074.1510842313      -9.756880545593871E-004  1.194666326870862E-003
   55074.1715172731      -6.346598189914676E-004  1.195030323457668E-003
   55074.1919504146      -1.480899823259496E-003  1.194792095344183E-003
   55074.2123835560       7.271517154976426E-004  1.195721883700517E-003
   55074.2532498377      -2.224391993147834E-003  1.194686872382046E-003
   55074.2736828781      -3.919895072236335E-003  1.194409882291995E-003
   55074.2941161182      -5.184495137336764E-003  1.194463200804825E-003
   55074.3145492582      -6.054316442203778E-003  1.194215240607094E-003
   55074.3349822979      -3.704070381310931E-003  1.194638128780614E-003
   55074.3554155373      -4.524130508016921E-003  1.194502711403255E-003
   55074.3758486766      -2.332352279157845E-003  1.194760154144609E-003
   55074.3962817153      -2.835386118116179E-003  1.194826615130180E-003
   55074.4167148541      -1.552519170453737E-003  1.194880183183631E-003
   55074.4371480924       1.310474807981299E-003  1.195271213337785E-003
   55074.4575811304      -1.196818713421810E-003  1.195054279357348E-003
   55074.4780142683      -2.893650910799295E-003  1.194900063253158E-003
   55074.4984475059       8.104575596368235E-004  1.195226628746713E-003
   55074.5188806432      -1.339780692737436E-003  1.194990896039445E-003
   55074.5393136804       2.527092432847100E-003  1.196056684034587E-003
   55074.5597468170       6.993736988483157E-004  1.195947551602711E-003
   55074.5801800535       9.246318380051743E-004  1.195166156736063E-003
   55074.6006130899       1.269531785984324E-003  1.195048872643879E-003
   55074.6210462259       9.884081892828078E-004  1.195376186759300E-003
   55074.6414794616       2.599115776065863E-003  1.195776200375833E-003
   55074.6619124971      -3.098387525145796E-003  1.194733869199127E-003
   55074.6823456321       1.467014615556206E-003  1.196073236895825E-003
   55074.7027787672       1.164116923926262E-004  1.195319541038181E-003
   55074.7232119017      -1.154363083297305E-003  1.194912290743619E-003
   55074.7436450363      -2.714001450081382E-003  1.194726466160684E-003
   55074.7640781704      -1.115088429444522E-003  1.194938076607858E-003
   55074.7845113043       3.838115328014258E-004  1.194960951164844E-003
   55074.8049444379      -1.319089940606921E-003  1.194835598592560E-003
   55074.8253775711      -2.284659191396088E-004  1.194954629469096E-003
   55074.8458106043       1.319422150622529E-003  1.195547371625764E-003
   55074.8662438372       1.769908900492112E-003  1.195501456151377E-003
   55074.8866769697      -1.667653673468883E-003  1.194771050751755E-003
   55139.8630921629      -1.846905929069109E-003  1.431112339033680E-003
   55139.8835248472      -6.534816294756496E-006  1.431083380185011E-003
   55139.9039575315      -4.042738239562471E-005  1.431404959860549E-003
   55139.9243902157       1.190836119252969E-003  1.431490775087496E-003
   55139.9448229000       9.352888435394391E-004  1.431459845217713E-003
   55139.9652554844       1.160252029014153E-003  1.432047815977609E-003
   55139.9856882687       3.631964693542322E-003  1.431354471396639E-003
   55140.0061209531      -1.170370096685303E-003  1.430958751003826E-003
   55140.0265535375       9.901867058053071E-004  1.431319447867620E-003
   55140.0469863219       2.067530715386567E-003  1.431478039258762E-003
   55140.0674189064      -1.882547353769803E-004  1.431456358026512E-003
   55140.0878515909      -5.074474422163133E-004  1.431443925431796E-003
   55140.1082842753      -7.306550533972000E-004  1.431312473485218E-003
   55140.1287170599      -2.910417038476387E-004  1.431426337858782E-003
   55140.1491496444       8.598802310151310E-004  1.431444835133848E-003
   55140.1695823290      -2.337790784326832E-003  1.431258194596089E-003
   55140.1900151136       2.167258525347160E-003  1.431594632738484E-003
   55140.2104476982       5.068930751388478E-004  1.431437709134437E-003
   55140.2308803828      -1.748752987271396E-003  1.431247733022485E-003
   55140.2513131674       7.720417784573552E-004  1.431471368110378E-003
   55140.2717457521      -9.045303451638009E-005  1.431342190418931E-003
   55140.2921784369      -4.432665860245599E-004  1.431362355481093E-003
   55140.3126110215       9.115610895293891E-004  1.431542476487477E-003
   55140.3330438063      -1.563713213016404E-004  1.431447564240005E-003
   55140.3534764911      -1.079517021386645E-003  1.431237271448882E-003
   55140.3739091759      -5.238265028632672E-003  1.430859896714127E-003
   55140.3943418608       2.770309169290996E-004  1.431359323140918E-003
   55140.4147745456      -1.616172653902903E-003  1.431287759912793E-003
   55140.4352072305       1.751199722216157E-003  1.431524282446428E-003
   55140.4556400154      -5.304908739334202E-005  1.431270930424823E-003
   55140.4760726003      -1.910906065439755E-003  1.431224535620148E-003
   55140.4965052853      -2.724505440764746E-003  1.431136749372087E-003
   55140.5169378703      -7.345461198757786E-004  1.431395407988999E-003
   55140.5373706552      -1.567026930053839E-004  1.431259407532158E-003
   55140.5578033403      -6.492357802723170E-004  1.431147514179708E-003
   55140.5782359253      -6.615634912936486E-004  1.431490926704505E-003
   55140.5986687104       2.433418954874700E-004  1.431365994289303E-003
   55140.6191013955       2.644689619398122E-003  1.431630262735538E-003
   55140.6395340806       8.490634645497153E-004  1.431636782266913E-003
   55140.6599667658       2.139027609916022E-003  1.431664983030539E-003
   55140.6803994510      -1.996560360846500E-003  1.431393133733868E-003
   55140.7008321362       4.509298401476292E-003  1.431787641190610E-003
   55140.7212647215      -2.069737670805094E-003  1.431357503736813E-003
   55140.7416975067      -1.642283323056826E-003  1.431529740658743E-003
   55140.7621301920       2.270276703110419E-003  1.431574467676321E-003
   55140.7825627773       2.315196234352168E-003  1.431498355937933E-003
   55140.8029955627       1.445074626161613E-003  1.431521401723262E-003
   55140.8234282480       2.697187080151764E-004  1.431521704957279E-003
   55140.8438608335      -1.133621903275150E-003  1.431496233299811E-003
   55140.8847263044      -5.234546577926880E-004  1.431625865842284E-003
   55140.9051588898      -2.509848111632906E-003  1.431415118200135E-003
   55140.9255915754      -1.918983709194966E-003  1.431483649088085E-003
   55140.9460243609       2.128687560839726E-003  1.431801286721397E-003
   55140.9664569465       9.341840497831821E-004  1.431584929249924E-003
   55140.9868896320      -1.991378669366606E-003  1.431503359299222E-003
   55141.0073224177       1.939546117133206E-003  1.431624198055188E-003
   55141.0277550033      -4.418909727528231E-004  1.431503056065204E-003
   55206.0248727726       9.574360099611212E-004  1.353173229060300E-003
   55206.0453060832      -3.201358321597292E-004  1.352854106073713E-003
   55206.0657394940       1.000759171947418E-004  1.352669350660426E-003
   55206.0861727053       8.487048992824597E-004  1.352839757218618E-003
   55206.1066060168       7.128233033493192E-004  1.352806499019597E-003
   55206.1270394286       4.063720772284896E-005  1.352902825442178E-003
   55206.1474727408      -3.131003612043548E-004  1.352362685594543E-003
   55206.1679059533       2.463653603665295E-003  1.353372778254422E-003
   55206.1883393661      -1.869520571227135E-003  1.352758447039742E-003
   55206.2087725792      -8.491484070815014E-004  1.352685034292740E-003
   55206.2292058926      -2.095708910423211E-003  1.352735310901293E-003
   55206.2496393063       4.218891660271229E-003  1.353684115040569E-003
   55206.2700725204       7.654454861323323E-004  1.353176677234780E-003
   55206.2905058349      -1.025876178078033E-003  1.352715956631629E-003
   55206.3109390496      -2.158268439372835E-004  1.352937863344156E-003
   55206.3313724647      -2.423402950741949E-004  1.352847877113362E-003
   55206.3518057800       4.833937860926341E-005  1.353027849574950E-003
   55206.3722390956      -1.377238611379727E-003  1.352668238346078E-003
   55206.4131057280      -1.808183023635834E-003  1.352685479218480E-003
   55206.4335390445       1.346554866523908E-003  1.353098592767515E-003
   55206.4539723615       1.584670475646810E-003  1.352802160993638E-003
   55206.4744056787      -9.371397598229025E-004  1.352647326836326E-003
   55206.4948389963      -9.012524710487746E-004  1.352826409446435E-003
   55206.5152724142       9.175575977762307E-004  1.352645880827673E-003
   55206.5357056325       1.037790327940602E-003  1.352940644130027E-003
   55206.5561389510       4.366018032440078E-004  1.352675134695039E-003
   55206.5765723699      -1.928918860198969E-003  1.352438211738807E-003
   55206.5970055891      -3.492998856811758E-003  1.352418635006273E-003
   55206.6174389085       3.149751782913768E-004  1.352885473338341E-003
   55206.6378721283      -1.065301132033847E-004  1.352572913006411E-003
   55206.6583055484      -3.681679838762997E-003  1.352032439464472E-003
   55206.6787388689      -8.839187164575435E-004  1.352599831013645E-003
   55206.6991721898       6.448712195634698E-004  1.352638762015843E-003
   55206.7196055108      -2.895227656467658E-003  1.352292053633413E-003
   55206.7400388323      -1.010727570024517E-003  1.352756222411045E-003
   55206.7604721539       1.492718192999121E-003  1.352711507374235E-003
   55206.7809054760      -1.286367654340648E-004  1.352878576989380E-003
   55206.8013387984       5.621478985315953E-004  1.352745432961864E-003
   55206.8217721211       3.842910898608221E-004  1.352858444099672E-003
   55206.8422055440       6.707533467409377E-004  1.352595604219121E-003
   55206.8626387674       3.168786789062850E-004  1.352449557345161E-003
   55206.8830720910       1.098310362467103E-003  1.352960332093996E-003
   55206.9035055150      -2.059457807650267E-003  1.352462905117344E-003
   55206.9239387393      -1.101480793078813E-003  1.352644101124715E-003
   55206.9443720639       1.497519227507071E-003  1.352899043573393E-003
   55206.9648052888       4.028586794531108E-004  1.352755443791001E-003
   55206.9852387141       3.581827182213004E-004  1.352675802083648E-003
   55207.0056720397       4.323433354882500E-004  1.352990253349970E-003
   55207.0261053655      -1.006440509957574E-003  1.352299617370983E-003
   55207.0465386917       1.211499004116767E-004  1.352728303320897E-003
   55207.0669720183       1.071493705793403E-003  1.352794263561764E-003
   55207.0874052451      -1.430112915017490E-003  1.352614513563045E-003
   55207.1078386723       1.818288424333403E-004  1.352951989736382E-003
   55207.1282719997       3.749025795706906E-003  1.354165969616342E-003
   55207.1487052276      -3.357397829832909E-004  1.352754109013783E-003
   55207.1691386557       5.818830382939844E-004  1.352591043730292E-003
   55207.1895719841       1.329513302032348E-003  1.352762673834266E-003
   55272.1691481471      -2.559969205002677E-004  1.352466019597519E-003
   55272.1895824126       1.738429453614021E-003  1.353165109165556E-003
   55272.2100167783      -3.063076011234900E-004  1.352596494070599E-003
   55272.2304509441       9.978593278208159E-004  1.352942646295854E-003
   55272.2508852102      -1.001663021575006E-003  1.352441548681852E-003
   55272.2713194764       1.335299051921313E-003  1.352707058116841E-003
   55272.2917537429      -8.916638441247571E-005  1.352570354683409E-003
   55272.3121880096      -6.441324689819838E-004  1.352358347568584E-003
   55272.3326222765       1.097507155718436E-004  1.352815953691560E-003
   55272.3530566435       2.516951909692366E-003  1.353011721016897E-003
   55272.3734908108       6.770167137848393E-004  1.352575582560847E-003
   55272.3939250783       1.864429564451875E-003  1.352490601744621E-003
   55272.4143594460      -1.022513385238621E-003  1.352584369844201E-003
   55272.4347936139      -2.032430126418516E-004  1.352298060130895E-003
   55272.4552278819      -2.502236214452225E-005  1.352384709418644E-003
   55272.4756621502       1.482001978213576E-003  1.352741094935905E-003
   55272.4960964187      -6.112730660517984E-004  1.352301063379636E-003
   55272.5165306874       2.612314090199908E-003  1.353525165320167E-003
   55272.5369649562      -2.077444860508315E-003  1.352093060596465E-003
   55272.5573992254      -3.767928493155770E-003  1.351495859022752E-003
   55272.5778334947      -3.761270008376894E-003  1.351764371706482E-003
   55272.5982677642       3.418223334930026E-004  1.352422528106493E-003
   55272.6187020339      -1.292905763711882E-003  1.352091614587812E-003
   55272.6391363038       4.421153968106051E-004  1.352415520526097E-003
   55272.6595705739       8.292022798590537E-004  1.352757223493958E-003
   55272.6800048442      -6.671494433910796E-004  1.352250008151039E-003
   55272.7004391147       8.673031957484589E-005  1.352324310749520E-003
   55272.7208732854       3.893670237569147E-004  1.352661898154291E-003
   55272.7413076563       1.077714045957023E-003  1.352621409912006E-003
   55272.7617419274      -1.612207092594131E-003  1.352105963442908E-003
   55272.7821760987      -1.051604057492939E-003  1.352017089526462E-003
   55272.8026104703       1.075837424147075E-003  1.352541323278913E-003
   55272.8230447420       6.911678604719640E-004  1.352372807655115E-003
   55272.8434789139      -6.841091111704500E-004  1.352367023620502E-003
   55272.8639132860      -9.149424584934396E-004  1.352199509079617E-003
   55272.8843475583       7.762994504141307E-004  1.352464573588866E-003
   55272.9047818308       8.138686222360914E-004  1.352893704464520E-003
   55272.9252161036       4.460489429201075E-004  1.352130211895705E-003
   55272.9456503765       3.310473839985617E-003  1.354279981837064E-003
   55272.9660846496       2.047820736209127E-003  1.352458233397080E-003
   55272.9865189229       1.615280713155309E-003  1.352494383613406E-003
   55273.0069531965      -2.977134053104402E-003  1.351553588137440E-003
   55273.0273874702      -9.061088927118099E-004  1.352080157750023E-003
   55273.0478218441      -1.940750306406724E-003  1.352125985101181E-003
   55273.0682560182      -7.019675077747367E-004  1.351797963599807E-003
   55273.0886902925      -1.286277010226766E-003  1.351769488352485E-003
   55273.1091246670       2.933336208457149E-004  1.352308182191466E-003
   55273.1295588418      -7.681668854278012E-004  1.351857249954582E-003
   55273.1499931167       1.112240715463786E-003  1.352183380521564E-003
   55273.1704272918       1.307805222832137E-004  1.352093950447944E-003
   55273.1908616671       8.753135457351124E-004  1.352139555336233E-003
   55273.2112959426       1.305978746135805E-003  1.352857665479628E-003
   55273.2317302184      -8.114410266598648E-004  1.352093727985074E-003
   55273.2521644943      -1.374398733744342E-003  1.351680280741735E-003
   55273.2725987704      -1.670921720736684E-004  1.351949905739813E-003
   55273.2930330467      -9.040803915617568E-004  1.352086942867549E-003
   55273.3134673232       1.903600938577332E-003  1.352192390267787E-003
   55273.3339015999       3.680174348517085E-004  1.352255903417087E-003
   55338.3357999327       3.775488922196368E-003  1.381301524956905E-003
   55338.3562342480       5.270351264083928E-004  1.380537299890330E-003
   55338.3766686632       2.175644971714297E-003  1.380948187795337E-003
   55338.3971031782      -7.096904140178051E-004  1.380385898729589E-003
   55338.4175374932       2.133683015643317E-003  1.381046003723230E-003
   55338.4379719081       5.823947275638508E-003  1.381156021222170E-003
   55338.4584064227       3.248468166717089E-003  1.381840020959110E-003
   55338.4788407374       4.610393394496759E-003  1.381249159881161E-003
   55338.4992751519       3.682769060461721E-003  1.380935172786220E-003
   55338.5197096663       2.597291993315931E-003  1.380901211746806E-003
   55338.5401439805       3.987594404870176E-003  1.380908532689434E-003
   55338.5605784947       5.067047962062921E-003  1.381268987434113E-003
   55338.5810129088       3.048234257187143E-003  1.380947984435819E-003
   55338.6014473228       2.466101869646575E-003  1.381083726913716E-003
   55338.6218817366       2.372187597045938E-003  1.381013161161162E-003
   55338.6423161504       5.654957957371032E-003  1.381276206696982E-003
   55338.6627505640       3.035549200107068E-003  1.380699275745979E-003
   55338.6831849775       3.818174585028755E-003  1.380773196930572E-003
   55338.7036193909       3.672331666492390E-003  1.380901415106323E-003
   55338.7240538042       2.951338520908120E-003  1.380640606525194E-003
   55338.7444882174       3.176394987029374E-003  1.380712494114613E-003
   55338.7649226304       4.673007104966986E-003  1.381217232436922E-003
   55338.7853570433       2.574453982651770E-003  1.380824240169451E-003
   55338.8057915563       3.899929469186159E-003  1.381276613416017E-003
   55338.8262258690       3.705327255116853E-003  1.381138328944152E-003
   55338.8466602816       3.030157784117860E-003  1.381090641137310E-003
   55338.8670947941       3.350614434119992E-003  1.380936392943325E-003
   55338.8875291066       1.140900764257768E-003  1.380490323841800E-003
   55338.9079635188       2.661376408323868E-003  1.380931207275630E-003
   55338.9283980310      -6.224770062734919E-007  1.380429214306806E-003
   55338.9488323430       2.108245859647973E-003  1.380605730367952E-003
   55338.9692668550       2.337208878293140E-003  1.380856981051761E-003
   55338.9897011669       1.269832989811093E-003  1.380614678186720E-003
   55339.0101355785       2.640178902639567E-003  1.380726525921317E-003
   55339.0305700902       4.500539896875155E-003  1.381000959590115E-003
   55339.0510044017       2.593837347514949E-003  1.380705681570778E-003
   55339.0714388131       5.439700110099199E-003  1.381161105210106E-003
   55339.1123076355      -5.445034752348366E-003  1.379597168841162E-003
   55339.1327420466      -6.062728676887508E-003  1.379384251426393E-003
   55339.1531765575      -3.411715642290480E-003  1.379826253337569E-003
   55339.1736109684      -4.990963741398291E-003  1.379457257493157E-003
   55339.1940452791      -6.625713531534183E-003  1.379403367221033E-003
   55339.2144797898      -6.032250330941236E-003  1.379214344549564E-003
   55339.2349142003      -5.557041602581525E-003  1.379483694230426E-003
   55339.2553485106      -6.480589995450314E-003  1.379051656935605E-003
   55339.2757830209      -7.966476205235162E-003  1.378625415387031E-003
   55339.2962174310      -6.573121652966640E-003  1.379023898361473E-003
   55339.3166519410      -4.814434817187019E-003  1.379332699788720E-003
   55339.3575206608      -4.350892541648221E-003  1.379494980683644E-003
   55339.3779551705      -4.507362131059067E-003  1.379347341673976E-003
   55339.3983894801      -2.818621117803954E-003  1.379546328961800E-003
   55339.4188238896      -4.870372364093045E-003  1.379060604754372E-003
   55339.4392583989      -4.199470462279531E-003  1.379638552502963E-003
   55339.4596927081      -7.119424808456287E-003  1.378975803835596E-003
   55339.4801271173      -3.501028761862313E-003  1.379321616695019E-003
   55339.5005616263      -4.294560987460394E-003  1.379234070422757E-003
   55404.4810043995       1.133055451556286E-003  1.176553453842766E-003
   55404.5014382099      -1.310738640743048E-003  1.176718154590502E-003
   55404.5218718198       8.652934437902715E-004  1.176435506047013E-003
   55404.5423055294      -1.237612970539481E-003  1.176287726608976E-003
   55404.5627393389       1.407176622507667E-003  1.176610359580569E-003
   55404.5831729481      -7.676419442406157E-004  1.176301012970666E-003
   55404.6036066570       3.581853202370144E-004  1.176399657939059E-003
   55404.6240403655      -2.105669229125140E-003  1.176317432908225E-003
   55404.6444740738      -7.042901105347443E-005  1.176556838104706E-003
   55404.6649077816      -1.031254867686404E-003  1.176396649706223E-003
   55404.6853414894       1.419565077071860E-003  1.176637182990017E-003
   55404.7057751967      -2.150043001748925E-003  1.176105227150298E-003
   55404.7262090038       7.909113399162671E-004  1.176579525194006E-003
   55404.7466426107       1.272878086938434E-003  1.176634926815391E-003
   55404.7670763173       6.703136521963859E-004  1.176497801535312E-003
   55404.7875101235      -2.755259363244056E-003  1.176104475092089E-003
   55404.8079438295      -3.420985818866074E-004  1.176285219748280E-003
   55404.8283774352       2.413810175212472E-004  1.176164639748796E-003
   55404.8488112406      -7.835497074892839E-004  1.176173789790337E-003
   55404.8692449456      -5.600919767085877E-004  1.176332975444541E-003
   55404.8896785504       6.174118628199388E-004  1.176270679956242E-003
   55404.9101123549       1.248925010950863E-003  1.176554456587045E-003
   55404.9305460593       3.028324734091203E-004  1.176413696358957E-003
   55404.9714134667      -8.897569173504150E-003  1.175549456133965E-003
   55404.9918471701      -8.065731316089786E-003  1.175619898919526E-003
   55405.1757504874      -9.229238507643678E-003  1.175552213680731E-003
   55405.1961842878      -3.075602857433135E-003  1.176183065174913E-003
   55405.2166178881      -1.132739278719042E-003  1.176448165693529E-003
   55405.2370515880      -9.288204631224817E-004  1.176179555569938E-003
   55405.2574853877       8.694732842116082E-004  1.176243104488585E-003
   55405.2779190869      -1.260451401365215E-003  1.176205000206004E-003
   55405.2983526858      -1.245137181934419E-004  1.176306277378128E-003
   55405.3187864848      -4.849652959548756E-005  1.176361177627373E-003
   55405.3392201830       7.853597688336489E-004  1.176301639685840E-003
   55405.3596537813       3.532180712220168E-004  1.176244232575898E-003
   55405.3800875793      -1.645391559212950E-005  1.176403292887068E-003
   55405.4005211769      -2.530539166590851E-004  1.176349771411205E-003
   55405.4209549742      -6.807517464682000E-004  1.176375717419410E-003
   55405.4413886710      -1.252071563533241E-003  1.176445032117658E-003
   55405.4618222679      -1.441292626485624E-003  1.176287225236837E-003
   55405.4822560643      -1.836569276511879E-003  1.176397401764432E-003
   55405.5026897604       1.427988905178257E-005  1.176404044945277E-003
   55405.5231233564       1.083131089345546E-004  1.176267295694303E-003
   55405.5435571518       2.328950577115130E-004  1.176479000080091E-003
   55405.5639908471       2.520358700852654E-005  1.176417832679105E-003
   55405.5844244421      -1.021958147139568E-003  1.176396775049258E-003
   55405.6048582368       2.528346990349206E-004  1.177064352052638E-003
   55405.6252919311      -1.259821883592194E-003  1.176354534446528E-003
   55405.6457256254       1.598256323677161E-003  1.176626904861163E-003
   55470.6439014506       4.130113370897082E-004  1.421642991842550E-003
   55470.6643343100       1.681805352661270E-003  1.421471317995033E-003
   55470.6847670693      -1.241942082087832E-003  1.421013926557182E-003
   55470.7256328871       4.692667113825877E-004  1.420934856228830E-003
   55470.7460656460      -7.545934814880972E-004  1.421407757615704E-003
   55470.7664986045      -5.334086624527501E-003  1.421352104269210E-003
   55470.7869314627       5.219678350327772E-004  1.421319411729603E-003
   55470.8073642209      -1.000908886860885E-003  1.421706400163555E-003
   55470.8277971788      -1.223606830128343E-003  1.421604064911669E-003
   55470.8482300366      -1.803810346766577E-004  1.422067690740794E-003
   55470.8686627941      -1.102418315346299E-003  1.421459609504104E-003
   55470.8890957516      -8.312933430623115E-004  1.421485763535789E-003
   55470.9095286088      -1.462585958678542E-003  1.420987316350525E-003
   55470.9299615659       1.077212871125610E-006  1.421957448456072E-003
   55470.9503943227      -3.910090927275456E-003  1.420928621837557E-003
   55470.9708271793      -1.527875467925988E-003  1.421665192357818E-003
   55470.9912601358      -1.912699648615179E-004  1.421746239444379E-003
   55471.0116928922       5.599061790295679E-005  1.422044577875583E-003
   55471.0321257483       6.793894511480936E-005  1.421349519277706E-003
   55471.0525586041      -3.547974360917916E-005  1.421754754710509E-003
   55471.0729914600       2.629236305832006E-003  1.421988316295794E-003
   55471.0934243154       1.903782589540715E-004  1.421529556333030E-003
   55471.1138571708      -1.581292526994238E-003  1.421738940644839E-003
   55471.1342900260      -3.852198791344907E-003  1.421736659769982E-003
   55471.1547228812      -6.471195420751918E-004  1.421602392270108E-003
   55471.1751558359      -8.917493675073551E-004  1.422109506779826E-003
   55471.1955885906      -3.163056712383039E-003  1.421730577437032E-003
   55471.2160215451      -4.897340739653533E-004  1.421710049563326E-003
   55471.2364543993      -3.920096584660859E-004  1.421471926228328E-003
   55471.2568871536      -8.386415685912585E-004  1.421844925296495E-003
   55471.2773201076       3.539810490620354E-004  1.421380691234075E-003
   55471.2977529611      -2.920733214473614E-003  1.420967092593466E-003
   55471.3181857149      -3.275682536390212E-003  1.421080832219634E-003
   55471.3386186682      -1.660015776609458E-003  1.421612580177800E-003
   55471.3590515213      -1.652339215854060E-003  1.421121735908724E-003
   55471.3794842744      -1.757781452699114E-003  1.421683591414992E-003
   55471.3999172272      -3.010463832227028E-004  1.421662607366314E-003
   55471.4203500801      -7.066059738185526E-004  1.421869710803267E-003
   55471.4407829324       1.099885419942215E-003  1.421615621344275E-003
   55471.4612157848      -1.908957739487627E-003  1.421806150423938E-003
   55471.4816486370       1.441889169232269E-003  1.421931294424387E-003
   55471.5020815889      -9.130862335349210E-005  1.421512373742446E-003
   55471.5225143406       1.050763029970536E-003  1.421884764577318E-003
   55471.5429471923      -1.363182575488953E-003  1.421627938068499E-003
   55471.5633801435       2.627132106024277E-003  1.421930534132768E-003
   55471.5838129947      -1.139616903018226E-003  1.421997591853543E-003
   55471.6042457459       2.995585498770437E-003  1.421698341072397E-003
   55471.6246786967      -4.714073556091325E-004  1.421501577601460E-003
   55471.6451115474       4.669133237213519E-003  1.421401827341077E-003
   55471.6655442979      -7.863151072299290E-004  1.421965507547231E-003
   55471.6859772482       1.596764183887878E-003  1.421727536270557E-003
   55471.7064099983      -1.898017025752430E-003  1.421607258136468E-003
   55471.7268428483      -6.220869551373243E-004  1.421334009328683E-003
   55471.7677085477       2.645267157432407E-003  1.421619878977340E-003
   55471.7881414971      -2.122070058842684E-003  1.421557687122924E-003
   55471.8085743464      -1.477352449808067E-003  1.421706704280203E-003
   55536.8051128529       1.275284943106358E-003  1.428514203376320E-003
   55536.8255456575       2.992020620309344E-004  1.429011890269965E-003
   55536.8459783623       7.097830638629343E-004  1.427789645463635E-003
   55536.8664112672       3.529749196269361E-004  1.428681467532448E-003
   55536.8868440723       1.096126304263700E-003  1.428693023965054E-003
   55536.9072767776      -2.020866791202169E-003  1.428530473616961E-003
   55536.9277096831      -6.241846185652822E-004  1.428455204746703E-003
   55536.9481424887       4.392244789843680E-004  1.428198834412855E-003
   55536.9685751945       2.218091753572349E-003  1.429005959995338E-003
   55536.9890081004      -1.152406829526553E-004  1.428375678243380E-003
   55537.0094408066       4.371194487107211E-005  1.428040693756151E-003
   55537.0298737129       1.346164959177054E-003  1.428546743857603E-003
   55537.0503065193      -2.218160365410560E-003  1.428467369412603E-003
   55537.0707392259       2.024038193227717E-003  1.428673408441289E-003
   55537.0911721327      -9.017950900294114E-004  1.428063350446391E-003
   55537.1116049396      -6.857045079003976E-004  1.428207501737309E-003
   55537.1320376468      -1.926296683784745E-003  1.428489721986195E-003
   55537.1524705540      -4.694876854128838E-004  1.428772550468377E-003
   55537.1729033615      -2.375078116870766E-004  1.428933428174908E-003
   55537.1933361691       2.798896386129845E-003  1.429200442591419E-003
   55537.2137689769      -5.100800103021719E-004  1.428387538792633E-003
   55537.2342017849       4.017116819397204E-003  1.428718417705120E-003
   55537.2546346929       3.369711983808088E-003  1.429072865657790E-003
   55537.2750674013       5.181317555187359E-004  1.428846906988692E-003
   55537.2955002097       3.126251573773109E-003  1.428517244542795E-003
   55537.3159331183      -2.629264966713007E-003  1.428804938891336E-003
   55537.3363659271      -5.901472571463451E-004  1.428342985703773E-003
   55537.3567986361       8.457020588303887E-004  1.428478469670238E-003
   55537.3772315452      -6.771242620987605E-004  1.428836719081001E-003
   55537.3976643545      -1.881297827441619E-003  1.428415061349232E-003
   55537.4180970640       3.283822289368299E-004  1.428300561431446E-003
   55537.4385299736      -3.284135749550554E-004  1.428254183642701E-003
   55537.4793956934       2.424696708639207E-003  1.428915789409352E-003
   55537.4998284035       2.547625806497367E-003  1.428904689151718E-003
   55537.5202612139      -5.607643328967571E-004  1.428847515221987E-003
   55537.5406941243       2.559787675855185E-003  1.428916245584324E-003
   55537.5611268350      -1.596467639977894E-003  1.428604678078953E-003
   55537.5815596458       1.261674732360163E-004  1.428813150040819E-003
   55537.6019924568       2.716709352059699E-004  1.428679186657592E-003
   55537.6224252680       8.206143175084613E-004  1.428829268223137E-003
   55537.6428579793      -1.429937473698684E-003  1.429097042931266E-003
   55537.6632908908      -1.796700323829725E-003  1.428703820106040E-003
   55537.6837237025       1.355273489165754E-003  1.428953195756996E-003
   55537.7041566143      -5.226776148888890E-004  1.428849339921872E-003
   55537.7245893263       2.294004537767735E-003  1.428910923542992E-003
   55537.7450221385       2.895256733439044E-003  1.428939662566182E-003
   55537.7654550509       9.984571137628961E-004  1.428845994638750E-003
   55537.7858877634      -1.199613401640764E-003  1.428923848500511E-003
   55537.8063205761      -1.580176714110704E-003  1.428842801413951E-003
   55537.8267534889      -1.796501193918165E-003  1.429322545425393E-003
   55537.8471863020      -2.317846499766407E-004  1.429189342333785E-003
   55537.8676190152      -1.061880996410247E-003  1.428870019853903E-003
   55537.8880519285      -6.477137404665712E-004  1.428998357079150E-003
   55537.9084847421      -5.668445459213745E-004  1.428822577656891E-003
   55537.9289175558       1.540434033549198E-003  1.428944680490865E-003
   55537.9493503697       2.030767985662596E-003  1.429216104598765E-003
   55537.9697831838       4.822725997490895E-004  1.429030441385462E-003
   55602.9474213475      -1.286879744313962E-003  1.220550922952515E-003
   55602.9678550629      -1.422566178034268E-003  1.220686461414160E-003
   55602.9882887788      -1.965258982421392E-003  1.220457590944849E-003
   55603.0087224948      -1.276018441736970E-003  1.220496850910531E-003
   55603.0291562114      -2.978769348043198E-004  1.220445884626481E-003
   55603.0495898281       1.607149037213151E-003  1.220825344538196E-003
   55603.0700236453       7.027216128618896E-005  1.220817699595589E-003
   55603.0904573627      -1.585444901400890E-003  1.220516600345600E-003
   55603.1108910805       3.185296908177371E-003  1.220956264180349E-003
   55603.1313247986       2.814144832175236E-003  1.221092041546451E-003
   55603.1517585170      -9.307633002084703E-004  1.220558328990666E-003
   55603.1721923357       2.657540863473251E-004  1.220792136818745E-003
   55603.1926259548       5.983465822152478E-004  1.220638919427320E-003
   55603.2130596742      -1.562621789997332E-003  1.220527828855055E-003
   55603.2334934939      -4.631689957661500E-004  1.220716244836402E-003
   55603.2539271139      -2.133863055438168E-003  1.220530536438895E-003
   55603.2743609343       3.679954137789654E-004  1.220829167009500E-003
   55603.2947946550       1.795143518154019E-003  1.220839200996672E-003
   55603.3152282760      -1.179550265493212E-004  1.220680568437567E-003
   55603.3356620973       1.045916875334285E-003  1.220865799026161E-003
   55603.3560958190       2.659181920057208E-004  1.220616860582505E-003
   55603.3765294410      -1.688449050670782E-004  1.220778121090631E-003
   55603.3969632632       3.767076670759817E-004  1.220760840334945E-003
   55603.4173969859       3.371459488819006E-004  1.220884274304129E-003
   55603.4378307088       1.022122633171252E-003  1.221109003762861E-003
   55603.4582644320      -2.229925548987377E-003  1.220616303138773E-003
   55603.4786981556       4.687055394174688E-004  1.220786004937695E-003
   55603.4991319795      -1.040635163598647E-003  1.220867391722537E-003
   55603.5195656038      -2.177702765950529E-003  1.220593129406494E-003
   55603.5399993284      -2.775119157419459E-003  1.220637804539857E-003
   55603.5604331532       1.607634498846489E-003  1.220943841148612E-003
   55603.5808668785       9.014217233049848E-004  1.220766016598169E-003
   55603.6013005039      -9.441744901195204E-004  1.220579591487293E-003
   55603.6217342298      -7.405565021256777E-004  1.220666074900540E-003
   55603.6421680560       8.002641320856707E-004  1.220834343272724E-003
   55603.6626017824       1.220888374453111E-003  1.220905297896299E-003
   55603.6830355093       4.322848633844245E-004  1.220888096775433E-003
   55603.7034691364      -3.076602800917483E-003  1.220500036303284E-003
   55603.7239029639      -9.148938083356484E-004  1.220843023467976E-003
   55603.7443366916      -3.529852545666179E-004  1.220774776428240E-003
   55603.7647703198      -6.189012055951570E-004  1.220842067850150E-003
   55603.7852041482       6.798000005774352E-004  1.220927914184846E-003
   55603.8056378770       3.191741535049086E-004  1.220701910569013E-003
   55603.8260715061      -2.477401515079691E-004  1.220859746779930E-003
   55603.8465053354      -2.717079010525758E-004  1.220811408444901E-003
   55603.8669390652       3.719618997675145E-004  1.220859667145111E-003
   55603.8873728952      -2.204219290115828E-003  1.220482596277961E-003
   55603.9078065255       6.197830779708369E-004  1.220826459425660E-003
   55603.9282402562      -2.028861995695408E-005  1.220824150015914E-003
   55603.9486740872       1.756738113631862E-004  1.220745231910455E-003
   55603.9691077186       2.198499682566357E-004  1.220756699324367E-003
   55603.9895414503       8.016892365947381E-004  1.221037571330372E-003
   55604.0099752822      -5.493924575028508E-004  1.220997913190596E-003
   55604.0304089146      -1.425465821564553E-003  1.220682877847313E-003
   55604.0508427472       2.594908854862243E-003  1.220957060528537E-003
   55604.0712764801      -1.154754039958683E-003  1.220882920512209E-003
   55604.0917101134      -1.518505184502805E-003  1.220756938228823E-003
   55604.1121439469       2.561496324391399E-004  1.221055090990515E-003
   55669.1131682365      -1.234936123062469E-003  1.395231058436438E-003
   55669.1336027809       2.375526054018584E-003  1.395819298395844E-003
   55669.1540371253       7.373904257164110E-004  1.395615971524975E-003
   55669.1744716698      -3.203274101444276E-004  1.395431693607386E-003
   55669.1949061144       1.030957413846068E-003  1.395456643595105E-003
   55669.2153404591      -6.751071455679547E-005  1.395673843073252E-003
   55669.2357750038      -1.715788418968800E-003  1.395215632925358E-003
   55669.2562094487       8.078695715270090E-004  1.395801698819445E-003
   55669.2766438936       1.512591864651913E-003  1.395519898543221E-003
   55669.2970783386      -1.181879975829414E-003  1.395649824827813E-003
   55669.3175127837       3.492822776867133E-004  1.395813086780644E-003
   55669.3379472289       3.392720190051879E-004  1.395466789233264E-003
   55669.3583816742       2.475393976742124E-003  1.396365817006492E-003
   55669.3788161195      -2.716992004743513E-003  1.395093057052086E-003
   55669.3992506650       1.625395202090374E-003  1.395880275751720E-003
   55669.4196850105       1.145345124272001E-003  1.395801491765605E-003
   55669.4401194561       3.317278472843022E-004  1.395463372844904E-003
   55669.4605540018      -1.863707034460704E-004  1.395648996612453E-003
   55669.4809883475       1.429896217239213E-003  1.395876548782600E-003
   55669.5014227934       3.786792150823892E-004  1.395681607592251E-003
   55669.5218573393       1.387249477323049E-003  1.395678294730812E-003
   55669.5422916853      -3.145853102380358E-003  1.395134364293163E-003
   55669.5627262314      -9.460321192876764E-004  1.395462234048784E-003
   55669.5831606776      -2.155042974419819E-003  1.395114280070684E-003
   55669.6035950238      -2.300238865246440E-003  1.395133329023963E-003
   55669.6240295702      -1.246882350077194E-003  1.395366368120870E-003
   55669.6444640166      -3.132499205543260E-003  1.394868921270298E-003
   55669.6648983631      -3.074807877363472E-004  1.395460784671904E-003
   55669.6853329097      -2.414881251092793E-003  1.395431279499706E-003
   55669.7057673564      -1.615355262719054E-003  1.395307668357233E-003
   55669.7262017031      -3.447701211941601E-004  1.395608207005976E-003
   55669.7466362500      -1.242017645954441E-003  1.395485838186543E-003
   55669.7670706969       1.953873459570543E-003  1.395727987652409E-003
   55669.7875052439      -4.249691250127752E-004  1.395137573627683E-003
   55669.8079395910       1.013576456131871E-003  1.395662558638973E-003
   55669.8283740382       1.636822951405437E-003  1.395845387179682E-003
   55669.8488085854      -1.586207179844368E-003  1.395341211079311E-003
   55669.8692429327       1.664266459981523E-003  1.395714425625890E-003
   55669.8896773801      -1.365989568157144E-003  1.395243067559157E-003
   55669.9101119276      -7.334453886616021E-004  1.395388108774069E-003
   55669.9305463752       4.680878303311431E-004  1.395415232827107E-003
   55669.9509807228       9.486356806525098E-004  1.395377859608989E-003
   55669.9714152706       3.329780146279493E-004  1.395331376021912E-003
   55670.0122841663       3.674715086281477E-004  1.395548057865459E-003
   55670.0327186142       1.220486527500064E-003  1.395769916055006E-003
   55670.0531530623       9.213790286666246E-005  1.395309324787953E-003
   55670.0735875104      -6.513696245187273E-004  1.395135813670043E-003
   55670.0940219586       5.642374963528152E-004  1.395479937152103E-003
   55670.1144564069       1.879223246907813E-003  1.395553544792219E-003
   55670.1348908553      -2.729191275274712E-004  1.395170909295921E-003
   55670.1553253037      -3.261567895183615E-003  1.395051542757168E-003
   55670.1757598523       1.689443004223801E-003  1.395600338960056E-003
   55670.1961942009      -1.627661678605841E-003  1.395318124576153E-003
   55670.2166286496       1.047111530922740E-003  1.395583567599017E-003
   55670.2370631983      -1.996545906079450E-003  1.395154655569482E-003
   55670.2574975472       2.433562317265547E-004  1.395409435319587E-003
   55670.2779319961      -1.154849040842953E-003  1.395589572160377E-003
   55735.2593733295      -9.745719834763911E-005  1.381539519740308E-003
   55735.2798076505       7.435001533289132E-004  1.381733632715297E-003
   55735.3002417712      -1.533946734147973E-004  1.381558154585907E-003
   55735.3206759917      -7.227427080869209E-005  1.381696155970259E-003
   55735.3411103120       2.518894548326545E-003  1.381890890106767E-003
   55735.3615444320      -1.023497734039092E-003  1.381482786988151E-003
   55735.3819786518       1.544656669935307E-003  1.381769867137294E-003
   55735.4024129716      -1.528802521206241E-003  1.381238981091565E-003
   55735.4228470909      -1.489441051718332E-003  1.381397894913756E-003
   55735.4432813103       4.199184458317795E-004  1.381472227242312E-003
   55735.4637156294       8.187600141975615E-004  1.381669963659500E-003
   55735.4841498482       2.876549184702704E-004  1.381769349502695E-003
   55735.5045840668      -7.551392006870383E-004  1.381521091948549E-003
   55735.5250182852       1.161538319820465E-003  1.381564262674186E-003
   55735.5454525036       2.935792390057479E-004  1.381630416376063E-003
   55735.5658867216       1.560292435176525E-005  1.381385989317956E-003
   55735.5863209395       1.803281576713500E-003  1.381698640616339E-003
   55735.6067551572       5.792995096638442E-004  1.381433094066554E-003
   55735.6271894744      -1.686038990906913E-003  1.381325840177440E-003
   55735.6476235917      -1.252974138511775E-003  1.381199537335047E-003
   55735.6680578089       2.232858291672191E-003  1.381849893446450E-003
   55735.6884921257      -1.770874948327394E-003  1.381165269924529E-003
   55735.7089262422       1.398391934204879E-003  1.381328531877360E-003
   55735.7293604588      -1.948866844723285E-003  1.381018468751978E-003
   55735.7497947748      -9.876193048633519E-004  1.381039381189817E-003
   55735.7702288909       9.974813882207556E-004  1.381424811912954E-003
   55735.7906632067      -3.624847847959467E-004  1.381404417109716E-003
   55735.8110974223      -9.062676645235079E-004  1.381251714902724E-003
   55735.8315315377      -1.591772195296270E-003  1.380967533507341E-003
   55735.8519658528      -1.161567669041297E-003  1.381102118503333E-003
   55735.8723999677      -1.616095446865584E-003  1.380865145383467E-003
   55735.8928341827      -3.365663390821894E-004  1.381208337123247E-003
   55735.9132684971      -1.593499283157329E-003  1.380710890272676E-003
   55735.9337026115      -1.584470778561720E-004  1.381168479259049E-003
   55735.9541368257      -1.611504035786804E-003  1.381128000233331E-003
   55735.9745711397      -5.521128257952590E-004  1.380995899883419E-003
   55735.9950052535      -1.471724122008689E-003  1.380854378583787E-003
   55736.0154394670       6.870987377669557E-004  1.381129863717891E-003
   55736.0358737802      -6.663055347743141E-004  1.381185768254688E-003
   55736.0563079933       1.543990322678157E-003  1.381587556231185E-003
   55736.0767422063      -7.130151216334646E-004  1.381117129906732E-003
   55736.0971764191      -3.229395453068218E-004  1.381226661388086E-003
   55736.1176106315      -7.815738413783357E-004  1.381070646319655E-003
   55736.1380448438      -1.592189131854771E-003  1.380930056762303E-003
   55736.1584790559       8.531582712725250E-004  1.381136800021531E-003
   55736.1789132678       1.963582090303007E-004  1.381193429246768E-003
   55736.1993475797      -8.987112246485740E-004  1.381012774771378E-003
   55736.2197816911       1.619456012671439E-004  1.381189495223808E-003
   55736.2402159023      -3.202617490778437E-004  1.381105534891693E-003
   55736.2606502135       3.477092890118438E-004  1.381278631901923E-003
   55736.2810843242       2.100999886592181E-003  1.381496556068510E-003
   55736.3015185349       4.904985674327733E-004  1.381295299736042E-003
   55736.3219528454      -1.553747667264460E-004  1.381126861437212E-003
   55736.3628212656       1.111897826800989E-003  1.381413941586355E-003
   55736.3832554757      -1.915896600269140E-003  1.380701469322956E-003
   55736.4036895852      -1.992379000850586E-003  1.380590281410883E-003
   55736.4241238945      -2.384673578270657E-004  1.381027889701697E-003
   55801.4240273008       1.025505967745977E-003  1.184685116804242E-003
   55801.4444605559      -9.922444207876024E-004  1.184554372710667E-003
   55801.4648940107       3.159042637925769E-004  1.184678548018864E-003
   55801.4853273651      -8.678619767155116E-005  1.184739940897586E-003
   55801.5057606194       1.386202212340981E-003  1.184739182960812E-003
   55801.5261940733       1.328716337535285E-003  1.184921719400633E-003
   55801.5466273268      -1.629987253510601E-003  1.184548814507655E-003
   55801.5670607802      -2.084024457052136E-003  1.184364762194285E-003
   55801.5874941332       1.336147968655776E-004  1.184646209383159E-003
   55801.6079274861      -9.483381552167769E-004  1.184701665090482E-003
   55801.6283608386      -6.217814290609969E-004  1.184609323126807E-003
   55801.6487941907      -1.593769800295686E-003  1.184522792011736E-003
   55801.6692275427       5.341082330514446E-004  1.184807270947707E-003
   55801.6896608943      -7.579623535647340E-005  1.184670084391550E-003
   55801.7100942456       3.046951261504338E-003  1.184877001130947E-003
   55801.7305275967       2.809081324607998E-003  1.184728950814358E-003
   55802.5887281830       1.872501495232326E-003  1.170120224780036E-003
   55867.5655551682      -1.831571984489244E-003  1.431077448672153E-003
   55867.5859877724      -2.832455603284378E-004  1.431045936236590E-003
   55867.6064205765      -1.759940181399910E-003  1.430927535143745E-003
   55867.6268532805      -2.631115064628098E-003  1.431081120023869E-003
   55867.6472859845       1.502057064580731E-003  1.430927688116733E-003
   55867.6677186883       2.123808921453696E-003  1.431410164921427E-003
   55867.6881513922       2.638229514448476E-003  1.431373298431277E-003
   55867.7085840959      -1.034411202620933E-003  1.431132518947895E-003
   55867.7290167996      -1.702715535854327E-003  1.431202427603490E-003
   55867.7494495032      -3.656622366092876E-003  1.431088462727302E-003
   55867.7698822068       2.163949369231144E-003  1.431472118981636E-003
   55867.8107476138       5.518938905879622E-007  1.431200438954643E-003
   55867.8311803171       3.612892018547420E-004  1.431065057860111E-003
   55867.8516131204      -4.521091279414691E-004  1.431176728141477E-003
   55867.8720457236       1.362548657379836E-004  1.431281973557339E-003
   55867.8924785268       1.002275768577254E-003  1.431254897338433E-003
   55867.9129112299      -7.391083212415772E-004  1.431136343272600E-003
   55867.9333438329       8.155833164418258E-004  1.431344080590537E-003
   55867.9537766359      -7.045686485263047E-005  1.431256121122338E-003
   55867.9742093389       2.566327902742138E-003  1.431570786559007E-003
   55867.9946419416       3.591053169689218E-004  1.431119363270912E-003
   55868.0150747444       3.600848079630126E-004  1.431430969247818E-003
   55868.0355074472      -5.336743120268883E-004  1.431237917336746E-003
   55868.0559400498       7.029869892514196E-004  1.431534837906787E-003
   55868.0763728524      -2.540382232887328E-004  1.431223690848845E-003
   55868.0968054550      -2.945107576859729E-003  1.431081425969846E-003
   55868.1172382574      -2.828079833608332E-003  1.430877360003625E-003
   55868.1376709599      -3.449213760753911E-003  1.431121351919759E-003
   55868.1581035622      -2.367697983938322E-003  1.430972968121232E-003
   55868.1785363644      -2.644992829359705E-003  1.430909943250105E-003
   55868.1989690666      -3.700947418258882E-003  1.431018707044695E-003
   55868.2194017688      -2.277057709054175E-003  1.431140626516268E-003
   55868.2398344709       3.012034366265404E-004  1.431298953559026E-003
   55868.2602671729      -3.546634738099907E-003  1.431084638402597E-003
   55868.2806998748       7.827561214914791E-004  1.431433110869653E-003
   55868.3011325768       9.787776945082705E-004  1.431438464924239E-003
   55868.3215652786      -7.191486795795621E-004  1.431258568690149E-003
   55868.3419980804       4.289805870668184E-003  1.431532543311964E-003
   55868.3624307820      -4.530192345646444E-004  1.431192331386270E-003
   55868.3828633838      -2.857153993013894E-003  1.431042723803838E-003
   55868.4032961853       3.170527350595531E-004  1.431439841681132E-003
   55868.4237288868      -1.308774799812285E-003  1.431242047607426E-003
   55868.4441614883      -2.472333856066156E-004  1.431113703270350E-003
   55868.4645942897      -1.184377067732889E-003  1.431458657358677E-003
   55868.4850269911      -1.845528298515253E-004  1.431378499512875E-003
   55868.5054595923       3.771981115450185E-004  1.431345763293406E-003
   55868.5258923935       9.542636669848115E-004  1.431509291417762E-003
   55868.5463250947      -2.618618525678240E-003  1.431282891395268E-003
   55868.5667576958      -4.317561029634209E-004  1.431310885452103E-003
   55868.5871904969      -5.409155088489381E-004  1.431425003301279E-003
   55868.6076231978      -2.365917691952824E-003  1.431139096786387E-003
   55868.6280559987      -7.014879751879866E-004  1.431281514638374E-003
   55868.6484885996       2.765976710872309E-004  1.431447949249505E-003
   55868.6689213003      -1.569736576335523E-003  1.431049607588306E-003
   55868.6893541011       9.327323084789008E-004  1.431290693017665E-003
   55868.7097867018       7.825253960893619E-004  1.431565432504421E-003
   55868.7302194024      -6.686679786973571E-004  1.431361519511188E-003
   55933.7269393299       1.301534831923412E-004  1.375052342450422E-003
   55933.7473725071      -5.342094906146677E-005  1.375055631774720E-003
   55933.7678055845      -3.818839015181652E-004  1.375001868336201E-003
   55933.7882386622       6.582607082483705E-005  1.375156693428137E-003
   55933.8086717402      -2.623361061086404E-003  1.374865304665365E-003
   55933.8291048184       1.263467557812703E-003  1.375434924893720E-003
   55933.8699709758      -3.186293832566633E-004  1.375138772281964E-003
   55933.8904040548      -1.352412617298016E-003  1.374908859856064E-003
   55933.9108371341      -5.525198411113763E-004  1.375403846450357E-003
   55933.9312703137       2.027873979508543E-003  1.375530768998252E-003
   55933.9517032937       8.284584337814316E-005  1.375448195615886E-003
   55933.9721364738       1.518050118881398E-003  1.375835995608069E-003
   55933.9925695543       2.240326709244567E-003  1.375676293242174E-003
   55934.0130025350       1.120179368425012E-003  1.375691492188928E-003
   55934.0334357160      -9.035461879921547E-004  1.375251743557839E-003
   55934.0538687973      -8.265193566503459E-005  1.375442864642024E-003
   55934.0743017789       2.421078568026758E-005  1.375508084003096E-003
   55934.0947349607       2.655368282910686E-003  1.375752628250872E-003
   55934.1151680428      -5.732357541361477E-004  1.375528046798833E-003
   55934.1356012252       1.693114784343752E-003  1.375777354895592E-003
   55934.1560342078      -3.278796255746785E-004  1.375414394973104E-003
   55934.1764672907      -1.522030347233860E-003  1.375495266980833E-003
   55934.1969004740       1.231734856253608E-003  1.375976302303106E-003
   55934.2173334574      -2.374347733113513E-003  1.375332161865665E-003
   55934.2377664412       6.030272638539724E-004  1.375835882183093E-003
   55934.2581996253      -9.128724243356867E-005  1.375747183852035E-003
   55934.2786327096      -5.526621834245904E-003  1.375290648324530E-003
   55934.2990657942      -5.938417609433477E-004  1.375841326581930E-003
   55934.3194988790      -4.330623189130467E-005  1.375823518860733E-003
   55934.3399319643      -2.017961758539188E-004  1.375602907282846E-003
   55934.3603651496       6.520082824101880E-004  1.376131013970066E-003
   55934.3807981354       1.033375100584211E-003  1.376018496394095E-003
   55934.4012312213       9.137491972175393E-004  1.376030519441527E-003
   55934.4216644076      -8.477533113976365E-004  1.375864125002062E-003
   55934.4420974942       2.494616357714197E-003  1.376116949273070E-003
   55934.4625304810       6.009867182990014E-004  1.375904731143390E-003
   55934.4829636681       5.839525931681244E-004  1.375941027135639E-003
   55934.5033967554       2.911098567211612E-003  1.377957382930036E-003
   55934.5238298430      -1.492276516123936E-003  1.375768621172457E-003
   55934.5442629310       5.216459970271314E-003  1.376859882864412E-003
   55934.5646960192       1.636904427230634E-003  1.376485240169419E-003
   55934.5851292076       1.980032119697217E-004  1.376293098260452E-003
   55934.6055621965       1.924036199913992E-004  1.376146099491844E-003
   55934.6259952855      -2.074124861565219E-004  1.376121826547028E-003
   55934.6464284748      -7.227691216973309E-004  1.376115021048482E-003
   55934.6668614644      -2.426195676906717E-004  1.376068857083340E-003
   55934.6872946543      -3.577357147126703E-003  1.375721776657461E-003
   55934.7077277444      -1.328840775061457E-003  1.375948172909113E-003
   55934.7281607349       2.346009722755893E-003  1.376436921129738E-003
   55934.7485939255       1.015240959725494E-003  1.376156988289519E-003
   55934.7690270166      -3.938707867329194E-004  1.376032561091091E-003
   55934.7894600078       1.850635931577305E-004  1.376139747693201E-003
   55934.8098931994      -2.550430740161813E-003  1.375713269784278E-003
   55934.8303262912       4.345619016310476E-004  1.376264855441484E-003
   55934.8507592834       1.358324307475289E-003  1.376341530725109E-003
   55934.8711924757      -1.226672551819075E-003  1.375647936998230E-003
   55934.8916254683       2.025102158993652E-003  1.376402213087150E-003
   55999.8908920611      -1.303557740376382E-003  1.385496060520112E-003
   55999.9113261394      -7.668151886246477E-004  1.385241875149394E-003
   55999.9317601178       3.871493303478912E-003  1.385753081515224E-003
   55999.9521942965       1.364275654758274E-004  1.385020469596677E-003
   55999.9726283754      -8.829305965766254E-004  1.384547147172757E-003
   55999.9930625547      -1.048207791662925E-003  1.384400942378980E-003
   56000.0134965342      -1.839058259960669E-003  1.384821181914235E-003
   56000.0339306140      -1.237761274823224E-003  1.384518110378958E-003
   56000.0543647941       5.788177051406773E-004  1.385057899838683E-003
   56000.0747987744       3.443821490851207E-003  1.385541543935399E-003
   56000.0952328550      -8.668183972360133E-004  1.384946289662518E-003
   56000.1156670358      -5.870913991530280E-004  1.384933812915183E-003
   56000.1361010169      -3.793007616350597E-004  1.384806096392457E-003
   56000.1565350983      -1.026180451415781E-003  1.384925532891951E-003
   56000.1769692799       1.366198200749569E-004  1.385073892760268E-003
   56000.1974032618       2.516511749205419E-003  1.385542224485253E-003
   56000.2178374439       2.721817725758857E-003  1.385129470998399E-003
   56000.2382715264       4.062386960907993E-004  1.384730441933613E-003
   56000.2587056090      -4.083653050110936E-004  1.384604086510597E-003
   56000.2791396920       1.368326733524050E-004  1.384640155652895E-003
   56000.2995737753      -7.223674813784386E-004  1.384541816198896E-003
   56000.3200078587       1.298398925950961E-003  1.385038163892898E-003
   56000.3404419424       1.906436395204603E-003  1.385095103230738E-003
   56000.3608760265       1.157521462656907E-003  1.384983039354670E-003
   56000.3813101108       1.164328364176459E-003  1.385114952601499E-003
   56000.4017442953      -4.868345190435552E-003  1.384134960810782E-003
   56000.4221782801      -2.173926411202176E-003  1.384724316984922E-003
   56000.4426124652       4.328902189554285E-005  1.385197525983865E-003
   56000.4630464505       7.821727619445884E-004  1.384900919672207E-003
   56000.4834805361       9.907709158125666E-004  1.385206713406903E-003
   56000.5039147220      -1.170156734498162E-003  1.384570966417670E-003
   56000.5243487081      -1.030227571894970E-003  1.384635278378936E-003
   56000.5447828945       2.716914248257485E-004  1.385002548450504E-003
   56000.5652169811       6.282147125378224E-004  1.384970562607335E-003
   56000.5856509681       1.528524845035628E-003  1.385151929143603E-003
   56000.6060851552      -9.443955755942257E-004  1.384713201337295E-003
   56000.6265192427       7.611453953966230E-004  1.385060848888053E-003
   56000.6469532304      -1.370500822379439E-003  1.384870975478602E-003
   56000.6673874183      -1.444221525902623E-003  1.384819253689647E-003
   56000.6878215065      -2.022906888145326E-003  1.384505747056598E-003
   56000.7082554950      -1.589043557275960E-003  1.384871088903578E-003
   56000.7286896838       7.772926467259911E-004  1.385075480709929E-003
   56000.7491237729       2.197012853649039E-003  1.385113364651838E-003
   56000.7695579621       3.192308271660060E-005  1.385017293697355E-003
   56000.7899919517       1.414240453689652E-003  1.385125501124247E-003
   56000.8104260415      -1.442216601201141E-003  1.384721935060430E-003
   56000.8308602316       3.595219626352675E-003  1.385491750371032E-003
   56000.8512942219      -1.521767014209030E-003  1.384921563017799E-003
   56000.8717283125       1.764342049347389E-003  1.385311858359449E-003
   56000.8921625033       2.022132383334707E-004  1.385125387699271E-003
   56000.9125965945       8.224325580337144E-004  1.385172685914170E-003
   56000.9330306859      -1.774431790403264E-003  1.384756756527994E-003
   56000.9534647775       1.109389888643619E-003  1.385389214192929E-003
   56000.9738988695      -6.098897755180133E-005  1.385086142657652E-003
   56000.9943329615       5.525827962953311E-004  1.385010488198808E-003
   56001.0147670540      -2.164019566983200E-003  1.384527070952044E-003
   56001.0352011467       1.694482176030299E-003  1.385194576934495E-003
   56001.0556353397      -1.862636144257745E-003  1.384682916868763E-003
   56066.0368755362      -2.592876217321072E-004  1.255580248067058E-003
   56066.0573100096       7.547342428251280E-004  1.256262566769556E-003
   56066.0777444828      -5.138076428407023E-004  1.256061411164283E-003
   56066.0981789562      -8.135778789866155E-004  1.256069601765188E-003
   56066.1186133294      -1.642531774755263E-003  1.255959931007309E-003
   56066.1390479025       1.132335882457536E-003  1.256611430838606E-003
   56066.1594823757      -1.988418739534703E-004  1.256021429925968E-003
   56066.1799168489      -2.620471518078982E-003  1.255998385184439E-003
   56066.2003513218       1.423145556342265E-003  1.256005604019134E-003
   56066.2207857950       1.252894074005084E-003  1.256389729319198E-003
   56066.2412203680      -2.393639724651564E-004  1.255966594547028E-003
   56066.2616547410       9.873107564595252E-005  1.256014627562504E-003
   56066.2820892138       8.004078839110029E-004  1.255977006327839E-003
   56066.3025237867       1.379342061591515E-004  1.255801671938978E-003
   56066.3229582596      -7.836190978174340E-004  1.255870528516076E-003
   56066.3433926324      -1.512699395827877E-003  1.255141287388055E-003
   56066.3638272052      -2.598810319615064E-004  1.256036284066592E-003
   56066.3842616780       3.312610353181089E-004  1.256201067850898E-003
   56066.4046961507       6.035262873376190E-004  1.256258957352208E-003
   56066.4251306233       3.944993072433345E-004  1.255872472048494E-003
   56066.4455650960      -1.153068136914848E-003  1.255403803088243E-003
   56066.4659996686      -2.473452344092575E-003  1.255872055577262E-003
   56066.4864340411      -1.094298269480154E-003  1.255789177802004E-003
   56066.5068685137       4.932864704365603E-004  1.255579415124593E-003
   56066.5273030862      -4.625971213575442E-003  1.255196539238227E-003
   56066.5477374586      -5.989460644178379E-003  1.255274002887463E-003
   56066.5681719310      -7.928310284618267E-003  1.255480989089991E-003
   56066.5886065035      -5.831023213197506E-003  1.255666457612175E-003
   56066.6090408758      -7.728826894005669E-003  1.255000381287743E-003
   56066.6294754481      -7.231875916621666E-003  1.255013847190925E-003
   56066.6499098204      -5.974716603488583E-003  1.255400887789616E-003
   56066.6703442925      -9.494124670194393E-003  1.255276501714857E-003
   56066.6907788647      -6.365237506195554E-003  1.255085063771674E-003
   56066.7112133369       1.658087469433189E-003  1.255853314371802E-003
   56066.7316477090      -3.395204398035201E-003  1.255712685918977E-003
   56066.7520822810      -2.412646148715947E-003  1.255305793524873E-003
   56066.7725166531       4.398701422068108E-004  1.255932860377200E-003
   56066.7929512251      -1.127462433755388E-004  1.255856923789150E-003
   56066.8133856970      -1.491019771740376E-003  1.255312734712081E-003
   56066.8338200690       2.030036002007574E-004  1.255879552059446E-003
   56066.8542546408      -1.283054301601805E-003  1.255866780274984E-003
   56066.8746891126       2.839066989209549E-003  1.255937858031989E-003
   56066.8951235845       2.129965264649591E-003  1.256098338280227E-003
   56066.9155580562      -1.132519443102109E-003  1.255901208563533E-003
   56066.9359925279      -6.562123044536738E-004  1.255109357926901E-003
   56066.9564270996      -1.601682247876157E-003  1.255729761239508E-003
   56066.9768615712       1.315876535771476E-003  1.255210838083875E-003
   56066.9972959428      -1.121163796108382E-003  1.255728928297043E-003
   56067.0177305143       1.850236551417694E-003  1.255579553948337E-003
   56067.0381649859       1.110095580181714E-003  1.255721292991115E-003
   56067.0585993574       5.323468186768654E-004  1.255917867412832E-003
   56067.0790339288       2.841023695053568E-003  1.255776961312519E-003
   56067.0994684001       6.669695048324709E-004  1.255682005871520E-003
   56067.1199027715       3.302215699744870E-003  1.256025455814548E-003
   56067.1403373429       1.989431618340642E-003  1.255413104279101E-003
   56067.1607718141      -2.613011459986492E-004  1.255764744823034E-003
   56067.1812063854      -2.092769946583473E-003  1.255775017780101E-003
   56067.2016407565      -2.315620717727174E-003  1.255979366331490E-003
   56132.1825756173      -1.530390833610062E-003  1.192304917742452E-003
   56132.2030095521      -5.885942975674130E-004  1.192707770731224E-003
   56132.2234434867       3.874150545191135E-005  1.192721139746339E-003
   56132.2438774208      -4.609219732139014E-004  1.192771687355865E-003
   56132.2643113547      -3.663553394428476E-004  1.192864888489804E-003
   56132.2847451883      -6.121801888906431E-004  1.192563258044038E-003
   56132.3051792217       4.302134023193016E-004  1.192716428760060E-003
   56132.3256131549      -1.228306165652615E-003  1.192545305366599E-003
   56132.3460469879       1.036762235212985E-003  1.192846426516551E-003
   56132.3664810204       8.627052731058349E-004  1.192600309314497E-003
   56132.3869149528       2.330397744461532E-003  1.192960254130951E-003
   56132.4073489849       1.001225263180361E-003  1.192693255800529E-003
   56132.4277828166      -1.040679595758265E-003  1.192799953273535E-003
   56132.4482167482       1.960288669920374E-003  1.192469674938239E-003
   56132.4686507795      -7.865375659715790E-004  1.192459998317776E-003
   56132.4890846104      -1.694034297869629E-003  1.192064784766211E-003
   56132.5095185412      -1.696763703429194E-003  1.192656331854023E-003
   56132.5299525716       9.469298179460850E-004  1.192588850158685E-003
   56132.5503864018      -1.249330486626454E-003  1.192522005083114E-003
   56132.5708203319      -6.108560891054937E-004  1.192781363976329E-003
   56132.5912543614      -1.065406594079166E-003  1.192665371854719E-003
   56132.6116882908       3.394894102751511E-003  1.192872145955151E-003
   56132.6321221200      -8.349848321032027E-005  1.192784419751212E-003
   56132.6525561488      -2.446301803996520E-003  1.192437334654058E-003
   56132.6729900776      -6.878801106578125E-003  1.192283145346408E-003
   56132.6934240058      -9.549309457736244E-003  1.191977695182039E-003
   56132.8364614969      -5.875047088521157E-003  1.192687398898669E-003
   56132.8773293491      -7.789734007032756E-003  1.192252078301762E-003
   56132.8977632748      -3.905077509648303E-003  1.192516275505209E-003
   56132.9181972001      -9.564864498121661E-004  1.192853811305852E-003
   56132.9386311253      -7.808691624474617E-004  1.192803263696325E-003
   56132.9590650501       7.603004474887598E-005  1.192880294688173E-003
   56132.9794990747       1.163593910253446E-003  1.192836622572134E-003
   56132.9999328990      -1.174016404714706E-004  1.192914290183749E-003
   56133.0203668231      -5.190666330593396E-004  1.192591778609615E-003
   56133.0408008470      -1.792206304384036E-004  1.192982408498855E-003
   56133.0612346706      -3.228485698328898E-004  1.192855848489108E-003
   56133.0816685938       1.266289548322641E-003  1.192826691303763E-003
   56133.1021026167       5.918297977178799E-004  1.192735272705173E-003
   56133.1225364397      -2.948328493925678E-003  1.192718975239129E-003
   56133.1429703621      -3.935206829227544E-004  1.192830511022367E-003
   56133.1634043844      -4.004437416109674E-004  1.192778053553539E-003
   56133.1838383061      -1.850735673070369E-003  1.192605911568450E-003
   56133.2042722279       3.380791570990471E-004  1.193023661459778E-003
   56133.2247061492       1.759006144450570E-004  1.193017167938151E-003
   56133.2451400705      -7.949975812819865E-004  1.192987883428854E-003
   56133.2655739914      -6.150040827292980E-004  1.192775507074469E-003
   56133.2860079120      -6.075068766911995E-004  1.192907669338169E-003
   56133.3064418323      -1.520183419422949E-003  1.192481516065912E-003
   56133.3268758523      -1.180563164416615E-003  1.192717065379827E-003
   56133.3473096722      -1.591223655880714E-003  1.192882331871429E-003
   56133.3677435916       1.490435470593132E-003  1.192720630450524E-003
   56198.3461893640      -3.342107199589828E-004  1.193615590519451E-003
   56198.3666224975       1.297089564092024E-003  1.193786586588959E-003
   56198.3870554308      -5.345911252651048E-004  1.193689693060369E-003
   56198.4074884639       1.801217809622724E-004  1.193812560675466E-003
   56198.4279215965      -1.219168692032646E-003  1.193662445734327E-003
   56198.4483545291       1.662832940603209E-003  1.193669448551768E-003
   56198.4687876614      -3.026280287736771E-004  1.193680016439906E-003
   56198.4892206935       2.503768185562194E-004  1.193906653077079E-003
   56198.5096537252       2.411055205518098E-003  1.193991068858228E-003
   56198.5300867569       2.128372456253969E-003  1.193841208564996E-003
   56198.5505197881      -9.379789891050816E-004  1.193651877846189E-003
   56198.5709528193       1.781666914750124E-003  1.194031175903571E-003
   56198.5913858500      -2.991080212986219E-004  1.193559695303879E-003
   56198.6118188807       1.686826730580737E-003  1.193764177573148E-003
   56198.6322519110       1.232757970685894E-003  1.193751445177801E-003
   56198.6526849412      -1.997910718477325E-003  1.193518569666908E-003
   56198.6935510006       1.951062955851679E-004  1.193752209121522E-003
   56198.7139841302      -5.662801989243516E-004  1.193452870506919E-003
   56198.7344170593       2.516117595150025E-003  1.193807722365234E-003
   56198.7548500881      -1.372586604002302E-003  1.193535503752720E-003
   56198.7752831170      -6.945995610616595E-004  1.193660153903165E-003
   56198.7957161454      -3.526695672510516E-003  1.193372401768327E-003
   56198.8161492736      -4.019607123080249E-003  1.193682308271068E-003
   56198.8365822015      -6.407930299969333E-003  1.193198731895797E-003
   56198.8570152292      -8.869695523577081E-003  1.193032828784428E-003
   56198.8774483567      -4.404110675134576E-003  1.193867055327550E-003
   56199.0000465168      -9.643628350648803E-003  1.192947649059558E-003
   56199.0204794427      -6.759888101814382E-003  1.193243931899278E-003
   56199.0409124683      -6.030982860054435E-003  1.193251316688579E-003
   56199.0613455937      -9.995470884398561E-004  1.193595727982710E-003
   56199.0817786188      -2.847805717450136E-003  1.193239984856721E-003
   56199.1022115435       2.812662077819050E-003  1.193939248009167E-003
   56199.1226446681       1.864107160174822E-003  1.193852540396855E-003
   56199.1430776926      -5.526065134808800E-005  1.193628195590844E-003
   56199.1635107168      -5.670096940967317E-004  1.193660663198979E-003
   56199.1839437408       3.039618833955426E-004  1.193638254183168E-003
   56199.2043767645      -1.014511961650033E-005  1.193657607424095E-003
   56199.2248098878      -1.991167377190517E-003  1.193549764035508E-003
   56199.2452428111      -1.459192205554571E-003  1.193566443473412E-003
   56199.2656758341       6.274476020684538E-004  1.193740622641757E-003
   56199.2861089567       1.620455632933560E-004  1.193823892507325E-003
   56199.3065418793      -6.829309374273285E-004  1.193675560101535E-003
   56199.3269749016       1.742515078225759E-003  1.193808486308955E-003
   56199.3474080235       6.661143562751715E-004  1.193983174773113E-003
   56199.3678409454      -4.987612773870165E-004  1.193581467699922E-003
   56199.3882739670       6.330210168048467E-004  1.193765068840822E-003
   56199.4087070882       1.545040748553328E-003  1.193692239539439E-003
   56199.4291400094       1.224241659924852E-003  1.193774490813379E-003
   56199.4495730301       1.185383259151962E-003  1.193767869967799E-003
   56199.4700061508      -3.516178763840472E-004  1.193682944890836E-003
   56199.4904390713      -4.630023062852651E-004  1.193743678416640E-003
   56199.5108721913      -3.240330727612983E-004  1.193746861515477E-003
   56264.5075364833       2.058413242333135E-003  1.445390939673225E-003
   56264.5279691903       6.093037619878672E-004  1.445205252562747E-003
   56264.5484018974      -9.911386405441203E-004  1.445224562786382E-003
   56264.5688346045       1.036645888178978E-003  1.445332700038741E-003
   56264.5892673118       4.135435813850119E-004  1.445242173710338E-003
   56264.6097000191       1.340674331595793E-005  1.445158908026022E-003
   56264.6301327264      -2.533783722238780E-003  1.445153810126982E-003
   56264.6505654339       2.809965413751891E-003  1.445552991069974E-003
   56264.6709981414       1.185620091946449E-003  1.445335326229155E-003
   56264.6914308490      -3.699038918429931E-004  1.445192276092464E-003
   56264.7118635567       2.689812271061243E-003  1.445497686589482E-003
   56264.7322962644       1.760670103856166E-003  1.445228115867531E-003
   56264.7527289722       1.075525359013341E-004  1.445336407601679E-003
   56264.7731617801       4.299829482168338E-004  1.445224871749960E-003
   56264.7935943881      -1.399789208581526E-003  1.445111791080351E-003
   56264.8140271961      -5.534383133355414E-004  1.445068072734040E-003
   56264.8344599042      -1.424267501435761E-003  1.445132955085455E-003
   56264.8548925124       8.322974256844695E-004  1.445292689255368E-003
   56264.8753253207      -2.015540074327915E-003  1.445042892202420E-003
   56264.8957580290       1.647890237958638E-003  1.445342432391453E-003
   56264.9161906374       1.741780393811565E-003  1.445362051578666E-003
   56264.9366234459      -2.301250213188055E-005  1.445286973429172E-003
   56264.9570561544      -2.909913806383613E-003  1.445102831136584E-003
   56264.9774887630       4.216834924983814E-004  1.445319878050247E-003
   56264.9979215718       4.702687183164578E-004  1.445365913623394E-003
   56265.0183542805      -3.020540547653550E-004  1.445194129873932E-003
   56265.0387870894       6.492117554470767E-004  1.445286355502015E-003
   56265.0592196983      -1.457039983315145E-003  1.445224253822804E-003
   56265.0796524073       6.720283904408930E-004  1.445375337012528E-003
   56265.1000852164      -4.097837428213014E-004  1.445302421608080E-003
   56265.1205178256      -1.765927061637029E-003  1.445196601582558E-003
   56265.1409505348      -3.155461993575637E-003  1.445120905505907E-003
   56265.1613833441      -7.345656932929989E-004  1.445267045278380E-003
   56265.1818160535      -2.139628581311559E-003  1.445131719231143E-003
   56265.2022487630       1.862278621224123E-003  1.445490580427184E-003
   56265.2226813725      -3.412528343767374E-003  1.445131255785775E-003
   56265.2431141821       1.654980390635163E-004  1.445305974689229E-003
   56265.2635468919      -2.617239295215290E-003  1.445179299622181E-003
   56265.2839796016      -1.039298027465829E-003  1.445261020488606E-003
   56265.3044122115       1.020699268919456E-003  1.445658656613707E-003
   56265.3248450214       1.965853445667687E-003  1.445477294993323E-003
   56265.3452777314       1.327389558466896E-003  1.445470188831025E-003
   56265.3657103415      -2.533894041527263E-003  1.445099432537224E-003
   56265.3861431516       3.740038255561906E-004  1.445380280429778E-003
   56265.4065758619       5.485627586487851E-004  1.445301031271978E-003
   56265.4270086722      -1.819051110708236E-003  1.445288981692430E-003
   56265.4474412826       2.946884088782298E-003  1.445565040649522E-003
   56265.4678739930      -1.629382791601075E-003  1.445214830433670E-003
   56265.4883068036       2.630120726924146E-003  1.445612466558771E-003
   56265.5087394142      -5.911100100605138E-004  1.445197219509714E-003
   56265.5291721249      -1.523532850992160E-004  1.445381516284091E-003
   56265.5496049357      -2.985613952903865E-004  1.445377499757575E-003
   56265.5700375465      -3.200222631381866E-003  1.445053396964077E-003
   56265.5904702575      -2.174601221371475E-003  1.445224408304593E-003
   56265.6109030685      -2.269258100648930E-003  1.445313080851527E-003
   56265.6313356796      -1.631724636179221E-003  1.445324203540341E-003
   56265.6517684908       4.590826838532402E-003  1.445698358433501E-003
   56265.6722012020       1.263319888831660E-003  1.445576472301914E-003
   56330.6491750377       1.245794841125747E-003  1.261146985335959E-003
   56330.6696084835       2.149347889379705E-004  1.261188701517500E-003
   56330.6900419296      -3.874746079209901E-004  1.260923040010214E-003
   56330.7104753760       1.684138578796901E-004  1.261077398814716E-003
   56330.7309088228      -4.527677724881496E-004  1.261136176646524E-003
   56330.7513423698      -3.872295489604216E-004  1.261045866026528E-003
   56330.7717757172      -1.205579828317926E-003  1.260964398879707E-003
   56330.7922092650       3.933367158870382E-004  1.261067930045459E-003
   56330.8126427130       9.158872391530348E-004  1.261113219347474E-003
   56330.8535096101      -1.276284331362842E-003  1.260879983908495E-003
   56330.8739430592       1.453286789510511E-003  1.261053548235549E-003
   56330.8943764086      -2.503706821086693E-003  1.260859617121790E-003
   56330.9148099583       1.564803903430612E-003  1.261106341090561E-003
   56330.9352434083       1.494326929223355E-004  1.261054620171691E-003
   56330.9556767587       6.238786367311899E-004  1.261173247771448E-003
   56330.9761103093      -1.902551997603585E-003  1.260645587205361E-003
   56330.9965437603       2.079085500979350E-003  1.261153327624802E-003
   56331.0169773116      -1.710508872689864E-003  1.260623969826490E-003
   56331.0374106633       2.577005909560670E-003  1.261145109447710E-003
   56331.0578441153      -2.810239190945807E-003  1.260408778645907E-003
   56331.0782776676      -7.074854956019561E-004  1.260666311304114E-003
   56331.0987110202      -2.665879815028860E-003  1.260336869596356E-003
   56331.2008782883      -1.881771126044707E-003  1.260458802332551E-003
   56331.2417452979       1.130145478595468E-003  1.261046759306647E-003
   56331.2621786532      -3.562971559095240E-003  1.260419855319378E-003
   56331.2826121087      -2.689689398507333E-003  1.260704722349216E-003
   56331.3030456647      -1.673057319696247E-003  1.260648177717705E-003
   56331.3234791209      -1.803784861432733E-003  1.260797444825532E-003
   56331.3439124774      -6.919028293331797E-004  1.260796998185472E-003
   56331.3847794916       6.383968484473534E-004  1.261037111881365E-003
   56331.4052129491       9.622842139256349E-004  1.261057210684035E-003
   56331.4256464069       1.376261066828866E-003  1.261139928423022E-003
   56331.4460798651       3.781618635207984E-004  1.260964398879707E-003
   56331.4869467826      -5.191430504882799E-004  1.260990750643207E-003
   56331.5073802417      -9.912796288862324E-004  1.260948855805643E-003
   56331.5278138012       6.030859248349341E-004  1.260990125347124E-003
   56331.5482471611       1.783426568695345E-003  1.261306703821174E-003
   56331.5686807213      -5.768340935843330E-004  1.261040595673828E-003
   56331.5891141818      -2.132055339858496E-004  1.261149575848303E-003
   56331.6095475426       1.816803125407329E-004  1.261162707066048E-003
   56331.6299811037      -3.968144510714255E-004  1.261125457285100E-003
   56331.6504145651      -1.584002333775536E-003  1.261099641489671E-003
   56331.6708479270       2.819154956565928E-004  1.261192631950022E-003
   56331.6912814891      -1.176717697866758E-003  1.261127511829373E-003
   56331.7117149516      -1.067500380361297E-003  1.260975118241131E-003
   56331.7321485144       7.232228704667776E-004  1.261159848569668E-003
   56331.7525818775      -5.424607454017627E-004  1.261267131511918E-003
   56331.7730153409      -1.375861605956707E-003  1.260994234435670E-003
   56331.7934489047      -8.820839956634741E-004  1.261257037446577E-003
   56331.8138822687       2.908897610743866E-003  1.261547889453209E-003
   56331.8343157332       3.500092740018612E-004  1.261407287162534E-003
   56396.8142363519       1.097788063528782E-003  1.272271726217380E-003
   56396.8346706921       1.127717035284803E-003  1.272281231979312E-003
   56396.8551049325       7.983616842512919E-004  1.271040869837785E-003
   56396.8755393730       9.712216661073025E-004  1.271905754382993E-003
   56396.8959737138      -1.862079070313882E-005  1.272029049706877E-003
   56396.9164080547      -1.137546004411738E-003  1.271355678306479E-003
   56396.9368423957      -2.448151713261737E-003  1.272446184906958E-003
   56396.9572767369       2.463700767720844E-004  1.271973413041451E-003
   56396.9777111783      -2.198319532033088E-003  1.271810556973055E-003
   56396.9981455198       1.344865700511955E-003  1.271809997810588E-003
   56397.0185797615      -1.709429099883586E-003  1.271215887689830E-003
   56397.0390142034       1.734395575632153E-004  1.270987469822225E-003
   56397.0594485454       1.809597334544222E-003  1.271570396693652E-003
   56397.0798827876      -7.157831294630768E-004  1.271651335460692E-003
   56397.1003172300       7.209952637707850E-004  1.271663217663107E-003
   56397.1207515725       2.847253961506535E-003  1.270718932047643E-003
   56397.1411858152       1.361371353900021E-003  1.270857184967509E-003
   56397.1616202581      -2.483113181055097E-003  1.271320730652317E-003
   56397.1820545011      -4.701006983418576E-004  1.271043945231352E-003
   56397.2024889443      -6.573663164124444E-004  1.271803707232839E-003
   56397.2229232876       4.242517465882223E-004  1.270365960740604E-003
   56397.2433575311       1.074509320380113E-004  1.271176047364085E-003
   56397.2637919748       1.491268466665474E-003  1.271253071993859E-003
   56397.2842263187      -2.198962350841938E-003  1.270694328899112E-003
   56397.3046605627      -4.310196058666116E-003  1.271027869310437E-003
   56397.3250950068      -4.430581796880828E-003  1.270907509589502E-003
   56397.3455293512      -8.282738080751417E-003  1.270098261709721E-003
   56397.3659637956      -6.891655429526300E-003  1.270240428766853E-003
   56397.3863980403      -7.713073343181498E-003  1.270282785323698E-003
   56397.4068323851      -5.293214718827488E-003  1.270665112660233E-003
   56397.4477010752      -8.865046410613253E-003  1.270255386362834E-003
   56397.4681354206      -8.425031435748243E-003  1.270626810031271E-003
   56397.4885698660      -6.495410689103420E-003  1.270788407984117E-003
   56397.5090041116      -2.528971832298166E-003  1.271069946286048E-003
   56397.5294384574      -2.704847667808208E-004  1.270779042012802E-003
   56397.5498729034       7.682498939587390E-004  1.271463596662532E-003
   56397.5703072495       3.747693582067946E-004  1.271141519081773E-003
   56397.5907415958       1.428775265976956E-004  1.271321289814783E-003
   56397.6111759423      -3.185442030301244E-004  1.270461996894242E-003
   56397.6316102888      -7.576124419806929E-004  1.271655529179191E-003
   56397.6520446357      -2.256059113968645E-003  1.270439490604961E-003
   56397.6724789826       1.085568993870467E-003  1.271153401284188E-003
   56397.6929133297       2.503829791563605E-003  1.271247899741042E-003
   56397.7133477769       2.871918050435074E-003  1.270904294405319E-003
   56397.7337820243      -4.388651639541941E-006  1.271393980935441E-003
   56397.7542164719       4.201853770799957E-004  1.271139701803756E-003
   56397.7746508196      -2.459972449799896E-003  1.270167318274345E-003
   56397.7950850675       1.019579335140186E-003  1.271379302920693E-003
   56397.8155195156      -5.883915915494420E-005  1.271558095119387E-003
   56397.8359537638      -1.116141862316122E-003  1.270854109573942E-003
   56397.8563881122      -1.702089310706700E-004  1.271284804463838E-003
   56397.8768225607       1.592947487827567E-003  1.271258244246674E-003
   56397.8972568094       2.725757366248693E-004  1.270908627914435E-003
   56397.9176911583      -1.858242091503648E-003  1.271914561191842E-003
   56397.9381256073       2.665276118834381E-003  1.271558654281853E-003
   56397.9585598565       6.574092170532619E-004  1.271397056329007E-003
   56397.9789943058      -4.975680831491580E-004  1.270820699616563E-003
