   54984.8146875790      -8.163200984073749E-004  4.373738487639852E-004
   54984.8351219319      -4.905955863786504E-004  4.370991761814573E-004
   54984.8555561845       2.022493099123723E-003  4.377142728534174E-004
   54984.8759903369      -1.833560341083507E-004  4.373159048745976E-004
   54984.8964246893      -5.107952539967764E-004  4.374468993462694E-004
   54984.9168589414       6.182832855012865E-004  4.374651470347187E-004
   54984.9372931934       6.507089763707619E-005  4.375541718229569E-004
   54984.9577273453      -6.289196466147118E-005  4.372674737145984E-004
   54984.9781616970       1.908632405966948E-004  4.369523570750484E-004
   54984.9985959484       4.013458383331781E-004  4.374137244503836E-004
   54985.0190300997      -3.874408123407669E-004  4.372742642478411E-004
   54985.0394644507      -1.515066241228880E-004  4.371092871957129E-004
   54985.0598987017      -4.970196071032440E-004  4.373279004861849E-004
   54985.0803328524      -6.101032348565516E-004  4.374622453531128E-004
   54985.1007671032      -7.404105303454589E-005  4.371350433592455E-004
   54985.1212014535      -5.954028163271952E-004  4.374518651106670E-004
   54985.1416356038      -4.533328666034286E-005  4.372973281294714E-004
   54985.1825041039      -8.145651937305765E-004  4.372497345682862E-004
   54985.2029383535       2.249485164309561E-004  4.373856050616255E-004
   54985.2233726031      -1.494044203591560E-004  4.372315167940802E-004
   54985.2438068527      -2.613024472419845E-005  4.373040887484706E-004
   54985.2642412018       4.406423278031646E-004  4.371850001456560E-004
   54985.2846753510      -3.872519736620283E-003  4.370105701926262E-004
   54985.3051095999      -5.915809308629782E-003  4.366249157672342E-004
   54985.3255437485      -6.663662142436855E-003  4.365829460838007E-004
   54985.3459780970      -6.976413551714078E-003  4.367726023867006E-004
   54985.3664123454      -7.878890131852945E-003  4.365841127392918E-004
   54985.3868464936      -8.068772137268532E-003  4.366254243093713E-004
   54985.4072808416      -8.552731801521718E-003  4.365165364635424E-004
   54985.4277150895      -8.211907272354546E-003  4.366168987500139E-004
   54985.4481493373      -7.175287190640534E-003  4.365575788054318E-004
   54985.4685834848      -7.578439138995474E-003  4.366776246640338E-004
   54985.4890178320      -6.681144236392988E-003  4.367702690757185E-004
   54985.5094520793      -5.167066631194484E-003  4.369353059563335E-004
   54985.5298862261      -2.690966750209633E-003  4.369859208560979E-004
   54985.5503205729       2.164850118755446E-004  4.375033774377323E-004
   54985.5707548197       1.108519661632279E-004  4.370548432727984E-004
   54985.5911889660      -1.389822409225694E-005  4.371914317079784E-004
   54985.6116232124      -2.402082248842419E-004  4.370954069867940E-004
   54985.6320575585       3.224929484699768E-004  4.371948120174780E-004
   54985.6524917046      -4.598078265173333E-004  4.369365025260678E-004
   54985.6729259502      -5.546530185879250E-004  4.371833249480279E-004
   54985.6933601959      -3.591867344315824E-004  4.370678260544165E-004
   54985.7137945413       4.047615828048912E-004  4.372043845753531E-004
   54985.7342287865      -2.988990088361732E-004  4.371663934862864E-004
   54985.7546629316      -4.346254519910220E-004  4.368676997663408E-004
   54985.7750972766       6.286893247176017E-004  4.366672145073447E-004
   54985.7955315213       9.552550540292692E-005  4.366749922106182E-004
   54985.8159656658      -4.686353290982437E-004  4.368342855565081E-004
   54985.8363999102       2.934766994147076E-004  4.373459686891741E-004
   54985.8568341545      -4.718162328637421E-004  4.373951776195006E-004
   54985.8772683985      -8.756953460753447E-005  4.371168554992829E-004
   54985.8977026423      -8.259509104691087E-005  4.372817727229244E-004
   54985.9181369860       1.437296118026010E-003  4.379662106109920E-004
   54985.9385712296       4.318635849205332E-004  4.376834312685137E-004
   54985.9590053729       5.415605183232142E-004  4.373655326043312E-004
   54985.9794396160       1.178461168660494E-004  4.375454966923826E-004
   55068.7157148297       9.003960522222521E-004  4.818549514413331E-004
   55068.7361481529       2.644762503092313E-004  4.818603087969573E-004
   55068.7565813762       5.504509101821320E-004  4.818896237653725E-004
   55068.7770144990       1.262197384814812E-004  4.818411968822307E-004
   55068.7974477216      -6.852952721829730E-004  4.817822960678687E-004
   55068.8178810440      -4.738080840032133E-004  4.818079391408562E-004
   55068.8383142658       5.598751071160812E-004  4.819401875712632E-004
   55068.8587473877      -3.491548027858560E-004  4.818123333763681E-004
   55068.8791807091      -6.197053061270941E-004  4.817627326905896E-004
   55068.8996139306       1.055741000455246E-004  4.818402939571255E-004
   55068.9200470515      -1.047743755063779E-004  4.817926496090750E-004
   55068.9404802722       5.412524647130379E-004  4.819199620489069E-004
   55068.9609135927       2.826293674089708E-004  4.818890519128059E-004
   55068.9813467130       3.825181130243660E-004  4.819186678562561E-004
   55069.0017799330      -4.585657474694971E-004  4.817750124720202E-004
   55069.0222132528       4.322548092443590E-004  4.818165169293555E-004
   55069.0426463723       2.741073157686014E-004  4.817990302798183E-004
   55069.0630795914      -5.505580714867397E-004  4.816885122469429E-004
   55069.0835128105      -5.506331565411360E-004  4.817691735563400E-004
   55069.1039461291       1.086428337619960E-004  4.818235898426795E-004
   55069.1243792475      -5.437411513912194E-004  4.817814533377706E-004
   55069.1448124657       3.803689043808678E-004  4.818452600452041E-004
   55069.1652457836       2.139506870355579E-004  4.818629272797623E-004
   55069.1856789013      -3.590539361538525E-003  4.813814876136744E-004
   55069.2061121188      -5.585841997158614E-003  4.811247258112615E-004
   55069.2265452360      -6.677815190171632E-003  4.809671954779091E-004
   55069.2469785528      -8.085397376924819E-003  4.807909745948793E-004
   55069.2674117695      -7.917934532961524E-003  4.807900415722706E-004
   55069.2878449858      -7.838593769787794E-003  4.807991912133366E-004
   55069.3082782019      -8.489606297994001E-003  4.807211784842480E-004
   55069.3287114177      -8.583744393561021E-003  4.806753700839113E-004
   55069.3491446333      -8.270569919847648E-003  4.807706888775160E-004
   55069.3695777487      -7.284186118628577E-003  4.808762709198164E-004
   55069.3900110638      -7.192734858555205E-003  4.808787088176004E-004
   55069.4104442787      -4.925094934896457E-003  4.811739954245014E-004
   55069.4308773931      -1.734847079105650E-003  4.815922002357225E-004
   55069.4513107076       5.431480431805635E-004  4.818157343942643E-004
   55069.4717439215       2.482068718923092E-004  4.818062536806598E-004
   55069.4921770355       4.951827069601400E-004  4.818251549128618E-004
   55069.5126102490       2.306457820140384E-004  4.817856368907579E-004
   55069.5330435623       3.639927918870356E-004  4.818336123113471E-004
   55069.5534766753      -9.926921655756260E-005  4.818281646632124E-004
   55069.5739098881       6.194244502055746E-005  4.817740794494115E-004
   55069.5943432007       1.541707620845045E-003  4.820781846248399E-004
   55069.6147764128      -9.025926236849724E-004  4.816826733312626E-004
   55069.6352095249       5.673864194766232E-005  4.818140790315715E-004
   55069.6556428365      -7.647507716965762E-004  4.816414397514589E-004
   55069.6760760481       3.188346830069744E-004  4.817834397730020E-004
   55069.6965091593       2.367210801617059E-004  4.817487072539556E-004
   55069.7169423703       5.478923337152164E-004  4.816999793957788E-004
   55069.7373756810       7.896479242139876E-004  4.818476377479811E-004
   55069.7578087914       2.220315860204103E-004  4.817518072968168E-004
   55069.7782420017       4.434768004029088E-004  4.817470819887663E-004
   55069.7986752117       1.861753625647111E-004  4.817153893175741E-004
   55069.8191084212       4.794411316226821E-004  4.817455470160875E-004
   55069.8395416308      -7.419254983382917E-004  4.816022227043901E-004
   55069.8599747399      -1.594623714324950E-004  4.816342765456244E-004
   55069.8804080489      -6.263383559997893E-004  4.816048411871952E-004
   55152.6335336740      -2.416054869391893E-004  5.194515501877995E-004
   55152.6539664469       1.935753551165487E-004  5.197655793926514E-004
   55152.6743993198       1.030277575759797E-004  5.194903366306205E-004
   55152.6948320929      -8.036256668786379E-006  5.195118117954960E-004
   55152.7152647661       3.126166580424972E-005  5.195281066915924E-004
   55152.7356975393      -8.188170230356562E-004  5.194480092445833E-004
   55152.7561304127      -6.017103985933581E-005  5.195026643588544E-004
   55152.7765630861       4.981990123371638E-004  5.195684996734652E-004
   55152.8174287333      -1.183502158722871E-003  5.193481415312842E-004
   55152.8378614071       2.886807509949740E-005  5.195754176273412E-004
   55152.8582941809       4.827489620717884E-005  5.195188608954170E-004
   55152.8787270548       5.496933867865650E-004  5.195768274473254E-004
   55152.8991597288      -3.063590208326472E-004  5.194398781897908E-004
   55152.9195925030      -3.321297403925394E-004  5.195458441941843E-004
   55152.9400253772      -1.221215867685865E-003  5.193815181997473E-004
   55152.9604580515       5.676060196722066E-004  5.196224990575111E-004
   55152.9808908259      -3.027266676723928E-004  5.194599435346821E-004
   55153.0013236004       6.723199877933794E-005  5.195341066231531E-004
   55153.0217563750      -4.023990742629824E-004  5.195323033650338E-004
   55153.0421891497      -1.869767050588500E-005  5.195773520315055E-004
   55153.0626219246       7.432352777001494E-004  5.196412529419520E-004
   55153.0830546994      -2.269877186203861E-003  5.192894536761282E-004
   55153.1034874744      -5.710842311004161E-003  5.185864453016830E-004
   55153.1239201495      -6.138921751972504E-003  5.184938234073725E-004
   55153.1443530247      -6.765329782248530E-003  5.184230701160726E-004
   55153.1647858000      -7.753010739532162E-003  5.183315629631449E-004
   55153.1852184754      -8.117822294191890E-003  5.183355957040299E-004
   55153.2056512509      -8.092552073324932E-003  5.183539233638245E-004
   55153.2260841265      -7.972567098399441E-003  5.182659899406241E-004
   55153.2465168022      -7.866451796158080E-003  5.183088091243301E-004
   55153.2669495780      -8.218319828339871E-003  5.183511692968786E-004
   55153.2873824538      -7.314642846497299E-003  5.183915950652627E-004
   55153.3078152298      -5.454042731731779E-003  5.185521833974160E-004
   55153.3282479059      -4.362572355325445E-003  5.191532912948638E-004
   55153.3486807821      -5.232290132584083E-004  5.195487949801978E-004
   55153.3691135584      -4.792743247431508E-004  5.195294837250653E-004
   55153.3895462348       7.650735168258649E-004  5.197400059138683E-004
   55153.4099790112       1.490812214315351E-004  5.196543675464562E-004
   55153.4304118878      -5.290922708550694E-004  5.196069254646624E-004
   55153.4508445645      -4.204118825964498E-004  5.195918764559938E-004
   55153.4712773413       3.127184185762744E-004  5.197096783909524E-004
   55153.4917102181      -1.037492602040668E-005  5.196069254646624E-004
   55153.5121428951      -6.999508883387406E-006  5.197066620319165E-004
   55153.5325756722      -2.520954511999740E-004  5.196757115652867E-004
   55153.5530085494       3.590732637315242E-004  5.197389239589967E-004
   55153.5734413266      -1.080665173743167E-003  5.195562375182539E-004
   55153.5938740040       6.809359375647972E-004  5.197403665654921E-004
   55153.6143067815      -1.019641500835777E-003  5.196232531472701E-004
   55153.6347396591       1.395346845911583E-004  5.197699072121378E-004
   55153.6551723367      -3.543285329214996E-004  5.196301383146348E-004
   55153.6756051145       5.335148773224496E-004  5.197500057998027E-004
   55153.6960379924      -1.282350655067432E-004  5.196353185834138E-004
   55153.7164706704      -6.429755188386288E-006  5.197062685937813E-004
   55153.7369034485      -1.212042788309997E-004  5.197664646284555E-004
   55153.7573363266       6.993831792769800E-004  5.198093493851840E-004
   55153.7777690049       2.723795513708271E-004  5.197335141846387E-004
   55153.7982017833       2.275024009066318E-004  5.197479730361046E-004
   55236.5323120526      -1.043103015465618E-003  4.780671198701885E-004
   55236.5527459523      -4.521894556013262E-004  4.781081120027909E-004
   55236.5731796525      -4.528777369366965E-004  4.780990536932647E-004
   55236.5936134529      -6.759169324493941E-004  4.781230779054864E-004
   55236.6140472536      -5.965216773028414E-004  4.781318736553162E-004
   55236.6344810546      -3.819074096345076E-004  4.781695181517895E-004
   55236.6549148560       8.580022667903364E-006  4.781924593052635E-004
   55236.6753486575      -1.007193438781973E-003  4.780370567849492E-004
   55236.6957824595      -8.228411402364522E-004  4.780868446673815E-004
   55236.7162162615      -2.963167928174970E-004  4.781450016401369E-004
   55236.7366499641      -4.360587535913174E-004  4.780684326686705E-004
   55236.7570838669      -1.907155364422319E-004  4.781575388656406E-004
   55236.7775176699      -2.705352375165226E-004  4.781741129464767E-004
   55236.7979513733       1.995530210265883E-004  4.782265920657972E-004
   55236.8183852770       9.953173513213009E-004  4.782791040050797E-004
   55236.8388190810      -3.962685035102664E-004  4.781728329679567E-004
   55236.8592527853       3.621320547502194E-004  4.781464785384292E-004
   55236.8796866900      -2.983268512717352E-004  4.781210758878013E-004
   55236.9001204947       3.428628548651780E-005  4.782110354037847E-004
   55236.9205542000      -1.945562984470017E-004  4.781158903337971E-004
   55236.9409881055       4.271397058359661E-004  4.781838932951681E-004
   55236.9614219112      -9.514177797786960E-005  4.781772636628336E-004
   55236.9818556173      -9.560808308495261E-005  4.781461175188466E-004
   55237.0022895236      -4.277872021542062E-003  4.777188016129349E-004
   55237.0227233304      -6.693693568172510E-003  4.774762949133356E-004
   55237.0431571372      -7.013140738504564E-003  4.773858759178835E-004
   55237.0840247521      -8.269610761016288E-003  4.772863001530190E-004
   55237.1044585600      -8.477308473100242E-003  4.772401552863744E-004
   55237.1248922681      -7.735983069993790E-003  4.773986757030836E-004
   55237.1453261766      -8.352127275741195E-003  4.772658533166608E-004
   55237.1657599853      -7.803903296390913E-003  4.773813139431583E-004
   55237.1861936944      -7.451113268721055E-003  4.773902409728364E-004
   55237.2066276037      -6.444865060839744E-003  4.774829901855942E-004
   55237.2270614134      -5.898329635423472E-003  4.775804326529253E-004
   55237.2474951234      -1.326308136807897E-003  4.780429315581564E-004
   55237.2679290337       2.790251160260659E-004  4.781839589350922E-004
   55237.2883628441       3.605052768995698E-005  4.781834994556234E-004
   55237.3087966550      -1.233427546332155E-005  4.781269178410465E-004
   55237.3292304661       2.797706256123522E-004  4.782043729514882E-004
   55237.3496642775      -8.930250118845962E-004  4.781579655251473E-004
   55237.3700980893       7.616282947853215E-005  4.781167764727725E-004
   55237.3905319013      -3.538947307362150E-004  4.781369279294722E-004
   55237.4109657136      -3.634319604289837E-004  4.781537645700047E-004
   55237.4313995262       5.114077506813697E-004  4.782334186179039E-004
   55237.4518332391      -1.031869619965153E-004  4.781852717335742E-004
   55237.4722671524       1.049303409374147E-003  4.782602325269001E-004
   55237.4927008659      -5.888407255679740E-004  4.781358448707245E-004
   55237.5131346797      -5.668764866414433E-004  4.781700104512202E-004
   55237.5335685939      -1.332958371023096E-004  4.781564558068929E-004
   55237.5540024082       3.014481667826807E-004  4.782250167076187E-004
   55237.5744361230       7.859315156983904E-004  4.783458598078927E-004
   55237.5948700379       7.886145907134434E-004  4.782448727846599E-004
   55237.6153037532      -2.888185303488999E-004  4.781811692383177E-004
   55237.6357375688       2.115204213943844E-004  4.782699144157053E-004
   55237.6561714847       8.592413707129154E-004  4.783610554503226E-004
   55237.6970390174       5.720822929342617E-004  4.782455291839009E-004
   55320.4556763722      -1.359308686594840E-004  4.380980213395235E-004
   55320.4761108999       3.171197929483505E-004  4.380937261055831E-004
   55320.4965452277      -5.427761053032887E-004  4.379650823259362E-004
   55320.5169796554       8.680655958981376E-005  4.380964982069206E-004
   55320.5374141831      -4.849144881360345E-004  4.379420525609793E-004
   55320.5578486108       5.993802304917750E-004  4.381751223118859E-004
   55320.5782829384       3.640704108702764E-004  4.381226656250396E-004
   55320.5987174661       3.412886648301861E-004  4.380901619752921E-004
   55320.6191517936       7.097986968540582E-005  4.380964677442685E-004
   55320.6395862212      -3.229322180540173E-004  4.379764448951544E-004
   55320.6600207488       1.105238536692754E-003  4.382154244005605E-004
   55320.6804550763       1.073646167526476E-004  4.380606132027945E-004
   55320.7008895037       5.471745853626864E-004  4.382117688823134E-004
   55320.7213240311      -2.210203034965774E-004  4.381764626685765E-004
   55320.7417583585       9.521039492583760E-004  4.381712230924223E-004
   55320.7621928859       2.216347549219844E-004  4.381581546146888E-004
   55320.7826273132      -3.027862949004367E-004  4.380546120603388E-004
   55320.8030616405       3.795755797786349E-005  4.380722803985333E-004
   55320.8234961678       5.394702169778665E-004  4.381630591016704E-004
   55320.8439305950       7.016116862779143E-004  4.382238930178330E-004
   55320.8643649222      -7.644702397024972E-005  4.381336931050851E-004
   55320.8847994494       1.027654932068467E-003  4.381751527745380E-004
   55320.9052338765      -1.726105098924569E-003  4.378566048219526E-004
   55320.9256683036      -4.873630920907090E-003  4.374682973961512E-004
   55320.9461027307      -7.476245403576942E-003  4.372857042597070E-004
   55320.9665371578      -7.729402421578269E-003  4.372742807651847E-004
   55320.9869715848      -8.009335522431660E-003  4.372283430858791E-004
   55321.0074060117      -8.412878711634875E-003  4.371197741939393E-004
   55321.0278404387      -6.696280515195996E-003  4.373487924121220E-004
   55321.0482748656      -7.602167687015715E-003  4.371383564116956E-004
   55321.0687092924      -7.658379289965045E-003  4.372690411890305E-004
   55321.0891437193      -7.647318279432214E-003  4.372470166915915E-004
   55321.1095781460      -6.877541157836786E-003  4.373770008279291E-004
   55321.1300126728      -5.548615178445515E-003  4.374908092960231E-004
   55321.1504469995      -3.078769846014184E-003  4.377884598692957E-004
   55321.1708814263       4.165190332257040E-004  4.380290538952610E-004
   55321.1913159529      -7.489295262027573E-004  4.380667971211626E-004
   55321.2117502795       3.352247775112449E-004  4.381308600784436E-004
   55321.2321848062      -1.557611892953892E-004  4.381530064264908E-004
   55321.2526192327      -8.377667618442164E-005  4.382008632528761E-004
   55321.2730535593      -5.255510134670738E-004  4.381074038363578E-004
   55321.2934880857      -5.909927416047900E-005  4.382959981152577E-004
   55321.3139225121       7.913118392455232E-005  4.382069557832880E-004
   55321.3343568386      -2.316971028337722E-004  4.380994530841703E-004
   55321.3547913650       4.334275522224207E-004  4.382443943826690E-004
   55321.3752257913      -6.863373369303538E-006  4.380690818200671E-004
   55321.3956601176      -1.491229604444477E-004  4.380952492381861E-004
   55321.4160946439       8.419547381999237E-005  4.380866892329574E-004
   55321.4365289701      -3.280923995835350E-004  4.381738428804994E-004
   55321.4569633963      -6.456453763766801E-004  4.381327487628712E-004
   55321.4773979225      -3.491373711738133E-004  4.381223000732149E-004
   55321.4978323487       3.697019141868374E-005  4.380210117551173E-004
   55321.5182666748      -5.178468756009691E-004  4.381350334617757E-004
   55321.5387012009      -6.780898877482011E-004  4.381557176025240E-004
   55321.5591356269       5.592596880288347E-004  4.382886870787634E-004
   55321.5795699529      -1.395541325153182E-004  4.380748087986542E-004
   55321.6204389048      -1.009362700675753E-004  4.381803009627360E-004
   55404.3582642858       9.217618225410007E-005  4.767215866447397E-004
   55404.3786979796       2.300799566201661E-005  4.766457141623160E-004
   55404.3991316730       1.872213945666168E-004  4.767303825871027E-004
   55404.4195653661      -6.439313608607167E-004  4.766933139728587E-004
   55404.4399991590      -5.716851216950314E-004  4.766936729909143E-004
   55404.4604327517      -1.559373727254454E-003  4.766455944896308E-004
   55404.4808664441      -1.216391074007506E-003  4.766934037273725E-004
   55404.5013002361      -1.263821251874742E-003  4.766790729233186E-004
   55404.5217338278       1.205851533425673E-004  4.769355913240681E-004
   55404.5421675195      -4.524632663428507E-004  4.768623815588903E-004
   55404.5626013106      -3.411854208343890E-004  4.767871074398927E-004
   55404.5830349016      -7.608371899013866E-004  4.768239067905950E-004
   55404.6034685924      -9.444921594436995E-005  4.769426220943242E-004
   55404.6239022828      -3.465791006291852E-004  4.767355285125668E-004
   55404.6443359731       1.459076813885574E-004  4.768668094482431E-004
   55404.6647696630      -5.762752694893347E-004  4.767523126066676E-004
   55404.6852033526       2.416165899354894E-005  4.768769816264860E-004
   55404.7056370418      -9.333011603459562E-004  4.768126276400139E-004
   55404.7260708310      -3.036394522331065E-004  4.768455376284469E-004
   55404.7465044197       3.147469376412193E-004  4.769285306356406E-004
   55404.7669381084      -3.820612385074806E-005  4.768422167114323E-004
   55404.7873718966       1.148525167504744E-005  4.769248507005704E-004
   55404.8078055844      -8.415605187783726E-004  4.768588512146766E-004
   55404.8282391722      -4.280766372417477E-003  4.762857985615443E-004
   55404.8486729597      -6.159939204136156E-003  4.761068579789827E-004
   55404.8691066468      -8.203326573692382E-003  4.754678656762992E-004
   55404.8895402336      -6.959769607162047E-003  4.761064989609271E-004
   55404.9099740203      -8.314770123584392E-003  4.754892571687806E-004
   55404.9304077066      -8.128875040574801E-003  4.755312024449470E-004
   55404.9712750785      -8.501218829667256E-003  4.755002969739913E-004
   55404.9917087641      -7.445007021287142E-003  4.758684400718713E-004
   55405.0121423494      -6.715004947510983E-003  4.762231499108364E-004
   55405.0325761343      -7.312009305056821E-003  4.756985347770432E-004
   55405.0530098189      -5.727903106644505E-003  4.764159725248824E-004
   55405.0734436034      -1.652408091890600E-003  4.768734812004436E-004
   55405.0938771874      -6.367932117834485E-006  4.770440147768692E-004
   55405.1143108715       4.241123386707901E-004  4.770543963823112E-004
   55405.1347446551       4.646443445497361E-004  4.771387656253849E-004
   55405.1551782384       5.345701669012826E-005  4.769750234738451E-004
   55405.1756119215      -3.355948631207362E-004  4.770272905191109E-004
   55405.1960457042      -4.026948471661518E-004  4.770794079735202E-004
   55405.2164792866      -6.700383747072491E-004  4.770814723273401E-004
   55405.2369129690       2.907782120458169E-004  4.772893736997227E-004
   55405.2573467510      -4.140968322190464E-004  4.771961486779435E-004
   55405.2777804327      -3.930638504157091E-005  4.770589439443492E-004
   55405.2982140140       7.014845576724937E-005  4.771600972815237E-004
   55405.3186477952       8.441056756747223E-005  4.772776158584008E-004
   55405.3390814760      -8.983034833764947E-005  4.770970596945888E-004
   55405.3595150566       6.758469320546912E-004  4.771977044228512E-004
   55405.3799488369      -1.762149342586783E-004  4.771273668021185E-004
   55405.4003824170       9.451699370195410E-004  4.772780047946277E-004
   55405.4208161969       2.191377655536009E-004  4.772427013524905E-004
   55405.4412498763       7.272507031472752E-004  4.773460985525127E-004
   55405.4616834557       6.364747528604386E-004  4.773008323593317E-004
   55405.4821172346      -4.935606217915112E-004  4.772411755257541E-004
   55405.5025509133      -7.198771324241626E-004  4.772739060051593E-004
   55405.5229844915      -6.329264717419569E-005  4.776997911736535E-004
   55488.2773237695       1.609035939516890E-003  5.179910734585152E-004
   55488.2977565465       9.082427227071754E-004  5.179077001028459E-004
   55488.3181893236       1.079322061317889E-003  5.179605043132698E-004
   55488.3386221004       1.071245175695346E-003  5.177633837866873E-004
   55488.3590548772      -3.504574489091583E-004  5.177478876065628E-004
   55488.3794876540       5.530797788240172E-004  5.178600395824633E-004
   55488.3999203307       5.953081602916299E-004  5.178300238722223E-004
   55488.4203532071       5.716168328073756E-004  5.178005290419855E-004
   55488.4407859836       1.807496745431791E-005  5.177699924517403E-004
   55488.4612186599      -1.498951097778090E-004  5.177776754318020E-004
   55488.4816515361      -9.064835158023588E-005  5.177005200811826E-004
   55488.5020843124       1.309279990393986E-003  5.178739731225751E-004
   55488.5225169884       1.657854801926373E-004  5.178885577626922E-004
   55488.5429498644      -1.158723862987321E-004  5.177788474118114E-004
   55488.5633826403       4.754455994173679E-004  5.176484646357647E-004
   55488.5838155161       1.021246925217767E-003  5.177415719365122E-004
   55488.6246809673      -3.717027454805955E-004  5.177619513666758E-004
   55488.6451138428       4.636920651113208E-004  5.177840236568530E-004
   55488.6655465182       3.192442850619148E-004  5.176415955307096E-004
   55488.6859792936       3.945977727244365E-004  5.177955806819458E-004
   55488.7064121688       4.493495015731597E-004  5.177204762963428E-004
   55488.7268448438      -3.486753152975863E-004  5.177473992815589E-004
   55488.7472776189      -3.692546869995872E-003  5.173437498333185E-004
   55488.7677104939      -4.272764754800984E-003  5.175086734646424E-004
   55488.7881432687      -5.452871778701684E-003  5.171522287667808E-004
   55488.8085759436      -6.258331473192991E-003  5.167998208889516E-004
   55488.8290088182      -6.818989701449785E-003  5.168163262740842E-004
   55488.8494415928      -7.298613227851192E-003  5.166897524330680E-004
   55488.8698743673      -7.270806768487570E-003  5.167952957439154E-004
   55488.8903071417      -6.879059803884258E-003  5.170365934058525E-004
   55488.9107399160      -7.586026391307565E-003  5.165316979067991E-004
   55488.9311727902      -6.474210808759540E-003  5.169031179047810E-004
   55488.9516054644      -6.698813949009730E-003  5.167630988486569E-004
   55488.9720382384      -5.005841753736417E-003  5.171230594865466E-004
   55488.9924710123      -9.300847632702780E-004  5.175125475096736E-004
   55489.0129037862      -1.343537675402295E-005  5.176080964354406E-004
   55489.0333364599       7.672602597872391E-004  5.178147230220995E-004
   55489.0537693336       3.346615084540705E-004  5.177031895912041E-004
   55489.0742021072       3.152340423362432E-005  5.177533894016070E-004
   55489.0946347807       3.918817512222894E-004  5.178843581676585E-004
   55489.1150676542      -4.208253675674900E-005  5.178756659825887E-004
   55489.1355004274      -1.128975730945059E-003  5.174750767043727E-004
   55489.1559333006       9.577487979717247E-004  5.179808837434334E-004
   55489.1763659738      -8.504138063933908E-004  5.175479999049581E-004
   55489.1967987468      -4.615403064179846E-004  5.176637003758870E-004
   55489.2172316198      -6.661950586729359E-004  5.177386094314884E-004
   55489.2376642927       7.713685113168722E-004  5.178395299322986E-004
   55489.2580970654      -8.245924255811943E-005  5.175830290852394E-004
   55489.2785299382       1.112968348471188E-003  5.178602349124648E-004
   55489.2989627107       5.013355312513124E-004  5.178348420122609E-004
   55489.3193953832       1.735144753181039E-004  5.177687228067301E-004
   55489.3398282556       7.958091121773592E-004  5.179283399730116E-004
   55489.3602610280       6.516117777584096E-004  5.178089282320529E-004
   55489.3806937003       9.625153925696406E-004  5.179523330082043E-004
   55489.4011265724       8.040211891835458E-004  5.179831951484519E-004
   55489.4215593444       2.790587912451237E-004  5.177065102012307E-004
   55489.4419921165       2.754274377223531E-004  5.177340517314518E-004
   55572.2156028149      -1.895884054459174E-005  4.757948675044662E-004
   55572.2360360756       1.371541701198353E-004  4.756868903516457E-004
   55572.2564694369       3.656165441381365E-004  4.761868935464356E-004
   55572.2769025982       1.949476830209740E-005  4.757753185073767E-004
   55572.2973358600      -8.008812308890612E-007  4.758293888103635E-004
   55572.3177692221       4.891617876388032E-004  4.761388056288458E-004
   55572.3382023844      -5.727810681444012E-005  4.758017652275196E-004
   55572.3586357470       2.464123609824398E-005  4.758075841597637E-004
   55572.3790690098      -3.169464493997243E-004  4.757677342810811E-004
   55572.3995021731      -4.271919861686957E-005  4.759907824535592E-004
   55572.4199355365      -1.256978329924330E-004  4.757764626794472E-004
   55572.4403688003      -4.325918219483249E-005  4.758184047584871E-004
   55572.4608020643      -1.133610144598118E-003  4.759473692961430E-004
   55572.4812353287       2.163999107993586E-004  4.759518152219025E-004
   55572.5016685933       1.103609238667147E-003  4.763868294430904E-004
   55572.5221018583       1.960201417763319E-004  4.758860089825359E-004
   55572.5425351236      -1.907587055191007E-004  4.762667567569535E-004
   55572.5629683891      -3.088889762610236E-004  4.762285414098003E-004
   55572.5834017549      -8.404758310576188E-005  4.758878069672180E-004
   55572.6038350210       4.613334115968204E-004  4.763361262750538E-004
   55572.6242681873       2.264482040499338E-004  4.761388056288458E-004
   55572.6447015541      -9.229744611226609E-004  4.756505383704357E-004
   55572.6651348211      -2.321052363772891E-003  4.756425618565731E-004
   55572.6855679883      -6.283409746000501E-003  4.751843372876701E-004
   55572.7060013559      -6.444347553527963E-003  4.750825713546606E-004
   55572.7264346238      -7.537638543603786E-003  4.749590988429429E-004
   55572.7468677919      -9.056976490078195E-003  4.748544561344419E-004
   55572.7673011603      -8.229341370690757E-003  4.749458918281868E-004
   55572.8081676982      -7.495911968475322E-003  4.749523645730425E-004
   55572.8286009674      -7.658266571286210E-003  4.749189874392157E-004
   55572.8490341370      -7.285312970479962E-003  4.749912010421769E-004
   55572.8694675070      -7.124002835103727E-003  4.750751505815179E-004
   55572.8899007772      -5.380108888238366E-003  4.751591328114895E-004
   55572.9103339476      -2.801306563174788E-003  4.755637120556033E-004
   55572.9307673184      -3.554174416335876E-004  4.761474686459507E-004
   55572.9512005895      -8.717801327289276E-004  4.760972558373729E-004
   55572.9716339609      -6.718925692392741E-004  4.754990826789377E-004
   55573.0125004045      -4.773713478967156E-004  4.762177208110768E-004
   55573.0329337768      -1.341461223873130E-003  4.761286715333646E-004
   55573.0533669493       4.763381868799765E-004  4.765944803285632E-004
   55573.0738002221       7.755254969765701E-006  4.763881370683138E-004
   55573.0942335953      -8.330778515784898E-004  4.761466840708166E-004
   55573.1146668687      -8.161232504295679E-004  4.761678349088048E-004
   55573.1351000425      -6.971611456672022E-004  4.763300131271345E-004
   55573.1555334164      -5.725735264768828E-004  4.762534189796751E-004
   55573.1759666908      -1.796398318119063E-004  4.763592385508771E-004
   55573.1963999653       3.402487855550529E-004  4.763985326888397E-004
   55573.2168332402      -1.453429745742474E-004  4.763711379404099E-004
   55573.2372665154      -6.567555097058975E-005  4.764647312157733E-004
   55573.2576998909       8.108074734043402E-004  4.765727083685939E-004
   55573.2781330667      -3.753657375650254E-004  4.763945117412778E-004
   55573.2985663427      -1.526162415008692E-004  4.763699283870782E-004
   55573.3189997190      -4.513415562122924E-004  4.764604160525361E-004
   55573.3394328958      -7.568779561928363E-005  4.765491384239424E-004
   55573.3598661727      -9.531294481979202E-004  4.764873204415071E-004
   55573.3802995499       4.138940912412625E-004  4.765880402743380E-004
   55656.1374147200       9.418910632594812E-004  4.418748455317843E-004
   55656.1578490551       1.692771655086300E-004  4.415849427510788E-004
   55656.1782833903       1.551609710792601E-004  4.417206399755494E-004
   55656.1987177257      -4.898171883340741E-004  4.416427889232929E-004
   55656.2191520612       9.080740776055141E-004  4.418335224742311E-004
   55656.2395864969      -8.915730918258591E-004  4.416764765304482E-004
   55656.2600207327      -4.685405046005453E-004  4.417559768399906E-004
   55656.2804551686      -3.807076467805537E-004  4.416419032110467E-004
   55656.3008895047      -3.057964511388178E-006  4.417418054440522E-004
   55656.3213237409      -4.148037551479078E-004  4.416581514494934E-004
   55656.3417581772       1.648648797052399E-004  4.417387818056946E-004
   55656.3621925137      -2.361231553964505E-004  4.416704597955347E-004
   55656.3826267503      -2.923723397360023E-004  4.415842097478406E-004
   55656.4030611870      -9.914294760255959E-004  4.414792681175726E-004
   55656.4234955239      -1.429120566595055E-004  4.417213424369859E-004
   55656.4439299610      -4.265450452564101E-004  4.416583347003029E-004
   55656.4643641981      -6.920171035030842E-004  4.415200719644987E-004
   55656.4847985354       2.113316181964198E-004  4.416507908753099E-004
   55656.5052329728      -4.008837968919599E-004  4.416885405420768E-004
   55656.5256672103       3.128739189350860E-005  4.415967929700963E-004
   55656.5461015480       1.289888268691808E-004  4.417068961648332E-004
   55656.5665359858       4.189580063951315E-004  4.416671307391612E-004
   55656.5869702238      -3.061132290553492E-003  4.412901532821188E-004
   55656.6074045618      -4.976145451638048E-003  4.411015271154904E-004
   55656.6278390001      -7.503360113508717E-003  4.409133285340842E-004
   55656.6482732384      -7.745780829101157E-003  4.407140127368988E-004
   55656.6687076769      -7.875191748376364E-003  4.407489220161178E-004
   55656.6891419155      -8.003106171124208E-003  4.408094558668719E-004
   55656.7095763543      -8.352479980645811E-003  4.408317208402320E-004
   55656.7300106932      -8.337007295497467E-003  4.408073179407605E-004
   55656.7504449322      -8.380667972086142E-003  4.407449210401093E-004
   55656.7708792713      -7.843610917739219E-003  4.408292469543031E-004
   55656.7913137106      -7.892200379119640E-003  4.408605828427359E-004
   55656.8117480500      -6.293860211068036E-003  4.410173844521061E-004
   55656.8321823896      -3.654128966698256E-003  4.411968480782571E-004
   55656.8526167293       9.208424544060456E-005  4.416605337100175E-004
   55656.8730510691       1.084101770965296E-003  4.419742590959642E-004
   55656.8934854090       3.372054879238195E-004  4.417667275541508E-004
   55656.9139197491      -8.990025536189661E-004  4.415906235261748E-004
   55656.9343540893       1.017266988252441E-004  4.417226251926528E-004
   55656.9547885297       4.775056106498532E-005  4.417164252069298E-004
   55656.9752227701      -5.401644027933639E-004  4.415865309247616E-004
   55656.9956571108      -4.803048726876868E-004  4.415292039631745E-004
   55657.0160915515      -7.054381180756630E-004  4.416826154325681E-004
   55657.0365257923       4.149318385104905E-005  4.415844235404518E-004
   55657.0569602334      -7.298114836045144E-004  4.416562273159931E-004
   55657.0773945745      -3.353887207335760E-004  4.416300835338309E-004
   55657.0978288158      -2.585972504546286E-004  4.416883878330689E-004
   55657.1182632572       1.175416212899627E-004  4.416032983738352E-004
   55657.1591318403      -9.782033472505169E-004  4.415955102144294E-004
   55657.1795662821      -4.158698298932784E-004  4.416974892899431E-004
   55657.2000006241      -2.536360151126349E-004  4.416487751164048E-004
   55657.2204350661      -1.026335913679399E-003  4.415532098192254E-004
   55657.2408693083       7.898687589635855E-005  4.416816380949172E-004
   55657.2613036506       9.854788874585907E-005  4.415745279967361E-004
   55657.2817380931      -1.071993903922985E-003  4.414416711598136E-004
   55657.3021723356      -4.482624091702858E-004  4.416806302154646E-004
   55740.0612860297       4.100244308944401E-004  4.758842020659660E-004
   55740.0817201610       1.066966862642849E-003  4.757611115350582E-004
   55740.1021543918      -4.191103611250746E-005  4.757571117694558E-004
   55740.1225884227       5.356599838195475E-004  4.757554276576231E-004
   55740.1430226533      -1.741094831039236E-004  4.756305627946060E-004
   55740.1634567837      -4.655516236642399E-004  4.756675531080721E-004
   55740.1838909139      -3.067893039804259E-004  4.755840692786560E-004
   55740.2043250438      -7.050952274620936E-004  4.756069551555240E-004
   55740.2247591737      -3.290567640521491E-004  4.756303222072013E-004
   55740.2451933032       1.673079985320403E-004  4.757252640117642E-004
   55740.2656274326       1.003560494647893E-003  4.756406373921760E-004
   55740.2860615616      -7.472837052835413E-005  4.756816274712445E-004
   55740.3064956906       5.675255471653262E-004  4.755794680445419E-004
   55740.3269299194      -2.176651828028620E-004  4.757233693859526E-004
   55740.3473639479       1.875526376668990E-004  4.756457799479506E-004
   55740.3677980762      -1.918383788790390E-005  4.756860783382307E-004
   55740.3882323042       3.217295889734739E-004  4.756870106144238E-004
   55740.4086663321       4.973611863661187E-004  4.757655624020444E-004
   55740.4291005597       8.906834636532857E-004  4.756874316423819E-004
   55740.4495346873       1.791497113199370E-004  4.756731768386559E-004
   55740.4699687144       7.333792541415196E-004  4.757640286573397E-004
   55740.4904029415      -4.946276708441832E-004  4.755441919163340E-004
   55740.5108370684      -1.071758903577025E-003  4.754680760761855E-004
   55740.5312710951      -5.488251769534380E-003  4.749144844580690E-004
   55740.5517053215      -5.957078926413173E-003  4.748845012527636E-004
   55740.5721394477      -5.820661816767769E-003  4.747894993013496E-004
   55740.5925735737      -7.557722118693544E-003  4.746722730884303E-004
   55740.6130076994      -6.706232189313543E-003  4.747621024106442E-004
   55740.6334417249      -7.063067849701121E-003  4.747769586828818E-004
   55740.6538759504      -8.054258861200259E-003  4.745673469065741E-004
   55740.6743100754      -7.802182510432187E-003  4.747000910070938E-004
   55740.6947442005      -6.763329922732875E-003  4.747105264857708E-004
   55740.7151783253      -6.923262520266760E-003  4.747280893663108E-004
   55740.7560465739      -2.380190789333159E-003  4.753205959971306E-004
   55740.7764806980       7.720573362828276E-004  4.757238505607619E-004
   55740.7969148219       8.813011858999076E-005  4.756020531871541E-004
   55740.8173489458       1.462525491657818E-003  4.758859162512242E-004
   55740.8377831692       3.106454043813045E-004  4.757184974910083E-004
   55740.8582171923      -2.209330089739669E-004  4.756355850566783E-004
   55740.8786514155       1.633795719553355E-004  4.756033764178797E-004
   55740.8990855382       9.016251287210508E-004  4.758219200015854E-004
   55740.9195195609       7.976667844431518E-004  4.757547359688348E-004
   55740.9399537834       6.180447055785798E-004  4.757052050369010E-004
   55740.9603879056      -2.671765977766416E-004  4.755835279569955E-004
   55740.9808219276      -1.310783639661972E-004  4.756969348448659E-004
   55741.0012561494      -5.223079943184050E-005  4.756385623258109E-004
   55741.0216902710       1.500436733528066E-004  4.756763345483421E-004
   55741.0421242923       3.974680765843619E-004  4.757946734780079E-004
   55741.0625585133       6.174833639516208E-005  4.756935966946262E-004
   55741.0829926344       9.207270107580712E-004  4.757979815548219E-004
   55741.1034268550      -1.396963608649715E-004  4.756268938366850E-004
   55741.1238608756       3.227360604056706E-004  4.757389774938297E-004
   55741.1442949958      -3.363969681084988E-004  4.756278261128780E-004
   55741.1647292159       6.790811120052087E-004  4.758222207358412E-004
   55741.1851632358       7.632758541449292E-004  4.758353327493950E-004
   55741.2055973555       2.588357545372233E-004  4.757388872735530E-004
   55741.2260315750      -9.100861750621636E-005  4.756223828228477E-004
   55823.9821501631      -2.037620952263230E-004  4.802834029069764E-004
   55824.0025831407       3.920315985905809E-005  4.803242125454914E-004
   55824.0230163180       8.417763103363285E-005  4.802845757705741E-004
   55824.0434493950       4.174737459405886E-004  4.803776830961765E-004
   55824.0638824718       1.197030625377238E-003  4.803149800038377E-004
   55824.0843155484      -5.480712918217723E-004  4.802599757084479E-004
   55824.1047486248       9.085567349476076E-004  4.804768953271721E-004
   55824.1251817009       7.392301918569544E-004  4.804080873294401E-004
   55824.1456147768      -3.398809441710338E-004  4.802427135621638E-004
   55824.1660478525      -4.772038500346909E-004  4.802218726782353E-004
   55824.1864809279       3.496656304440293E-004  4.802633138586876E-004
   55824.2069140031      -1.150944813891330E-003  4.800785427319107E-004
   55824.2273470781      -1.513456599243290E-003  4.800280494503583E-004
   55824.2477801528      -7.940144896785295E-004  4.801184200942326E-004
   55824.2682132273      -3.162332800581424E-004  4.802190157028050E-004
   55824.2886463016      -1.066512438577805E-004  4.801236227968584E-004
   55824.3090794756      -6.324802136983276E-004  4.801538766629940E-004
   55824.3295124497      -3.851008731189376E-004  4.802463524466592E-004
   55824.3499456232      -3.886127455061672E-004  4.801720410120457E-004
   55824.3703786966      -2.633788971058149E-004  4.801853033927274E-004
   55824.3908116697      -3.524410803817934E-004  4.802212110628725E-004
   55824.4112448426       1.512311480384998E-004  4.803440309329501E-004
   55824.4316779154      -7.666511406436705E-004  4.801475612436218E-004
   55824.4521108878      -3.518395879116176E-003  4.797847554373985E-004
   55824.4725440600      -6.163317569015558E-003  4.793586450703248E-004
   55824.4929771320      -7.115581425985562E-003  4.793615621926063E-004
   55824.5134101039      -8.044266120687871E-003  4.792057217012395E-004
   55824.5338432754      -8.608043147983357E-003  4.791840086879692E-004
   55824.5542763466      -9.296374146483211E-003  4.790534900209426E-004
   55824.5747093179      -8.324413961838917E-003  4.791122534945301E-004
   55824.5951424886      -8.446096978611428E-003  4.792083681626907E-004
   55824.6155755594      -7.946054427373062E-003  4.791590176713104E-004
   55824.6360086297      -8.108855874098930E-003  4.792468020005847E-004
   55824.6564417000      -6.974520991169908E-003  4.793693512098320E-004
   55824.6768747699      -5.934172342966448E-003  4.794801417096768E-004
   55824.6973078395      -2.433400022312959E-003  4.797883943218940E-004
   55824.7177409091      -7.509393595739322E-004  4.800787833193154E-004
   55824.7381739785      -5.570459332909783E-004  4.801440727262542E-004
   55824.7586070474       2.950271063484333E-004  4.801802209838040E-004
   55824.7790401163      -3.721164821549605E-004  4.801599214215360E-004
   55824.7994731847      -3.161158115769780E-004  4.801457267646613E-004
   55824.8199062532      -4.428354907137777E-004  4.802094523534699E-004
   55824.8403393214       2.486765832867555E-004  4.801997386370068E-004
   55824.8607723892       5.826714944436873E-004  4.804857369142932E-004
   55824.8812055569       3.019985714456386E-004  4.802533896282454E-004
   55824.9016385244      -1.064391623590066E-003  4.800801065500410E-004
   55824.9220715915       3.104014804755639E-004  4.802391348245195E-004
   55824.9425047585       2.435957292592494E-004  4.802230455418330E-004
   55824.9629377253      -4.382259072239769E-004  4.802356162337263E-004
   55824.9833707919      -3.257371322210600E-004  4.801689735226363E-004
   55825.0038039583      -7.502637233958165E-005  4.801976034237905E-004
   55825.0242369242      -3.197092999569495E-004  4.802132416050933E-004
   55825.0446700901       5.540458939403692E-004  4.802447585551033E-004
   55825.0651031557      -3.209860773462081E-004  4.801425991284007E-004
   55825.0855361211      -3.566188413337557E-004  4.801715899106619E-004
   55825.1059692863      -4.988587616866491E-004  4.801424186878472E-004
   55825.1264023513       4.117301153085950E-004  4.802745312464297E-004
   55825.1468354160      -5.414643997156965E-004  4.800509353272263E-004
   55907.9201839716       1.340723060163196E-003  5.216870855833234E-004
   55907.9406168187      -3.388057104170006E-005  5.214980314506609E-004
   55907.9610495660      -5.099336005188748E-004  5.215514490467993E-004
   55907.9814825133       8.214482108153121E-004  5.215741869501524E-004
   55908.0019153609       2.326161023216144E-004  5.215791629261036E-004
   55908.0223482086      -1.153611252004971E-004  5.215793276935192E-004
   55908.0427810565      -1.043536633015263E-004  5.214384185996959E-004
   55908.0632139045      -4.402621956688391E-004  5.214792809187653E-004
   55908.0836468527      -9.160337793678863E-005  5.215325007940049E-004
   55908.1040796010      -1.003304243337833E-003  5.214651438745066E-004
   55908.1245124495      -3.124795168488737E-004  5.215367847468106E-004
   55908.1449453981       4.414258641638469E-005  5.215846991112679E-004
   55908.1653782470      -7.347033605985542E-004  5.214640893630467E-004
   55908.1858109959      -9.492342100347884E-006  5.216491890777347E-004
   55908.2266767943       4.103107037751741E-004  5.216033507827141E-004
   55908.2471095438       1.420843544184258E-004  5.215982429928304E-004
   55908.2675424934      -6.355345116946243E-004  5.215819969256520E-004
   55908.2879753431      -6.971970594298327E-004  5.216046030150726E-004
   55908.3084081930       3.126845838332670E-004  5.216270113835946E-004
   55908.3288410431       7.875148560740897E-004  5.216225297098902E-004
   55908.3492738933      -7.065833140804667E-004  5.215584022317377E-004
   55908.3697068437      -5.960832162221763E-004  5.216280988485376E-004
   55908.3901395942      -4.636937108577599E-003  5.211241741846585E-004
   55908.4105724449      -5.799440679447931E-003  5.209368665866014E-004
   55908.4310053958      -8.642697212507211E-003  5.207430012454034E-004
   55908.4514381468      -7.174455607306895E-003  5.207329174795684E-004
   55908.4718709980      -7.450874005787256E-003  5.207690015435855E-004
   55908.4923039493      -8.452827167846233E-003  5.206317832398715E-004
   55908.5127367008      -7.692945006209428E-003  5.207588518707843E-004
   55908.5331696524      -8.943995026253315E-003  5.206432840054806E-004
   55908.5536024042      -8.683140148153412E-003  5.206757761398375E-004
   55908.5740352562      -7.107660265939897E-003  5.207454068496711E-004
   55908.5944682083      -6.878755761362987E-003  5.208265383251139E-004
   55908.6149009606      -4.828545132763540E-003  5.211861596864082E-004
   55908.6353338130      -1.696734353821783E-003  5.214931872886422E-004
   55908.6557667656      -4.201366477417645E-004  5.215986054811447E-004
   55908.6761995184       7.790697315925854E-004  5.216137311298971E-004
   55908.6966324713      -6.037078244646166E-004  5.215551068834257E-004
   55908.7170653244       2.104300986598417E-004  5.216802971658005E-004
   55908.7374981776       4.386115902239585E-004  5.216493208916672E-004
   55908.7579310310      -1.014718698186035E-003  5.214588827127137E-004
   55908.7783638846      -3.575742105014212E-004  5.215385971883823E-004
   55908.7987967383      -9.981096070789119E-004  5.216045371081064E-004
   55908.8192295921      -2.825105290841234E-004  5.216103039676525E-004
   55908.8396624462      -4.254213603702706E-004  5.216053609451844E-004
   55908.8600953004       5.655355409053264E-004  5.216422029393131E-004
   55908.8805282547      -1.257941749398528E-004  5.216529787282936E-004
   55908.9009610092      -2.345956075680000E-004  5.217239605309353E-004
   55908.9213939639      -5.942092465455184E-004  5.215937613191260E-004
   55908.9418268188      -1.570632180148968E-004  5.216184105245002E-004
   55908.9622595737      -4.798587913318331E-004  5.215672996721802E-004
   55908.9826925289       2.737878369984958E-004  5.216945001170254E-004
   55909.0031253842      -6.640790300718180E-004  5.216225626633734E-004
   55909.0235581397      -5.723095603595851E-004  5.215271952832226E-004
   55909.0439910953      -4.648975447496539E-005  5.216372269633620E-004
   55909.0644239512       4.064103511070005E-004  5.216669180516536E-004
   55909.0848567071      -7.883538300891280E-004  5.216110948512474E-004
   55991.8604589885      -6.335956650984631E-004  4.744694340086849E-004
   55991.8808930492      -1.427952962016477E-004  4.743973840243077E-004
   55991.9013269100      -2.208379893350321E-004  4.745038320657423E-004
   55991.9217608713      -1.427129741093935E-005  4.744936056163469E-004
   55991.9421948328       6.829947651378898E-004  4.745558275844219E-004
   55991.9626287945       5.614341725044270E-004  4.745719641247018E-004
   55991.9830627564      -3.856746385356713E-004  4.744455944286006E-004
   55992.0034967187       3.224214783754675E-004  4.745611400256663E-004
   55992.0239306812       2.520952862570258E-004  4.744380574025851E-004
   55992.0443647441      -2.052698020060806E-005  4.744387546604985E-004
   55992.0647986072      -4.876314427151307E-004  4.744385886467095E-004
   55992.0852325705       2.278068457111093E-004  4.745568568699130E-004
   55992.1056666342      -3.705907278358511E-004  4.745723957605529E-004
   55992.1261004981      -2.071138758342750E-004  4.744542271456228E-004
   55992.1465344622       4.339578971581659E-004  4.745159178695734E-004
   55992.1669685266      -8.426380702419856E-006  4.743822767695190E-004
   55992.1874024913      -6.263134609280074E-004  4.744347371268074E-004
   55992.2078364563       3.643864375124650E-006  4.743056448045685E-004
   55992.2282704216      -1.831108717833541E-004  4.744503424229628E-004
   55992.2487043872       3.656040537938221E-004  4.743873567914589E-004
   55992.2691383529       5.675346577782570E-005  4.744076768792187E-004
   55992.2895723191      -3.564822802615275E-006  4.744439674934695E-004
   55992.3100062854       6.214176710983565E-006  4.744800920939314E-004
   55992.3304403520      -3.538138170701699E-003  4.739977888344555E-004
   55992.3508742188      -5.163283040404476E-003  4.737978086243616E-004
   55992.3713081860      -7.170972401313813E-003  4.735213292603484E-004
   55992.3917422534      -7.705766784619872E-003  4.736102794484343E-004
   55992.4121761212      -7.173445432096526E-003  4.735657545502547E-004
   55992.4326101892      -7.986702115516331E-003  4.734676071982644E-004
   55992.4530441574      -7.986337602795324E-003  4.735200675555528E-004
   55992.4734780258      -7.802922251424316E-003  4.734951322844619E-004
   55992.5143460637      -7.823117165938753E-003  4.734782652835110E-004
   55992.5347799331      -6.023734846664297E-003  4.737491333814598E-004
   55992.5552140027      -5.073369878178191E-003  4.737465435663532E-004
   55992.5756479725      -2.956613442957057E-003  4.740362044252040E-004
   55992.5960819426       1.068650128515758E-003  4.744925099253402E-004
   55992.6165159131       2.496878875246633E-004  4.744345379102607E-004
   55992.6369498837       8.173106961881782E-004  4.744279969669786E-004
   55992.6573838547       1.414249695099734E-004  4.743898137955344E-004
   55992.6778178260      -3.149380579475780E-004  4.742868852464242E-004
   55992.6982517975       3.201074980792029E-004  4.744351355599007E-004
   55992.7186857692       4.705177676287420E-004  4.743872903859433E-004
   55992.7391197412      -6.953757866612342E-005  4.743494392420770E-004
   55992.7595538135       2.814997341291647E-004  4.744086397591942E-004
   55992.7799876861      -1.947944843272431E-004  4.743772963558523E-004
   55992.8004216589      -1.231044681885285E-004  4.744667445853049E-004
   55992.8208557321      -1.717487795265260E-004  4.743819779446989E-004
   55992.8412897054       5.731623534073194E-004  4.743007972019329E-004
   55992.8617235791       6.296111696799667E-004  4.744970587031557E-004
   55992.8821576530      -6.468892026401107E-005  4.744061163496032E-004
   55992.9025916272      -1.372340530446658E-004  4.743743081076524E-004
   55992.9230255017      -2.540927768865942E-004  4.742801450865953E-004
   55992.9434595764       4.072190025197209E-004  4.744094034226231E-004
   55992.9638935514      -3.747718494268026E-004  4.743250352151105E-004
   55992.9843275267       2.153738131980276E-004  4.743601637328391E-004
   55993.0047615023      -3.119188649488569E-004  4.741281760642477E-004
   55993.0251954781      -6.343346089087154E-004  4.731978347913222E-004
   56075.8045474874      -1.250009656184048E-005  4.428097911752135E-004
   56075.8249817840       8.984357291352829E-004  4.430119217507440E-004
   56075.8454162806       1.559120485530974E-003  4.430551170301746E-004
   56075.8658506770       7.950639567932960E-005  4.428906863858032E-004
   56075.8862851734       3.160631969072458E-004  4.428777001717313E-004
   56075.9067194696       5.691668931457894E-004  4.429975233242671E-004
   56075.9271538658      -6.383325432883780E-004  4.427701878273346E-004
   56075.9475882618       4.892548579382705E-006  4.428543679667795E-004
   56075.9680226579      -6.200599245578253E-004  4.428509909371154E-004
   56075.9884570538      -1.332295914593384E-004  4.429100582559672E-004
   56076.0088914498       7.431242773947577E-004  4.430704364647417E-004
   56076.0293258455      -3.878701848369914E-006  4.430542881228935E-004
   56076.0497602412       8.103962555252586E-004  4.429485870944075E-004
   56076.0701947369       3.971517721892415E-004  4.429610821041646E-004
   56076.0906290324      -2.309414405932131E-005  4.428841165280931E-004
   56076.1110635278      -4.874858973253904E-004  4.427876255805092E-004
   56076.1314979233       9.277511238956482E-004  4.430696382577302E-004
   56076.1519322185      -1.683648122268178E-004  4.429033041966390E-004
   56076.1723667137      -2.332403594925703E-004  4.429495695030371E-004
   56076.1928011088       7.928627369420127E-004  4.430383853832025E-004
   56076.2132354040       2.951579577223917E-004  4.428858971437342E-004
   56076.2336698990      -1.451392839710852E-004  4.429614505074007E-004
   56076.2541042938      -2.543574338234045E-004  4.428875856585662E-004
   56076.2745387886      -3.135399469542777E-003  4.425010999636462E-004
   56076.2949730834      -6.109291072422529E-003  4.422679928160151E-004
   56076.3154074780      -7.476731574409423E-003  4.420860630179298E-004
   56076.3358419726      -7.434297938049284E-003  4.419450566793192E-004
   56076.3562762670      -7.641081330317823E-003  4.419865020433785E-004
   56076.3767106614      -8.605603490180136E-003  4.419278031277628E-004
   56076.3971451557      -7.673173870279326E-003  4.420028038865751E-004
   56076.4175794500      -8.307797936133010E-003  4.419222463789518E-004
   56076.4380138442      -7.706759459360280E-003  4.419472670987358E-004
   56076.4584483382      -7.826527467732713E-003  4.420951809980228E-004
   56076.4788826322      -5.981793587180539E-003  4.421558140306280E-004
   56076.4993171262      -4.395285373127944E-003  4.424131743913012E-004
   56076.5197515199      -1.390351864143380E-003  4.427977566695015E-004
   56076.5401859137       4.993866058455865E-004  4.429270355050967E-004
   56076.5606203073       1.427581982242909E-004  4.429583497801637E-004
   56076.5810547009       6.326373946434760E-004  4.428029143148066E-004
   56076.6014890944      -4.061682881517648E-005  4.428850375361833E-004
   56076.6219234878      -7.050425229829793E-004  4.426632587880617E-004
   56076.6423578812      -3.385236828958860E-004  4.427463644180680E-004
   56076.6627922744      -2.968511107265259E-004  4.426680173298611E-004
   56076.6832266675       8.025084630602919E-005  4.427483906358664E-004
   56076.7036610606      -6.670577384149112E-004  4.426654385072085E-004
   56076.7240954536      -3.626676250921834E-004  4.428687049927170E-004
   56076.7445298465       4.380244889246043E-006  4.428285183397143E-004
   56076.7649642393       2.948728970362247E-004  4.428287946421414E-004
   56076.7853987321       1.465248237346728E-004  4.426379003653114E-004
   56076.8058330247       3.411387702509927E-004  4.428200757655541E-004
   56076.8262674173      -5.812484517976335E-004  4.427054716588628E-004
   56076.8467019097      -4.651857000993465E-004  4.426710259562892E-004
   56076.8671362022      -3.316118755964936E-004  4.426122656401340E-004
   56076.8875705945       5.737951573987488E-004  4.428418115564830E-004
   56076.9080050867      -1.994624311268955E-004  4.426462815389323E-004
   56076.9284393789      -1.069539682256870E-004  4.427413602741112E-004
   56076.9488738709       4.374244332152610E-004  4.430803526518462E-004
   56076.9693082629      -8.909717952010343E-005  4.426415536974026E-004
   56159.7475598642       3.012517728040454E-004  5.002071248398604E-004
   56159.7679934076      -3.600405830233022E-004  5.000869528202820E-004
   56159.7884269508      -1.107565095236351E-004  5.001245386011735E-004
   56159.8088604935       1.701053003597686E-004  5.001960631064304E-004
   56159.8292940360       3.750810011770245E-003  5.019746813344996E-004
   56159.8497275785       4.561823697630807E-004  5.002992959047889E-004
   56159.8701611203      -1.755418288006405E-004  5.001615818447304E-004
   56159.8905945621       4.815581665471580E-004  5.001967563485800E-004
   56159.9110282036      -1.208610653215758E-003  4.999479728397767E-004
   56159.9314617447       4.110173514906279E-004  5.002204170045540E-004
   56159.9518951856       1.239646833248731E-004  5.002035079242974E-004
   56159.9723288262       2.473797053743620E-004  5.002432337135635E-004
   56159.9927623666      -1.071194072928994E-003  5.000522002899149E-004
   56160.0131959068      -1.047770854110452E-003  5.000552746681435E-004
   56160.0336294465      -4.631572863345035E-006  5.001908487198271E-004
   56160.0540629859       1.043879648996882E-003  5.002689740959864E-004
   56160.0744966252       1.536828910109200E-005  5.001788224755805E-004
   56160.0949300641       7.082781225320467E-004  5.001839162983316E-004
   56160.1153636029       1.615634667018195E-004  5.001520874413778E-004
   56160.1357972414       3.642692828931260E-004  5.001219163373904E-004
   56160.1562307795       2.111680462315579E-004  5.001607077568027E-004
   56160.1766642173      -1.069286998458541E-004  5.001402721838723E-004
   56160.1970978550       1.910225325114645E-004  5.001544384364938E-004
   56160.2175313923      -3.687523899926548E-003  4.996489744865747E-004
   56160.2379648292      -6.350453806644563E-003  4.992399013364077E-004
   56160.2583984661      -6.302848297953134E-003  4.992191040719209E-004
   56160.2788320026      -7.652941317356943E-003  4.990316272819092E-004
   56160.2992654388      -7.948377490412661E-003  4.990523039825438E-004
   56160.3196990747      -9.125629063747365E-003  4.987966181932079E-004
   56160.3401326102      -8.157560303576950E-003  4.990668319267216E-004
   56160.3605662457      -9.321562874011091E-003  4.987719026035280E-004
   56160.3809996808      -7.695343342194683E-003  4.990372033600686E-004
   56160.4014332156      -7.756860923730513E-003  4.990029330851100E-004
   56160.4218668502      -6.465192930423691E-003  4.991858585897049E-004
   56160.4423002845      -5.862143288672517E-003  4.991971011689130E-004
   56160.4627338184      -2.007599211094391E-003  4.997643239520690E-004
   56160.4831674523       1.006244858444028E-003  5.002631267491597E-004
   56160.5036008857       1.890289893629049E-004  5.000552143862174E-004
   56160.5240344188      -1.770167480430462E-005  5.000728167086236E-004
   56160.5444679518       6.021015872919033E-004  5.001929585872389E-004
   56160.5649014843       3.924443181504422E-004  5.000764939061126E-004
   56160.5853351168      -8.086607147086422E-004  4.999292251607754E-004
   56160.6057685488      -9.487604823722462E-004  4.999006213868653E-004
   56160.6262020806      -6.639552730000053E-004  4.999791687365069E-004
   56160.6466357121       1.543426424170935E-004  5.000665172473516E-004
   56160.6670691432       6.026852596572319E-004  5.001442206500284E-004
   56160.6875026743      -7.251895140575337E-004  4.999351930714543E-004
   56160.7079363049      -2.817806767639874E-004  5.002207485551473E-004
   56160.7283698353       6.819933473112272E-005  5.000659747100171E-004
   56160.7488032654       1.287275673117927E-003  5.001553125244214E-004
   56160.7692368953       8.701665023520544E-004  5.001495254595207E-004
   56160.7896704250       6.912794526610089E-004  5.000866212696889E-004
   56160.8101038542       2.409311381876833E-004  5.000726660038086E-004
   56160.8305374832      -2.649456920673643E-004  4.999102363540701E-004
   56160.8509710120      -5.020352503933845E-004  4.999736830812365E-004
   56160.8714046405       2.069928684709232E-004  4.999692825006349E-004
   56160.8918380688       5.289813334685700E-004  5.000790257470067E-004
   56160.9122715966       8.354205431015949E-005  5.001191132278292E-004
   56243.7070114712       1.257084061087266E-003  5.273492081102377E-004
   56243.7274441126       6.407366672496195E-004  5.272097517788401E-004
   56243.7478769540      -1.737178974390297E-004  5.271737411698757E-004
   56243.7683096955       1.462500858822047E-004  5.271155428583476E-004
   56243.7887423368      -2.742188656852385E-004  5.271111828294595E-004
   56243.8091751781       6.268848698314233E-004  5.272626211661717E-004
   56243.8296079194       1.919713399287648E-004  5.271249411428397E-004
   56243.8500405606      -1.231642034993374E-004  5.271776813441301E-004
   56243.8704734019       4.525369785057798E-005  5.272397875334023E-004
   56243.8909061431      -6.752791740568531E-004  5.271538788160523E-004
   56243.9113387841      -1.364656037301515E-004  5.271972207328507E-004
   56243.9317716252      -3.422396409852313E-004  5.271672818678193E-004
   56243.9522043663      -3.683743448890109E-005  5.271427365200050E-004
   56243.9726371073      -1.763041423106237E-004  5.271797160242779E-004
   56243.9930698483      -1.215572454583702E-003  5.270666782382910E-004
   56244.0135025892      -1.725466276581988E-004  5.271690258793746E-004
   56244.0339353301      -8.503440996121547E-006  5.272065867208325E-004
   56244.0543680709      -3.894089355881425E-004  5.271283645729295E-004
   56244.0748008118       1.282015026120575E-004  5.272262229990839E-004
   56244.0952335527       9.157237289363351E-004  5.273208517742100E-004
   56244.1156662934       3.461739567345301E-004  5.272499609341412E-004
   56244.1360990341      -9.173084728462122E-004  5.270808564063048E-004
   56244.1565318748      -7.935111181163190E-004  5.270839891678022E-004
   56244.1769645155      -6.029147516319555E-003  5.263725293428006E-004
   56244.1973972560      -6.621308203183962E-003  5.263408464662140E-004
   56244.2178300966      -6.800492451627282E-003  5.262956636483295E-004
   56244.2382627371      -6.992289429080478E-003  5.262887198986189E-004
   56244.2586955776      -7.225446309938710E-003  5.261903770248103E-004
   56244.2791283181      -8.849978236313949E-003  5.259292597391806E-004
   56244.2995609585      -7.697311213647473E-003  5.261460662127035E-004
   56244.3199937989      -8.592716575799630E-003  5.261075364759371E-004
   56244.3404265393      -7.196927755053428E-003  5.263046097816776E-004
   56244.3608591797      -6.397253490568744E-003  5.263540880354297E-004
   56244.3812920200      -5.957734535400605E-003  5.264478125082679E-004
   56244.4017247602      -3.430099532112374E-003  5.268492904275830E-004
   56244.4221574004      -2.823012230994681E-004  5.273255024716907E-004
   56244.4425902405       8.930292896491832E-004  5.275244166785173E-004
   56244.4630229807      -9.773074149976857E-005  5.273567009006231E-004
   56244.4834558209      -3.455765180533366E-004  5.273254055821598E-004
   56244.5038884609      -6.161618998515861E-004  5.273021197982465E-004
   56244.5243212009      -5.450027227135168E-004  5.272352014289423E-004
   56244.5447539410       5.763090235428869E-004  5.274265259558527E-004
   56244.5651866810       1.403823302785545E-003  5.275479608345129E-004
   56244.5856194209       4.074628721051354E-005  5.273846696785272E-004
   56244.6060521609       6.304213550640814E-004  5.274812362442703E-004
   56244.6264849007       4.302142861765113E-004  5.274149315086615E-004
   56244.6469176406      -5.926845349046861E-005  5.273853802017534E-004
   56244.6673504804       4.219118547934553E-004  5.274138011308016E-004
   56244.6877831201       4.475844462903389E-004  5.274197113921832E-004
   56244.7082159599       1.036358951589822E-003  5.275000651097648E-004
   56244.7286486996       4.314013115336301E-005  5.274524923501194E-004
   56244.7490813393      -4.649624724295531E-005  5.273701685454107E-004
   56244.7695141789       7.634664614866171E-004  5.275016476387686E-004
   56244.7899469184      -3.517591586782443E-004  5.272978243623791E-004
   56244.8103795581      -1.317351252737575E-004  5.274178704910971E-004
   56244.8308123976      -5.593978205697958E-005  5.274452902283265E-004
   56244.8512451372       6.339976963938287E-004  5.275711174323851E-004
   56244.8716777766      -4.861184727240619E-004  5.273830871495235E-004
   56327.6455872666       3.063099390339108E-004  4.799050955361657E-004
   56327.6660206882       6.516867136352467E-004  4.800447398103582E-004
   56327.6864541104      -1.454521148498422E-004  4.798922853590778E-004
   56327.7068876326       2.259030664790718E-004  4.800532132087444E-004
   56327.7273209553      -7.711465200288536E-004  4.799181058722706E-004
   56327.7477544782       2.098668457615194E-004  4.800526127316934E-004
   56327.7681879015      -1.335481030170227E-004  4.799532004199176E-004
   56327.7886212251      -4.657750909541347E-004  4.798967555771241E-004
   56327.8090547490       2.462099570055276E-004  4.800110463758301E-004
   56327.8294881731       3.356024147349590E-004  4.800383680816504E-004
   56327.8499214977       2.349179506233590E-005  4.800188525774931E-004
   56327.8703550225      -1.474677487226517E-004  4.799832242724674E-004
   56327.8907884476       5.485386734525033E-004  4.800744634243824E-004
   56327.9112217730      -1.452177946025257E-004  4.799992703536634E-004
   56327.9316552987       3.164808250288864E-004  4.801204666384558E-004
   56327.9520887247      -5.065704089934897E-005  4.800045745676138E-004
   56327.9725221511       2.650517190367907E-004  4.800993498621625E-004
   56327.9929555777       2.400243770614985E-004  4.799846253855863E-004
   56328.0133890046       1.099924387103046E-003  4.801202331196026E-004
   56328.0338224319       8.107253490494681E-004  4.801013848121687E-004
   56328.0542558595       7.471242554242252E-004  4.801642681033423E-004
   56328.0746892874       5.552691795736031E-004  4.801436183647553E-004
   56328.0951227156      -1.612171796663286E-004  4.799945332569277E-004
   56328.1155561440      -4.783047446120126E-003  4.794790570684849E-004
   56328.1359896728      -6.283053862210952E-003  4.793634652361684E-004
   56328.1564230019      -7.328282272939468E-003  4.792825009137926E-004
   56328.1768564314      -7.880328571350015E-003  4.792094762324245E-004
   56328.1972899611      -6.942385731082412E-003  4.793021164974585E-004
   56328.2177232911      -8.035105534068721E-003  4.790918828099380E-004
   56328.2381567215      -6.965913239193267E-003  4.791555333773434E-004
   56328.2790236831      -7.819558615135835E-003  4.791415222461535E-004
   56328.2994570143      -6.812161322843235E-003  4.793342086598505E-004
   56328.3198905459      -4.853110040125452E-003  4.795134176997363E-004
   56328.3403239777      -5.227662146075618E-003  4.794920006849175E-004
   56328.3607574100      -1.386738477464844E-003  4.798784743869049E-004
   56328.3811908424      -3.964138837186937E-007  4.800864062457299E-004
   56328.4016242753      -4.653895900508243E-005  4.801334102548884E-004
   56328.4220578083      -3.447024533866916E-004  4.800586175022033E-004
   56328.4424911417       6.874922512820625E-004  4.802157756903832E-004
   56328.4629245755       5.052814201305100E-004  4.801155627425393E-004
   56328.4833581095      -1.075736214499745E-004  4.800933450916525E-004
   56328.5037914439      -3.071980989464151E-004  4.801365127196518E-004
   56328.5242249785       7.325652915746161E-005  4.801379138327708E-004
   56328.5446584136      -1.469008218304757E-003  4.799274466263972E-004
   56328.5650917487      -4.667742410431330E-004  4.800672243399343E-004
   56328.5855252843      -7.715066258294767E-004  4.800576167071184E-004
   56328.6059586202      -1.170786314119709E-005  4.801127271564652E-004
   56328.6263920564      -4.735971913800707E-004  4.801488224991972E-004
   56328.6468255930      -5.584102636191357E-005  4.801662696935122E-004
   56328.6672589297       9.426269595258496E-005  4.803147543242888E-004
   56328.6876923669       8.150955817538552E-004  4.802499695224537E-004
   56328.7081259042      -3.153499147917627E-004  4.801549607090519E-004
   56328.7285592421      -8.106905866711589E-005  4.801484555409994E-004
   56328.7489927800      -5.907519326813215E-004  4.800247572684945E-004
   56328.7694262184      -3.776461172881884E-004  4.800846381744131E-004
   56328.7898596571      -2.875656657832515E-004  4.800957803596927E-004
   56328.8102930961      -7.457787765563495E-005  4.801602315631661E-004
   56411.6088193579      -3.550558611131738E-005  4.698471611776680E-004
   56411.6292538518      -4.881943113433929E-004  4.697897587339530E-004
   56411.6496882457      -2.756404293638992E-004  4.696129936296534E-004
   56411.6701226397      -8.714949985810794E-005  4.696959578500811E-004
   56411.6905570338      -4.947474625035531E-004  4.694643401052298E-004
   56411.7109914280      -5.509073686439381E-004  4.696797984725333E-004
   56411.7314259223      -3.256360971092276E-004  4.696559259404164E-004
   56411.7518602167       2.211189889349541E-004  4.696856311472694E-004
   56411.7722946111       2.938308423183766E-004  4.696093920326851E-004
   56411.7927291057      -2.861728322552937E-004  4.694640532523739E-004
   56411.8131634003       2.394432722194750E-004  4.695990334573340E-004
   56411.8335978950      -5.147077110981835E-004  4.696816470798267E-004
   56411.8540322898      -6.742041545974020E-004  4.696339338881324E-004
   56411.8744665847      -3.547874375623428E-004  4.694487544333938E-004
   56411.8949010796      -1.014349383284485E-003  4.694079575827801E-004
   56411.9153354747      -4.836666487872954E-005  4.693279893810693E-004
   56411.9357697698       5.237614316675465E-004  4.697154319717411E-004
   56411.9562042650      -1.456477371645226E-004  4.694896150290865E-004
   56411.9766386603       1.042375067006329E-004  4.696521012356713E-004
   56411.9970729557      -4.729291086867926E-004  4.694224595882717E-004
   56412.0175074512      -1.236766374045351E-004  4.697171530888764E-004
   56412.0379417467       3.804763788806120E-004  4.696759418952487E-004
   56412.0583762423      -3.204049661635344E-003  4.690334233706227E-004
   56412.0788106380      -5.342239287560391E-003  4.689878775116173E-004
   56412.0992450338      -7.808126170240071E-003  4.687634629607025E-004
   56412.1196794297      -7.708448201969698E-003  4.686138213875531E-004
   56412.1401138257      -8.824471495106789E-003  4.684244985026740E-004
   56412.1605482217      -8.488037770839063E-003  4.681182671427550E-004
   56412.1809826179      -8.200440572477485E-003  4.686428572710758E-004
   56412.2014170141      -8.271539218002166E-003  4.683554944545657E-004
   56412.2218515104      -7.380924187426419E-003  4.685130085449819E-004
   56412.2422859068      -7.378962245811360E-003  4.684466180451161E-004
   56412.2627202032      -7.130495725235164E-003  4.684460762119439E-004
   56412.2831546998      -4.917674411331174E-003  4.687895346980478E-004
   56412.3035890964      -3.749043337218150E-003  4.686275584520957E-004
   56412.3240233931      -3.869872054600432E-004  4.693397184756208E-004
   56412.3444578899      -1.004970724830634E-003  4.691455828372708E-004
   56412.3648922868      -7.842772944670617E-004  4.694331050164786E-004
   56412.3853265838      -7.873833831851806E-004  4.693190013249185E-004
   56412.4057610808      -2.788255106386250E-004  4.691812163364787E-004
   56412.4261954779      -4.351536502833486E-005  4.693469854146363E-004
   56412.4466299751       1.697324909049058E-004  4.693610412045743E-004
   56412.4670642724      -7.982839887732407E-005  4.693228579022031E-004
   56412.4874986698      -2.538201900393888E-004  4.690520050611757E-004
   56412.5079331672       6.554150576170148E-004  4.695861569513591E-004
   56412.5283674648      -7.375071083378648E-004  4.694252006266723E-004
   56412.5488018624      -8.919337261170668E-004  4.692037820944744E-004
   56412.5692363601       6.045155950809011E-004  4.691768497985615E-004
   56412.5896706578      -1.238594183824882E-003  4.693497583255765E-004
   56412.6101050557      -6.245709001930777E-004  4.692064593877959E-004
   56412.6305395536      -3.649143328958715E-004  4.689918297065205E-004
   56412.6509738516       1.213263454041158E-003  4.694244994308023E-004
   56412.6714083497       1.048254440170204E-004  4.689885468349477E-004
   56412.6918426479       1.822027689395433E-004  4.691198616978605E-004
   56412.7122770462      -8.757967492096785E-004  4.692936945285222E-004
   56412.7327115445       3.861985036301974E-005  4.694544277454322E-004
   56412.7531458429       7.329806422311513E-004  4.695867944021499E-004
   56412.7735802415      -3.554158627365744E-004  4.689305706855209E-004
