   55038.8829891421       1.039846654398158E-004  2.705214810928732E-005
   55038.9034227804       5.529546253546513E-005  2.705464622288023E-005
   55038.9238566183       6.161827719886048E-005  2.705352248263736E-005
   55038.9442903559      -1.250605681043515E-004  2.705336635053781E-005
   55038.9647239933       2.066915185783280E-005  2.705631847984127E-005
   55038.9851577304      -4.075434132944089E-006  2.705538579598339E-005
   55039.0055915673      -4.207730082739225E-005  2.705257952693083E-005
   55039.0260252037      -4.179284376781833E-005  2.705268635415684E-005
   55039.0464589399      -3.484813548593202E-005  2.705119282736240E-005
   55039.0668927759       1.320219803604417E-004  2.705764354831777E-005
   55039.0873264117       3.608086894479889E-005  2.705381214876944E-005
   55039.1077601469       1.649689581473268E-005  2.705772161436755E-005
   55039.1281938820       1.556520310457277E-004  2.705909804208733E-005
   55039.1486277168       3.209625078892664E-005  2.705593842144103E-005
   55039.1690613514       4.315341417315821E-006  2.705396828086899E-005
   55039.1894950857       3.736762943495897E-005  2.705026836098344E-005
   55039.2099289196       9.220681611088466E-005  2.705389432355868E-005
   55039.2303625532       4.177452063447440E-005  2.705110654383369E-005
   55039.2507962866       4.493629608304239E-005  2.705275825709743E-005
   55039.2712299198      -1.841082709619357E-006  2.705397238960846E-005
   55039.2916637528       3.394200111750401E-005  2.705167971298865E-005
   55039.3120974852      -6.651853706063360E-005  2.705326979516045E-005
   55039.3325312175       1.402186630539148E-005  2.705236381810907E-005
   55039.3529649495       6.650905557537001E-005  2.705291438919698E-005
   55039.3733986810       1.810426250841157E-004  2.705222001222790E-005
   55039.3938324126       9.112801491495404E-005  2.705541661152935E-005
   55039.4142660437       2.485070838620373E-005  2.705159753819941E-005
   55039.4346998745       2.246226023605580E-005  2.705501806380154E-005
   55039.4551336052       4.613808989328838E-005  2.705141264492361E-005
   55039.4755672353       4.593482937842452E-005  2.705073675728211E-005
   55039.4960010652       6.440252956130266E-005  2.705240490550370E-005
   55039.5164347949       7.398898889077188E-005  2.705368066910665E-005
   55039.5368684244       5.259271156621281E-005  2.705649515563814E-005
   55039.5573021536       2.482848364793178E-005  2.705011428325362E-005
   55039.5777358823      -3.731552672969762E-006  2.705575969127443E-005
   55039.5981696111       7.112589274504977E-005  2.705240490550370E-005
   55039.6186033394       1.910892852086121E-005  2.705399704204523E-005
   55039.6390371672      -6.047544253995341E-005  2.705456610246072E-005
   55039.6799045224      -2.580714382083293E-004  2.704968902871930E-005
   55039.7003382495      -1.861823496425163E-004  2.705160370130860E-005
   55039.7207719764      -2.209879535051140E-004  2.705007730459846E-005
   55039.7412057031      -1.688898394169858E-004  2.705157494013237E-005
   55039.7616394293      -1.521097833195872E-004  2.705345263406651E-005
   55039.7820731552      -2.511399853667440E-004  2.704916105569843E-005
   55039.8025068810      -1.367892919507119E-004  2.705243366667993E-005
   55039.8229406064      -1.283584758766665E-004  2.705548440573048E-005
   55039.8433742317      -2.947609784563765E-004  2.704876045360088E-005
   55039.8638080565      -2.125166252866517E-004  2.704882208469281E-005
   55039.8842417811      -1.827484976043570E-004  2.705436682859681E-005
   55039.9046754054      -2.012300617257878E-004  2.705469963649323E-005
   55039.9251092295      -1.474056908324917E-004  2.705724910932942E-005
   55039.9455429531      -1.137069671258706E-004  2.705502422691073E-005
   55039.9659765765      -1.053737518249553E-004  2.705438942666385E-005
   55039.9864102997      -9.127618251980607E-005  2.705381831187863E-005
   55040.0068441226      -1.841639622889302E-004  2.705656705857872E-005
   55040.0272777451      -1.620377621740499E-004  2.705273976776985E-005
   55040.0477114676      -3.936274129423545E-006  2.705741140453816E-005
   55040.0885789114      -4.547425258116800E-005  2.705659581975496E-005
   55040.1090126327      -9.981637296341273E-005  2.705447160145309E-005
   55040.1294463540      -5.670588319461878E-005  2.705671497319935E-005
   55040.1498801748      -9.239535412308708E-005  2.705464827724996E-005
   55040.1703137954      -8.892271141391905E-005  2.704998691233030E-005
   55040.1907475158      -1.155170735862576E-004  2.705410592364097E-005
   55040.2111813357      -8.290247213416091E-005  2.705080455148324E-005
   55040.2316149554      -1.394507854723948E-004  2.705352453700709E-005
   55040.2520486750      -4.698502635624990E-005  2.705745454630252E-005
   55040.2724822940      -7.493681324766133E-005  2.705476332195489E-005
   55040.2929161130      -5.915801844147417E-005  2.705433601305084E-005
   55040.3133498315      -6.113721672063033E-005  2.705225082777387E-005
   55040.3337834500      -4.300634202436537E-005  2.705276647457635E-005
   55040.3542172681       1.578405713753561E-005  2.705477359380355E-005
   55040.3746509856      -2.323517979829770E-005  2.705392719347437E-005
   55040.3950847032      -1.848774193258240E-005  2.705369299532504E-005
   55040.4155183203      -9.839165256075866E-005  2.705088672627248E-005
   55040.4359521372      -2.858472155531366E-006  2.705520501144706E-005
   55040.4563858539       3.074618624698822E-005  2.705659787412469E-005
   55040.4768194703      -7.781504267168060E-006  2.705301094457434E-005
   55040.4972532862       3.348638807865179E-005  2.705285275810505E-005
   55040.5176870019      -4.820399842897505E-005  2.705144551483931E-005
   55040.5381206174      -2.802472227725339E-006  2.705178243147520E-005
   55040.5585543327       3.818035913116802E-005  2.705391281288626E-005
   55040.5789881475       6.637392413688659E-006  2.705236998121827E-005
   55040.5994217623      -5.344126580675290E-005  2.705091754181844E-005
   55040.6198554766      -1.641848989109018E-005  2.705224877340414E-005
   55040.6402892907       8.927367684696819E-005  2.705043271056192E-005
   55040.6607230043      -3.689981479182425E-005  2.705046352610789E-005
   55040.6811566177      -4.545066391781205E-005  2.705251789583890E-005
   55040.7015903311      -7.667993206050827E-005  2.704726281806698E-005
   55040.7220241440      -7.080216773824866E-005  2.705282605129855E-005
   55040.7424577564      -1.939082813362525E-005  2.705032382896618E-005
   55040.7628914689      -9.411480049992260E-005  2.704907271779999E-005
   55040.7833252809      -4.020713245289631E-005  2.705386761675218E-005
   55204.6355548434      -3.654282818676968E-005  2.788068714828968E-005
   55204.6559881383      -9.418801112293096E-005  2.788011662415394E-005
   55204.6764213335      -5.481441600918568E-005  2.788104714691408E-005
   55204.6968544291       5.469330648866233E-005  2.788190188049013E-005
   55204.7172876249      -1.128367080605042E-005  2.787060297629637E-005
   55204.7377209210      -4.348248762819917E-005  2.788224503707362E-005
   55204.7581540174       2.833023876225305E-005  2.787981767792783E-005
   55204.7785872141      -4.182857002210660E-006  2.787563032550723E-005
   55204.7990205111       6.166327938261773E-007  2.788079662155558E-005
   55204.8194536084      -1.216817936138259E-004  2.787248928487800E-005
   55204.8398868060      -2.850852849134444E-005  2.787547874713906E-005
   55204.8603201039      -7.475919752342186E-005  2.787780084352917E-005
   55204.8807532020      -6.345186848821793E-005  2.787456506641983E-005
   55204.9011864005      -9.165183116865983E-005  2.787987030930567E-005
   55204.9216195993      -6.624389693898891E-006  2.787847241991036E-005
   55204.9420528984      -9.791798217428926E-005  2.787916504884267E-005
   55204.9624859977       4.048676730339373E-005  2.787825978914390E-005
   55204.9829191973       4.943865072748466E-005  2.787180507696613E-005
   55205.0033524973       3.356837769752374E-005  2.787696084673892E-005
   55205.0237855976      -3.470433782126747E-006  2.786998403129302E-005
   55205.0442187982      -1.018611455612106E-004  2.787368085927220E-005
   55205.0646520990      -1.225067225739673E-004  2.787499874897320E-005
   55205.0850852001      -1.206166917165907E-004  2.787463032932835E-005
   55205.1055184015      -7.337881843838545E-005  2.787167665640422E-005
   55205.1259517033      -5.535201174622362E-005  2.787531874775044E-005
   55205.1463848052      -7.473522496259655E-005  2.787935241654777E-005
   55205.1668180076      -5.343320165496213E-005  2.787773979113088E-005
   55205.1872512101      -4.418070262313112E-005  2.787313559819782E-005
   55205.2076844130      -2.361018058794073E-005  2.787901768098473E-005
   55205.2281176163      -7.612475025631227E-005  2.787973136246818E-005
   55205.2485508198      -8.119511364557130E-005  2.787765558092635E-005
   55205.2689841235      -9.166750839495474E-005  2.788056714874822E-005
   55205.2894172277      -8.459380482961354E-005  2.787708926730083E-005
   55205.3098504320      -5.830062992850937E-005  2.787716926699515E-005
   55205.3302836366       5.631882139378597E-005  2.787868505067681E-005
   55205.3507168416      -4.543858378458498E-005  2.787995241425510E-005
   55205.3711500470      -1.187793191046449E-004  2.787832505205242E-005
   55205.3915832525      -9.398311212549526E-005  2.787892294450463E-005
   55205.4120164584      -7.463906267046738E-005  2.788079030579024E-005
   55205.4324496646      -9.918368568495595E-005  2.788356503202973E-005
   55205.4528827710      -6.481775955091695E-005  2.788073767441240E-005
   55205.4733160777      -1.842293067426670E-004  2.788218398467533E-005
   55205.4937491848      -1.440469173670245E-004  2.788454187040237E-005
   55205.5141823921      -1.048481279882774E-004  2.787948294236480E-005
   55205.5346156997      -1.776459981068790E-004  2.788479029050575E-005
   55205.5550489077       3.184500968589354E-005  2.788406187223650E-005
   55205.5754820159      -1.149562279514349E-004  2.787997557206134E-005
   55205.5959153245      -1.521131840676038E-004  2.788529134122274E-005
   55205.6163485332      -1.345831582860724E-004  2.788479660627109E-005
   55205.6367816424      -7.009729873652670E-005  2.788615870632948E-005
   55205.6572149518      -1.125660208788348E-004  2.788730185985607E-005
   55205.6776481615      -1.824757148659595E-004  2.788500081601709E-005
   55205.6980812715      -1.626832317547233E-004  2.788506818418072E-005
   55205.7185144819      -2.022476042166099E-004  2.788914185282520E-005
   55205.7389477925      -1.350353058693354E-004  2.788717554454926E-005
   55205.7798141146       1.181500267777302E-005  2.788457134397395E-005
   55205.8206806379       6.037938992475844E-005  2.789324920555150E-005
   55205.8411137500      -2.168620615827788E-005  2.789179657952323E-005
   55205.8615470623       1.575482452986776E-005  2.788961553522573E-005
   55205.8819802750      -1.127436635073309E-004  2.789158184350166E-005
   55205.9024133880       5.528647756491978E-006  2.789226815666864E-005
   55205.9228467013       5.726147364537582E-005  2.789123868691818E-005
   55205.9432799148      -3.072468683729124E-005  2.788878606471103E-005
   55205.9637130288      -8.676925808814850E-005  2.789418604407698E-005
   55205.9841462428       1.033350843755443E-004  2.789174394814540E-005
   55206.0045795574       6.409431641074548E-005  2.789245762962885E-005
   55206.0250126722      -1.375859226959708E-005  2.789041763742394E-005
   55206.0454458872       9.438615475199086E-005  2.788768291103160E-005
   55206.0658792025       4.550306782102886E-005  2.789122605538750E-005
   55206.0863123181       2.014551158513456E-005  2.788947869364335E-005
   55206.1067455341       5.148772323937401E-005  2.788920290522349E-005
   55206.1271788504       2.801727558532363E-005  2.789231026177091E-005
   55206.1476120669       1.297696874038579E-004  2.788933764155075E-005
   55206.1680451838       6.282673317192788E-005  2.788887027491557E-005
   55206.1884785009       4.655171399825520E-005  2.789120500283636E-005
   55206.2089116184       2.982017675745574E-005  2.788663449398511E-005
   55206.2293448362       1.264422551681132E-004  2.789173763238006E-005
   55206.2497781542       1.993360633707475E-004  2.788827869822870E-005
   55206.2702112725       1.014404966024340E-004  2.789211657830048E-005
   55206.2906444911      -5.177798546651680E-005  2.789419446509743E-005
   55206.3110776101       5.673731901767454E-005  2.788306187605763E-005
   55206.3315109293       3.432496677113761E-005  2.788855238139345E-005
   55206.3519441488       2.303955324278739E-005  2.788571870801077E-005
   55206.3723773687      -3.747862002223545E-005  2.788296924483264E-005
   55206.4132438092       2.014602142406119E-004  2.788443239713647E-005
   55206.4336770300       1.374990803215681E-005  2.788657344158682E-005
   55206.4541102510       1.925899605303982E-005  2.788731028087652E-005
   55206.4745434723      -9.719069063329755E-006  2.788477976423018E-005
   55206.4949766940       1.646532657328947E-006  2.788071030609593E-005
   55206.5154100159      -6.863255338462881E-005  2.787680295260541E-005
   55206.5358431381       9.902233865033416E-005  2.788936711512234E-005
   55370.3765325558      -6.855198848809696E-005  2.752461685912098E-005
   55370.3969668667      -6.628815398335153E-005  2.752792335512505E-005
   55370.4174009777      -1.770760055241904E-005  2.753597542197352E-005
   55370.4378352881       4.787265178363143E-005  2.753722247949643E-005
   55370.4582694986       4.571023259458684E-006  2.752753088016860E-005
   55370.4787036089      -9.494257809328221E-005  2.752275365811805E-005
   55370.4991379189       6.601851172827189E-005  2.752631758393227E-005
   55370.5195721289      -4.513345752688025E-008  2.752921472433660E-005
   55370.5400062385      -1.302656500339339E-004  2.753282929208068E-005
   55370.5604405480      -1.247517049337565E-004  2.753092388946953E-005
   55370.5808747571      -5.344200907808627E-005  2.752068999947607E-005
   55370.6013088662      -6.621866923672837E-005  2.753294956666411E-005
   55370.6217431750      -3.671246189562716E-005  2.753645652030723E-005
   55370.6626114923      -3.746380638380842E-005  2.751778652883050E-005
   55371.9703815197       6.836455890990578E-005  2.695327314907906E-005
   55371.9908157150       5.477603867820591E-006  2.696105060654665E-005
   55372.0112500104      -2.950222181952178E-005  2.695750849973058E-005
   55372.0316841055       3.412730919527540E-005  2.696501112088470E-005
   55372.0521183004      -1.765635579920044E-005  2.696000868977620E-005
   55372.0725525950      -2.191921612204606E-005  2.695772385654337E-005
   55372.0929866895      -5.779818336315579E-005  2.695991434298203E-005
   55372.1134208839       3.754497159857983E-005  2.697171589632287E-005
   55372.1338551778       1.299748628702524E-005  2.696777384114020E-005
   55372.1542892718       5.343853825956479E-005  2.697216917113836E-005
   55372.1747234653      -1.051604837498665E-005  2.696632172091682E-005
   55372.1951577587      -8.907336316688053E-005  2.697009149064926E-005
   55372.2155919520       2.434943879525697E-005  2.696780255538190E-005
   55372.2360260450      -3.019821260574762E-005  2.697019609252976E-005
   55372.2564603380       7.789005323166620E-006  2.696442042791248E-005
   55372.2768945306       3.938574507822423E-005  2.696727954597941E-005
   55536.1106804891       8.858695041524811E-006  2.641884806367266E-005
   55536.1311132557      -2.890725362281188E-005  2.642788957900522E-005
   55536.1515460224      -5.684277739426147E-005  2.642551526075919E-005
   55536.1719787892      -1.276702703241206E-004  2.642084822279862E-005
   55536.1924115562      -1.120159697998169E-005  2.642558889845835E-005
   55536.2128443233       3.168583925394763E-005  2.642695418120502E-005
   55536.2332770905      -1.005485598115641E-006  2.642589539050352E-005
   55536.2537099579      -6.131042984858226E-006  2.642673923873179E-005
   55536.2741426253       5.017488030700790E-005  2.642985988500990E-005
   55537.8270337252      -5.827749944109506E-005  2.639485212478543E-005
   55537.8474665025      -1.746670284886731E-004  2.639064681510071E-005
   55537.8678991801      -9.363566204967366E-005  2.638415674653380E-005
   55537.8883320577       1.585553779648308E-005  2.639100505255611E-005
   55537.9087648355       2.778498558031472E-005  2.639360028389964E-005
   55537.9291976134       8.598974922646718E-005  2.639294749564758E-005
   55537.9496303914       2.628348866595687E-005  2.639241013946449E-005
   55537.9700631696       1.428609502762690E-005  2.639535365722299E-005
   55537.9904960479       2.146211477203064E-004  2.639510289100421E-005
   55538.0109287264       1.008242370030832E-004  2.639168968413753E-005
   55701.8488816404      -1.231585416249237E-004  2.759175271749669E-005
   55701.8693160919      -2.670734280529885E-005  2.758964775391604E-005
   55701.8897506433      -8.150336931234126E-005  2.758766536853586E-005
   55701.9101849946      -4.189115817976319E-005  2.758519267035377E-005
   55701.9306194459       1.204775501428834E-005  2.758992249815849E-005
   55701.9510539972       1.590609303225854E-005  2.759146529275074E-005
   55701.9714883484       4.062700899276628E-005  2.759196194580440E-005
   55701.9919227996       1.517176173448931E-005  2.758563648797620E-005
   55702.0123573509      -9.332416276508493E-005  2.758831207421426E-005
   55702.0327917019       1.047610905398066E-004  2.758841774507674E-005
   55702.0532261530       2.286439491472336E-005  2.759059245142663E-005
   55702.0736606041      -1.441966980608722E-005  2.758913842035887E-005
   55702.0940950551      -1.545394670898759E-006  2.758915955453137E-005
   55702.1145296061      -5.016842365956897E-005  2.758796970061981E-005
   55702.1349640570      -2.016281700545353E-005  2.759294891165999E-005
   55702.1553984078      -1.836859810455671E-005  2.759281787979051E-005
   55702.1758329587       2.872203918835581E-005  2.759085451516559E-005
   55702.1962674095      -6.140974690538314E-006  2.758861851971546E-005
   55702.2167017602      -1.942396952248071E-005  2.758845790000448E-005
   55702.2371363110      -1.503811628322804E-005  2.759365267960412E-005
   55702.2575707618       3.638359595736773E-005  2.759091157743133E-005
   55702.2780051124      -6.330949265709318E-005  2.758572947833518E-005
   55702.2984396631      -1.390368842446588E-005  2.759161534537546E-005
   55702.3188741136       3.107112990408112E-005  2.759313066554346E-005
   55702.3393086641       4.067502352533836E-005  2.758879181992993E-005
   55702.3597430147       5.352621102816535E-005  2.759090946401408E-005
   55702.3801774651      -1.646983309833150E-005  2.759152446843373E-005
   55702.4006120155       1.798310101408518E-005  2.759536454757634E-005
   55702.4210463659       1.943732252351893E-005  2.759066219419587E-005
   55702.4414808162      -6.387899421644860E-007  2.758249383652597E-005
   55702.4619153666      -7.822645629040892E-007  2.758844944633548E-005
   55702.4823497168      -3.641073356486224E-005  2.758866501489495E-005
   55702.5027841671      -2.306165635479474E-005  2.759097075311432E-005
   55702.5232187173      -4.942832933840791E-006  2.758941316460132E-005
   55702.5436530673       4.205606693052921E-005  2.759153714893722E-005
   55702.5640876175       3.913510124564645E-005  2.759261710515180E-005
   55702.5845220676      -1.170305263565874E-004  2.758963930024704E-005
   55702.6049565175       2.157784205691904E-005  2.759243323785108E-005
   55702.6253909676      -5.719039748997012E-005  2.759132792062951E-005
   55702.6458254175      -5.776790272149501E-005  2.758916589478312E-005
   55702.6662598674       6.031979893239559E-005  2.759168086131020E-005
   55702.6866943172       9.542795401684678E-005  2.758870728323994E-005
   55702.7071287670      -3.105587132690157E-005  2.759196405922165E-005
   55702.7275631169       4.303506698843940E-005  2.759343711104466E-005
   55702.7479976666       1.728310317306025E-006  2.758520535085727E-005
   55702.7684321163       1.701978953816408E-005  2.759809085582839E-005
   55702.7888666659      -3.827869490069524E-005  2.758981048704426E-005
   55702.8093010155       1.546277343655866E-005  2.759275025043852E-005
   55702.8297354651       1.463542725439471E-004  2.759536032074184E-005
   55702.8501700147      -2.018125467406762E-005  2.759002816902097E-005
   55702.8706043641       6.436028174405806E-006  2.758719830332369E-005
   55702.8910388135      -2.284039213096278E-005  2.759233390724034E-005
   55702.9114733630       3.346115259095228E-005  2.759389783600509E-005
   55702.9319077123      -6.865789033860814E-006  2.759270164184178E-005
   55702.9523421616       4.055803565461424E-005  2.759461851128721E-005
   55702.9727767109      -2.761638169923586E-005  2.759084817491384E-005
   55702.9932110601       6.455550982531477E-005  2.759666641260213E-005
   55703.0136456094       1.070505711586733E-005  2.759422330226153E-005
   55703.0340800585       6.887078695272386E-005  2.759589712872325E-005
   55703.0545144077       5.692469455542692E-005  2.759395701168807E-005
   55703.0749489567       3.241413429577733E-005  2.758626628631660E-005
   55703.0953834057       4.001326328162413E-005  2.759370128820087E-005
   55703.1158178547       4.668932129980874E-005  2.758963930024704E-005
   55703.1362523036       4.411321731190299E-005  2.759351953431740E-005
   55703.1566867525      -5.295724581078076E-005  2.758910460568288E-005
   55703.1771212013      -4.070989030990901E-006  2.759240365000958E-005
   55703.1975556502      -1.005880174642648E-004  2.759186261519367E-005
   55703.2384246476       7.177086047205350E-005  2.759327226449919E-005
   55703.2588590963       7.416998180365120E-005  2.758917646186936E-005
   55703.2792934450       6.328962826551709E-005  2.759605140818248E-005
   55703.2997279935      -7.425414611172965E-005  2.759502217398190E-005
   55703.3201623421      -3.287526822814968E-005  2.759160900512371E-005
   55703.3405967906       4.534246968956879E-005  2.759343922446191E-005
   55703.3610313391       2.770838829491140E-006  2.759352798798640E-005
   55703.3814656875       7.364700922707357E-005  2.759406268255056E-005
   55703.4019001358       4.475430870254371E-005  2.759546810502157E-005
   55703.4223346841      -1.314157156973028E-005  2.758900316165489E-005
   55703.4427690325       8.973133016709767E-005  2.759124549735677E-005
   55703.4632035807       1.124058961201602E-004  2.759393799093283E-005
   55703.4836380289       1.301670268238908E-005  2.759123704368777E-005
   55703.5040723769      -2.989482284299072E-005  2.758464952212061E-005
   55703.5245069251      -1.186567320698995E-004  2.759336948169267E-005
   55703.5449413731      -2.153095918777659E-005  2.758518210326752E-005
   55703.5653757212       6.984048423386291E-005  2.759502851423365E-005
   55703.5858102692      -8.315779187051398E-005  2.758562592088995E-005
   55703.6062447170       1.430063493890188E-005  2.759767662604746E-005
   55703.6266791650      -3.627085050605938E-005  2.759201266781840E-005
   55703.6471136127      -4.284158150646977E-005  2.759121802293253E-005
   55703.6675480606       4.161722863327277E-005  2.759096441286257E-005
   55703.6879825083      -1.113628637405828E-005  2.759046141955715E-005
   55703.7084169561       5.653509999747897E-005  2.759194081163191E-005
   55703.7288514037       1.033527346419039E-004  2.759267416741754E-005
   55703.7492859513       5.618570000232026E-005  2.758744768655915E-005
   55867.6066913769      -9.949079927007443E-005  2.647996084073586E-005
   55867.6271241244       5.711235000149806E-005  2.648829966859035E-005
   55867.6475568718      -7.775397881104595E-006  2.648602362619249E-005
   55867.6679896190       1.114075176023022E-005  2.648455688772012E-005
   55867.6884223662      -6.196014348325285E-005  2.648687089746263E-005
   55867.7088551133      -8.158762928112129E-005  2.648778611029689E-005
   55867.7292878602       4.176717790427276E-005  2.648739844372517E-005
   55867.7497206071      -3.058629911678601E-005  2.648215095703793E-005
   55867.7701533539       4.490437237780753E-005  2.648044442480986E-005
   55867.8110188471       3.347071444692595E-005  2.648577983587420E-005
   55867.8314515937      -5.675078841194114E-006  2.648439302865373E-005
   55867.8518844400       2.282917857909794E-005  2.648728853825381E-005
   55867.8723170864       5.324577021648125E-005  2.649094938959084E-005
   55867.8927499324       4.986793833072767E-005  2.648761026154271E-005
   55867.9131826785       1.200183499805441E-005  2.648835362218538E-005
   55867.9336153245      -9.459322156124550E-006  2.648726056231565E-005
   55867.9540481705       9.242799607278585E-005  2.648777811717170E-005
   55867.9744809162       1.504301321353374E-005  2.648757029591676E-005
   55867.9949135619      -1.360518692494761E-005  2.648597167087876E-005
   55868.0153464075       5.995239309508626E-005  2.648626741651079E-005
   55868.0357791530      -1.504172829381867E-004  2.648239075079363E-005
   55868.0562117984       3.219928185083099E-005  2.648772216529537E-005
   55868.0766446437      -2.253920373918028E-005  2.648755830622898E-005
   55868.0970772888      -1.198101229062942E-004  2.648568192009062E-005
   55868.1175101340      -8.708671078050401E-006  2.648777212232781E-005
   55868.1379428789       1.418892394711158E-005  2.648875128016358E-005
   55868.1583755239      -4.095705928852666E-005  2.648130568404909E-005
   55868.1788083687       4.397015450252617E-005  2.648983434862683E-005
   55868.1992411134      -5.482162403869228E-005  2.648442500115449E-005
   55868.2196738580      -6.810290630776539E-005  2.648605959525585E-005
   55868.2401066024       5.417310219635318E-005  2.648707672043628E-005
   55868.2605393469      -6.954610288212315E-006  2.648651720167298E-005
   55868.2809720912       2.231548074993484E-005  2.649036189488937E-005
   55868.3014048355      -3.226905945585834E-005  2.648199708937802E-005
   55868.3218375796      -2.042565895832293E-005  2.648178726984179E-005
   55868.3422704236       3.280517646975234E-005  2.648811582671098E-005
   55868.3627031675      -7.818569164985689E-006  2.648734049356755E-005
   55868.3831358113       3.704230018564125E-005  2.648634934604399E-005
   55868.4035686550      -3.714416675493215E-005  2.648392742911141E-005
   55868.4240013986       4.270437808084893E-005  2.648853546578345E-005
   55868.4444340422       4.054193481528579E-005  2.648474272788079E-005
   55868.4648668856       3.930886258118882E-005  2.648415523317933E-005
   55868.4852996290      -4.322202579021273E-005  2.648503647523152E-005
   55868.5057322722      -2.911359754487197E-005  2.648287433486763E-005
   55868.5261651154       4.805190582324315E-006  2.648744440419502E-005
   55868.5465978584      -4.719754053528202E-005  2.648466479491019E-005
   55868.5670305014      -7.275291728070510E-005  2.648351378488283E-005
   55868.5874633442       5.361677554160948E-006  2.648405931567705E-005
   55868.6078960871      -1.908063861744136E-005  2.648591172243983E-005
   55868.6283289297      -2.899728856564643E-005  2.648378754942059E-005
   55868.6487615723      -9.677060521429137E-005  2.648734648841144E-005
   55868.6691943147      -2.809836848904901E-005  2.648476670725636E-005
   55868.6896271571      -1.326526902692970E-004  2.648495654397962E-005
   55868.7100597994      -4.526979452323943E-005  2.648777412060911E-005
   55868.7304925416      -6.955849629108890E-005  2.648826569780829E-005
   55868.7509252837      -1.159140403519388E-004  2.648559599399483E-005
   55868.7713580257      -6.313049756623279E-006  2.648429111630756E-005
   55868.7917907676      -7.467369900537868E-006  2.648561397852650E-005
   55868.8122235095       1.826070456933948E-005  2.648201907047229E-005
   55868.8326562511       2.704758819827013E-005  2.648875327844488E-005
   55868.8530890928       1.875218009070867E-004  2.648979438300088E-005
   55868.8735218343       6.348605794714857E-005  2.649050177458020E-005
   55868.8939544757       2.814869832823419E-005  2.648716664309466E-005
   55868.9143873171       6.231221235841744E-005  2.648701877027865E-005
   55868.9348200583      -2.340978105919156E-005  2.648591372072113E-005
   55868.9552526995      -3.077114863914154E-005  2.648447096162433E-005
   55868.9756855405      -4.130487972064945E-005  2.648646724464054E-005
   55868.9961182815      -1.566439359982352E-004  2.648730052794160E-005
   55869.0165509223      -2.191633902637324E-005  2.648764223404347E-005
   55869.0369837632      -1.056462768667110E-005  2.648333194128476E-005
   55869.0574165038      -1.843522039934875E-005  2.648327199284583E-005
   55869.0778493444      -4.187919511533522E-005  2.648757828904195E-005
   55869.0982819849      -2.289503552332928E-005  2.648533621742615E-005
   55869.1187147253       6.217785696649436E-005  2.648640529792031E-005
   55869.1391475656      -3.859582011855878E-005  2.648055832684382E-005
   55869.1595802059       1.710711950519972E-005  2.648346582613169E-005
   55869.1800129460      -4.338551220783859E-005  2.648509242710786E-005
   55869.2004457859      -7.148738790607734E-005  2.648423716271252E-005
   55869.2208784260       7.029468166974695E-005  2.648863737812963E-005
   55869.2413111658      -1.293582233985457E-005  2.648490858522848E-005
   55869.2617440055      -3.721846259885364E-005  2.649442839732979E-005
   55869.2821767452       1.119303772600944E-005  2.648492856804146E-005
   55869.3026094847      -8.270074275706918E-005  2.648701677199735E-005
   55869.3230422242      -4.157272410953983E-005  2.648466479491019E-005
   55869.3434749637       1.842571951815586E-005  2.648592171384632E-005
   55869.3639077029       7.427369045664989E-005  2.648556402149406E-005
   55869.3843404421       6.434512768094258E-005  2.648988230737797E-005
   55869.4047731812       7.357344955849499E-005  2.648932278861467E-005
   55869.4252059202       2.236941000521853E-005  2.648447495818693E-005
   55869.4456386592      -2.470252710018439E-005  2.648273845173939E-005
   55869.4660712980       3.744707081376752E-005  2.649048179176722E-005
   55869.4865041367       3.617903444363968E-005  2.648978638987569E-005
   55869.5069368754       2.654003107727121E-006  2.648595368634708E-005
   56033.3414865068      -2.651977451351151E-005  2.764041634055616E-005
   56033.3619207424       1.886279637619559E-005  2.763730508658148E-005
   56033.4027895141       7.684169492727655E-005  2.764469961322838E-005
   56033.4232237502      -5.238484837410962E-005  2.764353819144492E-005
   56033.4436581864       5.907901575730179E-006  2.764077239686934E-005
   56033.4640925228      -2.750046860255928E-005  2.763833086786468E-005
   56033.4845268594       3.263123325636386E-005  2.764547742672205E-005
   56033.5049611961       1.381399937194772E-005  2.764113481133096E-005
   56033.5253955329       4.473297707807689E-007  2.764485008940836E-005
   56033.5458299699       1.139630784379175E-004  2.764345129674944E-005
   56033.5662642071       2.110559899912712E-004  2.764922873430733E-005
   56033.5866985444       1.015784932354435E-004  2.764743785582735E-005
   56033.6071329819       1.369410334177701E-004  2.765307541411934E-005
   56033.6275673195       1.829258200729544E-004  2.764971195358950E-005
   56033.6480015573      -1.386743795461776E-006  2.764581652797270E-005
   56033.6684359952      -5.120478896003533E-006  2.764544351659699E-005
   56033.6888703332       1.022024215606709E-004  2.764382854689079E-005
   56033.7093045714      -2.888415470370109E-005  2.764329446242102E-005
   56033.7297390098      -3.434873685415063E-005  2.764180877506662E-005
   56033.7501733483      -5.919561006095808E-005  2.764188083408239E-005
   56033.7706076870      -4.405095958448513E-006  2.764300198759234E-005
   56033.7910420259      -1.491706034857376E-004  2.763277384611972E-005
   56033.8114763648      -1.928550815000207E-005  2.764005816486017E-005
   56033.8319107039       1.667552442530251E-005  2.764110513997153E-005
   56033.8523450432       6.180162721092231E-005  2.763483812498303E-005
   56033.8727793827       7.030852914757801E-005  2.764904858676792E-005
   56033.8932137222      -1.789675902807986E-005  2.763742801078484E-005
   56033.9136480619       1.246249036701563E-005  2.764000094152412E-005
   56033.9340825018       3.105653354262827E-005  2.764205886223898E-005
   56033.9545167419      -5.267108095674544E-006  2.763720759497192E-005
   56033.9749510820       2.523176405055949E-005  2.763329097552696E-005
   56033.9953855224       4.786171394322025E-005  2.764815208783653E-005
   56034.0158197628       2.052571004989012E-004  2.764064311451753E-005
   56034.0362541035       2.713053497083173E-005  2.763595503972734E-005
   56034.0566885443       7.768201791691354E-005  2.764315882192076E-005
   56034.0771227852       3.641970546652828E-005  2.764709451581107E-005
   56034.0975572263       2.352350263890024E-005  2.763457532151378E-005
   56034.1179915675      -5.567194642719375E-005  2.763182012385228E-005
   56034.1384258089      -5.822946400768636E-005  2.763678795717424E-005
   56034.1588602504      -2.532390809451002E-005  2.763606100886817E-005
   56034.1792945921       7.965816364241540E-005  2.764637816441908E-005
   56034.1997289339       4.293276771361043E-005  2.764135734652670E-005
   56034.2201632759       3.967848286978715E-005  2.764370986145306E-005
   56034.2405976180       5.651620493307696E-005  2.764056045858768E-005
   56034.2610319603      -3.541783146798760E-005  2.763961097508587E-005
   56034.2814663027      -1.193159319787807E-004  2.763727329583923E-005
   56034.3019006453       2.762292323676974E-005  2.764386881516430E-005
   56034.3223350880      -1.520310250158197E-005  2.763361947986352E-005
   56034.3427694309      -1.234107937958528E-004  2.763327613984724E-005
   56034.3632036739      -8.128918179761691E-005  2.763538492574970E-005
   56034.3836381171       3.697211451059168E-005  2.764167525394918E-005
   56034.4040724604      -1.633840359793748E-005  2.763709526768264E-005
   56034.4245067039      -7.497177522686194E-006  2.763630897665771E-005
   56034.4449411475      -8.311751666056910E-005  2.764377344293756E-005
   56034.4653753913      -2.007109508483929E-006  2.764916515282283E-005
   56034.4858098351       6.396133875541388E-005  2.764031249079815E-005
   56034.5062441792       3.382073069513325E-005  2.764414221554764E-005
   56034.5266784234       1.544759997169631E-004  2.764181089444944E-005
   56034.5471128678       3.701076324769126E-005  2.764113057256533E-005
   56034.5675472122       9.444171889438913E-005  2.764275401980280E-005
   56034.5879814569       1.223525684155291E-004  2.763707831262011E-005
   56034.6288502467       1.372467228466512E-005  2.764077875501779E-005
   56034.6492844917       5.517856191428194E-005  2.764359753416378E-005
   56034.6697189369       5.139673388532273E-005  2.764235557583329E-005
   56034.6901532824       1.254247455739765E-005  2.764459788285319E-005
   56034.7105877279      -7.663388986034469E-005  2.763488263202217E-005
   56034.7310219736      -9.170337019615005E-005  2.763155520100021E-005
   56034.7514563194      -2.447605384092721E-005  2.763242202857217E-005
   56034.7718907654       9.588818131289756E-005  2.764714538099867E-005
   56034.7923250115       1.615113809139146E-006  2.763468552942024E-005
   56034.8127593577       9.242455182967291E-005  2.765052367720823E-005
   56034.8331938042       9.315780573659893E-005  2.765140534045991E-005
   56034.8536281507      -2.382868859640563E-005  2.763850465725564E-005
   56034.8740624974      -6.082687323938352E-006  2.763523868833535E-005
   56034.8944968442      -1.663703165288855E-005  2.763519842006184E-005
   56034.9149311913      -1.122972414456802E-004  2.764007723930551E-005
   56034.9353655384      -3.913527668164551E-005  2.764345129674944E-005
   56034.9557998857      -7.141543030020348E-005  2.763310446983910E-005
   56034.9762342331      -4.995673378493937E-005  2.763835418107567E-005
   56034.9966686807      -1.917430243203455E-005  2.764187447593394E-005
   56035.0171029284       4.652358740431239E-005  2.764480770175203E-005
   56035.0375373763       4.555480958345903E-005  2.764097161885409E-005
   56035.0579717243       1.745090604909905E-006  2.764546894919079E-005
   56035.0784059725       1.879413725625056E-005  2.764691648765448E-005
   56035.0988404208      -4.108624165388708E-005  2.764478862730668E-005
   56035.1192747692      -6.350538725086174E-005  2.763319772268303E-005
   56035.1397090178       9.625370226862273E-006  2.764262261806818E-005
   56035.1601434665       2.591577590083105E-005  2.764446436173575E-005
   56035.1805777154      -4.152598054640855E-006  2.764480134360358E-005
   56035.2010120645      -2.514340471371224E-005  2.763709102891701E-005
   56035.2214465136      -9.986390485694496E-005  2.763496528795202E-005
   56035.2418807630       1.492281726234168E-005  2.763935876853071E-005
   56199.0819261459       6.511596125169383E-005  2.709490738654458E-005
   56199.1023591660      -1.285634662862023E-005  2.709847751601200E-005
   56199.1227923859      -8.004005718242890E-005  2.709305009375807E-005
   56199.1432255054       6.270148463372038E-005  2.709827734112278E-005
   56199.1636586248       7.709811004730227E-005  2.709684103470121E-005
   56199.1840917438      -1.169464034107559E-004  2.709371665550256E-005
   56199.2045248627      -9.717096979633411E-005  2.709544600145267E-005
   56199.2249580812      -6.499079135124930E-005  2.709574935927447E-005
   56199.2453910995      -7.298904105634829E-005  2.709462260165065E-005
   56199.2658242178       2.666138258033968E-005  2.709766237084458E-005
   56199.2862574356       4.207239168119159E-005  2.709412525991559E-005
   56199.3066904532      -9.306060419489448E-006  2.709360934525267E-005
   56199.3271235705      -4.688302679645151E-005  2.709493215044840E-005
   56199.3475567876      -3.014834609593731E-005  2.709437083529514E-005
   56199.3679898043       4.059012565416076E-005  2.709327915986841E-005
   56199.3884229209      -1.156112705076318E-004  2.709382602941110E-005
   56199.4088561373      -4.199751320932421E-006  2.709368157330548E-005
   56199.4292891533      -7.140765870250476E-005  2.709530567266436E-005
   56199.4497222692       1.453304485221629E-005  2.709047671141942E-005
   56199.4701554847      -6.162842625101472E-005  2.709000000627088E-005
   56199.4905884999      -1.909638946977488E-004  2.709060672191448E-005
   56199.5110217149      -9.227540479506136E-005  2.709250735153267E-005
   56199.5314548297      -7.441982638423106E-005  2.709075530533740E-005
   56199.5518878443       7.959474712659897E-005  2.709286642813807E-005
   56199.5723210586       3.529469592566947E-005  2.709491151386189E-005
   56199.5927541727      -2.525175857126527E-005  2.709122788316863E-005
   56199.6131871865      -6.719268635713149E-005  2.708685911780302E-005
   56199.6336204001      -3.127692373938729E-005  2.709389619380526E-005
   56199.6540535133       8.067616400908584E-005  2.709742505009963E-005
   56199.6744865264      -4.069347812873936E-005  2.709227209444638E-005
   56199.6949197391       9.894585491276864E-005  2.708915803354099E-005
   56199.7153528516      -4.626731034029774E-005  2.709314295839739E-005
   56199.7357858640       1.147586451022420E-005  2.709521899900099E-005
   56199.7562190760       6.565159458427061E-005  2.709300675692638E-005
   56199.7766521878      -4.281597343047672E-005  2.708936852672346E-005
   56199.7970851993       3.600376727797006E-005  2.709292214692166E-005
   56199.8175184106      -8.212555567266300E-006  2.709262291641717E-005
   56199.8379515216       2.403906531567301E-005  2.709274879959492E-005
   56199.8583847325       5.378200949923695E-005  2.708967807552122E-005
   56199.8788177428       1.126605944095083E-004  2.709328122352706E-005
   56199.8992508532       4.068374537702368E-006  2.709463085628526E-005
   56199.9196840631      -4.811427780782029E-005  2.709510549777515E-005
   56199.9401170730       3.110728290223186E-005  2.708739154173515E-005
   56199.9605501824       8.397317932984372E-005  2.709715264715761E-005
   56199.9809833918       6.631549983238116E-005  2.709159315074998E-005
   56200.0014164008       6.098630291662133E-006  2.709517772582795E-005
   56200.0218495095      -1.055570320895871E-005  2.709514057997222E-005
   56200.0422827180       1.623684290152916E-005  2.709511994338571E-005
   56200.0627158263      -3.229063011866984E-006  2.709394778527155E-005
   56200.0831488343      -7.223029793657076E-005  2.708917660646886E-005
   56200.1035820421      -2.450378823848354E-005  2.708966569356931E-005
   56200.1240151494      -4.503414514767101E-005  2.708952123746369E-005
   56200.1444481567       2.236171105574059E-005  2.709260227983065E-005
   56200.1648813638      -9.403322421830396E-007  2.709225558517717E-005
   56200.1853143705       1.073000393152501E-004  2.709089150680841E-005
   56200.2057475771       5.534354361791394E-005  2.709367538232953E-005
   56200.2261806833       9.945825882740067E-005  2.709381777477649E-005
   56200.2466137892       3.198955039751539E-005  2.709335138792121E-005
   56200.2670468951       5.717214381162350E-005  2.709427177967987E-005
   56200.2874800006       1.274978338161592E-004  2.709384047502166E-005
   56200.3079130058       1.359757721233201E-004  2.709119692828886E-005
   56200.3283462108       5.697337027710248E-007  2.709410255967043E-005
   56200.3487793156      -2.576315053592904E-005  2.709056751240009E-005
   56200.3692123201      -1.490716666637804E-004  2.708858020911852E-005
   56200.3896455242       9.124880343747144E-005  2.709405303186279E-005
   56200.4100786283       5.154424929343371E-005  2.709610018124526E-005
   56200.4305117321      -3.184499333541702E-005  2.709234638615785E-005
   56200.4509448355      -1.280720770857613E-005  2.709193778174481E-005
   56200.4713779389       1.741366084662133E-006  2.709540060096234E-005
   56200.4918110418      -7.665780492616125E-005  2.709099262608234E-005
   56200.5122441445      -8.117331607215839E-006  2.708745964247066E-005
   56200.5326772471       2.729741037543754E-005  2.709008255261695E-005
   56200.5531104493       4.066780951994531E-006  2.709531599095762E-005
   56200.5735435513       5.879904267036551E-006  2.709198111857650E-005
   56200.5939765530       3.373962944341891E-005  2.709966824705401E-005
   56200.6144097546       7.520163598906393E-005  2.709200588248032E-005
   56200.6348428558      -1.247327615083726E-006  2.709439559919897E-005
   56200.6552758566      -4.009469591648163E-005  2.709418304235784E-005
   56200.6757090575      -6.376397902319031E-005  2.709580301439941E-005
   56200.6961421580      -4.076550644893651E-005  2.708936646306481E-005
   56200.7165751581      -7.425404270522407E-005  2.708868958302706E-005
   56200.7370083583       4.655138431042261E-005  2.709535520047200E-005
   56200.7574414579      -9.988988355247308E-006  2.709254037007110E-005
   56200.7778744576      -6.162178419977238E-005  2.708976062186729E-005
   56200.7983076567       9.527193864711236E-006  2.709411700528099E-005
   56200.8187407557      -9.715840537549703E-006  2.708992777821807E-005
   56200.8391737546      -4.859075994112505E-005  2.709098230778908E-005
   56200.8596069531      -3.294453626523364E-005  2.709188206296121E-005
   56200.8800400514      -5.114639021974732E-006  2.709208636516773E-005
   56200.9004732494      -8.430863900810159E-005  2.709002270651605E-005
   56200.9209062469       2.409227377198064E-005  2.708988650504504E-005
   56200.9413393445      -2.881109886554434E-006  2.709711550130188E-005
   56200.9617724418       1.991146279256562E-005  2.709414589650211E-005
   56200.9822055389      -1.458530301501337E-005  2.709039622873200E-005
   56364.8142751841       2.263423729953473E-005  2.799631429598828E-005
   56364.8347089531       6.085563398539051E-005  2.799564485548396E-005
   56364.8551429224       8.240503196654814E-005  2.800048182877863E-005
   56364.8755767920       1.261761419244500E-004  2.799337938380905E-005
   56364.8960106620       1.748579002702755E-005  2.799733864622028E-005
   56364.9164445322      -3.439268903349113E-005  2.799456099942936E-005
   56364.9368784027       2.344813799148859E-005  2.799829711500582E-005
   56364.9573122735       3.237273247114203E-005  2.799600401562755E-005
   56364.9777461446      -1.050805637275998E-004  2.799688597692688E-005
   56364.9981800160      -7.385711211171930E-006  2.799694123233359E-005
   56365.0186138877       2.138677182172977E-005  2.799173234764764E-005
   56365.0390478598      -2.608256837977052E-005  2.799511567870437E-005
   56365.0594816321       4.140671202201851E-005  2.799084401072446E-005
   56365.0799156046      -3.312696369550672E-006  2.799686472484738E-005
   56365.1003494776      -8.546813155085875E-005  2.799317748905378E-005
   56365.1207832507       4.020942939608751E-005  2.799424434344478E-005
   56365.1412172242       4.898132718755832E-005  2.799796345735764E-005
   56365.1616510980      -2.057369499430806E-006  2.799332200319439E-005
   56365.1820848720      -8.543761023549479E-006  2.799757029388685E-005
   56365.2025188464      -1.113262406858828E-004  2.799396381599535E-005
   56365.2229527212      -3.094005577897185E-005  2.799704961793905E-005
   56365.2433864961       3.772666327717111E-005  2.799382355227064E-005
   56365.2638204713       3.989602724785435E-005  2.799243791668711E-005
   56365.2842543469       7.060131144021042E-005  2.799799746068484E-005
   56365.3046882228       1.385431619382871E-005  2.799657994698206E-005
   56365.3251220989       7.969392199447256E-005  2.799499029143530E-005
   56365.3659898521       2.502322730602025E-005  2.799853726350419E-005
   56365.3864237291      -6.094650412336033E-005  2.799412533179957E-005
   56365.4068575065       1.236425979422862E-005  2.800052008252173E-005
   56365.4272914840       6.798091223347846E-005  2.799691785504614E-005
   56365.4477253620      -4.633421302091545E-005  2.799258668124362E-005
   56365.4681593403       6.655997791726875E-005  2.799535157678684E-005
   56365.4885931187       2.695821986020697E-005  2.799294584138721E-005
   56365.5090269975      -6.564009335263687E-005  2.799583824940744E-005
   56365.5294609767       2.503157156774627E-005  2.799521343827007E-005
   56365.5498948561      -6.709241379776465E-005  2.799073987553490E-005
   56365.5703286357      -1.022072544724084E-004  2.799401482098616E-005
   56365.5907626157      -1.131073634996760E-004  2.799833961916482E-005
   56365.6111964960      -6.108013583172589E-005  2.799703049106750E-005
   56365.6316302766      -8.860053588466421E-006  2.799534307595504E-005
   56365.6520642575      -1.311472220355547E-005  2.799440585924900E-005
   56365.6724981387       6.241847714583137E-005  2.799567248318732E-005
   56365.6929321202      -1.009157225707602E-004  2.799721963457507E-005
   56365.7133659020      -1.027723485746979E-005  2.799383205310244E-005
   56365.7337997841      -6.265128065729986E-005  2.799653956803100E-005
   56365.7542337664      -3.061239419366313E-005  2.799856914162345E-005
   56365.7746675490      -1.029534543657284E-004  2.799230402858624E-005
   56365.7951014319       1.254480216883458E-005  2.799509655183281E-005
   56365.8155354152      -1.194230879297820E-005  2.799690085338254E-005
   56365.8359691987       9.140968781662373E-005  2.798535884900498E-005
   56365.8564031826      -1.183715134633889E-005  2.799215313882178E-005
   56365.8768369667      -1.126874677386258E-004  2.799331562757054E-005
   56365.8972708511       2.355745609050608E-005  2.799488828145369E-005
   56365.9177048359       2.931327034838560E-005  2.799930658878217E-005
   56365.9381386209      -1.203084696400625E-004  2.799155595538778E-005
   56365.9585725061      -1.582560391877319E-004  2.799153045289237E-005
   56365.9790064918      -5.570927271225656E-005  2.799332837881825E-005
   56365.9994402777       5.730268061587829E-005  2.799513480557592E-005
   56366.0198742638       4.964209223690119E-006  2.799297559429851E-005
   56366.0403081503       5.702249147931937E-005  2.799930871399012E-005
   56366.0607420371       9.782730454377386E-006  2.799723026061482E-005
   56366.0811759242       1.148717339998218E-004  2.799420183928578E-005
   56366.1016098116       5.825014920879390E-005  2.799699223732440E-005
   56366.1220436992      -1.656635299899234E-004  2.799196824573011E-005
   56366.1629114754       1.057719400763268E-004  2.799211063466278E-005
   56366.1833453640      -3.741278753832677E-005  2.799600614083550E-005
   56366.2037792528      -3.435564566323102E-005  2.799209788341508E-005
   56366.2242131419       1.007807201403033E-005  2.799292458930771E-005
   56366.2446471314       3.874599572317727E-005  2.799380655060704E-005
   56366.2650810210       5.931776353107487E-005  2.799467576065867E-005
   56366.2855148110       6.855325590304773E-006  2.799341763755215E-005
   56366.3059488014      -6.228640472094593E-005  2.798918634852330E-005
   56366.3263826919      -6.875795055094613E-006  2.799221051943644E-005
   56366.3468164829      -8.304589502028392E-005  2.799329437549104E-005
   56366.3672504740      -7.372973598385180E-005  2.798630244133487E-005
   56366.3876843655       1.541562704487909E-005  2.799358552898022E-005
   56366.4285521495      -3.516805908598819E-006  2.799244641751891E-005
   56366.4489860418      -4.614100886224382E-005  2.799405519993721E-005
   56366.4694200344      -2.743122970216838E-006  2.799273119538424E-005
   56366.4898538273      -9.897995574414953E-005  2.799156870663548E-005
   56366.5102877206       6.049556299037029E-005  2.799382355227064E-005
   56366.5307216142      -1.259694853328330E-005  2.799169621911249E-005
   56366.5511555080      -6.984572880974760E-005  2.799089714092321E-005
   56366.5715894021      -7.595873089183414E-005  2.799255692833232E-005
   56366.5920232965      -7.503466911806811E-006  2.798848715510768E-005
   56366.6124571913       9.659827952646083E-006  2.799116066670904E-005
   56366.6328911863      -2.044178869120561E-005  2.799317323863788E-005
   56366.6533249815      -4.534025168723144E-005  2.798817687474695E-005
   56366.6737588771       4.790434550927536E-005  2.798822150411390E-005
   56366.6941928730      -7.356617479892247E-005  2.798978140674935E-005
   56366.7146266692      -1.530598915212567E-004  2.799200862468117E-005
