   55077.1346152135       2.990178625645878E-004  1.702967038426012E-004
   55077.1550483720      -9.116089556604479E-005  1.702495538256113E-004
   55077.1754814303       7.622474380715172E-004  1.703904982463719E-004
   55077.1959145882      -4.165219964503697E-004  1.702398063988043E-004
   55077.2367810032      -1.123570441602384E-004  1.702543994484476E-004
   55077.2572140604       1.487232750123635E-004  1.702825742873161E-004
   55077.2776473173       1.580903703652936E-004  1.702614080449558E-004
   55077.2980803737       1.159035209175041E-004  1.702526156974325E-004
   55077.3185135300      -1.395185928815268E-004  1.702364917118786E-004
   55077.3389466857      -1.816650197042913E-004  1.702403541648641E-004
   55077.3593799415      -1.283424521260068E-004  1.702533039163281E-004
   55077.3798129968      -1.346653803065978E-004  1.702396799912521E-004
   55077.4002461518       3.167394447085581E-004  1.702437952593420E-004
   55077.4206794067      -2.833464065599145E-005  1.702346798702963E-004
   55077.4411124610      -1.689066859958954E-004  1.702398766252222E-004
   55077.4615456154       1.569229544351458E-004  1.702457475537602E-004
   55077.4819786693      -6.444470224964416E-005  1.702418851007747E-004
   55077.5024119227      -1.153148877991450E-004  1.702290055757286E-004
   55077.5228450761      -6.715641708898712E-004  1.701852404720823E-004
   55077.5432782291      -3.601207540241402E-003  1.700052501629594E-004
   55077.5637113818      -4.171799853840419E-003  1.699637323046865E-004
   55077.5841445343      -4.293190731506691E-003  1.699689009690453E-004
   55077.6045776864      -4.642081508292928E-003  1.699431840548039E-004
   55077.6250107382      -4.929333424702254E-003  1.699382822508332E-004
   55077.6454439897      -4.981657650792504E-003  1.699446026284458E-004
   55077.6658771411      -4.756016060181167E-003  1.699450801680876E-004
   55077.6863101922      -4.421897800785612E-003  1.699803900110166E-004
   55077.7067434428      -4.204601668624242E-003  1.699976516645408E-004
   55077.7271765932      -4.060224740275342E-003  1.699677492557914E-004
   55077.7476096434      -2.827647353151108E-003  1.700582991990544E-004
   55077.7680427931      -6.033143001005215E-005  1.702233031905937E-004
   55077.7884760426      -1.107623565728133E-004  1.702040892426514E-004
   55077.8089090918      -2.512021458935809E-004  1.702138788053091E-004
   55077.8293422408      -7.863108636907423E-005  1.702286403983554E-004
   55077.8497754896       1.000423527914851E-004  1.702101708504431E-004
   55077.8702086379      -6.816158659939120E-006  1.702231065566235E-004
   55077.8906416860       5.026817713171816E-005  1.702172496733692E-004
   55077.9110748338      -8.595737465055819E-005  1.701752261848873E-004
   55077.9315080812      -2.615691686831401E-004  1.701930496497548E-004
   55077.9519411286       9.803384012596617E-005  1.702460425047154E-004
   55077.9723742755      -3.667300642921090E-004  1.701942856347101E-004
   55077.9928075219      -4.569303312906836E-005  1.702118001033388E-004
   55078.0132405684       1.122250348970510E-004  1.702187946545634E-004
   55078.0336737144       2.641481592569050E-005  1.702003953330690E-004
   55078.0541068601      -4.268626173653534E-004  1.701936816875160E-004
   55078.0745400056      -2.582593880640083E-005  1.702126568656374E-004
   55078.0949731509      -8.638119982318226E-005  1.702172356280856E-004
   55078.1154062957      -1.356308793548644E-004  1.702088084579355E-004
   55078.1358394403      -8.030203631537169E-005  1.702248481717879E-004
   55078.1562725847      -3.068204821142784E-004  1.701904091364411E-004
   55243.9289712182      -6.787564960530901E-006  1.822504216546156E-004
   55243.9494051478       2.808498293216388E-005  1.822674732643485E-004
   55243.9698388777      -8.558643772149654E-005  1.822457972339548E-004
   55243.9902727080      -1.155856364468688E-004  1.822453754626894E-004
   55244.0107065385      -2.867125298511297E-006  1.822636622596997E-004
   55244.0311403694       1.613181767379235E-004  1.822613274544801E-004
   55244.0515742007      -3.958359955369417E-005  1.822734383151031E-004
   55244.0720080322      -2.532619859174634E-004  1.822265765148566E-004
   55244.0924418641       2.675685076458656E-005  1.822617944155240E-004
   55244.1128756964      -8.615347572016319E-006  1.822402539544657E-004
   55244.1333095289       2.712296896671962E-004  1.822484182411046E-004
   55244.1537433618       9.348869648495572E-005  1.822428749616154E-004
   55244.1741771950      -2.690140408903030E-004  1.822299506849805E-004
   55244.1946110285      -8.370468770957373E-005  1.822628036539093E-004
   55244.2150448624       2.239587112904395E-004  1.822462340684798E-004
   55244.2354786966      -1.072579095156012E-004  1.822232625977707E-004
   55244.2559124312       1.371231437830023E-004  1.822537054451825E-004
   55244.2763463661      -3.218626880748809E-004  1.822324210595354E-004
   55244.2967802013      -4.151893179958899E-004  1.822124321142036E-004
   55244.3172139369      -1.686375410640983E-003  1.821375375880624E-004
   55244.3376478728      -3.536645545180295E-003  1.820090479846865E-004
   55244.3580817090      -4.431815779611936E-003  1.819560554378311E-004
   55244.3785155455      -4.568179672970629E-003  1.819405704070843E-004
   55244.3989493824      -4.863200069993967E-003  1.819374975021501E-004
   55244.4193832196      -4.703921347006812E-003  1.819295441011439E-004
   55244.4398170572      -4.604137438472766E-003  1.819585107491266E-004
   55244.4602508950      -4.640542661119240E-003  1.819349367480382E-004
   55244.4806847332      -4.498993606052326E-003  1.819593392283980E-004
   55244.5011185717      -4.301539005218458E-003  1.819768879256938E-004
   55244.5215524106      -3.810282026273759E-003  1.819896163799555E-004
   55244.5419862498      -2.060448156534167E-003  1.821031782931854E-004
   55244.5624200894       2.996654018727618E-005  1.822338219426672E-004
   55244.5828540292      -3.328583602546509E-005  1.822264710720402E-004
   55244.6032877694      -2.340320418348085E-005  1.822314720741880E-004
   55244.6237216100      -2.100085814643604E-004  1.822339876385214E-004
   55244.6645892920      -1.684310558014435E-004  1.822288661302978E-004
   55244.6850231336      -1.265353973557426E-004  1.822582696128054E-004
   55244.7054569754      -1.016584212967242E-004  1.821925636749477E-004
   55244.7258908176      -1.282771750041878E-004  1.822146916031258E-004
   55244.7463246601       1.199213177931480E-004  1.822462641949988E-004
   55244.7667585030       9.691387744781288E-005  1.822303272664675E-004
   55244.7871923461      -1.748292594121459E-004  1.822200842500202E-004
   55244.8076261897      -4.154187995264458E-005  1.822414288887052E-004
   55244.8280600336      -1.710136394938999E-004  1.822308544805493E-004
   55244.8484938777      -1.676772310693631E-004  1.822281430938427E-004
   55244.8689277222      -8.233283227665478E-005  1.822102027518004E-004
   55244.8893614670       1.045619491661931E-004  1.822082746545868E-004
   55244.9097954122      -1.477567409571279E-004  1.822127183161338E-004
   55244.9302292577       8.973802600964476E-005  1.822399074994976E-004
   55244.9506630035      -1.412315711495360E-004  1.822132003404372E-004
   55410.7134229350      -4.828053515493202E-005  1.714799537384994E-004
   55410.7338566573      -1.225881726745204E-004  1.714694194383378E-004
   55410.7542904795       1.711837809919015E-004  1.715217907759118E-004
   55410.7747241013       2.960184481992645E-004  1.714863429273355E-004
   55410.7951578228       5.560789370750996E-006  1.714855281985577E-004
   55410.8155916441      -1.070302511224641E-004  1.714756799857879E-004
   55410.8360252650      -1.079924809975763E-004  1.714772665628815E-004
   55410.8564589856      -6.219085270198210E-005  1.715339688271162E-004
   55410.8768927059      -5.152583082812523E-005  1.714839416214642E-004
   55410.8973264258       1.116984011610977E-004  1.714934467905381E-004
   55410.9381938650      -9.437132867451403E-005  1.715060536463624E-004
   55410.9586275839      -2.535292737680939E-004  1.714805683584545E-004
   55410.9790613027      -6.508470517063714E-005  1.714833841754583E-004
   55410.9994950212      -4.510472535090848E-005  1.714655030228096E-004
   55411.0199287392      -1.297795157070292E-004  1.714765233015404E-004
   55411.0403625570       1.833106189352840E-004  1.714864143947721E-004
   55411.0607962746       1.252671324323273E-004  1.714952620634289E-004
   55411.0812298917       7.930790565735535E-005  1.714893731466493E-004
   55411.1016637086      -1.272788053334195E-003  1.714332140349330E-004
   55411.1220974253      -3.351317783208185E-003  1.712792445894234E-004
   55411.1425310415      -4.405416917745097E-003  1.712250008050092E-004
   55411.1629648576      -4.412007672315532E-003  1.712201124323426E-004
   55411.1833985731      -4.772064403078313E-003  1.711780609926203E-004
   55411.2038321886      -4.925137636052845E-003  1.711885952927819E-004
   55411.2242660036      -4.719250398845798E-003  1.711873374658969E-004
   55411.2446997184      -4.976524787129399E-003  1.712102213391109E-004
   55411.2651333327      -4.634250325359912E-003  1.712079200876509E-004
   55411.2855671470      -4.389014067584074E-003  1.712183543334012E-004
   55411.3060008607      -4.005627892060937E-003  1.712511578868216E-004
   55411.3264344743      -2.526556892577192E-003  1.713351892988297E-004
   55411.3468682874      -2.037816682554094E-004  1.714679757961175E-004
   55411.3673020004       1.514839506624455E-004  1.714924891268870E-004
   55411.3877358131       1.084853600539226E-004  1.714973060321169E-004
   55411.4081694253       1.011026037183171E-004  1.714656030772209E-004
   55411.4286031373      -1.028320279123918E-004  1.714925034203743E-004
   55411.4490369490      -2.061039016076904E-005  1.715105275078964E-004
   55411.4694705603       4.665042206442038E-005  1.714727212339108E-004
   55411.4899042714      -9.350996108326015E-005  1.714939327691073E-004
   55411.5103380820       9.153797899341676E-005  1.714956194006121E-004
   55411.5307717926      -1.692393523065050E-004  1.714794105859808E-004
   55411.5512054027       5.096901190615455E-004  1.715288088781904E-004
   55411.5716392124       8.402584321420825E-005  1.715075544625320E-004
   55411.5920728220      -9.912942843581796E-005  1.715041383190603E-004
   55411.6125065312      -7.430069851521726E-005  1.714899877666044E-004
   55411.6329403402       3.947571533213790E-005  1.715019942959609E-004
   55411.6533739487      -2.337786746231529E-005  1.714932038012535E-004
   55411.6738076570      -7.816253401171647E-005  1.715008365234872E-004
   55411.6942414650      -3.239416721512178E-004  1.714851136874252E-004
   55411.7146750726      -1.287187285786695E-004  1.715023373396568E-004
   55411.7351088799      -2.796229391748284E-004  1.714782956939692E-004
   55577.4872143984       1.005058095788769E-004  1.827464002261294E-004
   55577.5076475896       2.347033919745112E-004  1.827592423129243E-004
   55577.5280806811      -4.271172655472277E-004  1.827154734594597E-004
   55577.5485139731      -1.327150916698994E-004  1.827485002850288E-004
   55577.5689471653       2.819510015967808E-004  1.827350236480628E-004
   55577.5893802577       2.859924321785279E-005  1.826935965868961E-004
   55577.6098135506      -2.224928455344388E-004  1.827244780285536E-004
   55577.6302467437      -2.513261959522506E-004  1.827231182781871E-004
   55577.6506800372      -3.335172921725693E-004  1.827164252847163E-004
   55577.6711131310       6.105549896751050E-005  1.827020874725182E-004
   55577.6915463252       2.264303158601155E-004  1.827228916531260E-004
   55577.7119796196      -8.960083101494654E-005  1.827206858358647E-004
   55577.7324127145       5.747600257599572E-005  1.827454484008729E-004
   55577.7528459096       1.667734470180982E-004  1.827764507092295E-004
   55577.7732792050       3.345527336673371E-004  1.827643036059553E-004
   55577.7937123008       2.112506401859005E-004  1.827776140512098E-004
   55577.8141455968      -2.759517083927854E-005  1.827437713754208E-004
   55577.8345787933       4.224352701316381E-004  1.827821314440941E-004
   55577.8550119899      -3.253969903745935E-004  1.827297357299708E-004
   55577.8754451870      -1.661936948430531E-004  1.827354920065224E-004
   55577.8958783844      -2.101961322716561E-003  1.825861007662539E-004
   55577.9163114821      -3.591871625122756E-003  1.825282660506645E-004
   55577.9367447801      -4.443575896751928E-003  1.824645390834868E-004
   55577.9571779785      -4.449266539386487E-003  1.824568942647595E-004
   55577.9776110772      -4.527864728567366E-003  1.824980795925277E-004
   55577.9980443762      -4.456792813543498E-003  1.824622577245385E-004
   55578.0184775756      -4.744284628305673E-003  1.824608526491598E-004
   55578.0389108752      -4.724413890890511E-003  1.824596741988421E-004
   55578.0593439752      -4.604510105646331E-003  1.824519387300904E-004
   55578.0797771754      -3.895475091879375E-003  1.824958888836038E-004
   55578.1002104761      -3.562284865283094E-003  1.825261811001025E-004
   55578.1206435771      -1.799017491100119E-003  1.826542998013037E-004
   55578.1410767784      -7.057972769519694E-005  1.827328480474764E-004
   55578.1615100800       2.003876325327170E-004  1.827651345645126E-004
   55578.1819431818       1.319868281837167E-004  1.827706339993283E-004
   55578.2023763842       2.840063541320603E-005  1.827452973174988E-004
   55578.2228096867      -2.064960337166966E-005  1.827717671246338E-004
   55578.2432427896      -1.744557907266131E-004  1.827575350707975E-004
   55578.2636760929      -3.220640866473667E-004  1.827470196679630E-004
   55578.2841092964       2.325396425606474E-004  1.827766924426280E-004
   55578.3045424003       1.745103915906654E-005  1.827592876379366E-004
   55578.3249757045      -1.275734206075407E-004  1.827659050897203E-004
   55578.3454089091       9.184140648677008E-005  1.827891417126504E-004
   55578.3658421139      -7.527120003048005E-005  1.827569005206264E-004
   55578.3862753191      -1.528699872821448E-005  1.827409914413381E-004
   55578.4067085246       1.749082066357932E-004  1.827485607183784E-004
   55578.4271418305       1.188307285586720E-004  1.827537277697712E-004
   55578.4475749366       1.412009546049031E-004  1.827580487542693E-004
   55578.4680081431      -9.183540796509071E-005  1.827432123669368E-004
   55578.4884413499      -2.249466130166411E-005  1.827215772277717E-004
   55578.5088745571       1.127291438962619E-004  1.827603150048802E-004
   55744.2911862894      -1.346155667240057E-004  1.725811610092811E-004
   55744.3116206239      -1.766035794712462E-004  1.725765419731884E-004
   55744.3320548581       8.896591900464657E-005  1.726105496264212E-004
   55744.3524889921      -1.912715913242602E-004  1.725792123534295E-004
   55744.3729233259      -4.891642016113806E-006  1.726011816438456E-004
   55744.3933575594      -2.333277033332859E-004  1.725665966111012E-004
   55744.4137916930       1.530973894674492E-004  1.726271781563551E-004
   55744.4546602589      -2.072504375986162E-004  1.725853614452280E-004
   55744.4750945917      -4.980646475667427E-004  1.725707393090969E-004
   55744.4955287241       2.683188017926774E-005  1.726156305661233E-004
   55744.5159629562       1.288343674090697E-004  1.726114301301764E-004
   55744.5363972883       9.431243566937475E-005  1.725901392606864E-004
   55744.5568314200      -7.286370529091535E-005  1.726039241965257E-004
   55744.5772656517      -8.681228683193876E-005  1.725996082846765E-004
   55744.5976998831      -1.996520577648431E-004  1.725865450732267E-004
   55744.6181341141      -9.903906543273777E-005  1.726019899751619E-004
   55744.6385683451      -1.059242845450337E-004  1.725922755648793E-004
   55744.6590025758      -3.465927050089190E-004  1.725964904353139E-004
   55744.6794368061      -1.645154835850593E-003  1.725096958602336E-004
   55744.6998711363      -3.639722547243540E-003  1.723916217501127E-004
   55744.7203053664      -4.521907669879144E-003  1.723275037553502E-004
   55744.7407394962      -4.447795803518506E-003  1.723431651746022E-004
   55744.7611738258      -4.683504055717269E-003  1.723318196671994E-004
   55744.7816080551      -4.850378568532876E-003  1.723188863661397E-004
   55744.8020421842      -4.854662241490337E-003  1.723258149202788E-004
   55744.8224765131      -4.704649539656325E-003  1.723277058381793E-004
   55744.8429107417      -4.498871564905915E-003  1.723494874802542E-004
   55744.8633448701      -4.147048538584164E-003  1.723671408588211E-004
   55744.8837791983      -3.831137540043050E-003  1.723885183352379E-004
   55744.9042134263      -2.298290291762095E-003  1.724810145329952E-004
   55744.9246477540       1.842524541144641E-004  1.726344675726890E-004
   55744.9450818815      -1.824377430850177E-004  1.726122384614927E-004
   55744.9655161089      -1.846872245598874E-004  1.726074029080830E-004
   55744.9859504359      -5.032100547808227E-006  1.726180844290475E-004
   55745.0063845627      -9.484748555788070E-005  1.726197299606556E-004
   55745.0268187893      -3.847117920174892E-005  1.726146923244169E-004
   55745.0472531158       1.267105054372220E-004  1.726274235426476E-004
   55745.0676872419      -1.368022747716413E-004  1.726078070737412E-004
   55745.0881214677       3.006411937067632E-004  1.726380473256609E-004
   55745.1085557936       1.129296366149113E-004  1.726156450006110E-004
   55745.1289899190      -2.165676032556130E-004  1.726065801422790E-004
   55745.1494242444       1.302078341833823E-004  1.726368636976621E-004
   55745.1698584693      -3.115485547589003E-005  1.726178679117307E-004
   55745.1902926942       9.103419495337661E-006  1.726282896119149E-004
   55745.2107269189      -9.032194544122962E-005  1.726241036104559E-004
   55745.2311611431      -2.807744098218823E-004  1.726120219441758E-004
   55745.2515953673       6.029945733398989E-005  1.726291268122067E-004
   55745.2720295911      -2.287215545435650E-004  1.726166121112930E-004
   55745.2924638148      -1.529299156148856E-004  1.726208991541666E-004
   55745.3128979383       1.803448068571356E-005  1.726312919853752E-004
   55911.0669438179       2.004385731073643E-004  1.784935933581835E-004
   55911.0873765375       3.755618207579303E-005  1.784999687599491E-004
   55911.1078092572      -1.205846786342946E-004  1.785283815093702E-004
   55911.1282419772       1.621969639840071E-004  1.784833898042162E-004
   55911.1486746973       7.683715885775655E-009  1.784976980689093E-004
   55911.1691074175       7.883155720866952E-005  1.784851947124786E-004
   55911.2099728585      -3.283015308142012E-005  1.785007693240978E-004
   55911.2304055792      -4.127310163570819E-005  1.784777130766167E-004
   55911.2508383000       1.585563617636510E-004  1.785324571086724E-004
   55911.2712711211      -1.101088825363750E-004  1.784727932460305E-004
   55911.2917037423      -6.076892098716424E-005  1.785184981810624E-004
   55911.3121364636       6.332047094148585E-005  1.785046702548585E-004
   55911.3325692851      -5.493542145196262E-005  1.784904347687243E-004
   55911.3530019067       4.975071485135985E-004  1.785215403248272E-004
   55911.3734346286      -1.696028061685118E-004  1.784371026407126E-004
   55911.3938674505       1.901708213210007E-004  1.784976107346386E-004
   55911.4143000726       2.058076098965245E-004  1.784917156713621E-004
   55911.4347328949      -1.162237608418604E-004  1.784413092414210E-004
   55911.4551656173      -1.325563304981348E-004  1.784970576175904E-004
   55911.4755982399      -2.482027590338109E-003  1.783529560708339E-004
   55911.4960310627      -3.829472811078927E-003  1.782601488524379E-004
   55911.5164637855      -4.469766310614021E-003  1.782474271603303E-004
   55911.5368964086      -4.634195326593038E-003  1.781622180234907E-004
   55911.5573292318      -4.579702270220976E-003  1.782242544671549E-004
   55911.5777619552      -4.707859389176172E-003  1.782321582186589E-004
   55911.5981947787      -5.199817869278256E-003  1.782129446790913E-004
   55911.6186274025      -4.488477196096241E-003  1.782406441986345E-004
   55911.6390601263      -4.216631181517494E-003  1.782577326042802E-004
   55911.6594929503      -4.330877751607676E-003  1.782341669068864E-004
   55911.6799256745      -3.544252756690791E-003  1.782848207839281E-004
   55911.7003582988      -1.055866542680195E-003  1.784582084228133E-004
   55911.7207911233       1.337913583825401E-004  1.785184836253506E-004
   55911.7412238479      -7.814141447670675E-005  1.784858497195093E-004
   55911.7616564727       1.887570988792220E-004  1.785377699434771E-004
   55911.7820892977      -1.286759448947405E-004  1.785042918063518E-004
   55911.8025219228      -1.780822239427771E-005  1.785084838513484E-004
   55911.8229547481       7.751135134181908E-005  1.785025596766484E-004
   55911.8433874735      -1.704318539885730E-004  1.785397786317046E-004
   55911.8638200991       1.145253221941367E-004  1.785298953033967E-004
   55911.8842529249      -2.357549437179696E-004  1.784839429212644E-004
   55911.9046856508      -2.690111700486275E-004  1.785176248383547E-004
   55911.9251182769      -2.221359991927407E-005  1.785520199853230E-004
   55911.9455511031      -1.438017705696071E-004  1.784658647272167E-004
   55911.9659838295      -5.429943933421555E-005  1.785427334411987E-004
   55911.9864164561       1.212384905833197E-004  1.785150921445027E-004
   55912.0068492828      -1.342053856286940E-004  1.785270132724616E-004
   55912.0272820097      -1.814668335510250E-004  1.785095173068857E-004
   55912.0477148367       6.786389558133266E-005  1.785158781529395E-004
   55912.0681474639       2.723703276519274E-005  1.784813665602769E-004
   55912.0885801912       1.173349561676140E-004  1.785031273494083E-004
   56078.4608086486      -3.033697549765790E-003  1.849527764099678E-004
   56078.4812431611      -9.733382271136515E-004  1.851293945853137E-004
   56078.5016775735       6.682934691624176E-004  1.852004518890492E-004
   56078.5221121858       9.920134842791306E-004  1.852545915102966E-004
   56078.5425466980       9.765491476811938E-004  1.852687452626115E-004
   56078.5629813103       7.462662303070466E-004  1.852384027764257E-004
   56078.5834157224       8.523918934060237E-004  1.852535892059481E-004
   56078.6038502344       2.367902094790875E-004  1.852563835089803E-004
   56078.6242847464       3.144811131297054E-004  1.852211054331997E-004
   56078.6447192583       6.639308373577180E-004  1.852804236269143E-004
   56078.6651536701       1.745092284057836E-004  1.852757158337623E-004
   56078.6855882819      -6.762401407767182E-005  1.852519946308483E-004
   56078.7060227937       4.307728387686893E-004  1.853156409569768E-004
   56078.7264572053       5.787703309290126E-004  1.853349884681884E-004
   56078.7673263284       3.255634290582066E-004  1.852426246038329E-004
   56078.7877609398      -1.982107485695161E-004  1.852885331802793E-004
   56078.8081953512       9.727883983745578E-005  1.853350340274769E-004
   56078.8286298625       2.335849292554038E-004  1.853088222501212E-004
   56078.8490644738       1.014484835575313E-004  1.853586641118139E-004
   56078.8694988849       1.452036216174069E-004  1.853289290828089E-004
   56244.6472575262       2.940423954951310E-004  1.806418986106851E-004
   56244.6676902746      -2.137218646911521E-004  1.806037269630600E-004
   56244.6881228229      -8.801090473264939E-005  1.806120092137928E-004
   56244.7085555711      -6.774115872487663E-005  1.806144425830346E-004
   56244.7289882193      -7.923236791040900E-005  1.806054713663117E-004
   56244.7494207674      -5.103072727941083E-006  1.806152341609808E-004
   56244.7698535154      -7.147856805322927E-005  1.806121264845996E-004
   56244.7902861633      -6.844043984599590E-005  1.805974969514469E-004
   56244.8107187112       1.462553827420443E-004  1.806030086793681E-004
   56244.8311514590      -3.154177703340588E-004  1.805775169377322E-004
   56244.8515841067       3.191695424020757E-005  1.806109244588296E-004
   56244.8720166543       8.807484970518864E-005  1.806078900767027E-004
   56244.8924494018       1.053170956732963E-004  1.806114668363112E-004
   56244.9333147966       1.360620981467608E-004  1.806154833614453E-004
   56244.9537473439      -7.187956354826053E-005  1.805966467380973E-004
   56244.9741799912       7.030205967795133E-005  1.806047824003215E-004
   56244.9946127383      -6.923496704203114E-005  1.805954007357747E-004
   56245.0150452854      -1.937433646080899E-004  1.806040641166297E-004
   56245.0354779325      -5.956561461736287E-004  1.805797157653604E-004
   56245.0763432262      -4.131853437050692E-003  1.802532338391296E-004
   56245.0967758730      -4.467946789454280E-003  1.802517679540442E-004
   56245.1172086196      -4.594239201618722E-003  1.802387655533363E-004
   56245.1580739127      -4.699503203894895E-003  1.802070144823855E-004
   56245.1785065592      -4.392277360392605E-003  1.802433830913554E-004
   56245.1989392056      -4.495509524883423E-003  1.802374462567594E-004
   56245.2193718520      -4.402606432614919E-003  1.802413308522358E-004
   56245.2398044982      -4.419385477953952E-003  1.802487042542156E-004
   56245.2602371444      -2.793653973492405E-003  1.803363641823253E-004
   56245.2806697903       4.301962771502410E-004  1.805784990807395E-004
   56245.3011024364      -4.708351909132880E-005  1.805415587765862E-004
   56411.4245184024      -1.482986398609887E-004  1.833965202856783E-004
   56411.4449529499       6.500296443534559E-005  1.836008676627484E-004
   56411.4653872976       1.567719411206259E-004  1.834519419562894E-004
   56411.4858217453       2.352251334694078E-004  1.835062951837877E-004
   56411.5062562933       4.175899550085127E-005  1.834433944113866E-004
   56411.5266906413      -7.096243012760794E-006  1.834490571598847E-004
   56411.5471250895      -8.187585135843722E-005  1.835469723394414E-004
   56411.5675596378       1.352672041803338E-004  1.834957633873895E-004
   56411.5879940862       1.442392418429250E-004  1.835128432137221E-004
   56411.6084284348       1.196808644043923E-004  1.835657922017007E-004
   56411.6288629835      -2.701441557646511E-004  1.833703586928864E-004
   56411.6492974323      -9.235662904227837E-006  1.834044267647134E-004
   56411.6697318813      -6.822934847772189E-006  1.833841263455692E-004
   56411.6901663304      -5.397327334133450E-005  1.833556294414020E-004
   56411.7106007796       1.975938860643289E-005  1.833895143515526E-004
   56411.7310353290      -1.785515762243728E-004  1.833515846210462E-004
   56411.7514696785      -5.533403400859171E-005  1.834228803036197E-004
   56411.7719041282       5.675559163429433E-004  1.835543598603931E-004
   56411.7923386779       4.089727242422292E-004  1.833177455013148E-004
   56411.8127730278      -2.109097111538949E-004  1.833617500940914E-004
   56411.8332075778      -1.673852896730166E-003  1.833921549323886E-004
   56411.8536420280      -3.983912466229311E-003  1.831264483936946E-004
   56411.8740763783      -4.309411956451070E-003  1.831614322739041E-004
   56411.8945109287      -4.600467738673064E-003  1.830671192739850E-004
   56411.9149453793      -4.311661591527405E-003  1.831092006691585E-004
   56411.9353797300      -4.810835547483627E-003  1.831912113098066E-004
   56411.9558142808      -4.906423232320933E-003  1.830250226153385E-004
   56411.9762487318      -4.479980995763966E-003  1.830628302380605E-004
   56411.9966830829      -4.869243703350401E-003  1.831276084176457E-004
   56412.0171176341      -4.320853580878636E-003  1.830510315734000E-004
   56412.0375519854      -3.564334829428195E-003  1.832065053097935E-004
   56412.0579865369      -1.967876573612082E-003  1.833312384114828E-004
   56412.0784209885       1.090003500283654E-004  1.833129985611991E-004
   56412.0988554403      -8.388820358307125E-005  1.833376643336330E-004
   56412.1192898922      -1.795697305335686E-004  1.834101810940498E-004
   56412.1397243442      -1.541674420718619E-004  1.833057942019239E-004
   56412.1601587963       3.099169584694916E-004  1.833962302796905E-004
   56412.1805932486      -1.121006243097744E-004  1.834142564413517E-004
   56412.2010277010      -4.170277585835436E-005  1.834049609862699E-004
   56412.2214622535      -1.425729997621694E-004  1.834192018066169E-004
   56412.2418967062      -2.316975911935693E-004  1.833186307827511E-004
   56412.2623310590       5.812573672892007E-005  1.834118906030304E-004
   56412.2827656119      -4.113964143451776E-004  1.834222087108059E-004
   56412.3032000650       1.253977509851900E-005  1.833832868545519E-004
   56412.3236344181      -1.456016961687290E-005  1.833123422318583E-004
   56412.3440689715       1.865521702684170E-004  1.833551104833186E-004
   56412.3645034249      -4.761156439085923E-004  1.832554857947814E-004
   56412.3849377785      -1.905984962981000E-004  1.834097689802777E-004
   56412.4053723322       1.167635020795643E-004  1.832178918606819E-004
   56412.4258067860       6.977043080214074E-005  1.833398622737509E-004
   56412.4462413399      -3.414622317756688E-004  1.833158223037116E-004
