   54978.5406789526       2.279720815299147E-004  1.316372162535604E-004
   54978.5611134383      -5.371271705190139E-006  1.315469170120954E-004
   54978.5815478238       3.026817298956708E-004  1.316019589902817E-004
   54978.6019821092       1.925755101412907E-004  1.315095655203964E-004
   54978.6224164947       3.142149000570083E-004  1.315546842137050E-004
   54978.6428509799       1.198936054549460E-004  1.314890120380941E-004
   54978.6632852653      -9.257076228819106E-005  1.315385489348210E-004
   54978.6837196504      -1.845272956535471E-004  1.314771800893396E-004
   54978.7041540355       6.089007126597323E-005  1.316147010889403E-004
   54978.7245884205       1.294625072612021E-004  1.314985995395120E-004
   54978.7450228054       2.226255980073422E-004  1.315578211381320E-004
   54978.7654571903      -9.272639597934784E-005  1.314879781784942E-004
   54978.7858915752      -1.321126771655079E-004  1.315625662886034E-004
   54978.8063259598      -2.610154452050706E-004  1.315136037583208E-004
   54978.8471946291       9.795021971514828E-005  1.316258084523341E-004
   54978.8676291136      -8.211709052230454E-005  1.316992389931477E-004
   54978.8880634981      -1.079744957576123E-004  1.315866366608267E-004
   54978.9084977824      -7.927025800358312E-005  1.316191723107997E-004
   54978.9289322668       9.294578234730899E-005  1.316330808151608E-004
   54978.9493666510      -1.567076099251441E-004  1.316973038200505E-004
   54978.9698009352      -6.410214210834653E-004  1.316060149010197E-004
   54978.9902354192      -6.397397221641343E-004  1.316614191718863E-004
   54979.0106698033      -4.003513859733854E-004  1.316796663520043E-004
   54979.0311041872      -4.779828474710257E-004  1.317064583375333E-004
   54979.0515384711      -6.140775281796573E-004  1.316757694965892E-004
   54979.0719729549      -6.212448758586842E-004  1.316384710233312E-004
   54979.0924073386      -6.558850856019927E-004  1.316265418741016E-004
   54979.1128417223      -4.414710718598780E-004  1.315781360374497E-004
   54979.1332760058      -6.861738417890395E-004  1.315404310894772E-004
   54979.1537104894      -5.606139860816484E-004  1.316018794626201E-004
   54979.1741448727      -5.025437670567179E-004  1.315892787464709E-004
   54979.1945791561      -4.750471151243607E-004  1.316340704927265E-004
   54979.2150136395      -2.776602232815728E-004  1.316301824737183E-004
   54979.2354480227      -2.796888508038720E-005  1.316409187080250E-004
   54979.2558824058      -6.978232758714231E-005  1.315888369261291E-004
   54979.2763166888       6.048618381071513E-005  1.316016673888561E-004
   54979.2967511718      -9.482661572857154E-005  1.316787208564727E-004
   54979.3171855547      -3.432078628096136E-005  1.316066864679394E-004
   54979.3376198376       1.698178906965886E-004  1.316317995361694E-004
   54979.3580542203      -5.464900101892489E-005  1.315119425138355E-004
   54979.3784887031      -3.717748685327926E-005  1.314782846401942E-004
   54979.3989229856      -8.953094028973929E-005  1.315795586989505E-004
   54979.4193573682      -1.185543163075842E-004  1.315399009050670E-004
   54979.4397918507      -1.081706427374929E-004  1.316122268950260E-004
   54979.4602261331      -4.218117753274075E-005  1.314647207556998E-004
   54979.4806605154       1.759160220247136E-004  1.316239439704916E-004
   54979.5010948976      -1.350475128741868E-004  1.316509038477506E-004
   54979.5215292798       1.310422249702903E-004  1.316269130031887E-004
   54979.5419636619       2.409993225760410E-004  1.316240853530010E-004
   54979.5623980439      -4.226436141119283E-005  1.315247022853078E-004
   54979.5828325258      -1.240254530887608E-005  1.315101487232476E-004
   54979.6032668078       2.189475500213867E-005  1.315921594150997E-004
   54979.6237011895      -8.187710071561050E-005  1.314813773825871E-004
   54979.6441354712      -1.992769237857406E-005  1.313855112048150E-004
   55024.9467956543       1.445428225430589E-004  1.296857885320050E-004
   55024.9672296841       1.810408435769517E-004  1.297079623234459E-004
   55024.9876637139      -2.498341695873485E-004  1.296652805800924E-004
   55025.0080976433       3.560124875656712E-005  1.296954296861659E-004
   55025.0285317726      -3.123016629447140E-005  1.296872385892109E-004
   55025.0489658015       1.759993003980220E-005  1.296709513395228E-004
   55025.0693998304       1.279976032888541E-004  1.296988563094443E-004
   55025.0898337588       2.479716501448959E-004  1.296955505242664E-004
   55025.1102678869       4.559192161712744E-005  1.296992274550387E-004
   55025.1307019151      -1.039492368217765E-004  1.296825345345845E-004
   55025.1511358428       1.051559127027701E-004  1.296922188452099E-004
   55025.1715698705      -3.727207861436987E-005  1.296836652339534E-004
   55025.1920039980       8.877901964488011E-005  1.296882398191865E-004
   55025.2124379250       7.865877786072950E-005  1.296838464911042E-004
   55025.2328719520       3.118785452715933E-005  1.296967157488069E-004
   55025.2533060786       6.199473338597272E-005  1.296820425508896E-004
   55025.2737400051      -4.132088527786237E-005  1.296814642542658E-004
   55025.2941740312       2.113156304881514E-004  1.297082903125758E-004
   55025.3146080573       1.978247658271926E-004  1.296957058875385E-004
   55025.3350420831      -1.375778905704506E-004  1.296828452611286E-004
   55025.3554761085      -1.945825405065271E-004  1.296888181158103E-004
   55025.3759101339      -4.996506482908281E-004  1.296700105285975E-004
   55025.3963442590      -4.922332546937191E-004  1.296646936521757E-004
   55025.4167781837      -3.674313455906963E-004  1.296733508389469E-004
   55025.4372122084      -3.780130909942780E-004  1.296630450752332E-004
   55025.4576461329      -3.420469883206323E-004  1.296736788280768E-004
   55025.4780802568      -4.122627329702366E-004  1.296779340554728E-004
   55025.4985142808      -6.875206665051259E-004  1.296520401767952E-004
   55025.5189482046      -4.348587957543337E-004  1.296711153340877E-004
   55025.5393823281      -4.366425599490187E-004  1.296526788924693E-004
   55025.5598163512      -6.387992002885312E-004  1.296582288137992E-004
   55025.5802503742      -4.067445327742281E-004  1.296643656630458E-004
   55025.6006842970      -4.068008746817009E-004  1.296572707402881E-004
   55025.6211184196      -3.892125585267525E-004  1.296623545718018E-004
   55025.6415524420       5.010470991484439E-005  1.296839069101544E-004
   55025.6619863639      -1.366021908291160E-004  1.296793150623356E-004
   55025.6824204857      -4.924131169259383E-006  1.296934962765580E-004
   55025.7028545074      -3.409441906365718E-005  1.296889993729610E-004
   55025.7232884288      -7.047333960341629E-005  1.296795653698295E-004
   55025.7437224500       5.772961458450077E-005  1.297022052510866E-004
   55025.7641565710      -1.933503792050928E-005  1.297007293000020E-004
   55025.7845904917      -1.279354706661406E-004  1.296871350136962E-004
   55025.8050245120       1.729497868225849E-004  1.297037588838072E-004
   55025.8254586322      -2.036661359323677E-004  1.296743089124579E-004
   55025.8458926522       2.713161381082685E-004  1.297085837765342E-004
   55025.8663265720      -8.883060541309273E-005  1.296881794001362E-004
   55025.8867605916      -1.497241934611537E-004  1.296949722276427E-004
   55025.9071947109      -1.531030250604415E-004  1.296821202325257E-004
   55025.9276286300       1.138456342699712E-004  1.296915456043643E-004
   55025.9480626489      -9.012749390491237E-005  1.296949635963498E-004
   55025.9684967675      -8.372002353562724E-005  1.296875579470480E-004
   55025.9889306859       2.030018766101538E-004  1.296998057516625E-004
   55026.0093647041       3.836042814331364E-005  1.296921239009881E-004
   55026.0297986220      -1.336525013446721E-004  1.296900696532797E-004
   55026.0502327397       3.096065695520345E-004  1.297079795860317E-004
   55071.3518085322       1.726472393315248E-005  1.296632177010910E-004
   55071.3722419615       2.135089108623589E-004  1.296768033561039E-004
   55071.3926753904       2.049463922639827E-004  1.296998057516625E-004
   55071.4131088192       3.881274667683066E-005  1.296876874164414E-004
   55071.4335422476       8.781999735196777E-007  1.297011694959395E-004
   55071.4539756758      -2.312693629216156E-004  1.296778477425439E-004
   55071.4744091037      -1.030207157094454E-004  1.296687072033707E-004
   55071.4948424312       5.985231674896507E-004  1.297575404698206E-004
   55071.5152759585       1.206873094024008E-004  1.296984247447997E-004
   55071.5357093857       1.414890537152491E-004  1.296875924722195E-004
   55071.5561427125       1.003177477980621E-004  1.296749735220107E-004
   55071.5765762388      -1.096066161139220E-004  1.296706319816857E-004
   55071.5970096651      -1.495101963691070E-004  1.296917354928079E-004
   55071.6174429909       6.425205223892227E-005  1.296741017614285E-004
   55071.6378764168       7.225392707832512E-005  1.296942903555041E-004
   55071.6583099421       3.511142870360473E-005  1.296951016970360E-004
   55071.6787433671      -3.453939844466625E-006  1.296875579470480E-004
   55071.6991766920       8.098154220315124E-005  1.296895690382919E-004
   55071.7196102166      -2.054271978163547E-004  1.296717626810546E-004
   55071.7400436409      -1.751426356246810E-004  1.296688280414712E-004
   55071.7604769648      -1.527960030689446E-004  1.296714951109750E-004
   55071.7809103886      -3.528512858822497E-004  1.296662213910176E-004
   55071.8013439121      -5.683708382642205E-004  1.296441425437986E-004
   55071.8217772351      -2.413732820880643E-004  1.296583151267281E-004
   55071.8422106580      -3.880559152044105E-004  1.296729192743022E-004
   55071.8626441808      -4.067629971897802E-004  1.296559587837684E-004
   55071.8830775029      -6.007741846661974E-004  1.296615432302699E-004
   55071.9035109250      -5.275613388024958E-004  1.296614137608765E-004
   55071.9239443469      -3.556618839282155E-004  1.296634162208276E-004
   55071.9443777683      -4.422371045365026E-006  1.296751547791614E-004
   55071.9648111895      -3.436288500549001E-004  1.296649439596696E-004
   55071.9852446105      -2.364321667689406E-004  1.296600931730639E-004
   55072.0056781312      -3.481327342584883E-004  1.296651424794061E-004
   55072.0261114517      -2.660555235547424E-004  1.296763027411161E-004
   55072.0465448717      -1.577984623726270E-004  1.296851066598665E-004
   55072.0669781915      -1.113616895250802E-004  1.296641757746021E-004
   55072.0874117113       8.621546758913468E-005  1.296937206901732E-004
   55072.1078451304      -8.457609049772330E-005  1.296914420288496E-004
   55072.1282785494      -6.852912476706940E-005  1.296714605858034E-004
   55072.1487119683      -1.279385922299259E-004  1.296991325108168E-004
   55072.1691453867      -2.271877549844259E-004  1.296774075466064E-004
   55072.1895788049      -1.625241823122181E-006  1.296754050866553E-004
   55072.2100121228       1.053504615122769E-004  1.296938846847382E-004
   55072.2304456405       4.787050154408945E-005  1.296988649407372E-004
   55072.2508790577       2.897078545993637E-005  1.296667478998841E-004
   55072.2713123749      -8.286734608797808E-005  1.296751547791614E-004
   55072.2917458917       3.805998431438695E-005  1.296758539138857E-004
   55072.3121793082      -2.001780705838119E-004  1.296643225065813E-004
   55072.3326126245       6.041448418203643E-006  1.297008932945669E-004
   55072.3530460404      -4.837628210863087E-005  1.296983643257494E-004
   55072.3734795562       3.602597281826547E-005  1.296968193243216E-004
   55072.3939128716       9.182322345213656E-005  1.297089635534214E-004
   55072.4143462867      -3.944331794070166E-006  1.296805320746334E-004
   55072.4347798016      -2.530635342290477E-005  1.296677404985667E-004
   55072.4552132160      -1.039068207093763E-004  1.296880499307428E-004
   55117.7554530344       1.473013575701287E-004  1.272440339272596E-004
   55117.7758858247       3.274981576664171E-004  1.272510653185049E-004
   55117.7963187148      -5.619973894221975E-005  1.272063069932920E-004
   55117.8371844946      -2.236542372154871E-004  1.272036606795785E-004
   55117.8576173842       3.186839232394156E-005  1.272248990434847E-004
   55117.8780501736      -1.357532827322983E-004  1.272302425615601E-004
   55117.8984831630       1.087212520023417E-004  1.272306496867468E-004
   55117.9189160519       2.171061650946271E-004  1.272398608940959E-004
   55117.9393489409       8.956329099252258E-006  1.272411161967549E-004
   55117.9597818298      -1.130890605451906E-004  1.272166886855529E-004
   55117.9802147183       1.668560792531526E-004  1.272512858446477E-004
   55118.0006476067      -7.713125383423947E-005  1.272080627206597E-004
   55118.0210803950       9.901960681757416E-005  1.272206836014474E-004
   55118.0415133832      -1.397909446276824E-005  1.272179609517613E-004
   55118.0619461712       3.820722434544344E-005  1.272367989734209E-004
   55118.0823790590      -1.041260016971801E-004  1.272053315891989E-004
   55118.1028120465      -2.424719089574312E-004  1.272009804387660E-004
   55118.1232448338       5.791087452533539E-005  1.272195555254092E-004
   55118.1436777211      -5.899528529274001E-005  1.272399881207168E-004
   55118.1641106082      -2.682083346240427E-004  1.271973078303110E-004
   55118.1845434950      -3.788172701481018E-004  1.271934995134604E-004
   55118.2049763819      -4.939406298927196E-004  1.272138048821471E-004
   55118.2254092685      -3.689676383310525E-004  1.271962391266959E-004
   55118.2458421549      -4.981543411770595E-004  1.272102510185382E-004
   55118.2662750412      -1.253708023618572E-004  1.272177489073932E-004
   55118.2867079271      -1.728127374203137E-004  1.272243816552266E-004
   55118.3071409130      -3.785375371727628E-004  1.272003358238871E-004
   55118.3275736990      -5.837788527242038E-004  1.272166208313551E-004
   55118.3480065844      -3.280624642384433E-004  1.271934655863615E-004
   55118.3684393698      -6.519346143257776E-004  1.272116335478180E-004
   55118.3888723551      -7.885538169790651E-004  1.271912009525105E-004
   55118.4093052403      -4.690439282043490E-004  1.272098014844779E-004
   55118.4297380250      -3.557085593361986E-004  1.272302171162359E-004
   55118.4501710098      -8.272363567574104E-005  1.272368753093934E-004
   55118.4706038945      -2.298951180745856E-005  1.272267226250501E-004
   55118.4910367788      -3.240262877579614E-005  1.272316929450377E-004
   55118.5114695631      -1.939453157021598E-004  1.272206072654749E-004
   55118.5319025471      -3.157487045633012E-004  1.272104376175821E-004
   55118.5523354309       2.984914950454609E-005  1.272463748970831E-004
   55118.5727682147      -9.538249837648394E-005  1.272355436707619E-004
   55118.6136340817      -1.905807397228898E-006  1.272354164441411E-004
   55118.6340668650      -4.522806961815284E-005  1.272209719817880E-004
   55118.6544998481      -1.303675784066760E-004  1.272341187326085E-004
   55118.6749327310       9.988531194471406E-005  1.272231857249906E-004
   55118.6953655136      -8.578038996143178E-005  1.272452044121713E-004
   55118.7157983963      -4.857149231662916E-005  1.272550856797235E-004
   55118.7362313787      -5.868464714398058E-005  1.272305818325490E-004
   55118.7566642609       1.316811781140181E-004  1.272555606591080E-004
   55118.7770970428      -1.280643566092809E-005  1.272377404504152E-004
   55118.7975300248       1.357141463627087E-004  1.272567481075692E-004
   55118.8179629065       1.556505786985962E-004  1.272489109477252E-004
   55118.8383956882       2.205229988057056E-004  1.272455097560614E-004
   55118.8588285695      -2.102137629466094E-004  1.272259677470998E-004
   55164.1582918265      -7.977324662700180E-005  1.276974696039467E-004
   55164.1787245854       1.931387239695326E-004  1.277033135467308E-004
   55164.1991573443       1.390529800411322E-004  1.276910234551573E-004
   55164.2195901033      -2.198082821835978E-005  1.276888012301799E-004
   55164.2400227624      -9.938833913902823E-005  1.276910997911298E-004
   55164.2604556215       1.678243363263388E-004  1.276835255663022E-004
   55164.2808883807      -1.350455536797135E-004  1.276872066565320E-004
   55164.3013210399       3.671010545325259E-006  1.276973508591006E-004
   55164.3217538992      -5.107113490288029E-005  1.277166044877216E-004
   55164.3421866586      -1.510233978961883E-004  1.276789369261771E-004
   55164.3626193181       8.693911225732265E-005  1.277017274548576E-004
   55164.3830521776       9.004609449991818E-005  1.277116426495087E-004
   55164.4034849372       1.038703062812285E-004  1.277071727542297E-004
   55164.4239175969      -1.435728633183420E-004  1.276922872395910E-004
   55164.4443503566      -3.519717055533444E-005  1.277060701235157E-004
   55164.4647832164       3.377830009698712E-006  1.277152389219912E-004
   55164.4852158762       2.003641802750256E-004  1.277017698637312E-004
   55164.5056486361      -3.890197244016402E-005  1.276864178514828E-004
   55164.5260814962      -2.378773510929300E-004  1.276945858005409E-004
   55164.5465142562      -4.595670139961872E-005  1.277063500220816E-004
   55164.5669469163       3.031345396309337E-004  1.277104127921739E-004
   55164.5873797765      -4.063430565893755E-004  1.276681141816307E-004
   55164.6078125368      -3.393347125379975E-004  1.276802600830339E-004
   55164.6282451972      -5.778979173159948E-004  1.276582583594027E-004
   55164.6486779575      -6.753793222484816E-004  1.276647553988404E-004
   55164.6691108180      -5.843438339214746E-004  1.276605060297042E-004
   55164.6895434786      -4.940723773606548E-004  1.276555187461672E-004
   55164.7099762392      -3.165956790964763E-004  1.277043992138953E-004
   55164.7304090999      -2.459511505442658E-004  1.276900395692894E-004
   55164.7508417606      -5.782397451736809E-004  1.276695645651083E-004
   55164.7712745214      -6.119519790683814E-004  1.276776307328698E-004
   55164.7917073823      -3.529730169706813E-004  1.276780633033807E-004
   55164.8121401433      -4.109391912476834E-004  1.276715747457176E-004
   55164.8325728043      -3.929169767682428E-004  1.276822872271927E-004
   55164.8530056654      -3.209378492010639E-004  1.276866553411750E-004
   55164.8734383266       7.094198862445111E-005  1.277020667258465E-004
   55164.8938710878       1.282094008590029E-004  1.277104976099211E-004
   55164.9143038491       1.275210801376936E-004  1.276781820482268E-004
   55164.9347366105      -1.158385520805272E-005  1.277102092295805E-004
   55164.9551693720      -1.472396508510609E-004  1.276794543144352E-004
   55164.9756021335      -3.177955598121507E-005  1.276830505869178E-004
   55164.9960348951       3.333134333383114E-005  1.277108283991353E-004
   55165.0164676567       3.733985278508989E-005  1.277002346625064E-004
   55165.0369004185      -1.473350616220115E-004  1.276978512838092E-004
   55165.0573331803       1.267145703338635E-004  1.276939072585631E-004
   55165.0777659422       5.659991883066873E-005  1.276966129446997E-004
   55165.0981987041      -8.375080178024685E-005  1.277054424721863E-004
   55165.1186313661      -7.066916529407941E-005  1.276861125075927E-004
   55165.1390642282      -1.636779201990013E-004  1.276782074935510E-004
   55165.1594969904       3.379221937906962E-004  1.277112355243220E-004
   55165.1799296526       6.887281803691359E-005  1.277133729315522E-004
   55165.2003625149      -2.322528817300107E-004  1.276957308401285E-004
   55165.2207952773       6.521621323374305E-005  1.276883177690207E-004
   55165.2412279397      -1.626077335746823E-004  1.277051116829720E-004
   55165.2616608022       8.157207803005662E-005  1.277180548711992E-004
   55165.2820935648       1.655853353894621E-004  1.277197851532427E-004
   55210.5614779550      -2.925429108957545E-006  1.343309412585653E-004
   55210.5819111217      -7.328549324492339E-005  1.343351505327089E-004
   55210.6023442889       1.686474461926046E-004  1.343300155675711E-004
   55210.6227775561       5.812953662487352E-005  1.343425909923982E-004
   55210.6432106238       1.830352553631176E-004  1.343362683482490E-004
   55210.6636437916       2.252246361789112E-005  1.343396654595391E-004
   55210.6840770599       1.746421228683293E-004  1.343365914668036E-004
   55210.7045101283       8.253737550245610E-005  1.343475251000561E-004
   55210.7249432970      -1.275345923623661E-005  1.343224353809392E-004
   55210.7453763659       1.173387177608731E-004  1.343285833664102E-004
   55210.7658096352      -2.093959986138039E-005  1.343197456372956E-004
   55210.7862428047      -3.787119763609681E-005  1.343160516062526E-004
   55210.8066759745       2.698993923999637E-005  1.343393423409846E-004
   55210.8271091446       2.679972492323213E-004  1.343614017320355E-004
   55210.8475423149      -1.968655089003013E-004  1.343113008902068E-004
   55210.8679754854      -2.491402410309540E-004  1.343076592567673E-004
   55210.8884086563      -1.260888491072532E-004  1.343409404678897E-004
   55210.9088418275      -9.133381170656207E-005  1.343431760989701E-004
   55210.9292749989       1.285681210587697E-004  1.343578648938029E-004
   55210.9497081705      -1.356909708755127E-004  1.343406435481368E-004
   55210.9701413425      -3.726854509922273E-005  1.343335611387377E-004
   55210.9905745148      -3.124269053896844E-004  1.343247408754908E-004
   55211.0110077873      -1.037247979321920E-004  1.343323734597262E-004
   55211.0314408600      -3.632729914796462E-004  1.343049782460576E-004
   55211.0518740330      -3.264914878924330E-004  1.343214747582094E-004
   55211.0723071064      -5.776931817838005E-004  1.343327315100164E-004
   55211.0927403799      -3.071053856192885E-004  1.343421543457029E-004
   55211.1131735537      -4.196429131489987E-004  1.343325044537348E-004
   55211.1336067279      -3.860183608602741E-004  1.343036595730376E-004
   55211.1540399023      -3.021385763730677E-004  1.343305133448039E-004
   55211.1744730770      -6.327660448084416E-004  1.343029434724571E-004
   55211.1949061520      -6.090051489140436E-004  1.343164882529480E-004
   55211.2153394272      -4.682866563019417E-004  1.343023321670836E-004
   55211.2357726026      -5.029955392740204E-004  1.343151608469940E-004
   55211.2562056784      -7.858906524205178E-005  1.343436127456654E-004
   55211.2766389544      -1.907595145749230E-004  1.343386087745363E-004
   55211.2970721307      -2.422643869354202E-004  1.343390454212317E-004
   55211.3175052073       6.595696151845409E-005  1.343370717781686E-004
   55211.3379384841       6.067719266988902E-005  1.343311508489791E-004
   55211.3583716613       1.833460150206800E-004  1.343495598736566E-004
   55211.3788047387       2.464580614354173E-004  1.343433070929787E-004
   55211.3992379163       1.655989855988693E-004  1.343487564437371E-004
   55211.4196711942      -9.957510495151034E-005  1.343311333831113E-004
   55211.4401042724      -4.004409411255683E-004  1.343277188059534E-004
   55211.4605374509       1.173240131784326E-004  1.343612358062913E-004
   55211.4809707297       3.541396931621144E-004  1.343598560027338E-004
   55211.5014039086      -7.593507144632028E-005  1.343269415748356E-004
   55211.5218369880      -9.703656962145590E-005  1.343467828006739E-004
   55211.5422702675      -2.771621188575324E-004  1.343234134695369E-004
   55211.5627034474      -1.959016563294336E-004  1.343205665330830E-004
   55211.5831365275       4.401772620865607E-005  1.343390716200334E-004
   55211.6035698079       1.161620059748625E-004  1.343466867384010E-004
   55211.6240029886       1.989082841622469E-004  1.343563278974351E-004
   55211.6444360695      -1.958649491983211E-004  1.343399274475564E-004
   55211.6648693506      -7.049644005718836E-005  1.343311159172435E-004
   55211.6853025321      -9.347644308610459E-005  1.343502323095675E-004
   55256.9659533076      -1.001113949201660E-004  1.343383817182547E-004
   55256.9863871430       1.074595780883314E-004  1.343497781970043E-004
   55257.0068209787       1.113051227425998E-004  1.343257975604937E-004
   55257.0272548148       1.638450635883526E-004  1.343511405346939E-004
   55257.0476886512       1.860906027735254E-004  1.343400409756972E-004
   55257.0681224877      -1.293186565635152E-004  1.343145233428188E-004
   55257.0885563246      -1.064179260641396E-004  1.343302862885222E-004
   55257.1089901618      -7.653006281105323E-005  1.343274393520683E-004
   55257.1294239992      -1.461695610494029E-005  1.343303561519935E-004
   55257.1498577370      -1.990500506365844E-005  1.343350632033698E-004
   55257.1702915749       2.402398828880159E-004  1.343398051864817E-004
   55257.1907255132       1.673742385333021E-005  1.343270201712408E-004
   55257.2111592519       2.026053812609341E-005  1.343375520895335E-004
   55257.2315930906       6.108574820373747E-005  1.343251775221862E-004
   55257.2520270299       2.383504699987604E-005  1.343265049281402E-004
   55257.2724607692      -5.287817899313207E-005  1.343281816514505E-004
   55257.2928946089       4.041980303304271E-005  1.343380585997001E-004
   55257.3133285490       4.778280612915964E-005  1.343315874956745E-004
   55257.3337623892       2.003208629597353E-005  1.343335000082003E-004
   55257.3541961298      -2.263710402006236E-004  1.343128378865746E-004
   55257.3746300706      -8.756018487265926E-005  1.343275703460770E-004
   55257.3950639117      -5.943176836692432E-004  1.343045328664283E-004
   55257.4154976532      -4.294663013338917E-004  1.343047249909743E-004
   55257.4359315948      -3.241598458194606E-004  1.343217629450283E-004
   55257.4563654368      -4.729538848321502E-004  1.343073623370144E-004
   55257.4767991790      -5.044501881548147E-004  1.343046725933709E-004
   55257.4972331215      -5.048987411574446E-004  1.342988739252561E-004
   55257.5176669643      -4.292013503233161E-004  1.343299719029016E-004
   55257.5381007074      -5.793713660665611E-004  1.343610611476131E-004
   55257.5585345507      -6.136565222292223E-004  1.343576203716534E-004
   55257.5789684944      -5.281644941285135E-004  1.343636897607193E-004
   55257.5994023384      -6.040649343599380E-004  1.343616287883171E-004
   55257.6198360826      -4.211253806725157E-004  1.343634801703055E-004
   55257.6402700271      -5.214444749314096E-004  1.343623448888975E-004
   55257.6607038719      -3.852176381399230E-004  1.343506340245273E-004
   55257.6811376170      -2.184388876287358E-004  1.343623972865010E-004
   55257.7015715623      -2.422223927528444E-004  1.343667200887853E-004
   55257.7220054079      -1.373862922778857E-004  1.343723877628914E-004
   55257.7424391538       1.435473886277627E-004  1.343672091330842E-004
   55257.7628731000      -3.076507068214829E-004  1.343573933153719E-004
   55257.7833069464       1.147700906949378E-004  1.343713485437564E-004
   55257.8037406932       3.049797779188790E-004  1.343820987853968E-004
   55257.8241746403       1.257998366228641E-004  1.343620043044751E-004
   55257.8446084875      -1.597773405666025E-004  1.343619257080700E-004
   55257.8650422352      -1.288274031177039E-004  1.343561969034265E-004
   55257.8854761830      -7.817866202064483E-005  1.343487651766710E-004
   55257.9059100312       1.300165954793986E-004  1.343733483856213E-004
   55257.9263438796       2.687691353626676E-004  1.343786405435694E-004
   55257.9467776283      -2.326905191326611E-004  1.343218066096978E-004
   55257.9672115773      -1.488238048318324E-004  1.343276402095482E-004
   55257.9876453266      -1.430242817478389E-004  1.343236405258185E-004
   55258.0080791762      -2.377897570728926E-004  1.343301378286458E-004
   55258.0285131260       2.732223230965669E-004  1.343581967452914E-004
   55258.0489468762      -9.518052838286550E-005  1.343306181400107E-004
   55258.0693807266      -3.601326288527051E-004  1.343227934312294E-004
   55258.0898146772      -9.779604365312000E-005  1.343303124873240E-004
   55303.3718200112       1.858719488345706E-005  1.333717567773932E-004
   55303.3922543331      -4.843729096359883E-005  1.333713150655731E-004
   55303.4126886552      -1.431578570787462E-005  1.333640356547768E-004
   55303.4331229774      -7.505691619313914E-005  1.333893987474904E-004
   55303.4535572997      -2.145277205222174E-004  1.333757233495383E-004
   55303.4739916221      -1.278801391685347E-004  1.333870930117892E-004
   55303.4944259447      -3.742819253749197E-006  1.333679138845578E-004
   55303.5148602674       3.374511161635674E-005  1.333726932064520E-004
   55303.5352945902       2.540080017632285E-005  1.333802288101039E-004
   55303.5557289132       2.373616713606808E-004  1.333902114972395E-004
   55303.5761632363       2.058117015335537E-004  1.333721543180314E-004
   55303.5965975595       1.838426956077832E-004  1.333799461145390E-004
   55303.6170318828       1.990772354503179E-004  1.333771986670176E-004
   55303.6374662063      -5.651220557678638E-005  1.333690269983446E-004
   55303.6579004299       1.462090100619040E-004  1.333579046947130E-004
   55303.6783348536      -1.839417418714184E-005  1.333672689853004E-004
   55303.6987691774      -1.340686566183580E-004  1.333581873902779E-004
   55303.7192034014       4.417486680430294E-005  1.333780997591307E-004
   55303.7396378255       7.750718614873975E-005  1.333852908275629E-004
   55303.7600721497      -1.731130438831219E-005  1.333925702383591E-004
   55303.7805064740      -1.419113887652923E-004  1.333704316419328E-004
   55303.8009407985      -4.229035653219304E-004  1.333491676349103E-004
   55303.8213751231      -7.180164262464706E-004  1.333467117171902E-004
   55303.8418094478      -4.970666885737440E-004  1.333374976086217E-004
   55303.8622437726      -4.334445009247512E-004  1.333389729261010E-004
   55303.8826780976      -4.542136940702823E-004  1.333318083603780E-004
   55303.9031124227      -6.091545570274803E-005  1.333693185281460E-004
   55303.9235468479      -5.099624452048479E-004  1.333389287549190E-004
   55303.9439810733      -2.864583664763387E-004  1.333523656284882E-004
   55303.9644153987      -6.931300371229021E-004  1.333592563328827E-004
   55303.9848498244      -2.206801360757904E-004  1.333490174528914E-004
   55304.0052840501      -1.865735276673774E-004  1.333299355022605E-004
   55304.0257183759      -2.118635647663236E-004  1.333558463176311E-004
   55304.0461528019      -5.784502821200022E-004  1.333447858536543E-004
   55304.0665870280      -3.299742026602326E-004  1.333456516088218E-004
   55304.0870213542      -3.056626016684216E-005  1.333488142654541E-004
   55304.1074557806      -5.780348660078261E-005  1.333638236331032E-004
   55304.1278900071       6.784679441618202E-005  1.333675516808653E-004
   55304.1483243336      -2.103168664538968E-004  1.333382131817703E-004
   55304.1687587604       2.667646676401958E-005  1.333694422074556E-004
   55304.1891930872       2.294169058829620E-004  1.333798489379385E-004
   55304.2096273142       6.467213732341826E-005  1.333569329287087E-004
   55304.2300617413      -1.916823570796700E-004  1.333309161025013E-004
   55304.2504960685       7.619251650603509E-005  1.333438317561228E-004
   55304.2709302958      -2.531421545826085E-006  1.333614295550379E-004
   55304.3117989509      -8.277781883725410E-006  1.333584435831336E-004
   55304.3322332786       1.478327328858775E-004  1.333891778915803E-004
   55304.3526677064       9.630310846553414E-006  1.333449183672004E-004
   55304.3731019344       6.191585941528466E-005  1.333823666953134E-004
   55304.3935362624      -1.400362040593350E-005  1.333626840166072E-004
   55304.4139706907       3.226157593598789E-004  1.333956710553366E-004
   55304.4344049190      -1.904338224656410E-005  1.333367997039458E-004
   55304.4548392474       8.852353467148077E-005  1.333558374833947E-004
   55304.4752736760       1.746715652959363E-004  1.333566590673802E-004
   55304.4957079047       1.484964495468422E-004  1.333471092578283E-004
   55349.7783225948      -2.885449512923799E-005  1.325077949598710E-004
   55349.7987570760      -1.734787694072093E-004  1.324554697776549E-004
   55349.8191914569      -1.624494998846426E-004  1.324529520202800E-004
   55349.8396257378      -4.211831310718672E-005  1.324754616546353E-004
   55349.8600602187      -1.223282753323174E-004  1.324483582173504E-004
   55349.8804945994      -1.825710510235945E-004  1.324366263514069E-004
   55349.9009288802      -4.910473405006499E-005  1.325015668232067E-004
   55349.9213633608      -2.472380742289948E-004  1.324319618745861E-004
   55349.9417977413       1.107861826468159E-004  1.324425541240335E-004
   55349.9622320218      -1.012730018310481E-004  1.324362906504236E-004
   55349.9826665022      -6.938344965878862E-005  1.324393472962191E-004
   55350.0031008824      -1.343520024029710E-004  1.324390027609994E-004
   55350.0235351628      -2.051743399233974E-005  1.324484465597144E-004
   55350.0439696429       2.293598468638969E-005  1.324508141350704E-004
   55350.0644039230       7.032978277066171E-005  1.324418297166484E-004
   55350.0848383030       2.580504817850660E-005  1.324520155912213E-004
   55350.1052727829      -4.084455730857250E-006  1.324402483883322E-004
   55350.1257070628       9.233264225483317E-005  1.324520155912213E-004
   55350.1461414426      -1.300225695608503E-004  1.324399038531125E-004
   55350.1665759223      -4.707424207761601E-005  1.324363348216056E-004
   55350.1870103019       8.089118805321149E-005  1.324558231471110E-004
   55350.2074446816      -3.998627713196479E-004  1.324236576923670E-004
   55350.2278790611      -3.819545186687368E-004  1.324194349273663E-004
   55350.2687478198      -3.138530794263295E-004  1.324280218051502E-004
   55350.2891821991      -5.490113074931857E-004  1.324072436811299E-004
   55350.3096165782      -4.529012751846029E-004  1.324181097919059E-004
   55350.3300510574      -3.283852947761901E-004  1.324249386566455E-004
   55350.3504853363      -5.240670683659410E-004  1.324011127210661E-004
   55350.3709197154      -5.015979912603719E-004  1.324166521428993E-004
   55350.3913541942      -2.743940848636273E-004  1.324103268296346E-004
   55350.4117884730      -7.078261752349047E-004  1.323876316763149E-004
   55350.4322228517      -2.607650980972487E-004  1.324119346606600E-004
   55350.4526573304      -5.373778254054162E-004  1.324086924959000E-004
   55350.4730916090      -2.897812334322625E-004  1.324124912175534E-004
   55350.4935259875       8.567432306283429E-005  1.324349301780175E-004
   55350.5139604659       6.388459002448776E-005  1.324465383646513E-004
   55350.5343947443      -6.377828168757649E-005  1.324372359137187E-004
   55350.5548292225       1.692823529888532E-004  1.324323594152242E-004
   55350.5752636008      -2.300875883731734E-005  1.324113516010574E-004
   55350.5956979789      -1.894355288800664E-004  1.324259899307775E-004
   55350.6161323569      -1.724552954318614E-004  1.324150619803468E-004
   55350.6365667348      -5.408129029049746E-007  1.324365026720973E-004
   55350.6570011127      -2.409731567241113E-004  1.324159719066963E-004
   55350.6774354906      -3.408289840310941E-004  1.324108303811096E-004
   55350.6978698682       3.908117793356425E-004  1.324537294330835E-004
   55350.7183042459       3.372137309165524E-005  1.324115547884947E-004
   55350.7387386235      -2.188746935057884E-004  1.323981267491619E-004
   55350.7591730009       9.022140962899883E-005  1.324339760804860E-004
   55350.7796073784      -2.459778242114297E-005  1.324173853845208E-004
   55350.8000417557       2.574468259504137E-004  1.324418297166484E-004
   55350.8204761330       1.435051168243717E-004  1.324223678938522E-004
   55350.8409104102       1.607278306612336E-004  1.324285783620436E-004
   55350.8613448872       2.611211720016104E-004  1.324314494888747E-004
   55350.8817792737       1.073650129210790E-004  1.324410876407905E-004
   55350.9022137507       8.294478070736133E-005  1.324215109729211E-004
   55396.1844290502       3.332909515973981E-005  1.317328637970651E-004
   55396.2048630728       4.048624993502337E-005  1.317290020775230E-004
   55396.2252970951      -6.075207551181627E-005  1.317170289836002E-004
   55396.2457311172      -9.565482138518266E-005  1.317227951127795E-004
   55396.2661652391       1.343280966270566E-004  1.317479051065146E-004
   55396.2865991608       1.865732712269530E-004  1.317383301580608E-004
   55396.3070331822      -5.486524240960744E-005  1.317288345600086E-004
   55396.3274672034       2.041367802545491E-004  1.317271593848648E-004
   55396.3479012244      -3.098899497298024E-004  1.317045357037116E-004
   55396.3683352451      -2.557000820784250E-004  1.317315765572178E-004
   55396.3887692658      -1.238866129475991E-004  1.317383477914834E-004
   55396.4092032861       4.204759318615636E-005  1.317293194791292E-004
   55396.4296372061      -1.133895566307608E-005  1.317249640237552E-004
   55396.4500713259       2.178343897558666E-004  1.317455951281583E-004
   55396.4705053455       8.174581502640166E-005  1.317119770080348E-004
   55396.4909394650      -7.074365596637655E-005  1.317281909400849E-004
   55396.5113733841       4.393078095366043E-005  1.317301129831447E-004
   55396.5318074030      -8.419478397914126E-005  1.317163148299862E-004
   55396.5522415216       2.145364246268766E-004  1.317299013820739E-004
   55396.5726754402       3.300292489361034E-005  1.317345742390541E-004
   55396.5931094584       4.502521372451440E-005  1.317357204115210E-004
   55396.6135435763      -2.750740966431797E-004  1.316957983428298E-004
   55396.6339775943      -2.709508519369574E-004  1.317222661101025E-004
   55396.6544115117      -5.029657610003957E-004  1.316712085350604E-004
   55396.6748456289      -2.723251544090033E-005  1.317365139155365E-004
   55396.6952796462      -4.226492262321413E-004  1.317195593797385E-004
   55396.7157135630      -4.295301773816762E-004  1.316751231548703E-004
   55396.7361476797      -4.942891807317995E-004  1.317067839650889E-004
   55396.7565816960      -3.575803027524582E-004  1.317225394281523E-004
   55396.7770156121      -3.279007396751465E-004  1.316964684128873E-004
   55396.7974497282      -6.731426821287023E-004  1.316899881300940E-004
   55396.8178837438      -4.132503308044155E-004  1.316971913832126E-004
   55396.8383178594      -7.336243926538977E-004  1.316586359047703E-004
   55396.8587517745      -6.165655674933435E-004  1.316930651623319E-004
   55396.8791857896      -1.708361972405648E-004  1.317313825895695E-004
   55396.8996199043       1.280861845684989E-004  1.317221867597010E-004
   55396.9200538190      -1.009709887824783E-004  1.317102665660458E-004
   55396.9404878332      -3.753191506350451E-005  1.317349974411957E-004
   55396.9609219474      -6.556558091586062E-005  1.317043593694859E-004
   55396.9813558614       6.491368892103111E-005  1.317486986105301E-004
   55397.0017898749      -5.161616560767079E-005  1.317491658962281E-004
   55397.0222239884      -1.167050885606535E-004  1.316901556476084E-004
   55397.0426579014      -9.983750067010799E-005  1.317083357062748E-004
   55397.0630919145       1.267566460967373E-004  1.317573301708765E-004
   55397.0835259273      -1.065646831908129E-004  1.316932062297125E-004
   55397.1039599396       1.219955012941032E-004  1.317431352657103E-004
   55397.1243939520       3.895267293896332E-005  1.317223895440605E-004
   55397.1448279638       8.690028984337239E-005  1.316984609896374E-004
   55397.1652619757      -1.322166143746806E-005  1.317139255012284E-004
   55397.1856959874       8.587177451269135E-005  1.317430559153087E-004
   55397.2061300985      -2.608667420056499E-005  1.316869199145674E-004
   55397.2265640097       1.785234352693621E-004  1.317397760987113E-004
   55397.2469981207      -5.203818208643352E-005  1.317334457000098E-004
   55397.2674321314       2.225980419596763E-004  1.317092967278047E-004
   55397.2878660416       6.097227905677016E-005  1.317010795528885E-004
   55397.3083001519       1.641942006813668E-004  1.317178577544608E-004
   55442.5894234690      -7.665982247218039E-005  1.325337121330686E-004
   55442.6098567951       2.064167930357907E-004  1.325387641086340E-004
   55442.6302903207      -6.293794699863131E-005  1.325403687500876E-004
   55442.6507237461       1.496082846605962E-004  1.325481627228621E-004
   55442.6711570715       1.499329286571705E-004  1.325325571438905E-004
   55442.7120240208       9.582488749604323E-005  1.325511163211420E-004
   55442.7324573453       1.348100623104198E-004  1.325488416096309E-004
   55442.7528908692      -7.819260630104186E-005  1.325406420681373E-004
   55442.7733242932      -1.123372209554940E-005  1.325422378928797E-004
   55442.7937577167       3.189763879984930E-005  1.325549956741067E-004
   55442.8141911398       1.494992482586888E-004  1.325614054232097E-004
   55442.8346245628      -9.333230709263063E-005  1.325393283781561E-004
   55442.8550580856      -1.710308528357629E-006  1.325351316235852E-004
   55442.8754915080       7.411203505447439E-005  1.325431989144095E-004
   55442.8959248301       4.842276414418478E-005  1.325602857008767E-004
   55442.9163583520       1.644987781306284E-004  1.325594392965935E-004
   55442.9367917736       3.517198674922728E-004  1.325490620274130E-004
   55442.9572250948      -1.004265906311419E-004  1.325524652779684E-004
   55442.9776586160      -3.858338218487578E-005  1.325485065746021E-004
   55442.9980920367       4.009603876056200E-004  1.325734666842454E-004
   55443.0185253572      -1.737598464961465E-004  1.325454383590755E-004
   55443.0389588775      -1.401710180463089E-004  1.325451562243145E-004
   55443.0593922975      -4.130233624136670E-004  1.325207780176159E-004
   55443.0798256171      -6.153162713207205E-004  1.325312963541770E-004
   55443.1002591366      -6.438761229328183E-004  1.325138216324133E-004
   55443.1206925557      -4.868928383920945E-004  1.325244369527985E-004
   55443.1411258746      -7.587247941143183E-004  1.325135571310748E-004
   55443.1615593932      -2.459853188877537E-004  1.325285543569678E-004
   55443.1819928113      -5.756564640436723E-004  1.325303882329148E-004
   55443.2024261295      -5.826120297499626E-004  1.325198610796424E-004
   55443.2228596472      -6.087560028956718E-004  1.325225149097387E-004
   55443.2432930647      -3.637801586677814E-004  1.325287306911935E-004
   55443.2637264819      -5.801246341247124E-004  1.325104800988369E-004
   55443.2841598989      -3.505432472484804E-004  1.325291450766238E-004
   55443.3045933156      -2.656185727858418E-004  1.325376972865687E-004
   55443.3250267319      -7.705979349559300E-005  1.325394429954028E-004
   55443.3454601480       8.070024359696504E-005  1.325554541430934E-004
   55443.3658935638      -3.239773175742755E-004  1.325364893971229E-004
   55443.3863269794       3.092511025970524E-005  1.325658049621401E-004
   55443.4067603948      -1.498749451939174E-004  1.325420968254991E-004
   55443.4271938097      -4.457222865561494E-005  1.325573850028645E-004
   55443.4476273246      -1.608390577556573E-005  1.325632921994244E-004
   55443.4680606390      -1.149668216740007E-004  1.325457645773930E-004
   55443.4884940532      -1.664528220690631E-004  1.325303088825132E-004
   55443.5089275672      -2.485501044353633E-004  1.325454648092094E-004
   55443.5293608807      -8.489367320463348E-005  1.325514866230159E-004
   55443.5497942942      -8.656929100869792E-005  1.325460290787315E-004
   55443.5702278072       1.228435842759446E-005  1.325599771159818E-004
   55443.5906611201      -3.096354407358115E-004  1.325588838437827E-004
   55443.6110945326      -1.604814466986682E-004  1.325469283832824E-004
   55443.6315280450       1.247703910700615E-005  1.325574290864209E-004
   55443.6519613568      -3.191976858085699E-005  1.325564856983136E-004
   55443.6723948687       8.692751480410266E-005  1.325690495118924E-004
   55443.6928282801      -6.434246284003908E-005  1.325465757148311E-004
   55443.7132616913      -3.402794324447456E-005  1.325744365224866E-004
   55581.8195516852      -5.430837415532075E-005  1.348837793269567E-004
   55581.8399848479      -1.297347091633316E-005  1.348614585744808E-004
   55581.8604179110      -2.296222231965572E-004  1.348488069221116E-004
   55581.8808511744      -1.088270477522801E-005  1.348620392483725E-004
   55581.9012843379      -1.681180398060977E-004  1.348933076576353E-004
   55581.9217175018      -1.750749077902292E-004  1.348529772164252E-004
   55581.9421506659      -9.058122156646586E-005  1.348615289591949E-004
   55581.9625838303      -6.787157165066837E-005  1.348574466457740E-004
   55581.9830169950       2.264869807078185E-005  1.348845183664553E-004
   55582.0034501599       4.151552096565148E-005  1.348724825803351E-004
   55582.0238833251       6.691271417924582E-005  1.348796970135358E-004
   55582.0443165905       8.702010503514046E-005  1.349094697476228E-004
   55582.0647496563      -1.145267782554082E-004  1.348777702319858E-004
   55582.0851828223      -1.276231923690307E-004  1.348960350653087E-004
   55582.1056160887       1.142221340622029E-005  1.348575170304881E-004
   55582.1260492551      -5.946547498725252E-005  1.348821868727990E-004
   55582.1464823219      -9.348719780655212E-005  1.348999062245872E-004
   55582.1669155890       4.032452733904179E-005  1.348631038171741E-004
   55582.1873487564      -2.025382025369060E-004  1.348624175662111E-004
   55582.2077818240      -3.184494888663902E-005  1.348883103429304E-004
   55582.2282150919      -8.381463926310229E-005  1.348434928761930E-004
   55582.2486482601      -6.210436923521634E-004  1.348480942768808E-004
   55582.2690814286      -3.475248277644560E-004  1.348658576191154E-004
   55582.2895145972      -5.145263357669849E-004  1.348658136286690E-004
   55582.3099477661      -7.637098511317220E-004  1.348582912623438E-004
   55582.3303809354      -6.453253918162760E-004  1.348534787075136E-004
   55582.3508141049      -4.397688777453279E-004  1.348714708000691E-004
   55582.3712472746      -4.505588343880484E-004  1.348523173597301E-004
   55582.3916804447      -4.608505393476348E-004  1.348570507317569E-004
   55582.4121136150      -2.124691357027197E-004  1.348559421725090E-004
   55582.4325468857      -3.353110375057256E-004  1.348739870536001E-004
   55582.4529799565      -5.639213696282397E-004  1.348662623312217E-004
   55582.4734131276      -5.351237456628910E-004  1.348653033394914E-004
   55582.4938463991      -4.938232449319679E-004  1.348724913784243E-004
   55582.5142794707      -2.236674693545382E-004  1.348778758090571E-004
   55582.5347126426      -5.563464543389962E-005  1.348742421981889E-004
   55582.5551459149      -6.636469574550219E-006  1.349033110851344E-004
   55582.5755790873      -1.114200634796392E-004  1.349033550755807E-004
   55582.5960121601      -1.617042294326243E-004  1.348668342070242E-004
   55582.6164454330      -2.693691493649286E-004  1.348992111755349E-004
   55582.6368786064       2.077678177205833E-004  1.349321336255803E-004
   55582.6573117799       2.333949540944680E-005  1.349005572831931E-004
   55582.6777449537      -1.268369418306881E-004  1.348999854073906E-004
   55582.7186114022      -1.280643234633505E-004  1.348925598200474E-004
   55582.7390444769      -2.618714256465982E-004  1.348927973684576E-004
   55582.7594776518      -1.003110237540739E-006  1.348892605365714E-004
   55582.7799109270       2.962761875167086E-004  1.349246904420585E-004
   55582.8003440024       3.830195605325493E-005  1.349000733882833E-004
   55582.8207772782       4.112118370769302E-005  1.349024664685645E-004
   55582.8412104541      -5.425585585572268E-005  1.348948649194359E-004
   55582.8616435304       7.046029962554101E-005  1.349011907456205E-004
   55582.8820768069       7.403316641596547E-005  1.349195083674790E-004
   55582.9025099837      -7.141978668068205E-005  1.349116340775830E-004
   55582.9229430608       1.361011883145302E-004  1.349122763380997E-004
   55628.2240102681       4.636586678397059E-005  1.349791946050813E-004
   55628.2648780267       6.559423863183866E-005  1.349781828248153E-004
   55628.2853118565      -3.939521352891440E-005  1.349765903706576E-004
   55628.3057456865      -8.400838877931083E-005  1.349713555075424E-004
   55628.3261795168      -3.566700100232634E-005  1.349704317081691E-004
   55628.3466133474      -1.115961069606541E-004  1.349705812756867E-004
   55628.3670471782      -2.766024077596185E-004  1.349676867043171E-004
   55628.3874810094      -5.292102414722333E-005  1.349687952635651E-004
   55628.4079148409       2.553030292760106E-004  1.349818076375942E-004
   55628.4283486725      -4.329582489795980E-004  1.349537593290040E-004
   55628.4487825046      -2.010313297440280E-005  1.349758337349804E-004
   55628.4692163368       1.129159381507705E-004  1.349752530610886E-004
   55628.4896501694      -3.915120445029396E-004  1.349532490398264E-004
   55628.5100841022       4.764437287585466E-006  1.349694463221710E-004
   55628.5305178354      -6.495885566659698E-005  1.349628037647727E-004
   55628.5509516688      -8.418978046143000E-005  1.349700709865091E-004
   55628.5713856025      -2.627909307985066E-004  1.349508911519022E-004
   55628.5918194365       4.287266736846540E-005  1.349702557463838E-004
   55628.6122531707      -1.249925364361637E-004  1.349569002468731E-004
   55628.6326871053      -2.652234405284837E-004  1.349497034098509E-004
   55628.6531209401      -1.455371049614573E-004  1.349544455799670E-004
   55628.6735548752      -3.731545497350774E-004  1.349507415843846E-004
   55628.6939886106      -5.778308276037647E-004  1.349346234848435E-004
   55628.7144224463      -5.623256164085655E-004  1.349318872790807E-004
   55628.7348563822      -4.711045531480273E-004  1.349436063339873E-004
   55628.7552901184      -7.156329145434626E-004  1.349326175204901E-004
   55628.7757239550      -5.810723694267272E-004  1.349351073797533E-004
   55628.7961578918      -7.101721125705174E-004  1.349281744854091E-004
   55628.8165916289      -6.334996178148922E-004  1.349343419459868E-004
   55628.8370254663      -3.702975112049867E-004  1.349446621046996E-004
   55628.8574594039      -4.759571312827893E-004  1.349377116141769E-004
   55628.8778931418      -4.151442603248512E-004  1.349363479103402E-004
   55628.8983270800      -3.217184657658967E-004  1.349418995046691E-004
   55628.9187609186      -4.774377126272045E-004  1.349344387249688E-004
   55628.9391946573      -5.995072311215655E-005  1.349473895123731E-004
   55628.9596285963      -2.053648600904845E-004  1.349357672364485E-004
   55628.9800624357      -8.515493064109592E-005  1.349458586448402E-004
   55629.0004961753       8.976045787378872E-005  1.349662702119448E-004
   55629.0209301152      -3.100697413238596E-005  1.349473015314804E-004
   55629.0413639554      -1.940195599550165E-004  1.349409933014744E-004
   55629.0617977959      -4.242534932452635E-005  1.349480493690683E-004
   55629.0822316366      -1.165764336049646E-004  1.349430960448097E-004
   55629.1026654776      -3.876837640537367E-005  1.349470463868916E-004
   55629.1230993189      -2.310083256273909E-005  1.349442485945040E-004
   55629.1435331605       7.744833513378957E-005  1.349641938628773E-004
   55629.1639670024       7.739628807579280E-005  1.349442573925932E-004
   55629.1844009446       8.885672600245087E-005  1.349554309659651E-004
   55629.2048346869      -1.587185927973689E-004  1.349349490141464E-004
   55629.2252685297      -9.406359729857705E-005  1.349203705802274E-004
   55629.2457024727       6.424385171066582E-005  1.349041205093471E-004
   55629.2661362159      -2.355837782674897E-004  1.348922870792800E-004
   55629.2865701595      -1.009393379636236E-005  1.349019209870298E-004
   55629.3070040034      -1.557780315719626E-004  1.349002933405150E-004
   55629.3274377475      -2.039305682163262E-004  1.348857413008637E-004
   55674.6298632503       2.296387646660847E-005  1.321736974111080E-004
   55674.6502974686      -1.536064256402181E-004  1.321489833231231E-004
   55674.6707317871       6.894038932903079E-005  1.321649633284008E-004
   55674.6911662057       2.857659865918016E-005  1.321654593817797E-004
   55674.7116005245      -2.439540719277877E-004  1.321430661149604E-004
   55674.7320348434      -1.491233257779889E-004  1.321337916883940E-004
   55674.7524691624      -1.436172993367624E-004  1.321480886554218E-004
   55674.7729034815       1.037849882516984E-004  1.321861961846372E-004
   55674.7933378008       1.251455531734447E-004  1.321600736593801E-004
   55674.8137721202       2.066543009004995E-004  1.321791894306602E-004
   55674.8342064397       1.711059295279593E-004  1.321604368413182E-004
   55674.8546408593       1.629066394717160E-004  1.321806067260285E-004
   55674.8750750791       3.285788150058089E-004  1.321803675574351E-004
   55674.8955093990      -1.210544639418387E-004  1.321613846575958E-004
   55674.9159438190      -2.356556364180307E-004  1.321648747474402E-004
   55674.9363780392       8.494435898387387E-005  1.321880563848081E-004
   55674.9568124595       1.712471086705580E-004  1.321750349836118E-004
   55674.9772467799       2.075079928649526E-004  1.321561495228291E-004
   55674.9976810005       4.799320586119649E-004  1.321852483683597E-004
   55675.0181154212      -2.857977532655376E-005  1.321652645036665E-004
   55675.0385497420       2.523638765383751E-005  1.321663717656730E-004
   55675.0589839629      -1.774456736512997E-004  1.321763105494433E-004
   55675.0794183840      -1.873810411251453E-004  1.321479646420771E-004
   55675.0998527052      -4.815265950044445E-004  1.321255890914499E-004
   55675.1202871265      -5.594636920494001E-004  1.321239237693921E-004
   55675.1407213479      -5.170210277588572E-004  1.321397266127488E-004
   55675.1611556695      -5.273518028158231E-004  1.321288134384128E-004
   55675.1815899912      -3.470377098040434E-004  1.321636257558969E-004
   55675.2020243130      -4.886936843968570E-004  1.321229759531146E-004
   55675.2224586350      -4.055570289349664E-004  1.321465384886127E-004
   55675.2428929571      -6.887307047415137E-004  1.321253853552407E-004
   55675.2633272793      -4.406132515389904E-004  1.321607291584879E-004
   55675.2837616016      -5.861787154936016E-004  1.321403909699527E-004
   55675.3041959241      -6.105472730731920E-004  1.321110972463089E-004
   55675.3246302467      -1.267208035865552E-004  1.321579565744237E-004
   55675.3450646694      -1.765164090109517E-004  1.321433052835538E-004
   55675.3654989922       1.473437456041005E-004  1.321760270903696E-004
   55675.3859332152       7.469957498607016E-005  1.321756107598552E-004
   55675.4063676383      -3.925124948001013E-005  1.321816342651705E-004
   55675.4268019615      -2.549461880855253E-004  1.321265369077275E-004
   55675.4472361848      -8.416951891998536E-005  1.321452363484931E-004
   55675.4676706083      -1.778575911308700E-004  1.321657251246612E-004
   55675.4881049319      -4.545040768322295E-005  1.321569821838580E-004
   55675.5085393556      -2.444505929507512E-004  1.321425877777736E-004
   55675.5289735795      -1.196734968045288E-005  1.321560077932922E-004
   55675.5494079035      -5.727263936994298E-005  1.321517204748031E-004
   55675.5698423276      -6.279453711666161E-005  1.321672752914703E-004
   55675.5902765518      -8.867525484101968E-005  1.321435887426274E-004
   55675.6107108762       7.530847011816277E-005  1.321499222813046E-004
   55675.6311453006      -1.888595545304073E-004  1.321411881985974E-004
   55675.6515795253      -8.883607338061594E-005  1.321518887786281E-004
   55675.6720138500      -2.214837843447226E-004  1.321623856224496E-004
   55675.6924482748       1.753493987277643E-005  1.321791008496996E-004
   55675.7128824998      -2.626434988697302E-004  1.321449883218036E-004
   55675.7333169249      -7.893283746907009E-005  1.321615883938050E-004
   55721.0363717563      -2.157637313829897E-004  1.315102260168180E-004
   55721.0568061394       9.660346629591920E-005  1.315269058116838E-004
   55721.0772405223       6.597364815785767E-005  1.315457204076982E-004
   55721.0976749052      -1.855812654543154E-004  1.315079760604209E-004
   55721.1181092880      -2.402383315397438E-004  1.315191106871581E-004
   55721.1385437707      -2.750192182087163E-004  1.315008630092911E-004
   55721.1589780534      -2.505786314496161E-004  1.315048757268027E-004
   55721.1794125361      -5.248401453461504E-005  1.314985510462216E-004
   55721.1998469185       5.334533262990604E-005  1.315400955167052E-004
   55721.2202812010      -8.823216127884503E-005  1.314870266632580E-004
   55721.2407156833      -2.601481026877073E-004  1.315093047748286E-004
   55721.2611500657      -5.643432696489370E-006  1.315267906564352E-004
   55721.2815843480       7.730096513824947E-005  1.315189512414292E-004
   55721.3020188300      -9.593990054246326E-005  1.314941574305798E-004
   55721.3224532122      -2.969330531177317E-005  1.315115547312258E-004
   55721.3428874942      -1.004565534574731E-004  1.315067713593578E-004
   55721.3633219762      -9.985966409487013E-005  1.315106866378127E-004
   55721.3837563580      -3.041840009851970E-004  1.315032281209370E-004
   55721.4041906398       5.580657745540840E-005  1.315184906204345E-004
   55721.4450595032      -5.409925489531231E-004  1.314773624804654E-004
   55721.4654939848      -7.941289998896206E-004  1.314755288545826E-004
   55721.4859282663      -4.774544093072430E-004  1.314582467091853E-004
   55721.5063626478      -4.385640233515176E-004  1.314487774045058E-004
   55721.5267971292      -6.744109492548001E-004  1.314908799350406E-004
   55721.5472314104      -3.443540555488900E-004  1.314936436610088E-004
   55721.5676657916      -6.696206402319049E-004  1.314556247127539E-004
   55721.5881002727      -5.176533586890297E-004  1.314787532015455E-004
   55721.6085346539      -6.047862325729847E-004  1.314971780413336E-004
   55721.6289689348      -4.128030603662847E-004  1.315009958807319E-004
   55721.6494034158      -6.404977961240732E-004  1.314792226806363E-004
   55721.6698377966      -6.382623760303741E-004  1.314643853697493E-004
   55721.6902721774      -2.982461575148365E-004  1.315032104047449E-004
   55721.7107065581      -3.616117739377867E-004  1.314891703225026E-004
   55721.7311408387      -1.043344355341480E-004  1.314793024035007E-004
   55721.7515753192      -1.950950322604506E-004  1.314886742691237E-004
   55721.7720096998      -9.546989726183508E-005  1.314984624652611E-004
   55721.7924439801      -6.300027434846811E-006  1.314961859345757E-004
   55721.8128784605       1.047965606826295E-005  1.314867786365686E-004
   55721.8333128408       1.444361718532239E-004  1.315107220701969E-004
   55721.8537471209      -1.084834078162178E-004  1.315114661502653E-004
   55721.8741816010      -1.667283731869862E-004  1.314969920213165E-004
   55721.9150502611       3.647815329554938E-005  1.315068510822223E-004
   55721.9354847409      -1.688547690134046E-004  1.315187829376042E-004
   55721.9559191207      -3.309615962820978E-005  1.314841477820412E-004
   55721.9763536004       1.375226568067767E-005  1.314971248927572E-004
   55721.9967878801       3.629479022038140E-005  1.314904547464301E-004
   55722.0172222597      -2.337729562107427E-005  1.314979929861703E-004
   55722.0376567392       2.437964218637845E-005  1.315240889371393E-004
   55722.0580910186       1.819289317330774E-004  1.315064701840920E-004
   55722.0785253980      -2.089757729184516E-005  1.315016159474556E-004
   55722.0989598773      -9.226290928887604E-005  1.315053452058934E-004
   55722.1193942565       2.961313226859108E-004  1.315486967279716E-004
   55722.1398285356      -1.430825056532026E-004  1.314686549720463E-004
   55767.4424778836      -7.663534481949785E-005  1.309830335691899E-004
   55767.4629120137       1.142506079150341E-004  1.309763401703808E-004
   55767.4833459435       1.430925458276722E-004  1.309863758823566E-004
   55767.5037799731      -7.300496028261882E-006  1.309812527566627E-004
   55767.5242141024       3.774838932368851E-004  1.309988064801449E-004
   55767.5446480315       1.071320543135634E-004  1.309926394298660E-004
   55767.5650821604       7.043400592987581E-005  1.309812176667607E-004
   55767.5855161890      -1.708543098564164E-004  1.309572775811121E-004
   55767.6059501177       1.122162448909947E-004  1.309963852769059E-004
   55767.6263842458      -6.901020920790923E-005  1.309726645031450E-004
   55767.6468182738       2.735574478667235E-004  1.309939991635690E-004
   55767.6672522015       1.200024423833046E-004  1.309739716019950E-004
   55767.6876863292      -2.501639065155548E-005  1.309664097281111E-004
   55767.7081203564      -2.182333051539143E-004  1.309658570621544E-004
   55767.7285543835       1.632148038384074E-004  1.309794894890865E-004
   55767.7489884105       2.514246656781793E-005  1.309737084277299E-004
   55767.7694224370       2.043715058830387E-004  1.309791561350174E-004
   55767.7898564636      -9.844867932606860E-005  1.309727873178020E-004
   55767.8102904896      -1.479504897086148E-004  1.309504789125971E-004
   55767.8307245155      -1.287928658966209E-005  1.309403379309152E-004
   55767.8511586413       1.730771545127574E-005  1.309347147741176E-004
   55767.8715926667      -3.130887642205371E-004  1.309424696424625E-004
   55767.8920265921      -5.358473231023009E-004  1.308695440536034E-004
   55767.9124607172      -3.014562594305659E-004  1.308577889364290E-004
   55767.9328947419      -3.303524377109568E-004  1.308612716092038E-004
   55767.9533286666      -4.983997539340645E-004  1.308645174251400E-004
   55767.9737627908      -2.198977446901118E-004  1.308755005644702E-004
   55767.9941968150      -4.375313598253827E-004  1.308639910766099E-004
   55768.0146307390      -6.074115813113901E-004  1.308685176739695E-004
   55768.0350648625      -3.260407857579306E-004  1.308637366748202E-004
   55768.0554988861      -1.745177442106227E-004  1.308682281822779E-004
   55768.0759328094      -2.822989449995372E-004  1.308669474008545E-004
   55768.0963669324      -2.593462237917565E-004  1.308752461626806E-004
   55768.1168009550      -3.471854479802916E-004  1.308631050565840E-004
   55768.1372349776      -2.827673644296702E-004  1.308507797285019E-004
   55768.1576689999      -9.805771767446014E-005  1.308703511213497E-004
   55768.1781029221       1.276663491758256E-004  1.308813956680084E-004
   55768.1985370440       9.216588507099388E-005  1.308776235035420E-004
   55768.2189710656      -1.934226861982635E-004  1.308760444579514E-004
   55768.2394050870       8.062226265104222E-005  1.308781673970232E-004
   55768.2598391082      -1.506952704639630E-004  1.308628243373679E-004
   55768.2802731292      -9.050944454414012E-005  1.308762462248880E-004
   55768.3211411702       1.105294505745480E-004  1.308839045960024E-004
   55768.3415751904      -3.419783742730775E-005  1.308980721439402E-004
   55768.3620092104      -4.796794871864130E-006  1.309008179287728E-004
   55768.3824432305      -8.212346792337843E-004  1.308531219794612E-004
   55768.4028772500      -1.546140239239158E-005  1.308787551528819E-004
   55768.4233113694       1.866464068791540E-004  1.308987476245540E-004
   55768.4437453885      -6.662997402218096E-005  1.308726758273581E-004
   55768.4641793073      -9.625730046702863E-006  1.308864047515208E-004
   55768.4846134259       7.618695219568927E-005  1.308899663765752E-004
   55768.5050474443       1.038208176196154E-004  1.308951158196956E-004
   55768.5254813625      -2.908532168699463E-005  1.308867995129185E-004
   55768.5459154807      -7.484985162764524E-005  1.308811061763168E-004
   55813.8475160868      -2.304329494385859E-004  1.312456288509062E-004
   55813.8679494229       3.932127475967384E-004  1.313390732599675E-004
   55813.8883829587       2.685939983404495E-005  1.312562347737897E-004
   55813.9088163944       1.729266342707092E-004  1.313120014005643E-004
   55813.9292497298      -2.966167383022800E-005  1.312485062228713E-004
   55813.9496832647      -1.458867900028249E-005  1.313050711449167E-004
   55813.9701166994       1.462702857226716E-004  1.312819732169164E-004
   55813.9905501338       1.551623336426555E-004  1.313026411692023E-004
   55814.0109835680      -7.767114949563947E-005  1.312535591687612E-004
   55814.0314170020       6.726792006728211E-005  1.312896666779329E-004
   55814.0518504358       2.677116831490967E-004  1.313140629323076E-004
   55814.0722838691       2.157149309029993E-004  1.313118961308583E-004
   55814.0927173022      -2.506363101216769E-004  1.312930967158547E-004
   55814.1131507350       2.322376391803438E-004  1.313223002868052E-004
   55814.1335841676      -4.550874123676607E-005  1.313060887520751E-004
   55814.1540175999      -5.227929668649711E-005  1.313152735339270E-004
   55814.1744510318       1.378999773482548E-005  1.313046939284701E-004
   55814.1948845635      -8.590882287395907E-005  1.312995971202026E-004
   55814.2153178952       4.286129807880013E-004  1.313203791146700E-004
   55814.2357514261      -9.327496411914993E-005  1.312741569412430E-004
   55814.2561848571       1.604650900961513E-004  1.313156156604717E-004
   55814.2766181878       3.027732753246859E-005  1.313174403353764E-004
   55814.2970517181      -2.704727515464578E-004  1.312433918696529E-004
   55814.3174851481      -5.414025087076002E-004  1.312295839932106E-004
   55814.3379184782      -3.207504238375014E-004  1.312415145598951E-004
   55814.3583520075      -4.957784128019060E-004  1.312278294981100E-004
   55814.3787854368      -5.737823497052874E-004  1.312253381150670E-004
   55814.3992187659      -1.070638560805026E-004  1.312404004555062E-004
   55814.4196522946      -3.299797663651738E-004  1.312237415245254E-004
   55814.4400857230      -2.927147250559869E-004  1.312410583911690E-004
   55814.4605191511      -2.524432926689357E-004  1.312524275194213E-004
   55814.4809525791      -3.698812691931286E-004  1.312521380277297E-004
   55814.5013859066      -2.819671229059573E-004  1.312610420903655E-004
   55814.5218193340      -2.506502349247652E-004  1.312395056630049E-004
   55814.5422528610      -1.154562915546276E-004  1.312580506762189E-004
   55814.5626862878       9.930651841805194E-005  1.312748148769057E-004
   55814.5831197143      -6.866758702794851E-005  1.312615508939447E-004
   55814.6035531407       8.642364975774974E-005  1.312628141304172E-004
   55814.6239865665       4.410191038384248E-005  1.312680074359152E-004
   55814.6444200923       4.997482891999638E-005  1.312782712322540E-004
   55814.6648534177       2.096708982211037E-004  1.312595069071525E-004
   55814.6852868429       1.108042773829698E-004  1.312617087985038E-004
   55814.7057203678       4.007974161313044E-005  1.312586208871266E-004
   55814.7261536925      -8.035668614958524E-005  1.312502607179720E-004
   55814.7465871167      -1.282957711455923E-004  1.312584892999941E-004
   55814.7670206406       2.480208766320047E-005  1.312564716306283E-004
   55814.7874539644      -1.598926186474614E-005  1.312482518210817E-004
   55814.8078873879       1.301578256420743E-004  1.312667529719182E-004
   55814.8283209112      -1.237527113545633E-004  1.312524275194213E-004
   55814.8487542342       4.470449855475955E-005  1.312631474844863E-004
   55814.8691877568       2.807821960826296E-005  1.312718673251366E-004
   55814.8896211794      -1.523023240982413E-004  1.312619193379159E-004
   55814.9100545015      -1.086313048684895E-004  1.312622702369360E-004
   55814.9304880234      -5.604198146591521E-005  1.312668494691487E-004
   55814.9509214448      -2.034039853504588E-005  1.312502344005455E-004
   55814.9713547662       9.634555296500480E-005  1.312593139126914E-004
   55953.0571819059       7.477293355617753E-005  1.359705863303597E-004
   55953.0776149569      -8.519158831710172E-006  1.359626446344228E-004
   55953.0980481082      -1.441626895766213E-004  1.359635883785588E-004
   55953.1184813599      -4.389529443860063E-005  1.359773973139826E-004
   55953.1389144117      -7.705309669736593E-005  1.359760262140115E-004
   55953.1593476638      -4.706259641185095E-005  1.360042495056256E-004
   55953.1797808163       6.215149137811515E-005  1.359868525618357E-004
   55953.2002139689      -7.230502342447931E-005  1.359899508916407E-004
   55953.2206471219      -1.391197286176871E-004  1.359793738347203E-004
   55953.2410802751      -1.674806003830742E-004  1.359656361252690E-004
   55953.2615134285       1.127758625316666E-004  1.359822673898542E-004
   55953.2819465823       1.705680373997875E-004  1.359988452349601E-004
   55953.3023797363      -8.618634146539961E-005  1.359806024827464E-004
   55953.3228129906       1.932760798430966E-004  1.359827570684154E-004
   55953.3432461452       1.332601254815380E-004  1.359897550202162E-004
   55953.3636791999       8.187006723003876E-005  1.360029941478598E-004
   55953.3841124549      -5.461845265075649E-005  1.359954352915253E-004
   55953.4045456104       1.741178926084608E-004  1.359983644596455E-004
   55953.4249786660      -1.981587601769252E-004  1.359768364094490E-004
   55953.4454119218       2.394278376640635E-004  1.360110159730158E-004
   55953.4658450780      -1.122713576942047E-004  1.359836295865788E-004
   55953.4862781343      -3.692160386475907E-004  1.359553884884715E-004
   55953.5067113910      -6.047016429877594E-004  1.359339049545078E-004
   55953.5271444479      -2.547749711393488E-004  1.359874401761091E-004
   55953.5475777052      -3.594108408888630E-004  1.359579170104963E-004
   55953.5680108626      -3.456984194918356E-004  1.359687878745533E-004
   55953.5884439203      -3.359637170043950E-004  1.359571602345382E-004
   55953.6088771783      -3.958890855898511E-004  1.359635705720657E-004
   55953.6293103366      -2.966852202705983E-004  1.359721533017553E-004
   55953.6497433952      -3.004378846139799E-004  1.359693932953198E-004
   55953.6701766540      -4.673788806525137E-004  1.359644163804894E-004
   55953.6906098130      -3.841534406535674E-004  1.359647725103521E-004
   55953.7110430724      -6.163790352389231E-004  1.359485775048486E-004
   55953.7314761320      -4.140496479061451E-004  1.359582197208795E-004
   55953.7519092919      -4.627839897645147E-004  1.359665353531721E-004
   55953.7723425520      -3.217464495134381E-004  1.359610687597806E-004
   55999.4616279682       2.322875639630961E-004  1.358331914293534E-004
   55999.4820616842       2.262183676160490E-005  1.358148952576603E-004
   55999.5024956007       9.165683061462815E-005  1.357935274659020E-004
   55999.5229294173       1.453274547371652E-004  1.357905626847955E-004
   55999.5433632342      -1.333723591478986E-004  1.358118592505813E-004
   55999.5637970514       1.074684255504277E-004  1.358096690519261E-004
   55999.5842308689      -1.833378661417751E-004  1.358137289323602E-004
   55999.6046647866       1.082910171927853E-004  1.357904202328504E-004
   55999.6250985047      -5.222462508158721E-005  1.357771009759877E-004
   55999.6455323230       6.612579337628155E-005  1.357993323826630E-004
   55999.6659662416      -9.376275942207801E-005  1.357693373449822E-004
   55999.6863999606      -4.569358901717058E-004  1.357611819711278E-004
   55999.7068337797       1.503786206669133E-004  1.357887464224960E-004
   55999.7272676993      -2.408192763129202E-004  1.357738334844980E-004
   55999.7477015190      -5.446571215650398E-005  1.357823984076945E-004
   55999.7681352391       2.776179897112652E-004  1.357995727703203E-004
   55999.7885691594       3.742022727892813E-004  1.357909455243978E-004
   55999.8090028800      -3.120013368179686E-004  1.357906161042749E-004
   55999.8294368009      -2.385941162563743E-004  1.357989762528004E-004
   55999.8498706221      -3.784693047018672E-004  1.357489311038530E-004
   55999.8703043435       2.141775688779823E-005  1.358009082573052E-004
   55999.8907382653      -4.037832995862356E-005  1.357965901827207E-004
   55999.9111720873      -6.115025405565300E-004  1.357517445297678E-004
   55999.9316058097      -3.017871425272656E-004  1.357922899146293E-004
   55999.9520397322      -3.054355103443429E-004  1.357736910325530E-004
   55999.9724735552      -2.718198013305084E-004  1.357956642450778E-004
   55999.9929074783      -4.772391606431281E-004  1.357598286776497E-004
   56000.0133412017      -3.805157060606801E-004  1.357521273693701E-004
   56000.0337750255      -6.082018565443104E-004  1.357525369187122E-004
   56000.0542089495      -5.515698613960396E-004  1.357683846975996E-004
   56000.0746426738      -2.805163119445897E-005  1.357969908288161E-004
   56000.0950764984      -2.755575654935782E-004  1.357988070911156E-004
   56000.1155104233      -5.845099924349784E-004  1.357841612505146E-004
   56000.1359441484      -4.655341659264289E-004  1.357462245168969E-004
   56000.1563779738      -4.300530864165264E-004  1.357761216188655E-004
   56000.1768118995       1.055109084242556E-004  1.357840900245420E-004
   56000.1972456255       4.924138100939057E-004  1.358105771830758E-004
   56000.2176795518      -1.232249227660631E-004  1.357954060509274E-004
   56000.2381133784       1.942858132286673E-005  1.357836270557206E-004
   56000.2585472053      -1.309882009740138E-004  1.357675299859293E-004
   56000.2789810324      -1.867655612139973E-004  1.357876780329081E-004
   56000.2994148597       2.463250805935235E-004  1.357945691457502E-004
   56000.3198486875      -1.656960810746400E-004  1.357760325863998E-004
   56000.3402825155      -2.508967575254317E-004  1.357809026622714E-004
   56000.3607163438      -1.167419145716719E-004  1.357763798130159E-004
   56000.3811501723      -2.152774107613276E-004  1.357786501408902E-004
   56000.4015841011      -1.444973939167538E-004  1.357922275919033E-004
   56000.4220178302       6.702540097136556E-005  1.357919872042460E-004
   56000.4424517596      -2.071005018566829E-005  1.357919693977529E-004
   56000.4628854893      -1.799885650967115E-004  1.357900730062344E-004
   56000.4833193192       1.975189518454989E-004  1.357951211470373E-004
   56000.5037532495      -1.285654984445328E-004  1.357996528995394E-004
   56000.5241869800       1.842895389700949E-004  1.358091615668718E-004
   56000.5446209109       1.230523496491553E-004  1.357905092653161E-004
   56000.5650547420      -1.499760995847810E-004  1.358026800033718E-004
   56000.5854884733       2.465415098584778E-005  1.357914352029590E-004
   56045.8674403194      -2.078048584237546E-004  1.331835994130034E-004
   56045.8878746314      -1.550651735202635E-004  1.331813219939636E-004
   56045.9083089435      -7.789536191227242E-005  1.331797054729981E-004
   56045.9287432557      -2.122882871103959E-004  1.331925304680614E-004
   56045.9491775681      -4.346977793856510E-005  1.331915927072803E-004
   56045.9696119806       1.342448633077087E-004  1.332135273785028E-004
   56045.9900461933      -2.621933975283097E-004  1.331648709905467E-004
   56046.0104806060       1.160523218861620E-004  1.331969870645354E-004
   56046.0309149189      -4.251322883784825E-004  1.331795447140071E-004
   56046.0513491320       3.961665079010857E-005  1.331787498501069E-004
   56046.0717835452       1.127348540403972E-004  1.332001575890810E-004
   56046.0922178585      -9.501381717547108E-005  1.331854749345656E-004
   56046.1126520719       8.631266446879060E-005  1.332082491249635E-004
   56046.1330864855      -1.129385958920093E-005  1.331689614137633E-004
   56046.1535207992      -7.476071965939468E-005  1.331645941278399E-004
   56046.1739552130      -1.017299372320091E-004  1.331755793255613E-004
   56046.1943894270      -1.604183401693327E-005  1.331747487374409E-004
   56046.2148237411       2.413657046118622E-005  1.331653979227951E-004
   56046.2352581553      -1.222542242999003E-004  1.331707386937199E-004
   56046.2556923697      -2.162848727849109E-005  1.331780710899225E-004
   56046.2761266842      -1.318646398488221E-004  1.331654157849053E-004
   56046.2965610988      -2.666948281456749E-004  1.331691311038094E-004
   56046.3169953136      -3.842834924059346E-004  1.331490808852042E-004
   56046.3374296285      -5.177040689222645E-004  1.331369435813803E-004
   56046.3578639435      -6.625868609292374E-004  1.331502597844718E-004
   56046.3782982587      -3.992989530611224E-004  1.331504741297932E-004
   56046.3987326740      -4.512326559710234E-004  1.331454280836854E-004
   56046.4191668894      -6.059516305745305E-004  1.331557881075527E-004
   56046.4396012049      -6.120335662820331E-004  1.331264495916871E-004
   56046.4600356206      -4.165987746020949E-004  1.331389619998234E-004
   56046.4804699364      -3.110700536562705E-004  1.331393013799156E-004
   56046.5009041524      -4.699736219764272E-004  1.331472232257521E-004
   56046.5213385685      -5.891533479518429E-004  1.331333532972470E-004
   56046.5417728847      -4.359688143780183E-004  1.331383100328042E-004
   56046.5622072010      -3.458050937514834E-004  1.331526890314476E-004
   56046.5826415175      -2.923865420911831E-005  1.331641654371971E-004
   56046.6030758340      -1.404355094563048E-004  1.331587978731073E-004
   56046.6235102508       4.331219651185769E-004  1.331576904222801E-004
   56046.6439444676      -1.158957484838075E-004  1.331443474260234E-004
   56046.6643787846      -1.122505829728171E-004  1.331407928661103E-004
   56046.6848132018      -1.777135954559306E-004  1.331388816203279E-004
   56046.7052474190       3.259281632672639E-005  1.331389709308785E-004
   56046.7256818364       2.339005475684441E-004  1.331866895580535E-004
   56046.7461161539       2.517021656101015E-005  1.331535999990635E-004
   56046.7665503715       4.709872607500110E-005  1.331580655265925E-004
   56046.7869847893       1.887268947589060E-004  1.331598517376041E-004
   56046.8074191072      -1.458540665308927E-004  1.331468034661644E-004
   56046.8278533253       1.601204753260976E-004  1.331642100924724E-004
   56046.8482877434       1.330207872207723E-005  1.331427398361130E-004
   56046.8687220617       2.001704657446091E-004  1.331558059696628E-004
   56046.8891562801       1.589908637154025E-004  1.331227342727830E-004
   56046.9095906987       1.572129893463448E-004  1.331475000884589E-004
   56046.9300250174       1.158184914926697E-004  1.331408375213856E-004
   56046.9504593361       6.957405051943866E-005  1.331249313123273E-004
   56046.9708936551       2.409311937832115E-004  1.331512064763080E-004
   56046.9913279742       2.272715186217855E-004  1.331588335973275E-004
   56092.2739461411       1.280331223634246E-004  1.327505950706255E-004
   56092.2943805275       1.246873085904987E-004  1.327403600815291E-004
   56092.3148149138       1.781349504426100E-004  1.327422177409811E-004
   56092.3352492999       1.748875712657139E-004  1.327330276853264E-004
   56092.3556836860      -1.394053335701528E-004  1.327020905106054E-004
   56092.3761180721      -1.979844427235644E-005  1.327161033359915E-004
   56092.3965524580       5.809263595879521E-005  1.327207564156767E-004
   56092.4169869440      -1.811773622039103E-004  1.327257756686193E-004
   56092.4374212298       1.331089498077809E-004  1.327071097635481E-004
   56092.4578557156       4.850548617429951E-005  1.327309914047732E-004
   56092.4782901013       8.247260670501966E-005  1.327422177409811E-004
   56092.4987243868       1.886262625796498E-004  1.327443254699748E-004
   56092.5191588725       5.880945252045855E-005  1.327137276753460E-004
   56092.5395932580       5.625524599928156E-006  1.327230784899918E-004
   56092.5600275434       1.717136856864698E-004  1.327412889112551E-004
   56092.5804620288      -9.952316066097477E-005  1.327110840830489E-004
   56092.6008964140      -2.223637566455272E-004  1.327133436399785E-004
   56092.6213306992      -6.815167119700316E-005  1.326989378481700E-004
   56092.6417651844      -1.040001091312526E-004  1.327331616511523E-004
   56092.6621995695       1.199034085963557E-004  1.327261418418767E-004
   56092.6826340545       2.614083261542888E-005  1.326977589489023E-004
   56092.7030683395      -3.597322475729081E-004  1.327055646910230E-004
   56092.7235027244      -3.432178268277797E-004  1.326857913351246E-004
   56092.7439372091      -5.636470743789479E-004  1.327069668666671E-004
   56092.7643714939      -4.389054277561533E-004  1.326956780130738E-004
   56092.7848058785      -5.361086554237504E-004  1.327125219829132E-004
   56092.8052402632      -5.145756639417520E-004  1.326931237313272E-004
   56092.8256746477      -3.863320882402377E-004  1.326916590382977E-004
   56092.8461090322      -5.691372808560580E-004  1.326968479812864E-004
   56092.8665434166      -7.019826810275021E-004  1.326925610748585E-004
   56092.8869778009      -4.476296600560703E-004  1.326541039517787E-004
   56092.9074121852      -4.626149465513096E-004  1.326805398747504E-004
   56092.9278465694      -4.264456536090533E-004  1.326689116410649E-004
   56092.9482809534      -4.380336924758588E-004  1.326942043889892E-004
   56092.9687154375      -3.768977403310059E-004  1.326897120682950E-004
   56092.9891498215      -2.695259493310509E-004  1.326961067037166E-004
   56093.0095841054      -5.105506587499420E-005  1.326993218835375E-004
   56093.0300185892       1.305304761083370E-004  1.327119325332794E-004
   56093.0504529730       6.554188023999430E-005  1.327066096244648E-004
   56093.0708872567      -1.974487161171545E-005  1.327057879673995E-004
   56093.0913217403       9.039265005172936E-006  1.326906766222413E-004
   56093.1117561239      -1.148779196874505E-004  1.326858270593448E-004
   56093.1321904074       1.852258269519069E-005  1.326928290065103E-004
   56093.1526248907       8.112166097884455E-005  1.327019565447796E-004
   56093.1730592741       1.924282482332895E-004  1.326966872222953E-004
   56093.1934937575       1.187174212005093E-004  1.327056361394635E-004
   56093.2139280406       2.102739405289711E-004  1.327154603000273E-004
   56093.2343624237       1.153522200163515E-004  1.327014028193660E-004
   56093.2547969068      -1.012893335805565E-005  1.326728948916208E-004
   56093.2752311898       1.996288939269952E-004  1.327305269899102E-004
   56093.2956655727      -1.241590280431915E-005  1.326937131809610E-004
   56093.3161000555       2.373641647148705E-004  1.327016439578526E-004
   56093.3365343383      -1.566888943216327E-005  1.326759493124506E-004
   56093.3569687211      -2.220591961068497E-004  1.326850054022795E-004
   56093.3774032037      -6.858494684158778E-005  1.326923556605922E-004
   56093.3978375863      -2.619354600341683E-005  1.326931683866025E-004
   56138.6800723636      -2.098951736081434E-004  1.301247515419300E-004
   56138.7005063050      -3.708826910854279E-004  1.302151939565337E-004
   56138.7209403460      -2.210805184210685E-005  1.302208295731140E-004
   56138.7413744868      -3.507554138648672E-004  1.302473547762693E-004
   56138.7618084275      -2.769688193580144E-004  1.302485680603381E-004
   56138.7822424678      -6.086984290520903E-005  1.302947431902592E-004
   56138.8026766078      -2.130867393274061E-004  1.303179714258365E-004
   56138.8231105479      -1.445656247412996E-004  1.303460703815158E-004
   56138.8435445875      -2.998441686556941E-004  1.303541589419742E-004
   56138.8639787271       1.477001521223986E-004  1.303812292437692E-004
   56138.8844127664      -1.748175039464339E-004  1.303549677980200E-004
   56138.9048468053      -1.740492973421048E-004  1.304163529383683E-004
   56138.9252808442       1.095617710749064E-004  1.304398361394383E-004
   56138.9457148828      -2.259629220440207E-004  1.304550813175196E-004
   56138.9661489210       7.165829351385433E-005  1.304717771613354E-004
   56138.9865829592       3.297285796621807E-007  1.304748894987291E-004
   56139.0070169972      -1.886048100787630E-004  1.304925348692074E-004
   56139.0274511349      -2.972072274799453E-004  1.304922886956282E-004
   56139.0478850724      -7.839444971335929E-005  1.305166862557065E-004
   56139.0683191096      -8.228342511995557E-005  1.305490756651942E-004
   56139.0887531464      -6.944631882477292E-005  1.305617711883485E-004
   56139.1091871832      -1.239685571864380E-004  1.305643208432756E-004
   56139.1296213198      -4.068635777592089E-004  1.305619030670516E-004
   56139.1500552563      -4.088994766889842E-004  1.305795748132704E-004
   56139.1704892924      -3.317698017611947E-004  1.305719610161433E-004
   56139.1909234283      -2.643849334723614E-004  1.305416992497327E-004
   56139.2113573639      -5.447048961269019E-004  1.305783263615475E-004
   56139.2317913993      -4.412812564946744E-004  1.305653319133329E-004
   56139.2522255345      -3.389252147113497E-004  1.306170371568717E-004
   56139.2726594696      -7.660366764666859E-004  1.306286424827468E-004
   56139.2930935043      -2.198514277629293E-004  1.306498309943824E-004
   56139.3135276388      -2.665661322023283E-004  1.306340143419208E-004
   56139.3339615732      -3.595082157219487E-004  1.306384806340000E-004
   56139.3543957072      -9.976339676834867E-004  1.305783966968558E-004
   56139.3748297410      -2.575594507413514E-004  1.306727075534179E-004
   56139.3952637748       3.834381055711766E-004  1.307759773698790E-004
   56139.4156978081       2.151054545820319E-004  1.306516860881397E-004
   56139.4361318414       1.488024098192930E-004  1.306508332725261E-004
   56139.4565658742       4.120123602624481E-005  1.306390521083802E-004
   56139.4769999070      -1.514134692789382E-004  1.306192439271707E-004
   56139.4974339396       3.103642528334838E-005  1.306437030306438E-004
   56139.5178679718       1.868933013415841E-005  1.306423754516990E-004
   56139.5383020039       1.448047096310745E-004  1.306486616698813E-004
   56139.5587360358       5.490539330805788E-004  1.306889198419889E-004
   56139.5791700672      -9.311950803869706E-005  1.306680566311543E-004
   56139.5996041987      -1.970460662341633E-004  1.306477648947001E-004
   56139.6200381299       1.875032694287349E-005  1.306690852850387E-004
   56139.6404722608       2.739412235335248E-004  1.306820621494263E-004
   56139.6609062916       8.911122645249847E-005  1.306397642533771E-004
   56139.6813402218       2.536023529853271E-004  1.306772178050648E-004
   56139.7017743521       1.978755725957626E-004  1.306738680860054E-004
   56139.7222083821       2.581283431482007E-004  1.306386916399250E-004
   56139.7426423120       4.788127575827694E-005  1.306398082129448E-004
   56139.7630764415      -3.946674219534874E-005  1.306473604666771E-004
   56139.7835103709       5.832574894126807E-005  1.306536203091188E-004
   56139.8039444000       7.951885009682691E-005  1.306572249936709E-004
   56185.0851408977      -3.472022428308019E-005  1.307157175944640E-004
   56185.1055743480       8.627322300758244E-005  1.307259074222589E-004
   56185.1260077981      -2.252133588890315E-004  1.307102841918953E-004
   56185.1464412476      -1.196598031618645E-004  1.307182584574776E-004
   56185.1668747970       8.450182101293890E-005  1.307280878168172E-004
   56185.1873081464       2.353559819510131E-004  1.307493994152424E-004
   56185.2077415950       1.922902062836407E-004  1.307321848485277E-004
   56185.2281751437       6.938960245661541E-005  1.307207553609234E-004
   56185.2486084921      -8.846129328832220E-006  1.307319298830350E-004
   56185.2690419401       1.531285895528534E-005  1.307217488471536E-004
   56185.2894754878      -4.842635812529750E-005  1.307322551838360E-004
   56185.3099088353      -3.007021817031941E-004  1.307134756565109E-004
   56185.3303422826       2.350649401878790E-004  1.307323167272308E-004
   56185.3507758294       1.889418101530538E-006  1.307290637192204E-004
   56185.3712091762       2.232121595979741E-005  1.307184958391432E-004
   56185.3916427225       5.630412961799003E-005  1.307261623877516E-004
   56185.4120761686       3.585005082396009E-005  1.307249315198557E-004
   56185.4325095145       1.070529063926795E-004  1.307308045181016E-004
   56185.4529430601       3.050783753133501E-004  1.307363170478923E-004
   56185.4733765053       9.027310146025869E-005  1.307336530980892E-004
   56185.4938098504       1.883345197200015E-004  1.307309100210641E-004
   56185.5142433951      -1.185545531536825E-004  1.307119546554682E-004
   56185.5346768396      -4.663676846687892E-004  1.307184255038349E-004
   56185.5551101838      -4.279429520429590E-004  1.307040595171077E-004
   56185.5755437276      -4.194985900103365E-004  1.307096423822067E-004
   56185.5959771714      -6.648723708371218E-004  1.306986349064525E-004
   56185.6164105147      -6.948355832642195E-004  1.306861767649638E-004
   56185.6368440577      -6.097702431228091E-004  1.306965424310295E-004
   56185.6572775006      -8.254222417245494E-004  1.306967006854733E-004
   56185.6777110432      -3.739673320065640E-004  1.307042793149462E-004
   56185.6981443853      -3.395230766193302E-004  1.307090445320859E-004
   56185.7185778275      -2.691314067839734E-004  1.307158143055130E-004
   56185.7390113692      -4.306033148946398E-004  1.307133525697213E-004
   56185.7594447106      -2.858853226808122E-004  1.307126580085515E-004
   56185.7798781518      -2.846773524299850E-004  1.307121129099119E-004
   56185.8003116925      -3.430540345783495E-005  1.307232434724558E-004
   56185.8207450333       7.585574295276842E-005  1.307441066832903E-004
   56185.8411784736       1.679577314241953E-004  1.307186804693276E-004
   56185.8616120136      -2.142983921467057E-004  1.307276745968808E-004
   56185.8820453534       1.280890914503452E-004  1.307292659332318E-004
   56185.9024787930       1.043825318820524E-004  1.307454958056299E-004
   56185.9229123324       1.664752140968506E-004  1.307467002977851E-004
   56185.9433456712       9.431267355930473E-005  1.307313496167412E-004
   56185.9637791099       3.321218400298420E-005  1.307279295623735E-004
   56185.9842126483       5.498016729776900E-005  1.307356752382037E-004
   56186.0046460886       8.071754711735935E-006  1.307201135512349E-004
   56186.0250795263      -1.972686877437235E-004  1.307190673135234E-004
   56186.0455129640       1.341605492344300E-005  1.307380402629465E-004
   56186.0659464013      -5.060564969994186E-005  1.307375479157881E-004
   56186.0863798383      -1.123993168702375E-004  1.307349982608610E-004
   56186.1068132751      -2.627645616437579E-005  1.307367390597423E-004
   56186.1272467116      -1.721149678014511E-004  1.307317892124183E-004
   56186.1476801479      -7.628238705037482E-006  1.307313584086548E-004
   56186.1681135838      -1.824987674212686E-004  1.307286768750245E-004
   56186.1885469194       7.453673000679117E-005  1.307244567565245E-004
   56186.2089804550      -1.254192067384752E-004  1.307304000900787E-004
   56324.3152474554      -3.945260254734073E-005  1.402073031871654E-004
   56324.3356804924      -3.039459250242516E-005  1.402197771385397E-004
   56324.3561136298      -1.661330238549308E-004  1.401918408719008E-004
   56324.3765468673       3.465530211821388E-005  1.402118261162968E-004
   56324.3969799051       2.573883784069420E-004  1.402160708493903E-004
   56324.4174130432      -3.063961932781023E-005  1.402210694040058E-004
   56324.4378462816       7.597309785123407E-005  1.402445276118419E-004
   56324.4582793202      -1.677564802270437E-004  1.401937792701000E-004
   56324.4787125590      -1.913405857228989E-004  1.402043417454723E-004
   56324.4991456982       1.077167681877711E-004  1.402054993999523E-004
   56324.5195788376      -1.313174570629627E-004  1.401947305210681E-004
   56324.5400119773       2.228490754059287E-004  1.402318293088243E-004
   56324.5604451172       2.091539111490626E-004  1.402289037633941E-004
   56324.5808782574       1.786788182374099E-004  1.402247667190894E-004
   56324.6013113977       3.061677266891216E-005  1.402145901285438E-004
   56324.6217445385      -1.279515183306712E-004  1.401997559978807E-004
   56324.6421777795       1.024289167417258E-005  1.402064955212491E-004
   56324.6626109207       4.023156392360949E-004  1.402302588473203E-004
   56324.6830439622       5.695074174272285E-005  1.402292088816291E-004
   56324.7034772040       1.667777108638191E-004  1.402138004107589E-004
   56324.7239103460      -1.025914242532844E-004  1.401887627673531E-004
   56324.7443433883      -2.102332822303543E-004  1.401957176682991E-004
   56324.7647766309      -6.036293017830374E-005  1.402173451667250E-004
   56324.7852097736      -4.099746538558380E-004  1.401925587971598E-004
   56324.8056428168      -2.952707577272840E-004  1.402000611161158E-004
   56324.8260760601      -1.282915229535719E-004  1.402150298577649E-004
   56324.8465091038      -1.701934765589996E-004  1.401898127330443E-004
   56324.8669423475      -6.037448566591497E-004  1.401947215470024E-004
   56324.8873754918      -1.874852286819495E-004  1.402117274015737E-004
   56324.9078085361      -8.665503349469805E-005  1.402159452124700E-004
   56324.9282417808      -2.557488357666227E-004  1.402124184046354E-004
   56324.9486749257      -3.430905890684510E-004  1.402081557234104E-004
   56324.9691079709      -3.114902633918337E-004  1.402032917797811E-004
   56324.9895412163      -1.851916981160384E-004  1.402236539349380E-004
   56325.0099743621      -4.792143454646070E-005  1.402293345185494E-004
   56325.0304076080       3.939863599078386E-005  1.402171477372788E-004
   56325.0508406543       2.154467259363191E-004  1.402317664903641E-004
   56325.0712738008       1.988722763781592E-004  1.402397444348042E-004
   56325.0917070476       1.349240010235508E-004  1.402375547627644E-004
   56325.1121400946      -2.244423980457544E-005  1.402175515702369E-004
   56325.1325732419       1.928375778348368E-005  1.402367022265194E-004
   56325.1530064895       1.237068375818939E-004  1.402151913909481E-004
   56325.1734395373       2.417084252526180E-005  1.402258974513722E-004
   56325.1938726854       1.025536341168198E-004  1.402351766353441E-004
   56325.2143059338      -1.619530863350427E-005  1.402180182216553E-004
   56325.2347390825       6.095475194500821E-005  1.402362804454298E-004
   56325.2551722314       2.348204255362418E-004  1.402411354149934E-004
   56325.2960385299       2.777046676387673E-004  1.402585002321942E-004
   56325.3164717796      -3.717705105044100E-005  1.402260410364240E-004
   56325.3369048296       1.318942967978298E-004  1.402615603886105E-004
   56325.3573379798       8.012209240004786E-005  1.402582579324194E-004
   56325.3777711303      -1.077934409231540E-004  1.402288678671311E-004
   56325.3982042811       2.639993735376045E-005  1.402425443433141E-004
   56325.4186375321      -6.746059389994841E-007  1.402250808113902E-004
   56325.4390705833       1.171745726891160E-006  1.402559067271963E-004
   56370.7196568611       1.962982260310664E-004  1.401617687776166E-004
   56370.7400907617       1.787628761993343E-004  1.401554689834693E-004
   56370.7605244625      -8.712402931987384E-006  1.401320466718961E-004
   56370.7809582636      -2.370022706206232E-004  1.401397015499696E-004
   56370.8013921651       1.942025323697916E-004  1.401573266150768E-004
   56370.8218258667       3.660408139789517E-004  1.401608982932401E-004
   56370.8422597687      -1.903144140014135E-004  1.401359414164259E-004
   56370.8626935710      -5.697918027158799E-005  1.401379695552824E-004
   56370.8831272735       1.174499186473721E-004  1.401370721487087E-004
   56370.9035611764       9.088646894550578E-005  1.401402310198481E-004
   56370.9239949794      -9.574125366185182E-005  1.401450590672145E-004
   56370.9444287829      -2.446878702122568E-005  1.401239251424042E-004
   56370.9648625865      -5.542435347094532E-005  1.401372426559577E-004
   56370.9852963906       7.856770491088128E-005  1.401404643455573E-004
   56371.0057301948      -1.640959163244915E-004  1.401247238342548E-004
   56371.0261639993      -3.108985010558118E-005  1.401499319849097E-004
   56371.0465978042      -1.466915754786413E-004  1.401281788495635E-004
   56371.0670316093       6.057844734774775E-005  1.401255404742368E-004
   56371.0874654147       1.151995950505746E-004  1.401388400396589E-004
   56371.1078992204       1.622693664460328E-005  1.401463423586149E-004
   56371.1283331264      -2.827792516956196E-004  1.401225521103465E-004
   56371.1487668326      -1.833675986304684E-004  1.401267968434400E-004
   56371.1692006393      -7.639161995431909E-005  1.401178496999004E-004
   56371.1896345460      -6.793504452747845E-004  1.400947684028251E-004
   56371.2100682531      -3.384657219559495E-004  1.401134165114263E-004
   56371.2305021606      -5.850075928541809E-004  1.400980080405561E-004
   56371.2509359683      -6.510326785762466E-004  1.400940145813032E-004
   56371.2713696763      -4.806468131559605E-004  1.401201560347947E-004
   56371.2918035846      -4.580450597965191E-004  1.400916274798172E-004
   56371.3122373931      -3.252532675763753E-004  1.401071436394763E-004
   56371.3326711019      -3.308279581097917E-004  1.401082653976934E-004
   56371.3531050110      -3.608094991286448E-004  1.401193214466812E-004
   56371.3735388204      -3.497021690836988E-004  1.400907390473093E-004
   56371.3939725301      -4.577247914556715E-004  1.401024053327672E-004
   56371.4144064401      -3.131244719711823E-004  1.401070628728846E-004
   56371.4348402503       4.000307459062213E-005  1.401075923427631E-004
   56371.4552741608       1.171496546761297E-004  1.401245353788743E-004
   56371.4757078716       8.015085897206120E-007  1.401441167903122E-004
   56371.4961416828       1.155332440743173E-004  1.401331504819817E-004
   56371.5165755942       2.620608455761175E-004  1.401175804779282E-004
   56371.5370093059       1.432767278530811E-004  1.401231354246194E-004
   56371.5574431179       3.929305747549794E-004  1.401423668474935E-004
   56371.5778770301      -1.580065608693948E-004  1.401347927360116E-004
   56371.5983108427      -1.072158662591693E-004  1.401309159396132E-004
   56371.6187446555       1.280587926344445E-005  1.401266353102567E-004
   56371.6391784686       8.247275494843720E-005  1.401408322822525E-004
   56371.6596121820       2.077238921407432E-004  1.401318492424499E-004
   56371.6800460956       9.424196019747200E-005  1.401157946388466E-004
   56371.7004799096      -2.668713892606256E-005  1.401277570684738E-004
   56371.7209137238       1.259018270491907E-004  1.401083910346137E-004
   56371.7413475384      -2.540321429467252E-004  1.401248853674380E-004
   56371.7617813532      -2.562128322436408E-004  1.401160997570817E-004
   56371.7822150683      -1.728887111832611E-004  1.401196175908505E-004
   56371.8026489837       1.715174311121004E-004  1.401289595932826E-004
   56371.8230827994       8.146354326887817E-005  1.401174458669422E-004
   56371.8435167153      -2.530760592567294E-005  1.401070897950818E-004
