   55046.0762327480       7.197102563352153E-004  7.457890871448826E-004
   55046.0966662810      -8.088108392965143E-004  7.455531026229054E-004
   55046.1170998134       1.374880675212742E-003  7.458132498357404E-004
   55046.1375333459       8.759137755030011E-004  7.458087359264592E-004
   55046.1579668779      -2.904967516509371E-004  7.456844042781715E-004
   55046.1784005095       8.308798473803947E-004  7.458216138441143E-004
   55046.1988339406       7.118351840427195E-004  7.458378108127113E-004
   55046.2192674716      -3.039247122912370E-004  7.457361150918480E-004
   55046.2397009018      -8.726366025370025E-004  7.456721901707049E-004
   55046.2601345319       1.498403997680642E-003  7.458978856347617E-004
   55046.2805680621      -1.394052145987978E-003  7.456135093500501E-004
   55046.3010015913      -9.047213518353914E-005  7.457310701344162E-004
   55046.3214351205       6.322146599924139E-005  7.457445454812408E-004
   55046.3418686493      -9.855345752635136E-004  7.455800533165545E-004
   55046.3623021776       6.066030176119508E-004  7.458191577464173E-004
   55046.3827356059       5.312338840943731E-004  7.457611407359508E-004
   55046.4031692332       4.845897012522027E-004  7.457409609062234E-004
   55046.4236027606       2.511649114202985E-004  7.458106609760057E-004
   55046.4440361875      -1.384462244871743E-002  7.437881640939805E-004
   55046.4644698144      -4.986272358403532E-002  7.400264181373217E-004
   55046.4849033403      -7.697480713511606E-002  7.373691195721271E-004
   55046.5053367663      -8.441835241554307E-002  7.365200399601413E-004
   55046.5257702922      -8.579055119350154E-002  7.364144941401853E-004
   55046.5462038173      -8.729058251435551E-002  7.362820640075990E-004
   55046.5666373423      -8.501361552041076E-002  7.364839950669110E-004
   55046.5870708664      -8.088072626038867E-002  7.369330626593654E-004
   55046.6075043905      -6.064395393560185E-002  7.389991718707687E-004
   55046.6279379146      -2.503899738949555E-002  7.426598195357338E-004
   55046.6483714378      -1.454909677462757E-003  7.455580148182996E-004
   55046.6688048609      -7.677998080368731E-005  7.456963528615627E-004
   55046.6892384836      -2.371016660959180E-004  7.456828111337193E-004
   55046.7096720063      -5.532029374137881E-004  7.456485585279977E-004
   55046.7301054281       2.167574725111532E-004  7.457471343409756E-004
   55046.7505390499       2.221198717493600E-004  7.457120851630278E-004
   55046.7709725712       2.542005909371703E-004  7.457264898441162E-004
   55046.7914059920      -2.454332396186754E-004  7.457299416570959E-004
   55046.8118395128       1.187467229210926E-003  7.459034616403443E-004
   55046.8322731327      -7.773323205295668E-004  7.456919717143193E-004
   55046.8527066527       3.083801401149167E-005  7.458390056710504E-004
   55046.8731400726       1.448461022066638E-004  7.458074746871013E-004
   55046.8935736915      -9.619740235400354E-005  7.457820507568855E-004
   55046.9140072105      -1.154093986942994E-003  7.456200810709153E-004
   55046.9344406290      -1.155051874059954E-004  7.457180594547235E-004
   55046.9548742471      -1.305136942185814E-003  7.456743143633077E-004
   55046.9753077646      -1.701247630062630E-004  7.457317339446045E-004
   55046.9957411822      -8.039305578666500E-005  7.457071729676337E-004
   55207.8633820813       1.897376794833594E-003  6.583287632276330E-004
   55207.8838154560      -5.055630809520650E-004  6.580260023580996E-004
   55207.9042486312       6.116097816832866E-004  6.581454755451517E-004
   55207.9246819069      -1.521590525859762E-003  6.578909646599672E-004
   55207.9451151830      -9.501115606224131E-004  6.579825462431635E-004
   55207.9655484594      -1.367604316478976E-004  6.580656607323321E-004
   55207.9859817360       4.982247202511836E-005  6.579463743194130E-004
   55208.0064150133      -2.763542230493909E-004  6.580629213783821E-004
   55208.0268482908      -1.497300447668048E-003  6.578212356503277E-004
   55208.0472815688      -1.477966732198355E-003  6.579014862694575E-004
   55208.0677148470       1.009457394433921E-003  6.583650596674722E-004
   55208.0881482257       1.642447297058869E-004  6.581628455395173E-004
   55208.1085814049       3.886857985924141E-004  6.582898519499323E-004
   55208.1290146843       1.162586390028419E-003  6.581421136107584E-004
   55208.1494480641      -4.203867042588127E-004  6.580843381456284E-004
   55208.1698812442       3.619441661155687E-004  6.582774625991124E-004
   55208.1903145250       7.173690414070677E-004  6.581596081212126E-004
   55208.2107479060       2.761821083163696E-005  6.580647268616673E-004
   55208.2311810873      -1.490747809650672E-002  6.566667847344821E-004
   55208.2516143690      -4.904831543411925E-002  6.530814062200763E-004
   55208.2720476512      -7.867368313128720E-002  6.499713678740618E-004
   55208.2924809338      -8.577785040647334E-002  6.491678655540541E-004
   55208.3129142167      -8.808480922846584E-002  6.489093701540331E-004
   55208.3333475001      -8.995686672582370E-002  6.487120121535353E-004
   55208.3537807837      -8.806922467292555E-002  6.489558146550965E-004
   55208.3742140677      -8.120723389068063E-002  6.496078431532711E-004
   55208.3946473522      -6.395321800037679E-002  6.516085676655729E-004
   55208.4150807370      -2.697276227541234E-002  6.553668990271027E-004
   55208.4355139222      -1.529916743293613E-003  6.579066536871362E-004
   55208.4559472079       2.239773062218120E-005  6.580613649272740E-004
   55208.4763805938       1.741526840545182E-003  6.585694528269782E-004
   55208.4968137801      -1.065030180336102E-003  6.580367107417228E-004
   55208.5172470670      -5.869331972802039E-004  6.580390142893627E-004
   55208.5376804541      -1.193776546241310E-003  6.580030913977895E-004
   55208.5581136416      -1.051577511773094E-003  6.579728962462938E-004
   55208.5785469296      -6.099105817920503E-004  6.581391874826753E-004
   55208.5989803179      -1.143353943671710E-003  6.580241346167700E-004
   55208.6194135066       3.684061720505838E-004  6.581117939431741E-004
   55208.6398467955       3.356774537086604E-004  6.581881223055117E-004
   55208.6602800849      -1.586409229311969E-003  6.579908265630582E-004
   55208.6807133748       3.630656262443299E-004  6.582088542342706E-004
   55208.7011466651       4.603569764007887E-004  6.581863168222264E-004
   55208.7215798557      -1.121433813637829E-004  6.581434832877334E-004
   55208.7420132467       1.664212014300670E-004  6.582104729434229E-004
   55208.7624465380      -1.227195065758746E-003  6.580108113952853E-004
   55369.6619608390       2.240991534752101E-004  5.725699750897442E-004
   55369.6823952137      -3.581061225581550E-004  5.727283243108749E-004
   55369.7028293880      -5.601385598208442E-005  5.725441749318008E-004
   55369.7232636623      -1.168797334386129E-003  5.724603995937700E-004
   55369.7436980363      -1.218360376643579E-004  5.726328216283244E-004
   55369.7641322099      -1.345242528740798E-004  5.726889926015626E-004
   55369.7845664832       5.863834401014234E-004  5.727685581236120E-004
   55369.8050008563      -8.997515799937794E-004  5.726300551778224E-004
   55369.8254350292       1.428380909440641E-004  5.726131557736682E-004
   55369.8458693019       4.799685113230368E-004  5.725966773511122E-004
   55369.8663036743      -3.172763103379550E-004  5.724845759655492E-004
   55369.8867379462      -6.393577292210795E-004  5.725654645726213E-004
   55369.9071721182       1.141597368778724E-003  5.726799715673166E-004
   55369.9276064897      -1.302260661315113E-003  5.725356350193813E-004
   55369.9480407609       2.788691351458539E-004  5.725355748791530E-004
   55369.9684749319       2.509706469666639E-005  5.724602191730851E-004
   55369.9889093027       9.660499532400113E-004  5.726033529164543E-004
   55370.0093435733      -2.395277626629722E-003  5.722289799952470E-004
   55370.0297779434      -2.892447890857297E-002  5.695894855151076E-004
   55370.0502121134      -6.419421576666506E-002  5.661206572866232E-004
   55370.0706463831      -7.897819671776607E-002  5.646042214298775E-004
   55370.0910807524      -8.483162595454907E-002  5.640202598130224E-004
   55370.1115149216      -8.519980932898508E-002  5.639750343613359E-004
   55370.1319491905      -8.434818040015613E-002  5.640091338707856E-004
   55370.1523835592      -8.244304215165477E-002  5.641969518037865E-004
   55370.1728177277      -7.329286117443201E-002  5.651395296020327E-004
   55370.1932519957      -4.298387159381745E-002  5.680982484140223E-004
   55370.2136863637      -1.112868090100216E-002  5.713689747304656E-004
   55370.2341205312      -1.453255161452560E-003  5.723465541415860E-004
   55370.2545547985      -2.238142489048300E-004  5.727530419447089E-004
   55370.2749891655      -1.138149221959983E-003  5.724011013286599E-004
   55370.2954233324       1.666889182700970E-004  5.724904697079232E-004
   55370.3158575987      -3.225704079652392E-004  5.724092202594812E-004
   55370.3362919651      -2.279916285368166E-004  5.723329624499888E-004
   55370.3567261310      -5.528112193919910E-004  5.722164106875309E-004
   55370.3771603966      -1.278741686712159E-004  5.720804937715585E-004
   55370.3975947623       2.733286091498588E-004  5.722868348948777E-004
   55370.4180289273       1.201629367915125E-003  5.724375463070136E-004
   55370.4384632922       1.246035520426458E-003  5.724569114605282E-004
   55370.4588975570       4.911163439291766E-004  5.722949538256991E-004
   55370.4793317212       6.750218282960407E-004  5.723602059734116E-004
   55370.4997660855       1.452410009670890E-003  5.722776935801751E-004
   55370.5202003493       3.275616487139477E-004  5.722265743861147E-004
   55370.5406345129       6.184889703206853E-004  5.722962167704935E-004
   55370.5610688762       8.812370332020869E-004  5.721894077250214E-004
   55370.5815031393       3.271673318356871E-004  5.721785223436979E-004
   55531.4515554529       2.212309809630497E-004  6.720604779336749E-004
   55531.4719881473      -5.642258291940205E-004  6.720065304273900E-004
   55531.5128533367       2.420692655478174E-004  6.721235875461342E-004
   55531.5332859317       4.396815716090074E-005  6.720727795028040E-004
   55531.5537185268       1.023328519949684E-003  6.722496786297075E-004
   55531.5741511220      -5.269915995642638E-004  6.721570965078765E-004
   55531.5945837175       9.977346739886706E-004  6.722891461639968E-004
   55531.6150163130      -7.224041169749951E-004  6.721994472224304E-004
   55531.6354489088       3.125142771518430E-004  6.722025226147126E-004
   55531.6558816047       2.908024438363910E-005  6.723501414442620E-004
   55531.6763141008      -3.837053830241244E-004  6.721756129322427E-004
   55531.6967467970       6.395110553707450E-004  6.721479984723748E-004
   55531.7171793934       1.794461606834385E-004  6.720733561388569E-004
   55531.7376118899      -3.692747893331294E-004  6.722224485938749E-004
   55531.7580445866      -3.816889008864122E-004  6.721629269390782E-004
   55531.7784771835      -7.500625649914383E-006  6.721845828263994E-004
   55531.7989096806      -4.360978920718184E-003  6.717699174336722E-004
   55531.8193423777      -3.416538427429783E-002  6.686190498991337E-004
   55531.8397749751      -6.829246530853139E-002  6.651104757997628E-004
   55531.8602074726      -8.118716642367008E-002  6.638917875372377E-004
   55531.8806401703      -8.824283142669898E-002  6.631763744075728E-004
   55531.9010726681      -8.968744255815864E-002  6.631195437210233E-004
   55531.9215053661      -8.857131734136736E-002  6.631791294464923E-004
   55531.9419379643      -8.515997730015179E-002  6.634203555286335E-004
   55531.9623704626      -7.379915384732438E-002  6.646175160451827E-004
   55531.9828031611      -4.353324990600338E-002  6.677492905193020E-004
   55532.0032357598      -8.342141043132689E-003  6.712994464851563E-004
   55532.0236682586       1.393223110790487E-005  6.720020454803117E-004
   55532.0441009576       4.733906857350423E-004  6.720240857916679E-004
   55532.0645335567      -3.925987530573050E-005  6.719768016353279E-004
   55532.0849661560      -8.224203707606348E-004  6.717821549321288E-004
   55532.1053987555       9.613361130544895E-005  6.720519565342261E-004
   55532.1258313551       2.577552111038273E-004  6.719939725755707E-004
   55532.1462640549       5.002262993332174E-004  6.720374124915578E-004
   55532.1666965549       8.121530564240143E-004  6.720566977639947E-004
   55532.1871291550      -1.651010336593872E-003  6.719361808289329E-004
   55532.2075618553      -5.233953143395365E-004  6.720316461310286E-004
   55532.2279944558      -2.532174166933743E-004  6.720492655659791E-004
   55532.2484269563      -3.847349297660951E-004  6.719036969979513E-004
   55532.2688596572      -3.531551231060748E-004  6.721191025990559E-004
   55532.2892922581      -3.596621881655215E-004  6.719191380300352E-004
   55532.3097247592       7.761478930743415E-004  6.723464894159267E-004
   55532.3301574605       2.398619098507471E-003  6.722506396897958E-004
   55532.3505900620       2.689116862592211E-003  6.726987499735927E-004
   55532.3710227635      -1.047618428086095E-004  6.721373627407318E-004
   55693.2258611351      -4.244467087896053E-004  5.774377220178080E-004
   55693.2462957831      -1.535388872255794E-004  5.774468715859179E-004
   55693.2667303311       1.081308020400851E-004  5.774176539650869E-004
   55693.2871650789       2.445348430717198E-003  5.777402067395225E-004
   55693.3075997269      -5.277118342537079E-004  5.774019777050586E-004
   55693.3280343747       3.682290998010540E-004  5.774751132528173E-004
   55693.3484690225      -1.442368594928300E-005  5.772633312496326E-004
   55693.3689036702       5.666001286899203E-004  5.774437607327606E-004
   55693.3893383180       1.168908857984263E-003  5.774948153228140E-004
   55693.4097729657      -4.727718291658300E-004  5.774085043969769E-004
   55693.4302076133       5.714478866738482E-004  5.775863110039133E-004
   55693.4506423610       2.684292813770472E-004  5.774943273458481E-004
   55693.4710770086      -5.724441684804571E-004  5.774167390082759E-004
   55693.4915115562       1.889293172940842E-004  5.774024656820244E-004
   55693.5119463037       3.962766333240886E-004  5.773112139894080E-004
   55693.5323809512       1.441611173615964E-004  5.773943530649670E-004
   55693.5528154986      -9.098669525454683E-004  5.773321969989401E-004
   55693.5732502460       3.288103044327695E-004  5.774253396022992E-004
   55693.5936848934      -1.058708587299706E-002  5.763320272102827E-004
   55693.6141195408      -4.190430456987548E-002  5.727474094161722E-004
   55693.6345541880      -7.300442402630591E-002  5.692711225084833E-004
   55693.6549888353      -8.244319711331349E-002  5.679135705894518E-004
   55693.6754234825      -8.560085756321156E-002  5.676048031643019E-004
   55693.6958581297      -8.702842110854725E-002  5.674933614247228E-004
   55693.7162926769      -8.601945603799677E-002  5.675869310079271E-004
   55693.7367274239      -8.067139347861740E-002  5.683603135016996E-004
   55693.7571620710      -6.505553533635067E-002  5.701194094665158E-004
   55693.7775966180      -3.073659370689275E-002  5.739054397532863E-004
   55693.7980313651      -4.363235898097395E-003  5.768826482191387E-004
   55693.8184660120      -6.243857768423178E-004  5.773290861457827E-004
   55693.8389007589      -6.763901098768565E-004  5.772954157351382E-004
   55693.8593353058       1.137372930931413E-003  5.775130534619132E-004
   55693.8797699526      -8.536289719840440E-005  5.773695882339494E-004
   55693.9002046994       2.912789280835604E-004  5.774340011934433E-004
   55693.9206392462      -2.522051652575907E-005  5.773947800448120E-004
   55693.9410738929       1.847826844859402E-003  5.778503675395661E-004
   55693.9615086396       1.117003849187004E-004  5.774103953077197E-004
   55693.9819432863       8.009867728420161E-006  5.773952680217779E-004
   55694.0023778329       6.747060288490037E-004  5.776929339709545E-004
   55694.0228125795       7.719055624488824E-005  5.773678193174482E-004
   55694.0432472260      -2.210093252322798E-004  5.774790780656649E-004
   55694.0636818725      -3.286406671254571E-004  5.773268902494363E-004
   55694.0841165189       1.659922661163549E-004  5.773473242848819E-004
   55694.1045511654       7.238359809496053E-004  5.772512538197276E-004
   55694.1249859117      -3.645208024461999E-004  5.773029183809883E-004
   55694.1454204581      -4.689623170731627E-004  5.771784842546932E-004
   55855.0201069402      -2.669619013084823E-005  6.670870285934629E-004
   55855.0405395451      -6.940854628610937E-004  6.670060597867254E-004
   55855.0609720502      -3.774583262520226E-004  6.669377179482412E-004
   55855.0814047548      -6.126198990170639E-004  6.668762102936053E-004
   55855.1018373595       4.110506807399883E-004  6.674340749580325E-004
   55855.1222698639       2.070376493314985E-004  6.670057343493992E-004
   55855.1427025681       1.440834997879614E-003  6.673534966760862E-004
   55855.1631351723       4.799909639294775E-004  6.669340730501886E-004
   55855.1835676762      -1.741799434175073E-004  6.669905038825370E-004
   55855.2040003799       7.015397950718150E-004  6.673592243730259E-004
   55855.2244329837      -1.846323183218090E-003  6.669071919270515E-004
   55855.2448656871       3.344912302405412E-004  6.673163968209091E-004
   55855.2652981904      -3.385813491728618E-004  6.671215249500312E-004
   55855.2857307937      -1.996001755788512E-005  6.671658495138481E-004
   55855.3061634967      -5.455728607332011E-004  6.670876794681151E-004
   55855.3265959995       8.408084877156163E-004  6.674659678159917E-004
   55855.3470286022      -1.133788354806819E-004  6.670001368273901E-004
   55855.3674613046      -8.549376528387276E-004  6.671534828954557E-004
   55855.3878938071      -1.767428624094691E-002  6.653888966257925E-004
   55855.4083264092      -5.073092309730298E-002  6.621095948654575E-004
   55855.5513547203      -5.356138780610131E-002  6.619443377912560E-004
   55855.5717872212      -2.022674212949904E-002  6.651545166635242E-004
   55855.5922199222      -3.922484391125636E-004  6.671036909845600E-004
   55855.6126525229      -7.876021357766660E-006  6.673645615451742E-004
   55855.6330850233       1.371903134293806E-003  6.675814329792975E-004
   55855.6535177235       5.689689125687458E-005  6.671467788865377E-004
   55855.6739503238      -1.787265345963629E-003  6.670020894513468E-004
   55855.6943828238      -8.408320713260142E-004  6.673152903340003E-004
   55855.7148155238       8.693722127965930E-004  6.675005943474904E-004
   55855.7352481233      -4.420412003166563E-004  6.670154974691828E-004
   55855.7556808230       1.218825435011395E-003  6.676551770773952E-004
   55855.7761133223      -7.460134214765102E-004  6.674414298416027E-004
   55855.7965459216       1.107605299795811E-003  6.676752240166840E-004
   55855.8169786207       6.005993260360665E-004  6.675345700043369E-004
   55855.8374111195      -2.321759402065249E-004  6.675604748154957E-004
   55855.8578437183       5.845296019866275E-004  6.676081839275042E-004
   55855.8782764169      -9.812985387036566E-004  6.671056436085167E-004
   55855.8987089155      -7.624763201781182E-004  6.675304694940278E-004
   55855.9191415139       7.699059445314127E-004  6.675785040433624E-004
   55855.9395742120      -1.192712558844011E-004  6.675371735029458E-004
   56016.8099801609       2.909968557469611E-004  5.867350059482214E-004
   56016.8304145567       1.666240963922316E-004  5.866757663088023E-004
   56016.8508489527      -4.231303535111586E-004  5.866368479594126E-004
   56016.8712833489      -6.239587195931984E-004  5.865356109872660E-004
   56016.8917178454      -6.846829349358430E-004  5.865798251879968E-004
   56016.9121521421      -9.031929141534167E-005  5.865604275929686E-004
   56016.9325865391       4.678248207723446E-004  5.867542803839159E-004
   56016.9530210363      -3.124838341614922E-004  5.864864704131948E-004
   56016.9734553337      -3.715225640872344E-004  5.866168345677170E-004
   56016.9938898314      -3.514371036988928E-004  5.866044570546990E-004
   56017.0143242294      -2.833940661508549E-004  5.865751451333233E-004
   56017.0347585276      -3.863109246886598E-004  5.864955842038748E-004
   56017.0551930259       1.145267979476561E-004  5.866608640294474E-004
   56017.0756274247       9.065454541348217E-004  5.866683767487916E-004
   56017.0960617235      -5.017902192683277E-004  5.866239162293939E-004
   56017.1164962227       9.953147147157004E-005  5.866217609410574E-004
   56017.1369306220       6.779236921035103E-004  5.866799537261417E-004
   56017.1573650217      -1.476720826967259E-003  5.865581491452987E-004
   56017.1777994216      -2.138085464986583E-002  5.845443093033827E-004
   56017.1982338216      -5.629592650979387E-002  5.811634008594874E-004
   56017.2186683219      -7.766266084090578E-002  5.790547283307675E-004
   56017.2391026225      -8.684911304712850E-002  5.780697615610080E-004
   56017.2595370233      -8.730524817263041E-002  5.780262247366116E-004
   56017.2799715244      -8.816317275637031E-002  5.779908780078938E-004
   56017.3004058258      -8.559860696241361E-002  5.781705058958206E-004
   56017.3208402273      -7.816429349348308E-002  5.789077992458881E-004
   56017.3412747290      -5.476066257342294E-002  5.812884075830018E-004
   56017.3617091312      -1.841904340035527E-002  5.848858301352106E-004
   56017.3821435334      -4.608664574856647E-004  5.866064891837019E-004
   56017.4025779358       5.150591180032027E-004  5.866470086044273E-004
   56017.4230123386       6.853499442804889E-004  5.867524329939134E-004
   56017.4434467417      -9.940322271962954E-004  5.866260715177304E-004
   56017.4638811448      -9.892686671364448E-005  5.867930139943054E-004
   56017.4843155483       1.240968099303075E-004  5.869258413354978E-004
   56017.5047499520      -1.130752143395419E-003  5.865877073853415E-004
   56017.5251843560       3.373024558928073E-005  5.867648105069312E-004
   56017.5660531645       7.769352794551043E-004  5.867043392741770E-004
   56017.5864875692      -6.248525019660889E-004  5.865444784592789E-004
   56017.6069220741      -1.426154312972772E-003  5.864210112274334E-004
   56017.6273563793       5.515224731356128E-005  5.866359242644113E-004
   56017.6477907847      -2.399875290823861E-004  5.866091986890393E-004
   56017.6682252903      -1.694585497234335E-003  5.863916993060576E-004
   56017.6886595961      -8.842764837471151E-004  5.864304944961139E-004
   56017.7090940022       2.383729150081670E-004  5.865287756442561E-004
   56017.7295285086      -1.126178012199830E-003  5.864698439031708E-004
   56178.5878519964      -8.351416313850946E-004  7.898743230093324E-004
   56178.6082853344       8.873017652244464E-005  7.899455278131445E-004
   56178.6287185716      -1.954368438591758E-003  7.897305699148437E-004
   56178.6491518089       3.721475519642414E-004  7.899807413109583E-004
   56178.6695850454       8.150462575815531E-004  7.899496996934076E-004
   56178.6900182820       6.714985630069670E-004  7.899962974746511E-004
   56178.7104515181       8.825268494137006E-004  7.900622697506756E-004
   56178.7308847537       1.332980664341399E-004  7.899718318717524E-004
   56178.7513179891      -1.154418761469489E-003  7.898400287393732E-004
   56178.7717513242      -1.164864564006551E-003  7.898454733966657E-004
   56178.7921844589      -7.069420746487198E-004  7.899057181760579E-004
   56178.8126176934      -5.558831381451412E-004  7.899600233293128E-004
   56178.8330510274       4.356460919179295E-004  7.900451579706135E-004
   56178.8534841611       5.507643167113052E-005  7.899402952853570E-004
   56178.8739173944      -6.492492164449359E-004  7.899044453990284E-004
   56178.8943507275      -1.232546478536101E-003  7.898414429360726E-004
   56178.9147838603      -2.026777494134491E-003  7.897355196032915E-004
   56178.9352170927       3.254053646051247E-004  7.899866102272605E-004
   56178.9556504248      -7.805198349653764E-003  7.891878719314692E-004
   56178.9760835565      -3.917732869327628E-002  7.859712108289689E-004
   56178.9965168877      -7.095750024789971E-002  7.826206252990403E-004
   56179.0169501189      -8.279511216155089E-002  7.813962137967456E-004
   56179.0373832493      -8.681305451925858E-002  7.809943698046260E-004
   56179.0578165798      -8.895094227370359E-002  7.805336952298136E-004
   56179.0782498099      -8.726218548708953E-002  7.808854059489413E-004
   56179.0986830394      -8.230892839757187E-002  7.814186995242651E-004
   56179.1191162688      -7.048085402070303E-002  7.826518790460960E-004
   56179.1395494979      -3.504018609370951E-002  7.863445587575965E-004
   56179.1599826265      -6.411568214754859E-003  7.893587068927504E-004
   56179.1804159549      -2.135281089798990E-005  7.899402952853570E-004
   56179.2008491828       1.120854913521985E-003  7.900272683823668E-004
   56179.2212823106       2.473673475047455E-004  7.899772765290449E-004
   56179.2417156378      -1.103532724211598E-003  7.898344426624107E-004
   56179.2621488648      -2.646667925563229E-004  7.898887478156657E-004
   56179.2825821916       3.287142785288744E-004  7.899270725462180E-004
   56179.3030153179      -1.749418062103381E-003  7.897471160162261E-004
   56179.3234485437       3.062499571311328E-004  7.899393053476674E-004
   56179.3438818696       1.022009538762081E-003  7.900133385448782E-004
   56179.3643149947      -1.874292768437202E-003  7.897734200748340E-004
   56179.3847482198       3.785559611928502E-004  7.899714076127426E-004
   56179.4051815443      -6.335684367556604E-004  7.898859901321020E-004
   56179.4256146687      -7.517096809361856E-005  7.899347799182294E-004
   56179.4460478927       1.116388223669329E-003  7.900180761038210E-004
   56179.4664812162       1.176292174356552E-003  7.900780380438733E-004
   56179.4869143395       5.371129115869788E-004  7.900346929150384E-004
   56179.5073475626      -1.404524757128267E-003  7.897600559160251E-004
   56179.5277808851       4.266703140249906E-004  7.899944590189419E-004
   56340.3750156117      -2.268867135689634E-004  6.753010471728460E-004
   56340.3954493008       5.698391535196023E-004  6.752785497505178E-004
   56340.4158828901      -6.418521932238797E-005  6.752642737658110E-004
   56340.4363164798      -4.396734587102102E-004  6.751629397672221E-004
   56340.4567500700      -7.512085476659713E-004  6.751874766159371E-004
   56340.4771836607       6.730961914667155E-004  6.753146858368070E-004
   56340.4976172517       5.278815365732381E-004  6.752148814080083E-004
   56340.5180508430      -9.082571719999377E-004  6.750842943871854E-004
   56340.5384844347      -6.662727147122016E-005  6.752562435244134E-004
   56340.5589181267       1.277005634486850E-003  6.752957574106555E-004
   56340.5793516193       1.508517174936497E-003  6.753554106324663E-004
   56340.5997853123      -3.598694433637473E-005  6.752224655248838E-004
   56340.6202189056      -8.014209614196632E-004  6.752140528910386E-004
   56340.6406523993      -1.388175571657824E-003  6.751460507674574E-004
   56340.6610860934      -4.518482048431194E-004  6.752044293477764E-004
   56340.6815196879      -9.757126205368616E-004  6.751416532543111E-004
   56340.7019531827       6.884166060157071E-004  6.753353987610469E-004
   56340.7223868781       8.996292443281817E-004  6.753009197086968E-004
   56340.7428204739      -6.132872734126549E-003  6.747040050981418E-004
   56340.7632539699      -3.533561574507782E-002  6.719250317179749E-004
   56340.7836876664      -6.989707385856903E-002  6.686196314017431E-004
   56340.8041212632      -8.218072680447630E-002  6.675474029789395E-004
   56340.8245548604      -8.603069641777306E-002  6.670745109855252E-004
   56340.8449884581      -8.724398365957486E-002  6.668133369438794E-004
   56340.8654220562      -8.692273412934737E-002  6.670671817969481E-004
   56340.8858556546      -8.280334043602522E-002  6.674299447654810E-004
   56340.9062892534      -7.210688412336286E-002  6.685058059165359E-004
   56340.9267228527      -3.744918622330073E-002  6.717122303209385E-004
   56340.9471564522      -7.115083984393089E-003  6.746300758916242E-004
   56340.9675900522      -2.632893991044716E-004  6.752954387502825E-004
   56340.9880237527      -3.705530383879552E-005  6.752260345210605E-004
   56341.0084572534       9.870380289367375E-004  6.752760004675344E-004
   56341.0288908546      -5.851225668027649E-004  6.752430509849744E-004
   56341.0493245562      -9.396520583891954E-004  6.752261619852097E-004
   56341.0697581581       5.937758162402051E-004  6.752671417091672E-004
   56341.0901916604       2.424586038094478E-004  6.752163472457237E-004
   56341.1106253632      -5.642492313939762E-005  6.752611508941564E-004
   56341.1310589664       3.605590092159439E-005  6.752863887956916E-004
   56341.1514925699      -5.964211945664877E-004  6.752094004495940E-004
   56341.1719261739       2.189340916687321E-004  6.752198525098258E-004
   56341.1923597783      -2.494164615326477E-004  6.752250148078671E-004
   56341.2127933830       5.456381802932952E-004  6.753399874704169E-004
   56341.2332269881       4.593391499114752E-004  6.753137298556882E-004
   56341.2536605934       1.281195982303363E-003  6.754227117032271E-004
   56341.2740942995      -5.574606524796355E-004  6.752986253540118E-004
   56341.2945278058       4.816072622726431E-005  6.752796331957857E-004
   56341.3149614125      -3.544227613394568E-004  6.752664406563468E-004
