   55089.8442545256      -7.078607275667892E-006  3.863389829409394E-004
   55089.8646873970       1.033481542165093E-003  3.864444453223056E-004
   55089.8851203681      -3.531327590319266E-004  3.864109561636582E-004
   55089.9055534387       3.658018058230184E-004  3.864839387195975E-004
   55089.9259864092      -3.197626635419448E-004  3.864436430317970E-004
   55089.9464192794       4.051787011594143E-005  3.865590434633337E-004
   55089.9668523491       2.554707523105826E-005  3.866156696450341E-004
   55089.9872853188      -2.310570749497476E-005  3.866548524782582E-004
   55090.0077181881       4.045721416479076E-004  3.868818230511616E-004
   55090.0281511571       4.675484193232826E-004  3.868601612074307E-004
   55090.0485842257      -2.401499691606634E-005  3.867163441636879E-004
   55090.0690170940      -5.322259019541198E-004  3.866658775026660E-004
   55090.0894500621       7.177903056152513E-004  3.868507407640399E-004
   55090.1098831300      -3.003688880677258E-004  3.866104935772369E-004
   55090.1303159976      -1.131907675929744E-004  3.866626942209708E-004
   55090.1507489648       2.115936505697746E-005  3.864863714714622E-004
   55090.1711819317      -4.009339724515559E-004  3.864121207789126E-004
   55090.1916148984      -4.897451390343255E-004  3.863731967490783E-004
   55090.2120478649      -2.721812383849054E-004  3.863193915243273E-004
   55090.2324808309      -3.069808163704835E-004  3.862705294443226E-004
   55090.2529138966       4.466587299534197E-005  3.862761972385603E-004
   55090.2733467622      -2.841718365569346E-004  3.861855642914329E-004
   55090.2937797272       5.995772281388589E-004  3.862726516321194E-004
   55090.3142125923      -1.455558466083584E-004  3.862421387124554E-004
   55090.3346456569       3.333832652672175E-004  3.862473147802525E-004
   55090.3550786213      -4.615443237487860E-006  3.862181993988937E-004
   55090.3755115852      -2.244184992846732E-004  3.861524892182094E-004
   55090.3959445491      -1.735375421743068E-004  3.861755744805845E-004
   55090.4163775125       1.766373570037949E-004  3.861938977605863E-004
   55090.4368104755      -7.322576982882190E-006  3.862311395683865E-004
   55090.4572433385       9.401077033741601E-004  3.863167776100898E-004
   55090.4776764010       5.246789120838535E-005  3.862948052022910E-004
   55090.4981092635       6.230063201007052E-004  3.863449871795840E-004
   55090.5185422253      -8.144294914175232E-004  3.863037856799190E-004
   55090.5389752871      -2.364453667518251E-004  3.864082904887427E-004
   55090.5594081485      -1.046509789075500E-004  3.864345072721351E-004
   55090.5798411098      -8.252045243558603E-004  3.864477062450177E-004
   55090.6002739705       4.954499615352770E-004  3.865973463650323E-004
   55090.6207070311       3.001884779867403E-004  3.866336047199510E-004
   55090.6411399913      -6.219151158370906E-005  3.866239772338484E-004
   55090.6615729515       2.496756767502717E-004  3.868505854820060E-004
   55090.6820059112      -1.356530638233489E-004  3.867767747552192E-004
   55090.7024388705       2.596268750807429E-004  3.867971167016619E-004
   55090.7228718297      -7.469312535235417E-004  3.865010456236670E-004
   55090.7433046885      -3.767063309152441E-004  3.869064611338759E-004
   55350.0649370049      -2.304206164683853E-004  3.353550479635356E-004
   55350.0853715327      -1.514792934387277E-004  3.355237373604080E-004
   55350.1058061603       2.128336166777878E-004  3.355914128172263E-004
   55350.1262405879      -7.332597611575675E-005  3.356209237541340E-004
   55350.1466751155       3.445779224915402E-004  3.356779209114133E-004
   55350.1671097427      -1.313469807294743E-004  3.357620159872630E-004
   55350.1875442698       4.162809374097520E-006  3.357599635348840E-004
   55350.2079787969      -2.566886757763287E-004  3.357171393933564E-004
   55350.2284133238       1.987257227731298E-005  3.357144490165895E-004
   55350.2692823772       3.472383779661303E-004  3.356557045012037E-004
   55350.2897169038       6.826198547327245E-005  3.356096075302070E-004
   55350.3101514300       3.134601827103900E-004  3.355372724517717E-004
   55350.3305860562       2.843228685820431E-004  3.355014100068266E-004
   55350.3510204824       1.078953382283032E-004  3.353310009876907E-004
   55350.3714550084       2.470591544045941E-004  3.351849440386722E-004
   55350.3918896341      -3.188917959671134E-004  3.350822104763546E-004
   55350.4123240599      -4.941296873027801E-004  3.350264614320083E-004
   55350.4327585854       4.388442866520847E-004  3.350542527466526E-004
   55350.4531932106      -4.837631219862804E-004  3.349979489854472E-004
   55350.4736276359       2.185442814939265E-005  3.350215244519617E-004
   55350.4940621612       7.668522897419372E-005  3.349974220044310E-004
   55350.5144967862       1.926917830270547E-004  3.349899055909893E-004
   55350.5349312110       1.563256071857033E-005  3.350501478418947E-004
   55350.5553658356       5.459940095962068E-004  3.350968550014366E-004
   55350.5758003602      -1.221932617563315E-004  3.350322859590296E-004
   55350.5962348847       7.879321014248042E-005  3.351073668859178E-004
   55350.6166694088      -1.023784678754192E-004  3.351557936677230E-004
   55350.6371039332      -4.502956976935035E-004  3.352250500675899E-004
   55350.6575384570      -3.353730437805069E-006  3.353995639914836E-004
   55350.6779729809      -7.105504641977678E-004  3.353283660826096E-004
   55350.6984075048      -2.601269639149750E-004  3.354326251162899E-004
   55350.7188420284      -3.330538213952572E-005  3.354968058568955E-004
   55350.7392765518      -3.907687088479106E-004  3.355665892377786E-004
   55350.7597110752      -2.681391848882164E-004  3.355455932046592E-004
   55350.7801455984       6.275732125184952E-004  3.356012867773195E-004
   55350.8005801214       1.707016426890640E-004  3.356517105398177E-004
   55350.8210146443      -2.116459696561712E-004  3.356367054487772E-004
   55350.8414490670      -1.584241884161619E-004  3.356294109220792E-004
   55350.8618836897      -8.008988442398390E-005  3.355621792387483E-004
   55350.8823182229       7.179648274018291E-004  3.355919675340855E-004
   55350.9027528454      -2.234597833651319E-004  3.354806913321367E-004
   55350.9231872674       4.168595009883536E-004  3.355069571754183E-004
   55350.9436217896       3.648993168523518E-004  3.354243875709313E-004
   55350.9640564114       5.637931318962508E-004  3.353730485256155E-004
   55350.9844908332       2.803039440020250E-004  3.353226524989602E-004
   55351.0049253550      -4.673319030468193E-004  3.352797451499037E-004
   55351.0253599765      -2.432228497892819E-004  3.352948889201589E-004
   55351.0457943978      -2.770155351164982E-004  3.352424127052818E-004
   55351.0866635402      -3.785718205537858E-004  3.352698989256535E-004
   55351.1070979610       2.483751610853346E-004  3.353016564658408E-004
   55351.1275324819      -3.266947667409648E-004  3.352393340267134E-004
   55351.1479671025       2.373515562030803E-004  3.353358824960514E-004
   55351.1684016231      -1.301430657618674E-005  3.353092006151254E-004
   55351.1888360435      -1.725971226120837E-004  3.353130281614537E-004
   55351.2092706636       4.738577214027373E-004  3.353812860709741E-004
   55351.2297051838       1.135175245110531E-004  3.353178819339714E-004
   55351.2501396037       4.692400619954462E-005  3.353078415588205E-004
   55351.2910087433       2.663790122723331E-004  3.353888856919447E-004
   55351.3114433627       4.093661712847307E-004  3.354123502150874E-004
   55351.3318777822       6.668759964401083E-005  3.354037521037703E-004
   55351.3523123014      -3.769553915780044E-004  3.354155121011847E-004
   55351.3727469206       1.383489875870225E-004  3.354598062423891E-004
   55351.3931813396      -3.867400888202255E-004  3.353724106012275E-004
   55351.4136158583       8.755414409877815E-005  3.354595011481166E-004
   55351.4340503771       2.175040009699813E-005  3.354009785194745E-004
   55351.4544848956       5.363981207744395E-004  3.354693473723668E-004
   55351.4749193141       8.805421971656013E-004  3.355169975505692E-004
   55351.4953539324       9.023970753951893E-005  3.354743952957852E-004
   55351.5157884505       1.024841603549653E-004  3.354917024617912E-004
   55351.5362229685      -8.483462954345100E-006  3.354879581229918E-004
   55351.5566574863      -1.486414556119975E-004  3.354185353080671E-004
   55351.5770920039       3.008058020526061E-004  3.354354264364287E-004
   55351.5975265215       5.820851346238776E-005  3.354449398305634E-004
   55351.6179610389      -1.991719581656559E-004  3.354587245445138E-004
   55351.6383955562      -2.314410001853506E-004  3.353964575770723E-004
   55351.6588301733       8.602055146500476E-004  3.354937549141701E-004
   55351.6792646905       1.545049568049350E-003  3.355420430167605E-004
   55351.6996991071       4.898447812859974E-004  3.354263013440955E-004
   55351.7201337238      -1.183172534520160E-004  3.354187849306538E-004
   55351.7405682404       2.148754427535593E-004  3.354527613382777E-004
   55351.7610026568      -2.678555565910345E-004  3.354600281291327E-004
   55351.7814372730      -1.000825580322884E-004  3.354378117189231E-004
   55351.8018717892      -2.962302482151236E-004  3.354073300275120E-004
   55351.8223062052       3.741484258661387E-004  3.354448843588775E-004
   55351.8427408211      -1.350348499963294E-004  3.354124888943022E-004
   55351.8631753369       1.469806627687475E-004  3.354079956877429E-004
   55351.8836097523       3.099095546676978E-004  3.354155675728706E-004
   55351.9040443676      -2.516275769567367E-004  3.353675568287098E-004
   55351.9244788829      -1.678023414262153E-004  3.353191577827475E-004
   55351.9449132981       1.066682543215070E-003  3.354278545513011E-004
   55351.9653479131       3.272927602315789E-005  3.353833939950389E-004
   55351.9857824279      -4.023978363232317E-004  3.352653779832513E-004
   55352.0062170425       1.710780633532583E-004  3.353124457087516E-004
   55352.0266514570       3.302680842054428E-005  3.353443419281536E-004
   55352.0470859714       3.624148754464152E-004  3.353618987167463E-004
   55610.2622321336      -5.803540345715730E-004  3.157880807513525E-004
   55610.2826658365       1.873886682750570E-004  3.158434889790393E-004
   55610.3030995398       2.185929240485773E-004  3.159411316326324E-004
   55610.3235332437       3.717161255927248E-004  3.159175231363723E-004
   55610.3439669478      -2.420063087815727E-006  3.159302273769012E-004
   55610.3848344573       4.872499949160058E-005  3.160128701571798E-004
   55610.4052680625      -1.412410853049995E-004  3.159446794287555E-004
   55610.4257018682      -3.185956576533533E-004  3.159934877121839E-004
   55610.4461355742      -3.465174194162701E-004  3.159884790588337E-004
   55610.4665691806      -1.085291161512236E-004  3.159682618382794E-004
   55610.4870029875      -2.588397213167948E-004  3.159569141080328E-004
   55610.5074366946       1.314957844475995E-004  3.159358099384478E-004
   55610.5278703021      -5.924628214781791E-004  3.158449498362665E-004
   55610.5483041102      -5.082980007018456E-004  3.157947067823471E-004
   55610.5687378184      -5.429662142342195E-005  3.158126805435882E-004
   55610.5891715269       4.439837543668279E-004  3.157787156130571E-004
   55610.6096052359       2.180610382600534E-004  3.157258377987815E-004
   55610.6300388453      -1.880115995144260E-004  3.157541419075575E-004
   55610.6504726552      -8.271680238414181E-005  3.156854033576730E-004
   55610.6709063653       8.830638728785090E-005  3.157467332744770E-004
   55610.6913399759       4.103506884214347E-004  3.157587070863923E-004
   55610.7117737868      -1.518594984853960E-004  3.156924728631829E-004
   55610.7322074981       2.388763931389093E-004  3.156671687290698E-004
   55610.7526413096      -3.530033158879453E-004  3.157473071826734E-004
   55610.7730749216       6.449622935418287E-004  3.157524201829684E-004
   55610.7935086340       1.006048533938042E-004  3.157398985495929E-004
   55610.8139424467       6.619819814823735E-005  3.157241682476648E-004
   55610.8343760599       1.721130959499995E-004  3.157084379457367E-004
   55610.8548097733      -1.113171034849980E-005  3.157625940100860E-004
   55610.8752435874      -1.518265026869692E-004  3.157363246667335E-004
   55610.8956773014      -1.350357504027455E-004  3.157347072890892E-004
   55610.9161109162       2.256862722276320E-004  3.157721417555349E-004
   55610.9365447310       5.181963109262000E-004  3.158239239268900E-004
   55610.9569784465      -1.832747737737783E-004  3.158258282586325E-004
   55610.9774121622      -6.390838405078147E-004  3.158221239420923E-004
   55610.9978458784      -6.216589756502522E-005  3.158640453271642E-004
   55611.0182795948       2.998873496968812E-004  3.158784191188099E-004
   55611.0387133117      -8.031714275824609E-004  3.157740460872774E-004
   55611.0591470288       7.973309602176126E-004  3.159364099333804E-004
   55611.0795807466      -1.540363347246609E-004  3.158970189617198E-004
   55611.1000145644       5.715224617424131E-004  3.159008797986773E-004
   55611.1204481829       1.406234980150245E-005  3.158782104249203E-004
   55611.1408820017       1.946573168980503E-004  3.158558801787339E-004
   55611.1613157207       7.327814426312251E-004  3.159330447444107E-004
   55611.1817493401       1.903098648476931E-004  3.158690278937782E-004
   55611.2021831600       6.851927602191665E-006  3.158531410714330E-004
   55611.2226168802       1.224856815662534E-004  3.159015058803460E-004
   55611.2430505008       3.486736385618361E-004  3.158848364559148E-004
   55611.2634843218      -6.868379597664287E-004  3.158385846726339E-004
   55611.2839179431      -4.162252591264348E-004  3.158327934171977E-004
   55611.3043516647       6.538512001741381E-004  3.158825669098655E-004
   55611.3247854869       2.710381897881309E-004  3.158895581551669E-004
   55611.3452191094       3.092170298006902E-004  3.158391585808303E-004
   55611.3656529321       8.686270866076207E-004  3.159128014371202E-004
   55611.3860866552      -2.265098888248884E-004  3.158204022175031E-004
   55611.4065202789      -4.322443817874611E-004  3.157772547558299E-004
   55611.4269541028      -2.245890071178591E-004  3.158018545480656E-004
   55611.4473878271      -3.621617037896652E-005  3.157913415933774E-004
   55611.4678215519       3.636869371534956E-004  3.158002893438937E-004
   55611.4882552769      -3.459045637453917E-004  3.157632200917548E-004
   55611.5086890024       7.606045429804364E-004  3.158530106377520E-004
   55611.5291228281      -4.265568057940650E-004  3.157814547203579E-004
   55611.5495564543      -7.736563885485381E-005  3.157878198839905E-004
   55611.5699901808      -6.829163108201808E-005  3.158074892830846E-004
   55611.5904240076       5.175941743407186E-005  3.158618540413235E-004
   55611.6108577350       3.417159742080678E-004  3.158537671531017E-004
   55611.6312913626       5.504889537413238E-004  3.158962102728976E-004
   55611.6517251907      -6.496200868569835E-004  3.158376977236031E-004
   55611.6721589192       2.349142615538646E-004  3.159343751679568E-004
   55611.6925925479      -2.828613520065026E-004  3.159114188401016E-004
   55611.7130263772      -9.871503724590003E-005  3.158984798189469E-004
   55611.7334601066      -1.005037864854064E-004  3.159255839378578E-004
   55611.7538939365      -3.432761956377872E-004  3.159315317137111E-004
   55611.7743275667       4.079953181246321E-004  3.159513576332224E-004
   55611.7947612975      -3.000827803578687E-006  3.159556358579591E-004
   55611.8151950284       4.916198699582708E-004  3.159488011330749E-004
   55611.8356287597       9.450951054557066E-005  3.159504445974555E-004
   55611.8560624915       4.593622523996199E-004  3.159670618484143E-004
   55611.8764962237       2.906624684704262E-004  3.159468968013324E-004
   55611.8969299562      -1.805181540760481E-004  3.158862190529334E-004
   55611.9173637892       2.715002836393143E-004  3.159442620409763E-004
   55611.9377974223      -4.933219025027302E-005  3.159755922111513E-004
   55611.9582311560      -4.104017922176295E-004  3.159123057891324E-004
   55611.9786649899       5.758987169990348E-005  3.159997485288717E-004
   55611.9990986242      -3.938242144874149E-004  3.159095666818315E-004
   55612.0195323590      -2.894287575903043E-004  3.159248274225080E-004
   55612.0399661940      -2.078331793787802E-004  3.159230274377103E-004
   55612.0603998296       6.126487707660555E-004  3.159546706487197E-004
   55612.0808335653       2.894668796724620E-004  3.159362273262270E-004
   55612.1012674015      -3.835383992895069E-004  3.159258708919559E-004
   55612.1217011382      -5.435600596296331E-004  3.158908364052406E-004
   55612.1421348751      -2.519275474343052E-004  3.158715843939257E-004
   55612.1625686124      -1.619985962838522E-004  3.158791495474234E-004
   55612.1830023503      -2.306250680795818E-004  3.158974624362352E-004
   55612.2034360884       9.646570907730911E-004  3.159356012445582E-004
   55612.2238698267       2.141742260208801E-006  3.158598714493723E-004
   55612.2443035654       3.442281923859980E-005  3.158618801280596E-004
   55612.2647374047       4.277780955463939E-006  3.158640453271642E-004
   55870.4675094886       2.795208503012514E-004  3.556726202729515E-004
   55870.4879421740      -6.995657122889076E-004  3.556285149287031E-004
   55870.5083747592      -7.706737010881870E-004  3.555353970772406E-004
   55870.5288072444       2.082362955533323E-004  3.556533759169825E-004
   55870.5492399295      -5.142348671779429E-004  3.555196705067714E-004
   55870.5696725145      -2.338062531032081E-004  3.556122562562255E-004
   55870.5901049994       1.550051101095740E-004  3.555591643002805E-004
   55870.6105376841      -1.336126266751059E-004  3.555285684348000E-004
   55870.6309702687      -2.380924972582577E-004  3.555150589560323E-004
   55870.6514027532       8.745471261606408E-004  3.555989832672393E-004
   55870.6718354376      -3.732179464701613E-004  3.555059836606675E-004
   55870.6922680218       3.747369015747459E-004  3.555417527401182E-004
   55870.7127006060       1.505778874191233E-004  3.555579227289277E-004
   55870.7331331901       1.529801911239748E-004  3.555164187722758E-004
   55870.7535657740       5.042837033715220E-004  3.556116354705492E-004
   55870.8761612753      -3.819453205683443E-004  3.557931413778444E-004
   55870.8965938584       6.818089928444238E-004  3.559098786462335E-004
   55870.9170264414      -7.018673963709032E-004  3.557829427560176E-004
   55870.9374591244       2.116869900075091E-004  3.558033399996712E-004
   55870.9578916071      -1.331863616591544E-004  3.558235894372115E-004
   55870.9783241899      -2.058107636745410E-004  3.558556338026037E-004
   55870.9987568724       4.026193608772655E-004  3.558208698047244E-004
   55871.0191893550      -9.288601688384190E-004  3.556704623036953E-004
   55871.0396219373      -5.156957126934980E-004  3.556464585908739E-004
   55871.0600546196       1.842426111466899E-004  3.556923967309287E-004
   55871.0804872017      -5.088060791432758E-004  3.555136695785660E-004
   55871.1009196837       5.952084563636273E-004  3.555788816358125E-004
   55871.1213523656      -1.974479229374104E-004  3.554188371761876E-004
   55871.1417849475       2.297329731655307E-004  3.554279715939978E-004
   55871.1622174292      -2.197292061557610E-004  3.554008935140169E-004
   55871.1826501108       7.125605509890054E-004  3.554121563398604E-004
   55871.2030826923       3.419883640223276E-004  3.554142256254485E-004
   55871.2235153736      -8.000873470479508E-004  3.553120324786212E-004
   55871.2439478549      -1.240368532158254E-004  3.554269665124264E-004
   55871.2643804360      -2.261487879992030E-004  3.553910200656396E-004
   55871.2848131170       3.901532195351720E-004  3.555084076809278E-004
   55871.3052455979       1.494799678574132E-004  3.555445019338280E-004
   55871.3256781788      -3.431729879473933E-004  3.555647809325910E-004
   55871.3461108595      -2.415025118650549E-004  3.556415809891306E-004
   55871.3665433402      -1.344740257835930E-004  3.557336641977991E-004
   55871.3869759206      -4.028897527210695E-004  3.558531210986754E-004
   55871.4074085010      -2.444368855885060E-004  3.558478000785918E-004
   55871.4278410812      -6.505652979792442E-004  3.559125687174980E-004
   55871.4482737614      -7.429197664233778E-004  3.560038537731540E-004
   55871.4687062415       2.336027010880759E-004  3.561335684183025E-004
   55871.4891388214      -3.844940580257639E-004  3.560790279624458E-004
   55871.5095715012       6.031117712665957E-004  3.561996377510069E-004
   55871.5300040810       5.144579645399716E-005  3.561296958981305E-004
   55871.5504365606      -4.639363209141267E-004  3.560420764340877E-004
   55871.5708692401      -4.297285608507728E-004  3.560228616393414E-004
   55871.5913018195      -1.126022209363420E-004  3.559541317965952E-004
   55871.6117342989      -2.716294293296784E-004  3.558611321900234E-004
   55871.6321669780      -3.375608605415970E-004  3.557798092664128E-004
   55871.6525995571      -1.577872010052328E-004  3.557345805957024E-004
   55871.6730322361       4.534184978870481E-004  3.556917168228069E-004
   55871.6934647149       1.149501423209909E-004  3.556303772857324E-004
   55871.7138972937       4.530641272226799E-004  3.555553509025540E-004
   55871.7343299724       6.177730288108307E-004  3.555589278104991E-004
   55871.7547624510       2.858426654273050E-004  3.554437868481350E-004
   55871.7751950293      -4.293883588514236E-004  3.553792842602330E-004
   55871.7956277076      -1.855222921670618E-004  3.554092889012598E-004
   55871.8160601859      -3.421932601177513E-005  3.553767419950820E-004
   55871.8364927640       1.437647774873430E-004  3.554155558804694E-004
   55871.8569254421      -1.308900052540141E-004  3.553671641589316E-004
   55871.8773579199       2.451015101267995E-004  3.555270312512203E-004
   55871.8977905977      -2.653043782174791E-005  3.555525130251761E-004
   55871.9182231755       7.725384439583038E-005  3.556730636912918E-004
   55871.9386556530      -1.538865191674788E-005  3.557016493936296E-004
   55871.9590883305      -1.015356070772633E-004  3.558061483158265E-004
   55871.9795209079       2.639012037395361E-004  3.559064199831792E-004
   55871.9999534852       7.278146456579648E-005  3.560228912005641E-004
   55872.0203860623      -1.424549662351060E-004  3.559997743244232E-004
   55872.0408186393      -2.118517920641771E-004  3.561247591739419E-004
   55872.0612511164      -6.614565547535811E-005  3.561883453639406E-004
   55872.0816837932      -1.259351279273568E-004  3.561981596898725E-004
   55872.1021163699      -3.164032650411208E-004  3.562844488988945E-004
   55872.1225489466      -7.076627051156859E-004  3.562237301474964E-004
   55872.1429815231       2.024749008737725E-004  3.562993477551285E-004
   55872.1634140996       2.368005822952490E-004  3.562717080119166E-004
   55872.1838466758      -6.805205191943164E-004  3.561510982233556E-004
   55872.2042792521      -1.363201638584499E-004  3.561228376944672E-004
   55872.2247118282       7.000380505401971E-004  3.561290455512314E-004
   55872.2451445042      -8.721305612235941E-005  3.560147618643253E-004
   55872.2655769801       1.621110342571175E-004  3.559038481568054E-004
   55872.2860095560      -8.708268478785364E-005  3.558740504443375E-004
   55872.3064422317       2.543308696496549E-004  3.557548300332427E-004
   55872.3268747072       2.217160012010222E-004  3.558001473876211E-004
   55872.3473073827       1.076821648373638E-004  3.556682747732165E-004
   55872.3677399582      -4.576643833742455E-005  3.556348705915807E-004
   55872.3881724334       5.231751507150939E-005  3.556046294607724E-004
   55872.4086051086       1.185790589841584E-004  3.556268003777873E-004
   55872.4290376837       9.232652042445721E-006  3.555972982775461E-004
   55872.4494701587       2.113745747762685E-004  3.556079107564906E-004
   55872.4699028336       1.674419730182120E-004  3.557409953810254E-004
   56391.7459255882      -2.652463893821899E-004  3.385665652375015E-004
   56391.7663598831       1.860555024992827E-004  3.388176032107194E-004
   56391.7867942783      -3.819981811541417E-004  3.390372684463865E-004
   56391.8072284736       1.397314263877902E-004  3.388700312886642E-004
   56391.8276627693       9.873594829734600E-004  3.391568156786627E-004
   56391.8480971653       6.240586597412445E-004  3.388204348876566E-004
   56391.8685313615       1.519873140731764E-004  3.390713607152532E-004
   56391.8889657579       4.011965016443853E-004  3.392083185552320E-004
   56391.9094000547       3.752619613228703E-004  3.389825133468003E-004
   56391.9298343517       1.695678333926143E-004  3.391366855396443E-004
   56391.9502686490       6.802930499567594E-004  3.392585317571566E-004
   56391.9707029464       6.440377814376230E-004  3.389192071435921E-004
   56391.9911372442       5.347062929401680E-004  3.392162248215317E-004
   56392.0115715423       2.149579297507920E-004  3.392267665099312E-004
   56392.0320058405      -1.053981082959066E-004  3.392129165257041E-004
   56392.0524401391       2.184922257595368E-004  3.393661074443620E-004
   56392.0728744380       1.520262679457485E-004  3.391573764067690E-004
   56392.0933087370      -4.810891468339795E-004  3.392561486627046E-004
   56392.1137430364       3.539732123942763E-004  3.393421643542204E-004
   56392.1341773359       2.209089549145560E-004  3.393994427302852E-004
   56392.1546116358       1.251024820492219E-005  3.396092111148749E-004
   56392.1750460358      -1.513359154973193E-004  3.396053140545357E-004
   56392.1954802363      -1.217148281289493E-004  3.395576802019003E-004
   56392.2159145368       1.910938163425246E-004  3.397290106747990E-004
   56392.2363489377      -5.729338045032950E-004  3.395697078197818E-004
   56392.2567831388      -1.257761812818448E-004  3.395795485980484E-004
   56392.2772175402       9.669625110932945E-004  3.397587853372467E-004
   56392.2976518419       1.143075620630984E-004  3.397167026928643E-004
   56392.3180860437       1.249806910810225E-004  3.396440884030906E-004
   56392.3385204460       6.683035179322339E-005  3.398644265124852E-004
   56392.3589547484      -4.919955893106787E-004  3.399079670499442E-004
   56392.3793889511       3.411078421586833E-004  3.398280352583823E-004
   56392.3998233540       6.397270671865130E-005  3.398720243783264E-004
   56392.4202576572      -1.800277325201272E-004  3.398603612337141E-004
   56392.4406920606      -2.676097636955532E-004  3.398777718414166E-004
   56392.4611262644       2.318207252360871E-005  3.398043725322939E-004
   56392.4815605683      -3.263941551556737E-004  3.397792799495343E-004
   56392.5019949725       1.601833409337061E-004  3.399671519015706E-004
   56392.5224291770      -1.083949114430993E-004  3.397658224749816E-004
   56392.5428634818      -3.144481470531701E-004  3.399326671230294E-004
   56392.5632978868      -1.956200432999822E-004  3.398365022527884E-004
   56392.5837320920       3.108275781413816E-004  3.398859584717695E-004
   56392.6041664975       1.500214688963109E-004  3.399436293575087E-004
   56392.6246008033       1.744201943887358E-004  3.398654077866714E-004
   56392.6450350092      -3.541634137789185E-004  3.397885039268839E-004
   56392.6654694155      -4.108833760593233E-004  3.399311811935475E-004
   56392.6859037221       3.703620078301384E-004  3.399224899078989E-004
   56392.7063379288      -1.728071532381970E-004  3.399877866958847E-004
   56392.7267723359      -5.214801954730452E-004  3.400227761297216E-004
   56392.7472066433       4.357099037803902E-004  3.399481992915756E-004
   56392.7676408507       8.397231718670906E-004  3.399879549143166E-004
   56392.7880752586       5.262404111869845E-004  3.402013960680030E-004
   56392.8085095667       1.257704725246001E-004  3.400678586694730E-004
   56392.8289438750      -1.817454034171995E-004  3.400961193660337E-004
   56392.8493781836       2.317516510339512E-004  3.401322582924886E-004
   56392.8698124924       8.961592123322148E-004  3.401423233619978E-004
   56392.8902469015      -1.225003249565315E-004  3.400614944054658E-004
