   54977.2336423313      -3.709992397014084E-004  5.784690397995353E-004
   54977.2540768150      -2.015628859340923E-004  5.791170613130934E-004
   54977.2745110985       7.605764973019902E-004  5.791091038819486E-004
   54977.2949454817      -9.537286180990590E-004  5.786653733850316E-004
   54977.3153798650      -1.079383694990943E-003  5.787940122363816E-004
   54977.3358143480       5.480351565869679E-004  5.792779447314044E-004
   54977.3562486308       2.966505991957025E-004  5.790822145530091E-004
   54977.3766830135      -1.647555930359701E-004  5.789690757215667E-004
   54977.3971173961       4.500471607957746E-004  5.792524507813861E-004
   54977.4175517786       4.977898171496520E-004  5.790342059755338E-004
   54977.4379861607       1.133816530958232E-004  5.786622809236388E-004
   54977.4584205430      -1.701789671684106E-003  5.781641306487980E-004
   54977.4788550249      -1.036920756608550E-003  5.781245320577932E-004
   54977.4992893067      -2.254242603338952E-005  5.782204360739125E-004
   54977.5197236883      -1.306713146022043E-003  5.783492257770377E-004
   54977.5401580699      -4.509723111788544E-004  5.781571160412486E-004
   54977.5605924513      -2.088243233963838E-003  5.784068134422419E-004
   54977.5810268324      -1.329606452358245E-004  5.780120720593394E-004
   54977.6014612136      -1.553900230514493E-003  5.780201803422594E-004
   54977.6218956945       1.548788040300231E-003  5.782328059194835E-004
   54977.6423299752      -1.910475653636112E-003  5.788656291166847E-004
   54977.6627643556      -3.013272199081429E-003  5.784773743601182E-004
   54977.6831986361      -2.586394950203186E-003  5.782742901576791E-004
   54977.7036331165      -1.383926875156427E-003  5.782090844778245E-004
   54977.7240674968       2.722215607400269E-004  5.781249846131190E-004
   54977.7445017767      -2.965269269212811E-004  5.779268030933756E-004
   54977.7649362565      -4.797734007289112E-005  5.780468433935360E-004
   54977.7853706362      -1.142687496746175E-003  5.780010975926895E-004
   54977.8058050158      -3.641089643968698E-005  5.780698482892627E-004
   54977.8262392950      -1.311982129690414E-003  5.779680233409646E-004
   54977.8466737743      -3.466700690690772E-004  5.778495669844444E-004
   54977.8671081534      -1.336710800673990E-003  5.776272868936039E-004
   54977.8875424324      -7.481185265879597E-004  5.776522905753526E-004
   54977.9079769110      -2.276147495359204E-004  5.786578307962688E-004
   54977.9284112898      -4.413653863279965E-004  5.784091139318146E-004
   54977.9488455682      -6.444808161442106E-004  5.784560665468632E-004
   54977.9692799465      -4.336888553814200E-004  5.780148628171817E-004
   54977.9897144247       2.286336006774858E-003  5.786074085903892E-004
   55033.2843407274      -6.537493570314412E-004  5.325879614209324E-004
   55033.3047744554      -8.698734604614122E-004  5.326124864038984E-004
   55033.3252080830       2.500261418305616E-004  5.327261176209988E-004
   55033.3456418102      -2.535509060054286E-004  5.326806434625979E-004
   55033.3660756373       2.928840941878175E-004  5.326918043164072E-004
   55033.3865092639       9.671374210828976E-004  5.327875203765839E-004
   55033.4069429904       2.113407198827133E-004  5.327100445467427E-004
   55033.4273768166       1.632965495164118E-004  5.327210248042121E-004
   55033.4478104423      -3.833922743671225E-004  5.326390701851400E-004
   55033.4682441678      -6.098156468159477E-005  5.326631978561582E-004
   55033.4886778931      -1.582728053626248E-004  5.326702411134164E-004
   55033.5091117179       2.056689897904640E-004  5.326944410229705E-004
   55033.5295453427       5.740406786711727E-004  5.327590583934068E-004
   55033.5499790670       1.754908819186607E-003  5.329088088784984E-004
   55033.5704128908       4.932177357679368E-004  5.327271650797706E-004
   55033.5908465147      -2.855658242146841E-004  5.326151953489978E-004
   55033.6112802381      -1.354406394568519E-003  5.325561764651001E-004
   55033.6317138613      -1.775497256737646E-003  5.325204545090568E-004
   55033.6521476840      -8.772582435983001E-004  5.325488081344299E-004
   55033.6725814065      -1.854925247542938E-003  5.324737522955442E-004
   55033.6930151287      -1.936464114183578E-003  5.324344906512378E-004
   55033.7134488507      -1.605499597991500E-003  5.325083545542798E-004
   55033.7338825722      -1.055926236193216E-003  5.325884670906843E-004
   55033.7543162938       2.766956055508807E-004  5.326858085179207E-004
   55033.7747499146       2.195754519762616E-005  5.326510617821130E-004
   55033.7951837354      -1.839603687524560E-004  5.326454271763065E-004
   55033.8156174558       2.826521669854198E-004  5.327577219804911E-004
   55033.8360510760       5.658996695117047E-004  5.327288626853662E-004
   55033.8564847959       1.172492278946224E-003  5.328447694163500E-004
   55033.8769186153       7.189477457609783E-004  5.327580831731711E-004
   55033.8973522348      -6.694229233141780E-004  5.326028786786128E-004
   55033.9177859537       3.867198763403135E-004  5.327633204670298E-004
   55033.9382197722      -3.314457215566335E-004  5.326700966363445E-004
   55033.9586534905      -7.244088450919506E-005  5.327365922087163E-004
   55033.9790871086      -5.174309043232128E-006  5.326959219129582E-004
   55033.9995208264       1.078515379697720E-004  5.327265510522147E-004
   55034.0199546440      -1.398339321889708E-006  5.327746257979111E-004
   55034.0403882611       3.338265419094988E-004  5.327591667512108E-004
   55089.3533663555      -9.776488903328051E-004  5.324681538090056E-004
   55089.3737993021       9.398562090323637E-004  5.326466191121501E-004
   55089.3942323483       9.639131783578669E-005  5.326103553670870E-004
   55089.4146652946      -2.249451416527215E-004  5.325135557288706E-004
   55089.4350981403      -2.891216143217079E-004  5.324744746809040E-004
   55089.4555310861       3.103097191499149E-004  5.326580689201033E-004
   55089.4759641313       4.549516321989966E-004  5.325758614661553E-004
   55089.4963969764       1.738765515690854E-004  5.325903091733518E-004
   55089.5168299214       1.455360345548051E-005  5.326160622114296E-004
   55089.5372629660      -7.762577961434314E-005  5.326509534243091E-004
   55089.5576958106       1.928902078876860E-003  5.328775295924181E-004
   55089.5781287547      -4.901491807439706E-004  5.326535178923364E-004
   55089.5985615988      -1.159205569184474E-004  5.326571298191356E-004
   55089.6189946425       5.777470083536684E-004  5.327611171916823E-004
   55089.6394275861      -5.838286701034257E-004  5.326165317619134E-004
   55089.6598605293      -1.746183342644980E-003  5.324763890021076E-004
   55089.6802934725      -1.299571452499482E-003  5.325829769619497E-004
   55089.7007264152      -2.123446530005069E-003  5.325178178024935E-004
   55089.7211593579      -2.206145949822935E-003  5.325459547122586E-004
   55089.7415922002      -1.682365578052902E-003  5.326270063496309E-004
   55089.7620252424      -1.781024120747210E-003  5.325162646739698E-004
   55089.7824581845      -1.200626801867499E-003  5.326563713145077E-004
   55089.8028910260      -8.269433106075086E-004  5.327303435753539E-004
   55089.8233240676      -2.277304044016049E-004  5.327744090823030E-004
   55089.8437570089      -3.358873247849559E-005  5.328293103696498E-004
   55089.8641898497       3.320810344846770E-004  5.328452750861019E-004
   55089.8846227906      -2.781204739884524E-004  5.328019319645124E-004
   55089.9050558312       8.229276255915519E-004  5.329059554563271E-004
   55089.9254887714       2.083761124271888E-005  5.328354506452083E-004
   55089.9459216115      -6.453551136630375E-004  5.327870508261000E-004
   55089.9663546515       1.407989775275009E-004  5.329076169426547E-004
   55089.9867875912       3.818992536386290E-005  5.328629374081495E-004
   55090.0072204304       5.071272158228002E-004  5.329448920272217E-004
   55090.0276533696       1.424861036975589E-003  5.329871515707714E-004
   55090.0480864086       2.481255569450891E-004  5.329350675863280E-004
   55090.0685192474      -7.285414955252589E-004  5.328362091498361E-004
   55090.0889521859       8.328478951160623E-004  5.329980234704368E-004
   55145.4003447591      -2.142553596318209E-004  6.816990495463975E-004
   55145.4207775265       7.659570524820580E-004  6.817714982762939E-004
   55145.4412100939      -2.433382801042439E-003  6.815541520866047E-004
   55145.4616427613      -4.622217058801725E-004  6.815878285604403E-004
   55145.4820754288      -4.502104483307123E-004  6.816417404593439E-004
   55145.5025080964      -1.368703291972695E-003  6.815303717695541E-004
   55145.5229407640      -2.349257265343851E-005  6.816223912572717E-004
   55145.5433734317      -5.029137535842443E-004  6.817028898460454E-004
   55145.5638060994       1.205995956342631E-003  6.816651515168130E-004
   55145.5842387672      -5.039192398026415E-006  6.816076947259267E-004
   55145.6046714350       1.349073873742057E-003  6.819457149468603E-004
   55145.6251042029       1.194341030326562E-003  6.817395942484496E-004
   55145.6455367708       1.098939155686818E-003  6.816951353948333E-004
   55145.6659694388       4.123085688703121E-004  6.816119781370725E-004
   55145.6864020068      -8.773428462812705E-004  6.814186338201828E-004
   55145.7068347749      -2.706520857208239E-003  6.813161273603498E-004
   55145.7272674431      -2.560119119113358E-003  6.812318623238444E-004
   55145.7477001113      -9.828945050740501E-004  6.814860606197704E-004
   55145.7681327796      -1.607974333184270E-003  6.813919732783963E-004
   55145.7885654479      -1.745019371848233E-003  6.813860651250918E-004
   55145.8089981163      -2.004183921161640E-003  6.814173783376056E-004
   55145.8294307847      -1.784000401096386E-003  6.813437479770483E-004
   55145.8498634532      -1.357155332148086E-003  6.813978075797844E-004
   55145.8702961217       2.350610542047882E-004  6.816177385865444E-004
   55145.8907286903       1.269755838513076E-003  6.817234206787786E-004
   55145.9111614589       7.414347145064948E-004  6.816175908827117E-004
   55145.9315941277       9.805784589300703E-004  6.816161138443856E-004
   55145.9520266964      -2.380868694735749E-004  6.815929243426655E-004
   55145.9724594652      -8.310222511070942E-004  6.814395339124975E-004
   55145.9928921341      -1.977088447603359E-004  6.815088070099927E-004
   55146.0133247030       3.871140336146883E-004  6.814582184473230E-004
   55146.0337574720       1.114633963457790E-003  6.816376786039470E-004
   55146.0541901411      -2.757751899142846E-004  6.814431526563964E-004
   55146.0746227102      -1.156717314053091E-003  6.814406416912421E-004
   55146.0950554793      -1.266217698047800E-003  6.812950057122862E-004
   55146.1154881485       1.302311405201095E-003  6.817277040899243E-004
   55146.1359207178      -1.049639063423591E-003  6.812681974666670E-004
   55146.1563533872      -1.034142988821096E-003  6.814311886459549E-004
   55201.4681660724      -1.503938898888002E-004  5.351203847504461E-004
   55201.4885991954       1.866927289375653E-004  5.352206102078312E-004
   55201.5090324188      -4.550119286066412E-004  5.350684119423041E-004
   55201.5294657425      -3.770033395358308E-004  5.350603151258778E-004
   55201.5498988666      -4.318940074016231E-004  5.350390518647222E-004
   55201.5703320908      -3.349127932436025E-004  5.350766181751686E-004
   55201.5907654154      -2.425260292953091E-004  5.350501758692719E-004
   55201.6111985404       4.000997707120924E-004  5.351869464170138E-004
   55201.6316317656       9.149565547235117E-004  5.352826493282870E-004
   55201.6520649912       4.595120750192638E-004  5.351323840865012E-004
   55201.6724983171      -2.928113123460419E-004  5.351044828947619E-004
   55201.6929314434       1.204272400739947E-003  5.352198442927639E-004
   55201.7133646699      -1.604815489619771E-004  5.351091878016042E-004
   55201.7337979967      -1.213245573494781E-004  5.351234484107154E-004
   55201.7542311239      -1.584433059246493E-003  5.349215750822485E-004
   55201.7746643514      -1.814846134856274E-003  5.347597116980143E-004
   55201.7950976792      -1.115181281457489E-003  5.349310578402252E-004
   55201.8155308073      -2.333629694285855E-003  5.347378284103755E-004
   55201.8359640357      -7.692860020774850E-004  5.349155571781479E-004
   55201.8563973644      -2.002663428485763E-003  5.348231367600204E-004
   55201.8768304935      -8.267865211528669E-004  5.349358356913597E-004
   55201.8972637230      -1.582184717589863E-003  5.347946884860901E-004
   55201.9176969527      -4.939822396151650E-004  5.349715054502107E-004
   55201.9381301827       1.036031531796988E-003  5.352341413740212E-004
   55201.9585634129       3.902778367368409E-004  5.351248343522659E-004
   55201.9789966437      -4.003352342873967E-005  5.350414954985085E-004
   55201.9994298746       8.329483822282491E-004  5.351725034471722E-004
   55202.0198631060      -2.514707368627134E-004  5.349911639369395E-004
   55202.0402963376      -4.519367652205952E-004  5.349189490877318E-004
   55202.0607295695       1.689955569976753E-004  5.349674570419976E-004
   55202.0811628018       4.119745938966357E-004  5.349456102265050E-004
   55202.1015959343       2.564246415390770E-004  5.350065187104327E-004
   55202.1220292672       1.263206574575459E-004  5.349442972292466E-004
   55202.1424625005      -2.327348253186035E-004  5.349378416593932E-004
   55202.1628956340      -8.370998165792010E-004  5.349112534649123E-004
   55202.1833288677       1.529842018483940E-004  5.350088893999269E-004
   55202.2037622020      -1.912700324991912E-004  5.349801858209742E-004
   55257.5177367236      -5.285586808256859E-004  5.391573407097402E-004
   55257.5381707293      -3.440506638680008E-004  5.392650064849227E-004
   55257.5586048352       8.625618205588825E-004  5.394196119120900E-004
   55257.5790390414      -8.214636203768277E-004  5.390591576925346E-004
   55257.5994731479       2.034981432912364E-004  5.392659182885742E-004
   55257.6199071547       2.636348801177135E-004  5.392707326118548E-004
   55257.6403413616       2.872622080176690E-004  5.392780270410677E-004
   55257.6607754689       2.436539474028887E-004  5.393012597981107E-004
   55257.6812094764       8.932132766052980E-004  5.393007127159197E-004
   55257.7016436844      -6.866210292133523E-005  5.392344428265206E-004
   55257.7220777924       1.003998819580687E-003  5.394516709284807E-004
   55257.7425118008       9.032114859806040E-004  5.393824103231042E-004
   55257.7629460094      -3.883324651821063E-005  5.393362730583326E-004
   55257.7833801184       1.126700686833626E-003  5.394703081951196E-004
   55257.8038141275      -9.908116916983456E-004  5.391266311627539E-004
   55257.8242483369      -1.030280097299996E-003  5.392003413699503E-004
   55257.8446824467      -1.781465014198624E-003  5.391265946906079E-004
   55257.8651164566      -1.011631503755717E-003  5.392294826146558E-004
   55257.8855506669      -1.807169338376546E-003  5.390908884596108E-004
   55257.9059847774      -8.975790371804626E-004  5.392043533060174E-004
   55257.9264188882      -8.415817457400054E-004  5.392017273115007E-004
   55257.9468528992      -1.199900196279691E-003  5.391649633882678E-004
   55257.9672871106      -7.909457110897300E-004  5.392567273077660E-004
   55257.9877211221       1.031086110931945E-004  5.394063725230686E-004
   55258.0081552340       2.975669836053907E-004  5.393158486565365E-004
   55258.0285894462      -4.262815862011715E-004  5.392330933571162E-004
   55258.0490234586      -3.470898437162306E-004  5.393058188163688E-004
   55258.0694575713       4.787928682177256E-004  5.394446318042902E-004
   55258.0898917842       9.966537072592097E-005  5.393998440089231E-004
   55258.1103257974       5.745751902859197E-004  5.394158188088993E-004
   55258.1307599109       7.166723352836080E-005  5.392915217351115E-004
   55258.1511941246       2.502459897997245E-003  5.397156927938416E-004
   55258.1716281386      -5.024056056690540E-005  5.393748241167228E-004
   55258.1920622529      -4.795749048900344E-004  5.393242372501314E-004
   55258.2124964675       9.337862008924613E-004  5.395315814005080E-004
   55258.2329304822       3.994263920967800E-004  5.394431729184477E-004
   55258.2533645974       2.031598991631967E-004  5.394595853841767E-004
   55313.5692218546       2.003590381911557E-004  5.841288840428575E-004
   55313.5896564594       1.778556215097371E-004  5.840149016523919E-004
   55313.6100909642      -1.889103243841506E-003  5.838428364255693E-004
   55313.6305253690      -5.067736071409090E-004  5.839827547034296E-004
   55313.6509599738      -3.209054690955782E-005  5.840115890862225E-004
   55313.6713943786      -1.741211580810420E-003  5.837501975012179E-004
   55313.6918288834      -5.889398845373428E-004  5.838994135500309E-004
   55313.7122634883       7.829997597055272E-004  5.841352833184121E-004
   55313.7326978931       1.226175681403596E-004  5.840298082001542E-004
   55313.7531323979      -6.924814968345405E-005  5.839696173671441E-004
   55313.7735670028       1.097118286242482E-003  5.841290346140471E-004
   55313.7940014077       4.021993298470861E-004  5.840901496043539E-004
   55313.8144359125       4.713865386776206E-004  5.840426067512633E-004
   55313.8348705174      -5.068003000734400E-004  5.839418369826779E-004
   55313.8553050222      -9.507087704493378E-004  5.831785916230073E-004
   55313.8757395271      -2.593925678232911E-003  5.828477114340398E-004
   55313.8961740320      -2.431185423321214E-003  5.829914692772329E-004
   55313.9166085369      -1.828176954543292E-003  5.830379204891994E-004
   55313.9370430418      -1.573082131097525E-003  5.830454490486753E-004
   55313.9574775467       7.705303896790028E-004  5.840292435581935E-004
   55313.9779120516      -1.873605084860452E-003  5.829689965271971E-004
   55313.9983466565      -1.500151431586993E-003  5.830935189009292E-004
   55314.0187810615      -1.699859643416679E-003  5.830500038271583E-004
   55314.0392155664      -1.308374648394839E-003  5.834098689701081E-004
   55314.0596501713       3.425295093253400E-004  5.839751132155615E-004
   55314.0800845762      -1.513641359622842E-003  5.830815861341598E-004
   55314.1005190812       1.841059140240464E-003  5.841749964696477E-004
   55314.1209536861       4.733290374476784E-004  5.839157505240938E-004
   55314.1413880911      -1.556670174221453E-003  5.830207177307968E-004
   55314.1618225960       8.597245781822860E-004  5.839948380413885E-004
   55314.1822572010       1.057999903232965E-003  5.840560828727252E-004
   55314.2026916059      -3.175916956593694E-004  5.838935036308424E-004
   55314.2231261109       1.420643484073558E-004  5.838711438091988E-004
   55314.2435607159       2.494643054249401E-004  5.839316734273854E-004
   55314.2639951209      -2.499730869034433E-004  5.839373198469923E-004
   55314.2844296258       6.652301111711445E-004  5.839846368432985E-004
   55314.3048641308      -3.335524752363650E-004  5.838871419980852E-004
   55314.3252986358       7.871320202947896E-004  5.839421381250569E-004
   55369.6207767966       1.187255277173005E-003  5.754354682020052E-004
   55369.6412108740       5.652672274916171E-004  5.750812494786623E-004
   55369.6616450510       1.657420104681506E-004  5.750049098855763E-004
   55369.6820793279      -1.345632166269928E-003  5.748741764502767E-004
   55369.7025134047       2.638036444868597E-005  5.750911118915758E-004
   55369.7229475811      -1.187528999139653E-003  5.748657444636636E-004
   55369.7433818572       2.601899899206117E-004  5.750650254329917E-004
   55369.7638159332      -9.220773893319212E-004  5.748228693174481E-004
   55369.7842501090      -3.155631384860191E-004  5.749667400890333E-004
   55369.8046843845       1.056122855807029E-004  5.749181808804135E-004
   55369.8251184599       9.716343747232514E-004  5.751109120029975E-004
   55369.8455526350      -5.106823916936065E-004  5.748619801839256E-004
   55369.8659869098      -8.537059439045480E-004  5.749044789021673E-004
   55369.8864210844      -1.211084085324665E-003  5.748011117805627E-004
   55369.9068551588      -3.786428933642005E-004  5.748354043689756E-004
   55369.9272894330      -2.062407027396906E-003  5.747479977934600E-004
   55369.9477236069      -3.429855090687717E-003  5.745605743053064E-004
   55369.9681576806      -1.442642660647864E-003  5.746606288607416E-004
   55369.9885919541      -1.928412165087101E-003  5.747108819952435E-004
   55370.0090261273      -8.695527198410158E-004  5.748264077404018E-004
   55370.0294604003      -1.711522537722665E-003  5.747068165731265E-004
   55370.0498944731      -1.707233188078083E-003  5.746317944779489E-004
   55370.0703286456      -2.026784111414992E-003  5.746188829984476E-004
   55370.0907629179      -3.406663793369402E-004  5.748236221733957E-004
   55370.1111969900      -3.048544962531707E-004  5.749171268820869E-004
   55370.1316311620       7.833668075385436E-004  5.749516453272840E-004
   55370.1520654336       1.551009552355209E-003  5.750597177985611E-004
   55370.1724995050      -8.341521716567213E-004  5.748091296964046E-004
   55370.1929336761      -5.377938504305124E-004  5.747357262415141E-004
   55370.2133679473       7.043332317895334E-004  5.749348942824501E-004
   55370.2338020179       1.056683307675721E-003  5.749483704039120E-004
   55370.2542361884       9.310993550828428E-004  5.750306952017814E-004
   55370.2746704586       1.210221931867261E-003  5.749498761158072E-004
   55370.2951045288       1.513856226671439E-004  5.747466802955517E-004
   55370.3155386985       2.897763286942023E-004  5.749604537418709E-004
   55370.3359729680       4.893709408742009E-004  5.748068334857644E-004
   55370.3564070375       1.178926992980722E-003  5.747976110004063E-004
   55370.3768412066      -2.911105485514653E-005  5.746667646367146E-004
   55425.6911498226      -3.689414375535049E-004  5.378389750437240E-004
   55425.7115831321       1.102121752976082E-004  5.378392305749452E-004
   55425.7320165414      -1.413683286432765E-003  5.376381640083040E-004
   55425.7524500505       7.530904979851094E-004  5.378681786118636E-004
   55425.7728833591      -4.386870108477048E-004  5.377939285398686E-004
   55425.7933167675      -3.154535013220050E-004  5.377270523688290E-004
   55425.8137502757      -3.334909467215263E-004  5.377493565939956E-004
   55425.8546169910      -3.431939408586882E-004  5.377657836010742E-004
   55425.8750504983      -1.917031458166241E-004  5.378204672824156E-004
   55425.8954838052      -3.459118828222918E-004  5.377082160673790E-004
   55425.9159173118      -3.225473521676347E-004  5.376887956945660E-004
   55425.9363507180       5.188976042505011E-004  5.378395226106267E-004
   55425.9567841241      -3.053709181076725E-004  5.377146408523697E-004
   55425.9772175299      -1.167428467390152E-003  5.376576573900372E-004
   55425.9976509353      -2.092560726071890E-003  5.374849912934117E-004
   55426.0180843404      -1.359420188535743E-003  5.375608840661146E-004
   55426.0385177453      -1.928042457195134E-003  5.374841516908277E-004
   55426.0589511497      -2.180734442608023E-003  5.374584890553250E-004
   55426.0793845541      -2.493687171879144E-003  5.374117633463017E-004
   55426.0998179581      -2.133965196092213E-003  5.374454204585826E-004
   55426.1202513616      -1.429214877259999E-003  5.374806107581908E-004
   55426.1406846650      -1.307780297641448E-003  5.374972202875701E-004
   55426.1611181681      -2.631597733500080E-004  5.376129029218633E-004
   55426.2019848732      -5.392888988807742E-004  5.375936285668911E-004
   55426.2224183753      -1.864313631443348E-004  5.375512468886285E-004
   55426.2428517772      -1.048096575705371E-004  5.376277967416145E-004
   55426.2632852788      -1.156381507328663E-003  5.374440332890960E-004
   55426.2837185799      -7.593963311290919E-004  5.375118585761001E-004
   55426.3041519809      -1.658222102294382E-003  5.374489248867594E-004
   55426.3245854816      -1.112993992091749E-004  5.375383243097267E-004
   55426.3450187820       5.130579127627932E-004  5.376456839271000E-004
   55426.3654521820      -3.509309745732825E-004  5.375657391593178E-004
   55426.3858856818      -1.421718881248091E-003  5.373563860802169E-004
   55426.4063189813       6.198909437256095E-004  5.375765444795294E-004
   55426.4267523804      -8.711103692803368E-004  5.373395210196163E-004
   55481.7389582597      -8.988742544138173E-004  6.871487134352561E-004
   55481.7593909115       1.206255767834952E-003  6.873783772415643E-004
   55481.7798237633      -2.952898912604862E-004  6.872677789452802E-004
   55481.8002565150      -8.480527881971067E-005  6.872210968730681E-004
   55481.8206892665      -3.547214180974478E-004  6.872838891307145E-004
   55481.8411220178      -1.242931141045900E-003  6.870133878776076E-004
   55481.8615547690       1.181079721785938E-004  6.872758715035449E-004
   55481.8819876200       1.121006077239972E-003  6.873730571338163E-004
   55481.9024202710      -8.482075846361070E-006  6.873630912981755E-004
   55481.9228530217       1.025310746649133E-003  6.874346504939419E-004
   55481.9432858724       1.259822697725621E-004  6.874335265275162E-004
   55481.9637185228      -5.552024955176593E-004  6.872052114809189E-004
   55481.9841512732      -4.035921555488597E-004  6.873209050916659E-004
   55482.0045841233      -3.226592754015378E-004  6.872606604912511E-004
   55482.0250167734       8.144206461846437E-005  6.873459320774105E-004
   55482.0454495233      -1.637282735293399E-003  6.871777117690379E-004
   55482.0658823731      -1.240202792236467E-003  6.871631751365995E-004
   55482.0863150227      -1.150914828499827E-003  6.872351839189363E-004
   55482.1067478723      -1.931349241721447E-003  6.871931475746169E-004
   55482.1271806217      -1.550342705610497E-003  6.871763630093272E-004
   55482.1476133709      -1.170749134761451E-003  6.872717502933174E-004
   55482.1680461199      -1.923700542976525E-003  6.872112059685224E-004
   55482.1884788689      -1.198297531102344E-003  6.871799597018892E-004
   55482.2089116177      -4.078597060298561E-004  6.873424852470385E-004
   55482.2293443663      -4.332605627990205E-004  6.873408367629475E-004
   55482.2497771149      -8.834139098737870E-004  6.873974097397053E-004
   55482.2702098632      -5.010749705121054E-004  6.873285480633604E-004
   55482.2906426115       1.203688086687471E-003  6.875843628218387E-004
   55482.3110753596      -4.822605922571999E-005  6.873107893938351E-004
   55482.3315081075       2.108077990017332E-004  6.875393292337177E-004
   55482.3519408553       1.642246692913574E-003  6.876260994417779E-004
   55482.3723736031       4.300458005805918E-004  6.875971760390912E-004
   55482.3928064506      -3.789084198990711E-004  6.874447661917728E-004
   55482.4132390981      -8.862471170821840E-004  6.873227034379470E-004
   55482.4336718453      -2.835932690301579E-004  6.874891254000386E-004
   55482.4541046924       1.925289004289787E-004  6.874806581862986E-004
   55482.4745373394      -4.710562644637539E-004  6.875703507070657E-004
   55537.7858546886       9.994863050146741E-004  6.921597304162872E-004
   55537.8062874748       6.058455737312229E-006  6.921882791634987E-004
   55537.8267203611      -7.910014726599801E-004  6.920794792134956E-004
   55537.8471531476       1.637877340014970E-004  6.922079111104000E-004
   55537.8675858343      -1.072086781090942E-003  6.919911354524394E-004
   55537.8880187211      -2.336642773038689E-004  6.922488984193888E-004
   55537.9084515082      -7.407276200062096E-004  6.921720940469693E-004
   55537.9288842954      -3.335875860769333E-004  6.921952477553378E-004
   55537.9493170828      -4.603061009963438E-004  6.921622780735186E-004
   55537.9697498704       3.838824622095505E-004  6.921941987200072E-004
   55537.9901827581      -4.105903410822620E-005  6.922737755429433E-004
   55538.0106154459       4.066909220767911E-005  6.922160785997598E-004
   55538.0310482341      -4.231934365468426E-004  6.920486825334328E-004
   55538.0514811223      -5.362373153244837E-004  6.921159706567817E-004
   55538.0719138107      -1.691981416115373E-004  6.921834086423209E-004
   55538.0923465993      -9.291420409275331E-004  6.920651673743423E-004
   55538.1127794881      -2.673396504996206E-003  6.919606384967567E-004
   55538.1332121771      -1.641705644323865E-003  6.919677569507858E-004
   55538.1536450662      -2.422499828686808E-003  6.919300666099789E-004
   55538.1740778555      -1.352413445156131E-003  6.920665161340531E-004
   55538.1945105450      -1.325100787179512E-003  6.919490991081200E-004
   55538.2149434346      -1.992060458305356E-003  6.921040566126699E-004
   55538.2353762245      -1.042670144524083E-003  6.922004929319908E-004
   55538.2558089144      -5.279088942040655E-004  6.919783971662820E-004
   55538.2762418046       9.616645241039556E-004  6.923905181890210E-004
   55538.2966744950       1.037777655792826E-003  6.922674063998646E-004
   55538.3171072855       9.327435511075066E-005  6.921597304162872E-004
   55538.3375401762       4.839461446362048E-004  6.923292994843705E-004
   55538.3579729671      -9.590735350282209E-004  6.920444863921103E-004
   55538.3784057582      -1.459795683018683E-004  6.920783552470700E-004
   55538.3988385494       3.547402905277330E-004  6.921460180258942E-004
   55538.4192713408      -4.018143487863890E-004  6.921849821953168E-004
   55538.4397041324       1.170835042607621E-005  6.922747496471789E-004
   55538.4601369242       9.990687367866791E-005  6.922318890608140E-004
   55538.4805697161      -8.217317613323782E-005  6.922481491084384E-004
   55538.5010026082      -4.017043752116978E-004  6.922445524158763E-004
   55538.5214353005       1.143754904564087E-003  6.924788619500772E-004
   55538.5418680930      -4.610641529989579E-004  6.922769975800301E-004
   55649.9047909977      -1.840333878100342E-004  5.859562859323321E-004
   55649.9252253345      -4.983751803644410E-005  5.859338730505494E-004
   55649.9456597715      -4.963809146085740E-005  5.859491683279822E-004
   55649.9660940088      -4.295314804692030E-004  5.858857535019922E-004
   55649.9865283462       1.279859101360081E-003  5.860735749657153E-004
   55650.0069627837      -6.590726855049134E-005  5.859057055099305E-004
   55650.0273970215       1.967820892259109E-004  5.859471239097114E-004
   55650.0478313594      -4.077976945201511E-004  5.858816268058531E-004
   55650.0682657975      -1.397839645944643E-005  5.859051754755640E-004
   55650.0887000358       7.608626923398809E-004  5.859735877684380E-004
   55650.1091343743       7.524656110868833E-004  5.859933883379859E-004
   55650.1295688130       2.760552305947073E-005  5.858814753674627E-004
   55650.1500031519      -1.235889800171863E-004  5.857970484648014E-004
   55650.1704374909       1.186709944400732E-004  5.858312735410372E-004
   55650.1908718302       8.036757908702619E-005  5.858378232514231E-004
   55650.2113061695      -1.403717999562959E-003  5.856620789993362E-004
   55650.2317405091      -2.494595387674270E-003  5.855079525774824E-004
   55650.2521748489      -1.908862669651068E-003  5.855591387534456E-004
   55650.2726091889      -1.540623909847549E-003  5.855995728036888E-004
   55650.2930435290      -1.372045441941916E-003  5.855990806289199E-004
   55650.3134778693      -1.538247863784648E-003  5.855722381742172E-004
   55650.3339123098      -1.730347212158256E-003  5.855516425531197E-004
   55650.3543466505      -1.665306710041170E-003  5.855584194210911E-004
   55650.3747808913      -3.513057090454019E-005  5.857158774875342E-004
   55650.3952153323       5.049540329109536E-004  5.857617254602350E-004
   55650.4156495735       1.077668007123611E-003  5.858851477484305E-004
   55650.4360839150       2.271436009466665E-004  5.857552514690445E-004
   55650.4565183565       1.082631317626204E-003  5.858238909195040E-004
   55650.4769525983       2.260420454471834E-004  5.857145524016180E-004
   55650.5178213824      -3.325188984946159E-004  5.856355394214145E-004
   55650.5382556247      -1.669447235723709E-004  5.856191462156510E-004
   55650.5586900672      -6.472312829242099E-005  5.856513647332138E-004
   55650.5791244098       1.282115960306029E-004  5.856481466674172E-004
   55650.5995586527      -2.171537919095634E-004  5.855821195291924E-004
   55650.6199930958      -1.189701434155754E-003  5.855123064312071E-004
   55650.6404274390       5.322599337937994E-004  5.856660542570848E-004
   55650.6608617823       9.064917383208027E-004  5.857198148856853E-004
   55705.9565367616       5.113430157408505E-004  5.823278978169727E-004
   55705.9769712233       1.012664568174060E-003  5.823401643265970E-004
   55705.9974057848       3.127025447311471E-004  5.822371862211088E-004
   55706.0178401463       5.373563696808858E-004  5.822395335161604E-004
   55706.0382746076       1.755044568965580E-003  5.824024433646589E-004
   55706.0587091689       1.516388602482710E-004  5.822435087739090E-004
   55706.0791436301       1.027662011272579E-004  5.822446067022397E-004
   55706.0995779911       1.074560539609859E-003  5.823947578663448E-004
   55706.1200125521       1.372916094322107E-005  5.822595612432939E-004
   55706.1404470130       3.134554077981466E-004  5.822780745865232E-004
   55706.1608813738       8.748541761716133E-004  5.823501592603650E-004
   55706.1813159346       4.470856406937340E-004  5.822795511108299E-004
   55706.2017503951       1.375691851666527E-003  5.824046770809176E-004
   55706.2221847556      -5.533019638948034E-005  5.822593719453059E-004
   55706.2426193161       1.102229947439470E-003  5.823545888332850E-004
   55706.2630537765      -5.122381084713412E-004  5.821364796914770E-004
   55706.2834883367      -1.566188639239519E-003  5.820316086061085E-004
   55706.3039226969      -9.651189372164026E-004  5.821591954500405E-004
   55706.3243571570      -2.154990738485241E-003  5.819804224301453E-004
   55706.3447917169      -2.344105592654522E-003  5.818924745849066E-004
   55706.3652260768      -1.894261352114790E-003  5.820209700591812E-004
   55706.3856605366      -1.189704563593463E-003  5.821263333193186E-004
   55706.4060950963      -1.093953566948747E-003  5.821225473595580E-004
   55706.4265294558      -6.215582975299672E-005  5.822056491763031E-004
   55706.4469639153      -1.516500929622522E-004  5.822147733393261E-004
   55706.4673984748      -8.807548865563675E-006  5.822117445715176E-004
   55706.4878329341       7.183550443141673E-004  5.823278220977775E-004
   55706.5082673933       1.042948305829405E-004  5.822270019893528E-004
   55706.5287018525      -5.547853325462704E-004  5.821532136336188E-004
   55706.5491363115       1.074052500360745E-003  5.823263834330685E-004
   55706.5695707704       2.559334383229750E-004  5.822823527210527E-004
   55706.5900052293      -1.661078399614047E-004  5.821696446989799E-004
   55706.6104395880      -1.102658867377704E-003  5.820699225188858E-004
   55762.0076306421      -4.951477643944102E-004  5.272637729574059E-004
   55762.0280646653       1.740952900024517E-004  5.273163251094772E-004
   55762.0484984882       1.243252984584053E-004  5.272804290215508E-004
   55762.0689324109      -2.665856206262029E-004  5.273061289444242E-004
   55762.0893664331      -5.193679576482868E-004  5.272837462670303E-004
   55762.1098002552       1.206911303290870E-004  5.275304445755910E-004
   55762.1302341772      -2.475963539970705E-004  5.272992151064773E-004
   55762.1506681987       1.558239279209062E-005  5.273298734383832E-004
   55762.1711021198      -6.339666942651867E-004  5.272632491818038E-004
   55762.1915360408      -2.505074669326701E-004  5.272608747324079E-004
   55762.2119699614       7.920874624001151E-004  5.273985229606239E-004
   55762.2324038821       2.016554050876529E-004  5.276717941513948E-004
   55762.2528378022      -2.481092989459199E-005  5.273472977067445E-004
   55762.2732717221      -4.347620934271879E-004  5.272706169586059E-004
   55762.2937056416      -1.097181031256333E-003  5.272430663619386E-004
   55762.3141396610      -1.384942099547537E-003  5.271158587273899E-004
   55762.3958752355      -1.286841125255789E-003  5.273692613636567E-004
   55762.4163091533      -1.819221802183302E-003  5.271258104638287E-004
   55762.4367431711      -1.750707168886811E-003  5.270944188460798E-004
   55762.4571769885      -1.949211694159736E-003  5.271163825029920E-004
   55762.4776110056      -9.075961203038885E-004  5.272407268309161E-004
   55762.4980449225      -1.360875525079241E-003  5.270137574033656E-004
   55762.5184787389       1.162892521744396E-004  5.272881459820874E-004
   55762.5389127553      -2.189059531186865E-004  5.272352446462815E-004
   55762.5593466713       2.161872356785111E-004  5.272933488197343E-004
   55762.5797804870       5.086152321021054E-004  5.272765181637221E-004
   55762.6002145025      -9.579994046715612E-004  5.272075892944938E-004
   55762.6206484175      -2.271684509657090E-004  5.272834669200426E-004
   55762.6410823325      -1.210152232121064E-003  5.271004946430633E-004
   55762.6615162471      -4.548163243318637E-004  5.271571322448306E-004
   55762.6819501614       5.355710209491438E-004  5.272670552845120E-004
   55762.7023840755       8.933238708692670E-004  5.273662583835383E-004
   55762.7228179893       7.815132039032946E-004  5.272741786326998E-004
   55762.7432519027      -3.342201647927867E-004  5.271644301848856E-004
   55762.7636858159       3.801478391876056E-004  5.272529133432569E-004
   55818.0772268335      -6.466040985153576E-005  5.265500763220666E-004
   55818.0976599578      -8.304027857153340E-005  5.266351374798379E-004
   55818.1180931819      -2.598017842568856E-004  5.265877183286665E-004
   55818.1385262055      -5.860364852032784E-004  5.265954003708297E-004
   55818.1589593289       2.631453527308647E-004  5.266390832560398E-004
   55818.1793925523      -2.159639268131119E-004  5.266023142087767E-004
   55818.1998255753       1.120244407163851E-003  5.269444095136555E-004
   55818.2202587977       3.072729262358909E-004  5.267619959306519E-004
   55818.2406919202      -6.063214170871634E-004  5.266259539476154E-004
   55818.2611249424      -3.645736485518025E-004  5.265710273461482E-004
   55818.2815581642      -2.761281551242334E-004  5.265549648943523E-004
   55818.3019912857      -3.887979646899353E-004  5.267189066577907E-004
   55818.3224243070      -9.436879197651793E-004  5.265563267109176E-004
   55818.3428575281       3.928176500076486E-004  5.267622403592662E-004
   55818.3632906489      -5.201954977374079E-004  5.266903434282929E-004
   55818.3837237695      -1.206980591982432E-003  5.264468576100913E-004
   55818.4041568897      -1.790753551584201E-003  5.265554886699544E-004
   55818.4245900098      -1.365447337295600E-003  5.265324774618381E-004
   55818.4450231295      -1.102802027539873E-003  5.266098216590726E-004
   55818.4654562489      -1.325533568438231E-003  5.265832487768625E-004
   55818.4858893681      -8.554594433404228E-004  5.266689384653562E-004
   55818.5063224868      -1.010142941721082E-003  5.266148499048522E-004
   55818.5267556056      -1.415365551804326E-003  5.265941782277583E-004
   55818.5471887239      -2.646580994580816E-006  5.267138784120111E-004
   55818.5676219421       6.271358534166716E-004  5.269265313064393E-004
   55818.5880549599       9.212746274094297E-004  5.270293309979329E-004
   55818.6084880775       1.286387853816073E-004  5.268061676730906E-004
   55818.6289212949      -1.020916835003494E-003  5.266905180201602E-004
   55818.6493543117      -2.574508582290358E-004  5.267163226981540E-004
   55818.6697874286       8.334285625337667E-004  5.273808193452750E-004
   55818.6902206450       1.040016761294948E-003  5.272251183179754E-004
   55818.7106536612      -7.171089131106090E-004  5.267830866282273E-004
   55818.7310867774       3.600734647644099E-004  5.267413940903049E-004
   55818.7515199929      -9.245602533204389E-004  5.266763062421582E-004
   55818.7719530083       3.464388810736629E-004  5.269989869313881E-004
   55818.7923861236       5.938879692788390E-004  5.270495138177982E-004
   55818.8128193386       1.238808869836738E-004  5.270804514966920E-004
   55874.1244658468       1.989307469192347E-004  7.025319972907777E-004
   55874.1448985100      -1.623192046967814E-004  7.024069077177577E-004
   55874.1653312732       4.339296552393623E-004  7.025460918905546E-004
   55874.1857638363       6.758965085511548E-004  7.025022760695090E-004
   55874.2061965995      -1.113025303961956E-003  7.022840395762243E-004
   55874.2266292626      -1.165931665580988E-004  7.023755778736883E-004
   55874.2470619256      -1.672860429493550E-004  7.024214619240491E-004
   55874.2674945886      -7.407805814503288E-004  7.023216507093245E-004
   55874.2879272516      -2.241966318858091E-003  7.020438951724167E-004
   55874.3083599146      -6.517900061304704E-004  7.023517549360219E-004
   55874.3287925774       1.177617813681531E-003  7.025740512868511E-004
   55874.3492252403       2.988927333078539E-004  7.025254861984894E-004
   55874.3696579032      -1.580023428510158E-004  7.024967607913355E-004
   55874.3900906660      -5.090195440704548E-004  7.023793313268898E-004
   55874.4105232288      -6.607030340912701E-004  7.024261345902795E-004
   55874.4309559915      -7.188812447649351E-004  7.022519437212975E-004
   55874.4513886542      -5.794396837005555E-004  7.024377779553126E-004
   55874.4718212170      -2.015043842689357E-003  7.021838453560711E-004
   55874.4922539796      -1.755187870774333E-003  7.022989001868586E-004
   55874.5126866422      -1.192347877925437E-003  7.023197356821809E-004
   55874.5331192048      -2.528712426611457E-003  7.021593330086330E-004
   55874.5535519674      -2.683616946536738E-003  7.020602112036802E-004
   55874.5739846299      -2.201217519074428E-003  7.022822777512522E-004
   55874.5944171924      -1.620161034686651E-003  7.023651601260272E-004
   55874.6148499549       1.065906248222115E-003  7.026195523317831E-004
   55874.6352826173       2.269598696897912E-004  7.025350613342075E-004
   55874.6557152797       1.525117538101473E-004  7.024347139118828E-004
   55874.6761479421       1.092128394575731E-003  7.025562798349586E-004
   55874.6965806044       9.318731105911748E-004  7.025750471009658E-004
   55874.7170132667       3.772591313053741E-004  7.024616774940647E-004
   55874.7374459290      -7.221008371174342E-004  7.024122697937597E-004
   55874.7578785913       7.603147843926461E-004  7.025873032746849E-004
   55874.7783112534      -7.684142712697239E-004  7.024568516256629E-004
   55874.7987439156      -1.782502327454250E-004  7.025211965376878E-004
   55874.8191765777       1.254366077352298E-004  7.024786063340141E-004
   55874.8396092399      -1.223524529321285E-004  7.024391567748559E-004
   55874.8600419020      -2.909589679505054E-004  7.024897900925328E-004
   55874.8804746641      -6.836749220825444E-004  7.024557026093767E-004
   55930.1919627526      -1.482964738931170E-003  7.124368240818244E-004
   55930.2123957608      -5.690636018810258E-004  7.125847407783960E-004
   55930.2328286691      -3.837534486490490E-004  7.127239249511930E-004
   55930.2532617779       5.921192069546777E-006  7.126126235736069E-004
   55930.2736947868      -3.308090813486375E-004  7.126573586076814E-004
   55930.2941277960      -2.792587752914466E-004  7.126079509073765E-004
   55930.3145608056       2.183187904112316E-004  7.126807219388333E-004
   55930.3349938153       1.052956853517806E-004  7.126994126037549E-004
   55930.3554269253      -1.488700306783164E-004  7.127578592321775E-004
   55930.3758598357      -8.159715479215679E-004  7.127115921763882E-004
   55930.3962928463      -1.056508623775376E-003  7.126862372170069E-004
   55930.4167259571      -9.309575877162191E-004  7.127767797003564E-004
   55930.4371588682      -5.882965497054915E-004  7.126709936009438E-004
   55930.4575919796      -2.377194653346848E-006  7.127935553381343E-004
   55930.4780249912      -2.922721885127100E-003  7.124279383558780E-004
   55930.4984579032      -2.212955695861774E-003  7.125678119384466E-004
   55930.5188910153      -2.043262942057700E-003  7.125939329086854E-004
   55930.5393239277      -3.456323442454279E-003  7.124905214429309E-004
   55930.5597569406      -2.809978082639497E-003  7.126404297677320E-004
   55930.5801900536      -3.061720559795145E-003  7.125732506155345E-004
   55930.6006229668      -3.397065593807813E-003  7.123911698347209E-004
   55930.6210559803      -2.878640775355157E-003  7.126569756022527E-004
   55930.6414890942      -1.692502251595451E-003  7.125554025625561E-004
   55930.6619220083      -2.599490042930030E-003  7.126608822576256E-004
   55930.6823551226      -2.413395139597929E-003  7.127285976174234E-004
   55930.7027881371      -1.379737054840624E-003  7.127717240286973E-004
   55930.7232211520      -1.187820897512459E-003  7.128252681876323E-004
   55930.7436541673      -1.903305232042407E-003  7.125982225694870E-004
   55930.7640871826      -1.855931100211095E-003  7.129277604403578E-004
   55930.7845201984      -2.348695117057820E-003  7.126742108465451E-004
   55930.8049533143      -3.457765836400228E-003  7.124368240818244E-004
   55930.8253862306      -2.018075693793531E-003  7.128208253246592E-004
   55986.2408823650       2.614630844277599E-006  5.295454580928284E-004
   55986.2613163527       6.393255090315630E-004  5.295859475850093E-004
   55986.2817501406       2.856295670075060E-004  5.295257221913434E-004
   55986.3021840289      -4.099029743880322E-004  5.294800715610209E-004
   55986.3226180174       2.935019903160807E-005  5.295347360100695E-004
   55986.3430518063      -4.236681577298729E-004  5.294576460523354E-004
   55986.3634857956      -4.389168789877829E-004  5.294519760695883E-004
   55986.3839196852       4.449342422443436E-004  5.295509099993160E-004
   55986.4043534749      -1.956462216189392E-004  5.295342271654640E-004
   55986.4247874651      -1.554764287028387E-004  5.294877042301035E-004
   55986.4452213556       1.922649249741504E-005  5.294745106164036E-004
   55986.4656552464       4.128699918659606E-004  5.294878496142764E-004
   55986.4860891374       4.252159650848242E-004  5.295385886906540E-004
   56042.2919858337       1.055645243779546E-003  5.914251751063345E-004
   56042.3124203035      -4.090647771892719E-005  5.912194790672208E-004
   56042.3328547735      -5.434076853161329E-006  5.911873569863776E-004
   56042.3532892436      -2.039474919377504E-004  5.912067449566008E-004
   56042.3737237137      -3.539399923808695E-004  5.911637243126144E-004
   56042.3941580839       1.446154443063508E-003  5.913491910889114E-004
   56042.4145926542       7.321728720302012E-004  5.912836849883348E-004
   56042.4350271246      -1.384301523436049E-004  5.911243365230091E-004
   56042.4554614951      -2.223055947108143E-004  5.912290392103289E-004
   56042.4758960656      -5.729934040095142E-004  5.912026149747781E-004
   56042.4963305362       4.144746586551840E-004  5.914002040125362E-004
   56042.5167651070       9.948311222303108E-004  5.914368767214988E-004
   56042.5371994778      -5.635310901748181E-004  5.912205880438214E-004
   56042.5576339487      -1.661812583275690E-004  5.911880070761090E-004
   56042.5780685196       3.580738908133263E-004  5.912076627303392E-004
   56042.5985028907      -5.720561405309077E-005  5.912269742194175E-004
   56042.6189373618       2.004689143551008E-004  5.912376815796986E-004
   56042.6393719330      -7.412785404827815E-004  5.911498429848214E-004
   56042.6598063043      -1.180947081481976E-003  5.909902650760611E-004
   56042.6802408757      -8.150492899686723E-004  5.911613916376960E-004
   56042.7006753472      -5.105455180300922E-004  5.911575293398803E-004
   56042.7211098187      -1.086142895812658E-003  5.911732079745776E-004
   56042.7415442904      -3.433584724296224E-003  5.909132103226099E-004
   56042.7619787621      -1.069711176581167E-003  5.912559223327489E-004
   56042.7824132339      -1.418741246053679E-003  5.911995939695560E-004
   56042.8028477058      -3.929896248989762E-004  5.912794020442224E-004
   56042.8232821777      -2.137253262063377E-004  5.913227286127882E-004
   56042.8437166498       4.430913342086118E-004  5.913397839080930E-004
   56042.8641511219      -5.145317689714268E-005  5.912281214365905E-004
   56042.8845855941       8.786213828739786E-004  5.913530916272995E-004
   56042.9050201664       1.277059905668843E-003  5.913800512308642E-004
   56042.9254546388       1.592623901628620E-003  5.914462074211723E-004
   56042.9458890112       8.227243463441170E-004  5.912990576984526E-004
   56042.9663235838       6.718821444664513E-004  5.913300325621227E-004
   56042.9867579564       1.546221888940380E-003  5.914410067033214E-004
   56043.0071924291       5.269479391576404E-004  5.913485027586076E-004
   56043.0276270019       4.078252522980996E-004  5.913880435105027E-004
   56043.0480613747      -5.779202802079775E-004  5.912363431596634E-004
   56098.3437222713      -5.827306812764554E-004  5.827150434422692E-004
   56098.3641566005       2.188454999758616E-004  5.828496120166588E-004
   56098.3845908295       2.116812144845603E-004  5.827979490033026E-004
   56098.4050252585       8.544255398978962E-006  5.828605870609469E-004
   56098.4254595870       2.021656834259034E-004  5.828963419961711E-004
   56098.4458938156      -9.255085854780187E-004  5.828145071711658E-004
   56098.4663282438      -4.429205289218086E-004  5.828528242247431E-004
   56098.4867625719      -1.959861953931386E-003  5.827067452380514E-004
   56098.5071968000      -1.547496797610348E-003  5.827599378743049E-004
   56098.5276312278      -9.441483001910722E-004  5.828704148880619E-004
   56098.5480655554       4.035770322086130E-005  5.829174125515813E-004
   56098.5684997828      -5.000067821357979E-004  5.828518682104323E-004
   56098.5889342101      -7.363486205195224E-004  5.828711414589382E-004
   56098.6093685370      -3.753114027826854E-004  5.829514849016186E-004
   56098.6298029639      -1.261639510367951E-003  5.828363042974522E-004
   56098.6502371908      -2.274578186806653E-003  5.826574531401861E-004
   56098.6706715172      -2.900148680210268E-003  5.825667082618041E-004
   56098.6911059437      -1.336623897867151E-003  5.828384840100809E-004
   56098.7115401699      -2.610137240895538E-003  5.826545850972537E-004
   56098.7319744958      -2.450643865799962E-003  5.826585621167866E-004
   56098.7524089218      -2.287919900694435E-003  5.826120998212813E-004
   56098.7728431475      -9.437289893750034E-004  5.828247938851501E-004
   56098.7932774730      -2.003489644076373E-003  5.826522906629077E-004
   56098.8137118983      -1.858752410132336E-003  5.827153111262763E-004
   56098.8341462233      -4.254440376648683E-004  5.829041430729473E-004
   56098.8545805484      -4.098927502270699E-004  5.829382536635569E-004
   56098.8750148732      -7.758251722042031E-004  5.828529771870328E-004
   56098.8954491977      -1.185477538994339E-003  5.828964567178884E-004
   56098.9158835223       4.639447644998462E-004  5.830636827411351E-004
   56098.9363178464       7.504917072176376E-005  5.829535881331023E-004
   56098.9567520705      -6.208156684482935E-004  5.829196305047824E-004
   56098.9771864946      -8.281935680722885E-004  5.828747743133192E-004
   56098.9976208183      -3.439439565431357E-004  5.829129001640343E-004
   56099.0180550419      -3.818260374107707E-004  5.829693432489445E-004
   56099.0384894653      -7.026931230947886E-004  5.829426130888142E-004
   56099.0589237885      -1.493283427603576E-003  5.829193245802030E-004
   56099.0793582114      -2.295881313375658E-003  5.827809701891426E-004
   56099.0997924344      -1.387674340000422E-003  5.829391331967229E-004
   56154.4146412197      -4.732585100342135E-004  5.301539921111681E-004
   56154.4350749575      -2.795434990123802E-004  5.300979211357602E-004
   56154.4555085947       1.125373967525434E-004  5.300716444615886E-004
   56154.4759421315      -6.993935745656099E-004  5.300555337296333E-004
   56154.4963758683       1.082964623448923E-004  5.301577207958564E-004
   56154.5168095046      -8.456373030520936E-004  5.297923448726690E-004
   56154.5372430407       6.452966213656985E-004  5.302753502448926E-004
   56154.5576767763       1.412219122819192E-003  5.302663451196075E-004
   56154.5781104119       3.638148016418263E-004  5.302459077063629E-004
   56154.5985441471       8.363899184060664E-005  5.301723893007152E-004
   56154.6189776820      -3.883697454654111E-004  5.300216941572730E-004
   56154.6394113165      -8.300503777273205E-004  5.300849410918924E-004
   56154.6598450507      -2.974524569332448E-004  5.301314792979554E-004
   56154.6802785847      -9.065247745284610E-004  5.300927502239755E-004
   56154.7007122185       3.228909739378949E-004  5.302264552286963E-004
   56154.7211459518      -1.071778955572644E-003  5.300310510452645E-004
   56154.7415794848       6.210778336772638E-004  5.302088319171032E-004
   56154.7620131177      -6.327372762461314E-004  5.300156086624515E-004
   56154.7824468500      -1.144530578204295E-004  5.300125483269053E-004
   56154.8028803824      -9.958792528085292E-004  5.299780755816735E-004
   56154.8233140143      -1.221076101935115E-003  5.299451857686206E-004
   56154.8437477457      -1.557735689052486E-003  5.299180648639535E-004
   56154.8641812771      -9.510609511128587E-004  5.300404782857973E-004
   56154.8846150081      -1.047851709554015E-003  5.296700369796370E-004
   56154.9050486386      -5.053376055517145E-004  5.296724641423115E-004
   56154.9254822691       6.394758264414158E-004  5.300638705057761E-004
   56154.9459158991      -5.957749087978081E-004  5.299349846501336E-004
   56154.9663495289      -3.100082402712756E-004  5.298891499694834E-004
   56154.9867831585      -4.364580710058963E-005  5.300492020009172E-004
   56155.0072167876       1.997107459614789E-004  5.300430813298250E-004
   56155.0276504165      -7.657781460708168E-004  5.298597426072243E-004
   56155.0480839451      -3.087769526377571E-005  5.300269705978697E-004
   56155.0685176733      -1.498594282858923E-003  5.299499697414283E-004
   56155.0889513015      -4.358205025588591E-004  5.299048034099204E-004
   56155.1093850289      -3.894890795383965E-004  5.299260498773898E-004
   56155.1298185564       1.130206898372066E-004  5.297481634767391E-004
   56155.1502521834       1.839158645671191E-004  5.300460713128298E-004
   56210.4629830200       2.515138740109002E-004  7.049835152524043E-004
   56210.4834160073       1.307986333955791E-003  7.052321679201466E-004
   56210.5038488944      -1.503238145171837E-004  7.049902030999199E-004
   56210.5242817815      -1.322016320999153E-003  7.048488565698433E-004
   56210.5447146681      -8.189386569545931E-005  7.050373186099453E-004
   56210.5651475544       1.114613280183363E-003  7.050975843819398E-004
   56210.5855804408       1.810867877693578E-003  7.051051739617046E-004
   56210.6060133267      -9.727990542318654E-005  7.050130469835686E-004
   56210.6264462126       4.100230083052825E-004  7.050680526507754E-004
   56210.6468791983      -4.924879729801823E-004  7.050225151721862E-004
   56210.6673120838       1.692345746469259E-003  7.050335613922400E-004
   56210.6877448690       3.109814522037624E-004  7.050029776401181E-004
   56210.7081778539       1.143909133747067E-003  7.051386131992825E-004
   56210.7286107389       1.375762163050132E-003  7.051859541423704E-004
   56210.7490435234      -7.660397540704134E-004  7.049196425514127E-004
   56210.7694765077      -2.326739625614138E-003  7.047546255497921E-004
   56210.7899093920      -1.711534052110775E-003  7.048361571739990E-004
   56210.8103421760      -1.414894742937434E-003  7.047913711389508E-004
   56210.8307751598      -7.564518573732748E-005  7.049668332057924E-004
   56210.8512080434      -1.216585773120005E-003  7.048902611089566E-004
   56210.8716409268       5.894221703961477E-005  7.049616482453589E-004
   56210.8920738099      -9.728285095511602E-004  7.049182148086846E-004
   56210.9125065928       1.093990171042059E-003  7.051245612050644E-004
   56210.9329395757       1.312518455947043E-004  7.050299544632428E-004
   56210.9533724581       6.609613141590476E-004  7.051261392365006E-004
   56210.9738053405       2.793303989017115E-004  7.050169544899822E-004
   56210.9942382224      -6.352110970415659E-004  7.049561627075090E-004
   56211.0146711044       1.882523910512468E-005  7.050118446739028E-004
   56211.0351039861       6.402028154310901E-004  7.050407001058802E-004
   56211.0555368676       5.248809272417887E-005  7.051093820455346E-004
   56211.0759697488       8.346973946435909E-004  7.050946537521295E-004
   56211.0964027301       1.410259369714062E-004  7.049714921557470E-004
   56211.1168355109       1.921160543572720E-003  7.051566478442684E-004
   56211.1372683917       6.161788886913655E-004  7.050534746460785E-004
   56211.1577013720      -5.634149431511526E-004  7.049802089008235E-004
   56211.1781342523       1.003060316629112E-003  7.050678272177130E-004
   56211.1985670324      -1.881663544297418E-003  7.048596773568347E-004
   56211.2190000122      -8.390416548186286E-004  7.048591513463560E-004
   56266.5099307246       3.401177069133343E-004  7.071515801571198E-004
   56266.5303634119       9.904685402415403E-004  7.074540361824033E-004
   56266.5507960994       1.283945349986215E-003  7.073731808573834E-004
   56266.5712287869      -6.449524436742404E-004  7.071568402619073E-004
   56266.5916613745       5.723284052294719E-004  7.072825567663295E-004
   56266.6120941622      -4.605916356515971E-004  7.071497015482671E-004
   56266.6325268500      -4.513058089483657E-004  7.071721697101453E-004
   56266.6733922258      -6.835606603117217E-005  7.073440999923437E-004
   56266.6938249138      -8.975627120555441E-004  7.072480655077940E-004
   56266.7142577019      -7.610278521590352E-004  7.072566319641623E-004
   56266.7346902901      -1.198962222841438E-004  7.072260482120405E-004
   56266.7551229784       2.174951871427577E-004  7.073125393636184E-004
   56266.7755557668       4.653756394157327E-005  7.073707762380519E-004
   56266.7959883552      -1.164487621371668E-003  7.072246204693124E-004
   56266.8164210438      -4.557011271169031E-004  7.072592620165561E-004
   56266.8368538324      -1.104070441578231E-003  7.072329614926184E-004
   56266.8572864211      -1.738829247986406E-003  7.071747997625390E-004
   56266.8777192099      -2.314871289848863E-003  7.073250884707545E-004
   56266.8981518987      -7.864891205233704E-004  7.072470134868366E-004
   56266.9185845877      -1.808027198712536E-003  7.072540019117685E-004
   56266.9390172768      -8.919217378253741E-004  7.072860134066185E-004
   56266.9594499659      -1.369439986794507E-003  7.070970253560375E-004
   56266.9798826551      -2.021804033439323E-003  7.071795338568478E-004
   56267.0003153444       8.385503425962781E-004  7.074456200147432E-004
   56267.0207480338      -2.318729997351499E-004  7.072978110702133E-004
   56267.0411807233      -4.955656366251171E-004  7.073052503612700E-004
   56267.0616135129      -2.102446454658180E-004  7.073359844021001E-004
   56267.0820461026      -3.397776875431191E-004  7.073882097282049E-004
   56267.1024788923      -1.360427865743863E-003  7.074532095945081E-004
   56267.1229115821       5.135331695105272E-005  7.072868399945136E-004
   56267.1433441720      -3.644911268408935E-004  7.074354755269386E-004
   56267.1637769620      -1.547056439150651E-004  7.074254813278423E-004
   56267.1842096521       1.621486397072047E-004  7.075207643688509E-004
   56267.2046422423       2.613500253219048E-004  7.075794521094090E-004
   56267.2250750326      -6.865407076276364E-004  7.074505043977602E-004
   56267.2455076229       2.101116637034384E-004  7.074474234792417E-004
   56267.2659404134      -4.176707436484017E-004  7.075838856263014E-004
   56322.5778965203       1.490516648512408E-004  5.453500138213151E-004
   56322.5983299231       4.322123906348452E-004  5.455358030321958E-004
   56322.6187632263       4.906634900396778E-004  5.454301646306475E-004
   56322.6391966298       7.390010777128531E-004  5.455261265107958E-004
   56322.6596298336       1.406410623723930E-003  5.456433402228491E-004
   56322.6800631377       1.185304076247728E-004  5.455025377076848E-004
   56322.7004965421      -4.176271053564218E-004  5.453703527738427E-004
   56322.7209297469       3.821269661412607E-004  5.455853541247991E-004
   56322.7413630520       1.785791161885708E-004  5.455444936438683E-004
   56322.7617964575      -9.329908997185443E-004  5.452543440625676E-004
   56322.7822297632      -6.051319456659154E-004  5.454126738617773E-004
   56322.8026629692       4.684071327123451E-004  5.455295589372547E-004
   56322.8230962756       1.291272557126799E-004  5.454660590477654E-004
   56322.8435296824      -3.915611130985708E-004  5.455936430695455E-004
   56322.8639629893      -2.182256359108958E-004  5.455546083473695E-004
   56322.8843962968      -6.720734204276324E-004  5.455483277372532E-004
   56322.9048295045      -1.947124209258688E-003  5.452504369388325E-004
   56322.9252629125      -9.736826794286557E-004  5.454220582617765E-004
   56322.9456962209      -1.173742947996326E-003  5.453592521606140E-004
   56322.9661294295      -1.841251743663341E-003  5.453296018384373E-004
   56322.9865628386      -1.519919542240955E-003  5.454365182711139E-004
   56323.0069961479      -2.273202222440762E-003  5.452468584516732E-004
   56323.0274293575      -5.505822316272946E-004  5.456073362602059E-004
   56323.0478627676      -2.442337797403660E-005  5.456212850570920E-004
   56323.0682960778       1.050514796855140E-003  5.457987122928762E-004
   56323.0887294884      -1.094139113676063E-003  5.453567691287075E-004
   56323.1091626993      -5.991182229824199E-004  5.456392505232385E-004
   56323.1295960106       1.027503195478285E-003  5.458866043193285E-004
   56323.1500294223       1.348840368944337E-004  5.457799800080526E-004
   56323.1704626342       3.339052901987216E-004  5.456592608391903E-004
   56323.1908959465       1.813224954289927E-003  5.459758474072595E-004
   56323.2113293590       6.077660760686054E-004  5.457737359131115E-004
   56323.2317625720       8.965683969306415E-004  5.457451810461876E-004
   56323.2521959852      -3.794124947357203E-004  5.456909560111723E-004
   56323.2726292988      -1.441259783436788E-004  5.457393021029974E-004
   56323.2930625127       2.935263036718538E-005  5.458602768780855E-004
   56323.3134959269      -4.599792097494948E-004  5.457468972594170E-004
   56378.6276941653      -8.675010721376220E-004  5.483673722848975E-004
   56378.6481283324       1.012583424989222E-003  5.486068753183422E-004
   56378.6685625997       1.913672417604095E-003  5.487729098194969E-004
   56378.6889966673       1.083916401171559E-003  5.485750340856598E-004
   56378.7094308351       1.150773263487448E-004  5.484450400623235E-004
   56378.7298651032      -5.672495035541347E-004  5.483885510864523E-004
   56378.7502991715       7.992521224218230E-004  5.485620711985012E-004
   56378.7707333401      -1.546971676527065E-004  5.484297767191340E-004
   56378.7911675089       4.539318209721976E-004  5.484998128249652E-004
   56378.8116016780       5.600832898731145E-004  5.485141267736022E-004
   56378.8320359473       5.256561401081328E-004  5.484853163004527E-004
   56378.8524700169      -5.397286589146066E-004  5.483743466833406E-004
   56378.8729041868      -4.674637975463636E-004  5.483682486490998E-004
   56378.8933384568       5.233125758272728E-004  5.484842573603750E-004
   56378.9137726272      -1.411560541340284E-003  5.482392040203159E-004
   56378.9342066977      -2.055408983551943E-003  5.481467110818015E-004
   56378.9546409685      -1.175806253995271E-003  5.482913842055259E-004
   56378.9750751397      -2.128185151624273E-003  5.481638001837457E-004
   56379.0159434825      -2.760765192447945E-003  5.480975616561244E-004
   56379.0363776543      -2.128530463986200E-003  5.481493036592332E-004
   56379.0568119265      -9.606124731451615E-004  5.483143522506603E-004
   56379.0772459988      -7.317918263458623E-004  5.483644510708899E-004
   56379.0976801714      -9.943382340106277E-004  5.483390365090242E-004
   56379.1181144442       5.384350622272827E-005  5.484485820343077E-004
   56379.1385485173      -5.692993556238868E-005  5.484444558195219E-004
   56379.1589826906      -9.712813604133563E-004  5.482943054195335E-004
   56379.1794169642      -7.700845382453414E-004  5.483208519518272E-004
   56379.1998510381       1.186538860765474E-003  5.492766001447501E-004
   56379.2202853121      -1.963354111342852E-004  5.484153897401467E-004
   56379.2407194864      -6.247594243415922E-004  5.483112484607772E-004
   56379.2611535610      -1.522640907158923E-005  5.484480343066812E-004
   56379.2815878359      -3.545270034231995E-004  5.483769392607723E-004
   56379.3020220109       7.563842629683126E-004  5.488433110770789E-004
   56379.3224560862      -3.365583479033596E-004  5.484119207985128E-004
   56379.3428903619       2.417133547472083E-005  5.484413520296389E-004
   56379.3633245377       5.463092916011547E-004  5.488210368202713E-004
   56379.3837588137       1.139914296399924E-003  5.493411954894923E-004
