   54984.5077586839      -1.010005602974151E-003  5.805624674903296E-004
   54984.5281930764      -4.100489690987974E-004  5.806280134324580E-004
   54984.5486273686      -1.107111028992858E-004  5.811348601691929E-004
   54984.5690615607       1.174631299916129E-005  5.809750788470078E-004
   54984.5894958526       6.871653769755515E-004  5.809541376514396E-004
   54984.6099302445      -4.901921198944281E-004  5.810579361774725E-004
   54984.6303644361       1.592763542944020E-003  5.812417300705757E-004
   54984.6507987277      -5.418522816516003E-004  5.808984340712282E-004
   54984.6712330192      -1.733980357309228E-002  5.792321780418616E-004
   54984.6916673106      -3.469386556073550E-002  5.773724253654449E-004
   54984.7121016018      -3.392090086115884E-002  5.771418628022395E-004
   54984.7325358930      -2.814506481970336E-002  5.778813313197441E-004
   54984.7529702839      -2.965938064258933E-003  5.812676273490951E-004
   54984.7734044748       2.381984532306980E-004  5.810341330185100E-004
   54984.8142729561      -6.587568877675087E-004  5.812488500770690E-004
   54984.8347073466       6.581438351793700E-005  5.812042104285162E-004
   54984.8551416370      -3.611479782573701E-004  5.807716700340556E-004
   54984.8755758272       7.447245831793126E-006  5.812004759153064E-004
   54984.8960102173       2.521302375817491E-004  5.809949729827976E-004
   54984.9164445073      -9.595632929640940E-004  5.803680982934643E-004
   55046.9132111043      -2.110705791839029E-004  4.838156614414213E-004
   55046.9336446576      -2.889379755385280E-004  4.838497035455140E-004
   55046.9540784105      -1.577543095628853E-004  4.838566874063140E-004
   55046.9745120631      -5.048275166724681E-004  4.837483869562272E-004
   55046.9949456155      -6.439577379446781E-006  4.838051013040764E-004
   55047.0153792677       4.107966846476074E-004  4.838730842968878E-004
   55047.0358130196      -1.312775235619901E-003  4.837471723717402E-004
   55047.0562465713      -4.183921056920559E-004  4.838066870116010E-004
   55047.0766802225      -2.076738331714922E-002  4.812240417923817E-004
   55047.0971139737      -3.309407754669191E-002  4.799385053283141E-004
   55047.1175475245      -3.456800292347895E-002  4.797414052568478E-004
   55047.1379811750      -2.597111193113610E-002  4.806569320523478E-004
   55047.1584148253      -1.971467017290118E-003  4.836144115396245E-004
   55047.1788485753       8.399181204810091E-005  4.838451151152300E-004
   55047.1992821249       3.194712401706212E-004  4.838769642195545E-004
   55047.2197157745       4.297529496195551E-004  4.838498384993459E-004
   55047.2401495237      -6.312451280732212E-005  4.838526725298154E-004
   55047.2605830728      -2.294410476072484E-004  4.838557427294908E-004
   55047.2810167214       1.105934782847928E-004  4.838086101037054E-004
   55047.3014503699       8.223328039029809E-004  4.839190023381864E-004
   55047.3218840181       1.087190358506351E-004  4.838500746685516E-004
   55078.1150857368      -6.272406404750352E-005  4.837246350818156E-004
   55078.1355189897      -2.269548727996673E-004  4.837155256981635E-004
   55078.1559522421      -2.654254614909979E-004  4.836919425160417E-004
   55078.1763854942      -7.334958633982147E-004  4.836428867981520E-004
   55078.1968188461       8.114686235827229E-005  4.837686300310098E-004
   55078.2172519980       2.515987945990172E-004  4.837924493823373E-004
   55078.2376852495       7.241717996819830E-006  4.836680219493403E-004
   55078.2581184007       2.468733324985095E-004  4.837437310490272E-004
   55078.2785517517      -2.170783914304109E-002  4.814252916941785E-004
   55078.2989850022      -3.457590327265481E-002  4.800548355313980E-004
   55078.3194182527      -3.504652232501848E-002  4.800168797661807E-004
   55078.3398515030      -2.646324890619067E-002  4.809239044702720E-004
   55078.3602847531      -5.046914845967532E-004  4.837134676522273E-004
   55078.3807180027      -6.603839913938980E-004  4.836283117843085E-004
   55078.4011511523      -6.493311138339175E-004  4.837514571559025E-004
   55078.4215845014       2.204108150395401E-003  4.840218708965398E-004
   55078.4624508992      -5.425770016156406E-004  4.837232180665808E-004
   55078.4828842476       4.086426390312869E-004  4.838616132211778E-004
   55078.5033174958      -4.035937538761081E-004  4.837697771385808E-004
   55078.5237506438       1.059570688720868E-003  4.839357366133399E-004
   55109.3163704747      -3.071127307623378E-004  5.050031762503019E-004
   55109.3368033018      -4.150345194687821E-004  5.049384917508816E-004
   55109.3572362287       5.296870076312299E-004  5.050784041875208E-004
   55109.3776692554       7.378447166246360E-004  5.051625143778048E-004
   55109.3981021820      -1.016105346834606E-003  5.049163878234066E-004
   55109.4185350085       7.024265709563160E-004  5.051521743503817E-004
   55109.4389680347       4.259122639571622E-004  5.050156181849388E-004
   55109.4594009608      -8.995156481472755E-005  5.051326130526010E-004
   55109.4798337868      -2.116880674100785E-002  5.029260512005200E-004
   55109.5002667125      -3.423888959039445E-002  5.014435285801580E-004
   55109.5206996380      -3.399531981681336E-002  5.015838139358190E-004
   55109.5411325635      -2.606311797832872E-002  5.024041340786249E-004
   55109.5615654888      -1.102795425465763E-003  5.048960467858531E-004
   55109.5819984138       2.028447468513939E-004  5.050594531208667E-004
   55109.6228642636      -4.076541111341925E-006  5.050659622528839E-004
   55109.6432970882       7.602066293055376E-004  5.051451905941550E-004
   55109.6637301125      -4.215973873827883E-004  5.049780550689232E-004
   55109.6841630368       2.690194489909370E-004  5.050851167299134E-004
   55109.7045958609       4.875654764773252E-004  5.051737358501884E-004
   55109.7250288847       5.600360082940181E-004  5.050938633760615E-004
   55140.5173030266       2.429158210262017E-004  5.055702843772951E-004
   55140.5377359036       7.458435951113174E-005  5.055878115713204E-004
   55140.5581686806       8.845704704827373E-004  5.056770409227221E-004
   55140.5786013577      -1.389967621131527E-004  5.055178045004070E-004
   55140.5990342346       2.946312857696753E-004  5.056085255278958E-004
   55140.6194670115      -2.562749400204511E-004  5.055530962005623E-004
   55140.6398997885      -1.751990111020785E-004  5.055668264009110E-004
   55140.6603325654      -7.778156954183491E-004  5.055194656851405E-004
   55140.7011981191      -3.259539839148928E-002  5.022153014466694E-004
   55140.7216307959      -3.353960073561413E-002  5.021246482226389E-004
   55140.7420636727      -2.722060997776454E-002  5.027807483889290E-004
   55140.7624964494      -2.574427470418472E-003  5.052823569907244E-004
   55140.7829291262       1.642408210669632E-003  5.057518959409191E-004
   55140.8033620030       1.566063535203721E-003  5.057394201045530E-004
   55140.8237947797      -2.163871631865044E-004  5.055803531908841E-004
   55140.8442274564      -1.711508072876899E-005  5.055463497564404E-004
   55140.8850931097      -3.787680060207688E-004  5.055629955055051E-004
   55140.9055257863      -1.053080645463611E-003  5.055391625898381E-004
   55140.9259585629      -1.378900588510978E-003  5.054252188778090E-004
   55171.7181890860       1.076964852084084E-003  5.064697650579136E-004
   55171.7386218523       2.644133146840755E-004  5.063163258313012E-004
   55171.7590548187       7.761803268659939E-004  5.064357616234699E-004
   55171.7794876853      -4.620798651033819E-005  5.063025278274941E-004
   55171.7999204520       1.160363868086822E-004  5.063375483138154E-004
   55171.8203534188      -1.634154193671522E-004  5.063181904264103E-004
   55171.8612190529      -8.410295181815464E-005  5.063189701661831E-004
   55171.8816520202      -1.912235763966041E-002  5.043167001345984E-004
   55171.9020848876      -3.404189471150110E-002  5.027927496010857E-004
   55171.9225176552      -3.418466056091052E-002  5.028186166205079E-004
   55171.9429505229      -2.815425390370485E-002  5.034442052304677E-004
   55171.9633834907      -1.938923170678786E-003  5.061274253958871E-004
   55171.9838162587       6.434883263739533E-004  5.063863668039439E-004
   55172.0042491268      -3.090804845429229E-005  5.063326664648026E-004
   55172.0246819950      -4.408950116724375E-004  5.063092742716160E-004
   55172.0451148634       1.585314395422532E-004  5.066336799188660E-004
   55172.0655477319      -1.471066640670315E-004  5.063770777301278E-004
   55172.0859807006      -1.222161880121142E-005  5.063765353024597E-004
   55172.1064134694       1.018958700267358E-004  5.063449727925225E-004
   55172.1268463384       3.776634358481079E-004  5.064028091426331E-004
   55202.9193808951      -4.636302915492774E-004  5.417711276569803E-004
   55202.9398140744      -1.137981314103254E-004  5.420639719250011E-004
   55202.9602472540      -1.391600042772168E-003  5.417429860538188E-004
   55202.9806803339       2.704276539395867E-004  5.418638576713003E-004
   55203.0011136139      -6.586639544798878E-004  5.418784775773329E-004
   55203.0215467944      -3.100292802553639E-004  5.421431116041357E-004
   55203.0419798749       1.265780497197166E-004  5.419602255026142E-004
   55203.0624131558       7.307948872832259E-004  5.423139174077146E-004
   55203.0828463370      -1.782549890269725E-002  5.398697848541107E-004
   55203.1032795185      -3.322502802601490E-002  5.380740417011533E-004
   55203.1237127001      -3.440505190963472E-002  5.380426397903085E-004
   55203.1441458820      -2.857035793830731E-002  5.387875686174102E-004
   55203.1645790642      -2.637130863041071E-003  5.416736959357907E-004
   55203.1850121466      -4.852818911446066E-004  5.423375288991476E-004
   55203.2054454294      -6.533944415640924E-004  5.419784832256410E-004
   55203.2258786123      -1.584487082662012E-004  5.420405663477374E-004
   55203.2463116955       3.125062899131947E-004  5.422025178420290E-004
   55203.2667449791       2.807018326289601E-005  5.419703152969185E-004
   55203.2871781628      -6.066256458012731E-004  5.419877493632673E-004
   55203.3076112468      -1.458003953985765E-004  5.419669863511786E-004
   55203.3280445311       8.720799922008471E-004  5.424382552470489E-004
   55234.1211707303      -5.065975916828114E-004  5.424242530835246E-004
   55234.1416043440       9.123067321246126E-004  5.424779966817574E-004
   55234.1620379580       8.930762363266176E-004  5.426358298926594E-004
   55234.1824715722       1.734469288710017E-004  5.425227143755616E-004
   55234.2029051867       2.696139498934436E-004  5.427072477904388E-004
   55234.2233388015      -4.851522107610640E-004  5.424521201344601E-004
   55234.2437724167       7.386087608860503E-004  5.424872971384120E-004
   55234.2642060321      -3.602233528862131E-004  5.425764579737944E-004
   55234.2846396479      -1.630427580604232E-002  5.407701445601373E-004
   55234.3050732639      -3.306680272604801E-002  5.385018970262928E-004
   55234.3255068802      -3.503917817779123E-002  5.383888501472513E-004
   55234.3459404968      -2.817756565709895E-002  5.394316338204977E-004
   55234.3663741136      -2.597136445562920E-003  5.423659450545351E-004
   55234.3868076309      -5.007993225644158E-004  5.426466747055852E-004
   55234.4072413483      -2.000039843291779E-004  5.425513021260903E-004
   55234.4276749660       1.080999944080840E-003  5.428337134095243E-004
   55234.4481085842       1.933461148293514E-004  5.427464058016672E-004
   55234.4685421025      -1.874552491036852E-004  5.426791405063056E-004
   55234.4889758211       9.110094493691712E-004  5.428640514304935E-004
   55234.5094094401       4.555103712884367E-004  5.427672374518123E-004
   55234.5298429593       1.331851694275521E-003  5.428480587633311E-004
   55265.3236244307      -5.955554779591976E-004  5.424085692876163E-004
   55265.3440584580      -7.190553241083197E-004  5.423925079823973E-004
   55265.3644924856      -9.173455697327748E-004  5.424236010219879E-004
   55265.3849265133      -6.772641519094957E-004  5.424300873183264E-004
   55265.4053605412       8.741726862626642E-005  5.425057607756082E-004
   55265.4257945694      -3.825729108130060E-004  5.424455995190935E-004
   55265.4462284978      -8.871601891914382E-004  5.423712988229415E-004
   55265.4666626264      -8.605992245169780E-006  5.424759718590909E-004
   55265.4870966554      -1.975425255005558E-002  5.398671422889358E-004
   55265.5075305845      -3.327705226772582E-002  5.383208641522966E-004
   55265.5483987434      -2.824838123386808E-002  5.389073077069594E-004
   55265.5688326732      -1.971901194267045E-003  5.421864908558382E-004
   55265.5892668034       4.470284999029683E-004  5.424648868129676E-004
   55265.6097008337      -1.617989900986050E-004  5.424321121409929E-004
   55265.6301347642       5.788013826870664E-004  5.424902142558129E-004
   55265.6505688950       2.729469155426933E-005  5.424667400404928E-004
   55265.6710029260       2.177059733428077E-004  5.424470409182798E-004
   55265.6914369573      -2.754228519488144E-004  5.424322494171058E-004
   55265.7118709888      -5.392484054278501E-005  5.423957339710524E-004
   55265.7323050204       1.834567969467571E-004  5.424552088470023E-004
   55296.5266385271       1.392680419942671E-005  5.889655676990667E-004
   55296.5470727304      -5.656119799823944E-005  5.891053968884815E-004
   55296.5675070338      -7.419112927925520E-004  5.891709306909582E-004
   55296.5879413373       4.502414670854993E-004  5.894546493162456E-004
   55296.6083757409       2.391950103131091E-004  5.893966305313355E-004
   55296.6288099447      -3.399294107823136E-004  5.890191344593519E-004
   55296.6492442485       4.276836611518675E-004  5.892166618879038E-004
   55296.6696786525      -2.775368842461434E-004  5.890670738605114E-004
   55296.6901128566      -2.005068608538507E-002  5.868248205622943E-004
   55296.7105471608      -3.399571193141482E-002  5.851210841626896E-004
   55296.7309815652      -3.319759717449255E-002  5.853881700239789E-004
   55296.7514157696      -2.475938233894714E-002  5.863248760050309E-004
   55296.7718500742      -1.573471266079873E-003  5.888456479637738E-004
   55296.7922844789      -7.237514547725477E-004  5.889393185618790E-004
   55296.8127186837      -8.135204442776267E-004  5.889153132451022E-004
   55296.8331529887       1.415967607413249E-003  5.891857114127124E-004
   55296.8535873937       8.424105862367970E-004  5.889971592658041E-004
   55296.8740216989       9.253740282140210E-004  5.891724265712321E-004
   55296.8944559042       5.547537069179320E-004  5.889732964138153E-004
   55296.9148903096       1.257698686750519E-003  5.894326385065007E-004
   55296.9353246151      -2.388900016132567E-004  5.889076913789446E-004
   55327.7299066913       4.268070048996098E-004  5.887350240558975E-004
   55327.7503409749       3.978825261026220E-004  5.888026592139970E-004
   55327.7707754585      -7.657049282377981E-004  5.886122906410418E-004
   55327.7912098421      -7.667653115516204E-004  5.887035749539480E-004
   55327.8116441257      -6.356858309283231E-004  5.886462684929780E-004
   55327.8320786092       2.013593824882198E-003  5.889456938611417E-004
   55327.8525129927      -1.865989137576074E-004  5.888054016611659E-004
   55327.8729472763      -4.280405223406891E-004  5.886408192148373E-004
   55327.8933817598      -2.441531102642891E-002  5.860646996859593E-004
   55327.9138161433      -3.456787106141224E-002  5.848480860126986E-004
   55327.9342504267      -3.229379685543243E-002  5.852099109580031E-004
   55327.9546849102      -2.553374403005382E-002  5.859343087887490E-004
   55327.9751192937      -1.730443178103225E-003  5.885622498842593E-004
   55327.9955537771      -1.549543630657180E-003  5.884357767687188E-004
   55328.0159880605       2.590656131247204E-004  5.888432260623779E-004
   55328.0364224439       3.348657760937623E-004  5.887499828586367E-004
   55328.0568569274       4.913245837112612E-005  5.887805415556611E-004
   55328.0772912107       4.973537994144017E-004  5.887025064680382E-004
   55328.0977255941       1.928180325525553E-004  5.886754025421226E-004
   55328.1181600774      -1.603464473030058E-004  5.887458513797849E-004
   55358.9127148667       1.355843622912190E-004  5.907052408414426E-004
   55358.9331491326       9.197375499281346E-004  5.907450241334895E-004
   55358.9535834983       2.734469043494947E-004  5.907708814925102E-004
   55358.9740176637      -8.752539935775738E-004  5.905853567223467E-004
   55358.9944520291       6.720016724419686E-004  5.908165414570618E-004
   55359.0148862943      -7.329541078440194E-004  5.906774245915870E-004
   55359.0353204595       3.220384835527224E-004  5.908066045380993E-004
   55359.0557548245      -4.243696067851577E-005  5.906784218451029E-004
   55359.0761890892      -7.866793660726845E-004  5.907210188167127E-004
   55359.0966232540      -2.543339377026044E-002  5.874316137105522E-004
   55359.1170576187      -3.623281733980344E-002  5.862360848259145E-004
   55359.1374918829      -3.331260439977290E-002  5.865997974296599E-004
   55359.1579260472      -2.309954718682394E-002  5.876479108749222E-004
   55359.1783604115       1.093566995846729E-004  5.907937470909830E-004
   55359.1987946755      -4.664636238782549E-004  5.906910299788402E-004
   55359.2192288393      -3.466198896814321E-004  5.907331995560861E-004
   55359.2396632031      -4.920471520535319E-004  5.907439912637766E-004
   55359.2600974667      -6.487967442305731E-004  5.906046250849227E-004
   55359.2805316302       7.099379397723649E-004  5.907998730768667E-004
   55359.3009659936      -4.312649395854518E-004  5.907509008059942E-004
   55359.3214002567      -2.521817888090361E-005  5.907920375135270E-004
   55390.1156358387       2.001714186754544E-004  4.792319025142913E-004
   55390.1360697245       2.723852287034312E-004  4.792329456783763E-004
   55390.1565037103      -8.784290298502473E-005  4.791603616483353E-004
   55390.1769377956       5.667303963197146E-004  4.792360415201768E-004
   55390.1973716809       7.899327616172069E-004  4.792252397243293E-004
   55390.2178056660       9.518322641488552E-005  4.791649381101274E-004
   55390.2382397507      -6.202972243030125E-005  4.792208315148089E-004
   55390.2586736353      -2.488170211176755E-004  4.791525210924709E-004
   55390.2791077197      -9.268808250726401E-004  4.790788265974363E-004
   55390.2995417037      -2.520205854042978E-002  4.762070295219819E-004
   55390.3199755876      -3.497495834196818E-002  4.747522867298166E-004
   55390.3404096713      -3.369495015684443E-002  4.748867539454140E-004
   55390.3608436548      -1.977844402196471E-002  4.770568717466848E-004
   55390.3812776380      -4.644764497346854E-004  4.790332302317870E-004
   55390.4017116210       7.820435413397053E-004  4.792728214667854E-004
   55390.4221456038      -2.599090147683558E-004  4.791435364211585E-004
   55390.4425795863       1.572547678106773E-003  4.793083563465830E-004
   55390.4630135686       1.901696525357099E-004  4.791903442031645E-004
   55390.4834475507       4.447027999321396E-004  4.791809220759454E-004
   55390.5038815326       2.434431493352207E-004  4.792338542406438E-004
   55390.5243156142       1.053654239436819E-003  4.793230952455899E-004
   55421.3180561266      -5.919428181090369E-004  4.793856514402334E-004
   55421.3384897336       7.164449462406797E-004  4.794560145402870E-004
   55421.3589234401       9.925459737687437E-004  4.795653785169366E-004
   55421.3793569466       2.573528348022158E-004  4.794575624611873E-004
   55421.3997905527      -3.332653600753854E-004  4.793376322418707E-004
   55421.4202242585      -7.483534493091248E-006  4.794374058390294E-004
   55421.4406577638       3.653699867827154E-004  4.794269741981798E-004
   55421.4610913692       1.358158572366541E-004  4.794390547112927E-004
   55421.4815250743      -2.254394340598931E-003  4.791957619263154E-004
   55421.5019585790      -2.687763778619223E-002  4.765000913289483E-004
   55421.5223922836      -3.433911340282370E-002  4.753802042080568E-004
   55421.5428258878      -3.297041089912323E-002  4.755287709640285E-004
   55421.5632593918      -1.947491697894466E-002  4.773505392618297E-004
   55421.5836930955       3.036516732990435E-005  4.793394493664058E-004
   55421.6041266990      -1.132385224467125E-003  4.793087265015809E-004
   55421.6245603020      -9.252803523073228E-004  4.793630383349077E-004
   55421.6449939050       2.992585158212435E-004  4.794004912906034E-004
   55421.6654275076      -2.957806756314074E-004  4.793470207186353E-004
   55421.6858611099      -9.736703975005145E-005  4.793690954166914E-004
   55421.7062948123       9.355267954254121E-004  4.794592786343594E-004
   55421.7267283141       2.799197232505879E-004  4.794586056252723E-004
   55452.5198522065       4.364610983187411E-005  4.800353071119861E-004
   55452.5402855196       2.662458427320491E-004  4.801275766578240E-004
   55452.5607187321      -1.008787709820824E-004  4.800271637020326E-004
   55452.5811519445       6.886319552237286E-004  4.801532183040415E-004
   55452.6015851566       1.196803393976875E-004  4.800437533760289E-004
   55452.6220183687      -8.934169122165603E-005  4.800909649634872E-004
   55452.6424515803      -6.494963619387839E-004  4.800346341028991E-004
   55452.6628847917      -3.100187210823835E-004  4.799981233599253E-004
   55452.6833180029      -2.343796838789602E-003  4.797933603451830E-004
   55452.7037512138      -2.772302760661216E-002  4.771065398173109E-004
   55452.7241844245      -3.396905357104896E-002  4.764441642738125E-004
   55452.7446176350      -3.314622893247576E-002  4.764773772722596E-004
   55452.7650508453      -1.860271885411191E-002  4.780645682527611E-004
   55452.7854840553      -5.612074608501993E-004  4.800077473898705E-004
   55452.8059172650       6.984371927987176E-004  4.801194668983248E-004
   55452.8263504746      -7.033205862266856E-004  4.799723471118903E-004
   55452.8467836839       9.575111769644096E-005  4.801189621415095E-004
   55452.8672168927      -6.278022825181306E-004  4.800142419275607E-004
   55452.8876502016      -9.603159560823693E-004  4.799614107142254E-004
   55452.9080833102      -2.806632437569734E-004  4.800435178228484E-004
   55452.9285165186      -9.314777419654474E-004  4.799608050060470E-004
   55483.7210991583       6.347598370841645E-004  5.064729971981279E-004
   55483.7415320619       6.726342689560294E-004  5.064194791588182E-004
   55483.7619648655       3.151610549403383E-004  5.064133589256062E-004
   55483.7823978686      -2.080502270407347E-005  5.064054706250218E-004
   55483.8028307720      -4.660138153458337E-004  5.063340339029193E-004
   55483.8232635751      -9.031093225594367E-004  5.063089749480456E-004
   55483.8436965780       1.427671138198860E-004  5.063888779927581E-004
   55483.8641294807       7.605174201494869E-004  5.065217550560504E-004
   55483.8845624834      -1.409016631620519E-003  5.062354981482057E-004
   55483.9049952858      -2.707901615358421E-002  5.033235931898109E-004
   55483.9254281880      -3.485518867148585E-002  5.022563945241119E-004
   55483.9458611902      -3.427855006491254E-002  5.023102865776733E-004
   55483.9662939922      -2.068090932808953E-002  5.039611514840259E-004
   55483.9867268939      -4.241555345080306E-004  5.063850358463528E-004
   55484.0071598957       7.124386701853336E-004  5.064822115492415E-004
   55484.0275926972       3.750687046768508E-004  5.064826535660847E-004
   55484.0480255987       3.387176327067642E-004  5.063940121883971E-004
   55484.0684586000       4.355849545056856E-005  5.064185951251321E-004
   55484.0888914010       2.769833395777077E-005  5.063327078523899E-004
   55484.1093243020      -6.416656020186151E-004  5.063230174831376E-004
   55484.1297573028      -9.868093527337640E-004  5.062747696446495E-004
   55514.9220242679      -1.254547970411024E-003  5.060232280596353E-004
   55514.9424570443       1.369207266312955E-003  5.062870101110736E-004
   55514.9628897207      -3.902862657098050E-004  5.061142835293119E-004
   55514.9833225970      -4.542643973669547E-004  5.061238378933818E-004
   55515.0037553734      -4.508903248284790E-004  5.060599494589074E-004
   55515.0241881498      -1.087178078756912E-004  5.061572951682742E-004
   55515.0446209261      -2.654585898231865E-005  5.061655914844061E-004
   55515.0650537024       2.033512481240951E-004  5.062039449458681E-004
   55515.0854864787      -1.747579915269082E-003  5.060106815815506E-004
   55515.1059192550      -2.645845014500792E-002  5.030705215464937E-004
   55515.1263520313      -3.426228339950610E-002  5.022506483051517E-004
   55515.1467848076      -3.394612711132261E-002  5.023069544507024E-004
   55515.1672175839      -2.139318534988655E-002  5.035680965066314E-004
   55515.1876504602      -7.412949680773995E-004  5.060482190119177E-004
   55515.2080831365       5.904151853821649E-004  5.062018368655395E-004
   55515.2285159128      -3.765517613605329E-004  5.060958548270846E-004
   55515.2489487890       2.076637455237229E-004  5.062206055807231E-004
   55515.2693814653      -5.539441026269909E-004  5.061023150732529E-004
   55515.2898142416      -1.917533767692436E-004  5.061555951034931E-004
   55515.3102471178       8.940300312709759E-005  5.062046929743718E-004
   55515.3306797941       1.411832105189248E-004  5.061178536653523E-004
   55546.1229354704       3.427897175285466E-004  5.078249227133686E-004
   55546.1433682587      -2.631297972433000E-004  5.077452236764298E-004
   55546.1638011470      -2.975351167626705E-004  5.077856852182203E-004
   55546.1842341356      -1.956380416754389E-004  5.077627003423796E-004
   55546.2046669243       7.356635363271469E-004  5.078241746848649E-004
   55546.2250998131      -9.719189673162987E-005  5.077716766844239E-004
   55546.2455328021      -3.738899068802537E-004  5.077033680815187E-004
   55546.2659655912       1.256147714869815E-003  5.080291344948765E-004
   55546.2863985805      -1.365059846231809E-003  5.075995621259835E-004
   55546.3068314700      -2.453765683077402E-002  5.049535813006514E-004
   55546.3272643596      -3.342836291380469E-002  5.040448286725525E-004
   55546.3476972494      -3.370020787967642E-002  5.040368723693768E-004
   55546.3681301392      -2.237206971203698E-002  5.052443943821094E-004
   55546.3885630293      -6.152756942713333E-004  5.076600504308957E-004
   55546.4089960195       4.031407907112428E-004  5.077708946546246E-004
   55546.4294288099       1.304413834075646E-004  5.077804490186945E-004
   55546.4498617004      -7.260746919253158E-004  5.076861634259337E-004
   55546.4702946911      -3.984243007019161E-004  5.077913974358849E-004
   55546.4907274819       1.600003137336214E-003  5.079182222685563E-004
   55546.5111604729       4.303467672011063E-004  5.077897313723994E-004
   55546.5315933640      -3.808874512405414E-004  5.077163905777420E-004
   55577.3445979025       2.998572932839672E-004  5.427963340672286E-004
   55577.3650311189      -3.067583998317414E-005  5.427275127198427E-004
   55577.3854644354       1.057552873791057E-004  5.427208227085066E-004
   55577.4058975524       2.858709356170497E-004  5.428320827431887E-004
   55577.4263308695      -1.257156673490911E-004  5.426688807743381E-004
   55577.4467640869      -8.476547520719357E-005  5.427505675281395E-004
   55577.4671972046       3.714054130716793E-004  5.427414073587716E-004
   55577.4876305226      -1.214648757395853E-003  5.425690795283033E-004
   55577.5080637408      -2.492789099113579E-002  5.400069081098226E-004
   55577.5284968593      -3.400649091510388E-002  5.388156743989888E-004
   55577.5489301780      -3.382217731891513E-002  5.390005245583682E-004
   55577.5693633970      -2.328800007474041E-002  5.402069222948972E-004
   55577.5897965163      -1.104896058910287E-003  5.426886077308419E-004
   55577.6102298358      -8.029592538981722E-004  5.427483375243608E-004
   55577.6306630556      -2.451143466147832E-004  5.426695326215964E-004
   55577.6510963757      -1.294876717578886E-003  5.427231899432871E-004
   55577.6715294960      -3.628718442623136E-004  5.427538953799324E-004
   55577.6919627166      -3.535746484528701E-005  5.428365427507462E-004
   55577.7123960375       6.308601750562026E-004  5.430210841403716E-004
   55577.7328291586      -3.231826054668208E-004  5.428135565579503E-004
   55608.5260057680       8.549908595489875E-005  5.440899764131307E-004
   55608.5464395209       2.732700603866878E-004  5.440883296411094E-004
   55608.5668731740       3.901307433571422E-004  5.440885011798617E-004
   55608.5873067275       1.401973665398071E-004  5.440983131964880E-004
   55608.6077404812       2.578825422634434E-004  5.440434207957814E-004
   55608.6281741352      -1.088078625834932E-004  5.440326138543923E-004
   55608.6486077896       1.253844157786954E-004  5.439728154453726E-004
   55608.6690414442      -3.522578626492523E-004  5.440604374400004E-004
   55608.6894749991       2.529257062791057E-004  5.440152541326688E-004
   55608.7099087543      -2.456132251636300E-002  5.412191724716771E-004
   55608.7303424098      -3.449681726405540E-002  5.400999164212699E-004
   55608.7507760656      -3.429445782486107E-002  5.401211529187931E-004
   55608.7712097216      -2.191831249757981E-002  5.415319219247029E-004
   55608.7916433779       3.270847677847577E-004  5.440891530271200E-004
   55608.8120769346      -2.219980213233885E-004  5.439128454976006E-004
   55608.8325106916       7.631930072471427E-004  5.441240783170696E-004
   55608.8529443488       4.116863701026929E-004  5.441445257363328E-004
   55608.8733781063      -1.586894838289110E-004  5.438498221600394E-004
   55608.8938116641       6.153785137834600E-004  5.440339861644099E-004
   55608.9142453222       4.236004535811411E-004  5.439380273864247E-004
   55608.9346790806       8.873437995049471E-005  5.439090373373015E-004
   55670.9315655389      -6.625443503381900E-004  5.970111618953066E-004
   55670.9519997566       1.018111390373999E-004  5.971029361151043E-004
   55670.9724341744      -1.058461044911585E-005  5.971487175754793E-004
   55670.9928684923       1.883214544196044E-005  5.971271650725951E-004
   55671.0133029103       1.499418052530954E-003  5.974333373929796E-004
   55671.0337371284       7.098478398339658E-004  5.971920338802957E-004
   55671.0541714466       1.592454063883419E-004  5.971082185913015E-004
   55671.0746058649       1.876740510435848E-004  5.970367290801006E-004
   55671.0950401834      -2.636721504787554E-003  5.967947916702728E-004
   55671.1154744019      -2.581813393010202E-002  5.944512739301862E-004
   55671.1359088205      -3.415372954847340E-002  5.937143332841812E-004
   55671.1563431393      -3.332359641956983E-002  5.938692859192965E-004
   55671.1767774582      -1.961326094517990E-002  5.951646195158442E-004
   55671.1972117771       3.072314004570753E-004  5.972072474117433E-004
   55671.2176460962      -6.447339920228057E-004  5.970322918000950E-004
   55671.2380805154       4.528783469448516E-004  5.971220234624299E-004
   55671.2585147347      -7.287371763173844E-004  5.971099089836845E-004
   55671.2789490541      -3.185781691424916E-004  5.969795374711398E-004
   55671.2993834736      -5.603445389792405E-004  5.971256155462440E-004
   55671.3198176932      -7.963359651717017E-004  5.970008786749762E-004
   55671.3402520129      -8.743200260272754E-004  5.968538849706645E-004
   55702.1348509394      -9.710082591213309E-004  5.969021315865981E-004
   55702.1552852204      -1.116500590927938E-003  5.968450808436694E-004
   55702.1757197013       4.405202027637500E-004  5.970340526254940E-004
   55702.1961540821      -4.007367861991185E-006  5.968273317236470E-004
   55702.2165883629       2.383060629218559E-004  5.970094010699074E-004
   55702.2370228437       8.221519845326153E-004  5.967768312512027E-004
   55702.2574572245      -2.066778006128978E-004  5.968241622379287E-004
   55702.2778915053      -2.663071982984544E-004  5.968749444424370E-004
   55702.2983259859      -3.740808215345282E-003  5.963608538589341E-004
   55702.3187603666      -2.831174671574954E-002  5.939859934267447E-004
   55702.3391948473      -3.489293191890286E-002  5.933604073789748E-004
   55702.3596291280      -3.304276095323533E-002  5.935760732738489E-004
   55702.3800635085      -1.770494318525251E-002  5.950176962445485E-004
   55702.4004979892       7.216810445491717E-004  5.971139236655943E-004
   55702.4209322698      -7.188898960563961E-004  5.968193023598274E-004
   55702.4413666504      -6.918240933003750E-004  5.968247961350724E-004
   55702.4618011308      -1.851834501480631E-004  5.969796079041558E-004
   55702.4822354113      -4.777767169281688E-004  5.967342192765459E-004
   55702.5026697918       6.481565522953314E-004  5.971247703500524E-004
   55702.5231042722      -1.765247961925676E-003  5.965756745576167E-004
   55702.5435385526      -3.635419907033199E-005  5.970548303652027E-004
   55733.3380794101       9.697372026495898E-006  5.979558095053819E-004
   55733.3789478063      -1.841608846515630E-004  5.978789670849680E-004
   55733.3993821542      -4.936416584848669E-004  5.978341716868165E-004
   55733.4198163020       1.058538572822343E-004  5.979396099117109E-004
   55733.4402505497      -1.063581872301489E-004  5.978753750011539E-004
   55733.4606848972      -4.039995053495282E-006  5.979069994253207E-004
   55733.4811191445      -7.634689814375317E-004  5.978064915115437E-004
   55733.5015532917      -4.689315431557040E-003  5.974424232520387E-004
   55733.5219876388      -2.980367763766745E-002  5.945879844141675E-004
   55733.5424218856      -3.504876854108596E-002  5.939939523575483E-004
   55733.5628561324      -3.390192734804820E-002  5.941799659527026E-004
   55733.5832903790      -1.433063193435302E-002  5.965159473600813E-004
   55733.6037246255      -5.274120001106386E-004  5.978210007128317E-004
   55733.6241589719       6.797919513490402E-004  5.979601059193557E-004
   55733.6445931180       1.279394606624962E-003  5.979853913720858E-004
   55733.6650273641      -1.734293019732824E-004  5.978469904957215E-004
   55733.6854617099      -2.483838111391190E-004  5.978555128906528E-004
   55733.7058958558       1.328887445798177E-003  5.979903921162191E-004
   55733.7263301012       6.574743535072702E-004  5.979539078139510E-004
   55733.7467644469       9.122210459138191E-004  5.979166487485074E-004
   55764.5409530112      -4.942919065749063E-004  4.803218002307305E-004
   55764.5613869693      -2.824940053112179E-004  4.803355270834281E-004
   55764.5818208274      -6.665559868710424E-004  4.802621035986055E-004
   55764.6022548851      -7.473658610610556E-004  4.802930649027245E-004
   55764.6226888427      -2.582411427054510E-005  4.803852068230440E-004
   55764.6431227998       3.990838162262200E-004  4.803877700682653E-004
   55764.6635567570       1.673468972798187E-004  4.804031832665032E-004
   55764.6839907137       2.754759663559092E-004  4.804292541685555E-004
   55764.7044246704      -5.775283932299535E-003  4.797769419866742E-004
   55764.7248586266      -3.080622261528787E-002  4.770815210020420E-004
   55764.7452925829      -3.350060391202270E-002  4.767409466567322E-004
   55764.7657265389      -3.283729274857983E-002  4.767208116909815E-004
   55764.7861604944      -1.355307114033000E-002  4.789145448773880E-004
   55764.8065944499      -1.331306007241739E-004  4.803470954138343E-004
   55764.8270284050       2.320474622097279E-004  4.803091526391786E-004
   55764.8474623601      -1.915162595591546E-004  4.802947849751756E-004
   55764.8678963149      -2.915543513407615E-004  4.802219348478366E-004
   55764.8883303695      -6.989756000729264E-004  4.802395740221877E-004
   55764.9087642236       1.578300213844752E-004  4.803495574783231E-004
   55764.9291981778      -4.338713353564394E-004  4.802280731456032E-004
   55764.9496322317       5.130370588646294E-005  4.802779552466839E-004
   55795.7433279852      -4.047743829068695E-004  4.801627441193737E-004
   55795.7637614605       1.038750912634612E-003  4.804203165371922E-004
   55795.7841951356      -1.203068241352745E-003  4.800154924267986E-004
   55795.8046287104      -2.346105663043607E-004  4.802390681185256E-004
   55795.8250623848       2.819398584119615E-004  4.802717832220066E-004
   55795.8454958592      -6.915634051883890E-004  4.801790679442033E-004
   55795.8659294331      -5.079995213047583E-004  4.802225756591419E-004
   55795.8863631068      -5.431626134966283E-004  4.802331996360455E-004
   55795.9067965803      -5.475266836361015E-003  4.797129620368770E-004
   55795.9272301535      -3.009101011561877E-002  4.769848934025854E-004
   55795.9476638265      -3.514133027427935E-002  4.765057689076882E-004
   55795.9680972993      -3.158053069632349E-002  4.768188220937811E-004
   55795.9885308718      -1.235756329798599E-002  4.789428080286426E-004
   55796.0089644438       2.404809346177039E-004  4.802157628231593E-004
   55796.0293980157      -6.902710411758051E-004  4.802111759632898E-004
   55796.0498315875       4.518288009538463E-004  4.802821036567129E-004
   55796.0702651589      -5.464637830620012E-004  4.802065891034203E-004
   55796.0906987300       1.103774355069032E-003  4.803877363413545E-004
   55796.1111324007       4.525428387156527E-004  4.804944482871418E-004
   55796.1315658713      -2.468119140239811E-004  4.801923226201497E-004
   55796.1519994417      -4.838996044082000E-004  4.801970781145733E-004
   55826.9451000277      -2.371242343048863E-004  4.805798785522110E-004
   55826.9655333126      -9.349823126525436E-005  4.806409917145899E-004
   55826.9859664975      -5.196009941852431E-004  4.805358312066996E-004
   55827.0063995819      -9.258714650550726E-005  4.806449714900649E-004
   55827.0268328660       7.122084861079792E-004  4.806832178069179E-004
   55827.0472660500       5.389028877598179E-004  4.807161015449528E-004
   55827.0676993337      -3.453576616082588E-004  4.805968431883460E-004
   55827.0881324171       5.527035470676012E-004  4.806722565609062E-004
   55827.1085656004      -7.039449746536142E-003  4.798241259348906E-004
   55827.1289988834      -3.029203914457956E-002  4.773708978967497E-004
   55827.1494319661      -3.471024646928600E-002  4.769082321343254E-004
   55827.1698651487      -3.260003692523394E-002  4.772073561062558E-004
   55827.1902984310      -1.172220524354872E-002  4.794164013101677E-004
   55827.2107316130       3.791180322145760E-004  4.806924589804785E-004
   55827.2311646949      -3.888420563762374E-004  4.806222058252715E-004
   55827.2515979767      -1.023410490870180E-004  4.806370793929365E-004
   55827.2720311579      -5.894755788615758E-005  4.806619698531106E-004
   55827.2924642390       7.136556695124252E-004  4.807275349677158E-004
   55827.3128975199      -1.335695052350205E-004  4.805713793706882E-004
   55827.3333307006       4.919579339570657E-004  4.807223747503626E-004
   55827.3537637810      -9.922901167410680E-004  4.805609914821602E-004
   55858.1462824807      -4.542900468094135E-004  5.086197964019253E-004
   55858.1667153676      -7.058197780905884E-004  5.086096083937293E-004
   55858.1871482543      -1.138885327896300E-003  5.085188393945344E-004
   55858.2075812409      -7.200029353224835E-004  5.085256769839276E-004
   55858.2280140274       4.938170840564915E-004  5.087753857485680E-004
   55858.2484469136       1.997492039358395E-004  5.086678646553595E-004
   55858.2688798999       1.901318622572479E-004  5.087341208965799E-004
   55858.2893126859       3.405116467813940E-004  5.086873859730772E-004
   55858.3097455717      -6.993765328972001E-003  5.078014053274505E-004
   55858.3301785575      -3.058306940110433E-002  5.049468826955155E-004
   55858.3506113431      -3.477584517267029E-002  5.045286273523320E-004
   55858.3710443286      -3.327723628966439E-002  5.046529347275008E-004
   55858.3914772140      -1.291156925824788E-002  5.069065358156127E-004
   55858.4119099990      -5.101953600262776E-004  5.086176767492134E-004
   55858.4323429841      -4.950836041764939E-004  5.086119673620700E-004
   55858.4527758690      -1.482280038227479E-004  5.086151126531908E-004
   55858.4732086537       7.705878384942633E-004  5.087168901713089E-004
   55858.4936416384       2.392844120426840E-004  5.086687877299277E-004
   55858.5140745229       3.190972641697876E-004  5.086873175971833E-004
   55858.5345074072      -1.087130109304280E-003  5.085495059829630E-004
   55858.5549402913       3.090175463518197E-004  5.086260869841670E-004
   55889.3471951089      -2.102253035866086E-004  5.080742593321871E-004
   55889.3676277855       1.539802451862027E-004  5.080492337550079E-004
   55889.3880606620      -1.185332714689791E-003  5.079670801184483E-004
   55889.4084934386       9.207686099321766E-004  5.080417465946223E-004
   55889.4289263151      -7.008795832452730E-005  5.080077979632850E-004
   55889.4493589917      -6.830480807893391E-004  5.079644134585849E-004
   55889.4697917683      -3.509483476101805E-004  5.079295075647326E-004
   55889.4902246449      -3.960559229390093E-004  5.079922766353624E-004
   55889.5106573214      -3.583175394443860E-003  5.076151835803262E-004
   55889.5310900980      -2.942321881638221E-002  5.049876689162460E-004
   55889.5515229746      -3.302192791138547E-002  5.045692768212747E-004
   55889.5719556512      -3.300157876400600E-002  5.046522167806145E-004
   55889.5923884278      -1.381788162708164E-002  5.065876648342598E-004
   55889.6128213044       4.167555401577427E-004  5.080623277386959E-004
   55889.6332539810      -3.753649927328295E-004  5.080579858694312E-004
   55889.6536868576      -4.734572992846076E-004  5.080949430401016E-004
   55889.6741195343      -2.414892507370814E-004  5.079265332133465E-004
   55889.6945523109       6.255511482418097E-004  5.080420884740920E-004
   55889.7149851875      -4.670758370750594E-005  5.079489946945032E-004
   55889.7354178642      -7.329297282023806E-004  5.078591145819294E-004
   55889.7558506408      -1.382657516983410E-003  5.078543966452481E-004
   55920.5480966848      -4.348561423110908E-004  5.097661866395927E-004
   55920.5685295910       1.867392265446632E-004  5.097223918795291E-004
   55920.5889624974       1.727179255187394E-003  5.099311092957573E-004
   55920.6093954039       4.348464317125433E-004  5.098871435959589E-004
   55920.6298283106      -1.510826211393868E-004  5.097458789990949E-004
   55920.6502612175      -2.764361482611166E-004  5.097434174669134E-004
   55920.6706941245       1.882644463298000E-004  5.098238275181776E-004
   55920.6911271317       3.961696823535643E-004  5.098103916550199E-004
   55920.7115599391      -3.183959315623541E-003  5.094828369351376E-004
   55920.7319928466      -2.858606333434777E-002  5.067107414433378E-004
   55920.7524258542      -3.449543823210832E-002  5.062287939549565E-004
   55920.7728586621      -3.360328287964398E-002  5.063150501451520E-004
   55920.7932916701      -1.486585608797408E-002  5.082282760332694E-004
   55920.8137244782       9.928007191177812E-004  5.097891951279010E-004
   55920.8341573865      -1.193345514607369E-004  5.096967509193046E-004
   55920.8545903950       8.895054409336911E-004  5.097739473035541E-004
   55920.8750232037       2.614622850283244E-004  5.098209899185794E-004
   55920.8954561125      -6.532457887409304E-005  5.096369903880079E-004
   55920.9158891214       1.187546039578269E-004  5.098521009503186E-004
   55920.9363219306      -1.120752899415045E-004  5.098764427685585E-004
   55920.9567549399      -2.146129336373370E-004  5.098092634527701E-004
   55951.7698097062      -4.700289707402217E-004  5.397719150751092E-004
   55951.7902428526      -1.996380334226000E-004  5.397048093811588E-004
   55951.8106760993      -1.275786405892099E-004  5.397694131774286E-004
   55951.8311094462      -2.237826847126811E-004  5.397109784439325E-004
   55951.8515425935       1.260285086696067E-003  5.398483771809332E-004
   55951.8719758408      -3.049553462851629E-004  5.398100604465937E-004
   55951.8924091887       3.596699370138623E-004  5.397653004689129E-004
   55951.9128423366      -4.475581229039460E-003  5.392187557797264E-004
   55951.9332755849      -2.978506469578079E-002  5.365008038118802E-004
   55951.9537089335      -3.332996072716687E-002  5.359049751656454E-004
   55951.9741420823      -3.315474582522437E-002  5.360256831605858E-004
   55951.9945754314      -1.198094617674783E-002  5.384814156879751E-004
   55952.0150086807       2.907096249100682E-004  5.397618389392453E-004
   55952.0354419304      -8.608477912108725E-005  5.397756850579154E-004
   55952.0558751803      -3.360027842513880E-005  5.397941579736657E-004
   55952.0763084304      -3.161817208620077E-004  5.397103272650842E-004
   55952.0967416810      -3.571896992179413E-004  5.396294439976056E-004
   55952.1171750316       1.174251307247687E-004  5.398289446331957E-004
   55952.1376081826       6.256932022783435E-004  5.398724365257509E-004
   55952.1580415339       7.035434397846263E-004  5.399743631518022E-004
   55982.9512834494       6.483944230106786E-004  5.405434591926840E-004
   55982.9717170342      -1.097351796031099E-005  5.405005156612642E-004
   55982.9921507193       2.273081841122071E-004  5.404885545339973E-004
   55983.0125845048       2.884942475247509E-004  5.404279606285303E-004
   55983.0330180905      -7.023287768279651E-004  5.403692517144664E-004
   55983.0534517765      -1.060035546473936E-003  5.402766815002887E-004
   55983.0738855628       8.224693410052719E-004  5.405868139949553E-004
   55983.0943191493      -7.270923439455235E-004  5.403564337729253E-004
   55983.1147529362      -3.184923542730256E-003  5.400655281905704E-004
   55983.1351866233      -2.889646309539362E-002  5.368265303263361E-004
   55983.1556202107      -3.379798964480585E-002  5.362723428538244E-004
   55983.1760539985      -3.297244330909122E-002  5.363764971969884E-004
   55983.1964876865      -1.480942478784097E-002  5.388860719333645E-004
   55983.2169212748      -2.463433250997626E-004  5.405538095091155E-004
   55983.2373550634       4.076732530422511E-005  5.406160484979889E-004
   55983.2577887523       1.160311927755675E-003  5.407128342383953E-004
   55983.2782225414      -1.637230756078578E-004  5.406393195736744E-004
   55983.2986561309      -5.002576682063831E-004  5.405443502795290E-004
   55983.3190898206      -4.453120253994358E-004  5.406589577568377E-004
   55983.3395236106      -6.002448790176640E-004  5.404752910490336E-004
   55983.3599573010       1.353595391156093E-003  5.407721943313076E-004
   56014.1538450098       1.855202256985766E-003  5.389488592833732E-004
   56014.1742790915      -2.574648504117816E-004  5.387011714130058E-004
   56014.1947131735      -6.866496792601318E-006  5.386752613493559E-004
   56014.2151472557       6.064215032695053E-004  5.388563233417664E-004
   56014.2355814380      -2.779059013627849E-004  5.387847622135906E-004
   56014.2560154207       4.682218772533719E-004  5.388681816513205E-004
   56014.2764495034       5.178277771671347E-004  5.388787718757489E-004
   56014.2968836866      -1.430700557651932E-004  5.387338331731359E-004
   56014.3173176698      -4.775340389095994E-003  5.382189906120925E-004
   56014.3377518533      -2.923528204744497E-002  5.354720783217805E-004
   56014.3581859370      -3.435574442074851E-002  5.346404886598741E-004
   56014.3786199209      -3.213008256190997E-002  5.351166717608685E-004
   56014.3990541050      -1.450099962613793E-002  5.371432088820571E-004
   56014.4194881894       2.768759600930704E-004  5.388960109789445E-004
   56014.4399221740      -1.940148746358838E-004  5.387230030407108E-004
   56014.4603563588       3.700524654164372E-004  5.388042975790409E-004
   56014.4807904438      -1.226688480824301E-004  5.387080259271988E-004
   56014.5012246290       9.282573148323703E-004  5.388942630778252E-004
   56014.5216586144       9.389606375413972E-004  5.388316470906713E-004
   56045.3568975843      -9.908497376096559E-004  5.979841295922823E-004
   56045.3773319131      -4.480383876399596E-004  5.979300760262784E-004
   56045.3977663420       9.759609856874185E-005  5.980924489765128E-004
   56045.4182005709      -1.211934991059760E-003  5.980614601520236E-004
   56045.4386349000      -2.783421561366461E-004  5.980705162468515E-004
   56045.4590693292      -1.417545634041950E-003  5.979628336192886E-004
   56045.4795035585      -5.906211678331497E-004  5.979834220848738E-004
   56045.4999378878       1.113144620274564E-003  5.981965233162927E-004
   56045.5203723173      -5.259269033317415E-003  5.975934440013478E-004
   56045.5408065469      -3.110664281934361E-002  5.948971332678252E-004
   56045.5612408765      -3.430659570137951E-002  5.944918730242771E-004
   56045.5816753063      -3.207904293886266E-002  5.947817388095104E-004
   56045.6021095361      -1.155837867747100E-002  5.967965784072343E-004
   56045.6225439661      -2.237766901890592E-003  5.978512597009793E-004
   56045.6429782962       6.550343542741643E-004  5.980935102376254E-004
   56045.6634125263       1.984586776138109E-005  5.979234962073800E-004
   56045.6838469566       1.486828413943542E-005  5.981383662073198E-004
   56045.7042811869      -7.737628092243654E-004  5.979511597470495E-004
   56045.7247155173      -5.926615921508782E-004  5.979130958484760E-004
   56045.7451499479       3.509544341253612E-004  5.979883038859920E-004
   56045.7655841785       4.019835886706069E-004  5.981873257199831E-004
   56076.5601892320      -7.603991790819942E-004  5.974830020948921E-004
   56076.5806236095       2.434376126576598E-004  5.974904309226806E-004
   56076.6010579870      -3.614938064762097E-004  5.973915213869823E-004
   56076.6214923646      -5.898379757440786E-005  5.974901479197172E-004
   56076.6419267420      -2.154354096023381E-004  5.974138078703477E-004
   56076.6623611194      -1.238675380102028E-003  5.972667878308762E-004
   56076.6827954969       4.801537827008318E-004  5.974515887659578E-004
   56076.7032298743      -6.289859647315987E-004  5.974244912322150E-004
   56076.7236642516      -7.905097502067027E-003  5.965096134023755E-004
   56076.7440986288      -3.200020040644136E-002  5.942323593068654E-004
   56076.7645330061      -3.473089505706328E-002  5.938931802552646E-004
   56076.7849674833      -3.129172626678056E-002  5.942481367220734E-004
   56076.8054017605      -1.074255602536456E-002  5.963231852002545E-004
   56076.8258361376       1.217852385168472E-003  5.975767468265089E-004
   56076.8462706147      -6.049267904669753E-004  5.973620183280507E-004
   56076.8667048918       7.224671119669956E-004  5.975401686934931E-004
   56076.8871392689      -2.530030386215243E-004  5.974164256477589E-004
   56076.9075737458       5.143608904685237E-004  5.974939684597227E-004
   56076.9280080228      -4.358470611453003E-004  5.974576025789295E-004
   56076.9484424997      -1.312076328556788E-004  5.976200462799048E-004
   56076.9688768767       3.914152216391020E-004  5.974499614989185E-004
   56107.7633800572      -2.518491837858461E-004  4.809270123095620E-004
   56107.7838142895      -2.299650569029810E-004  4.808605089150931E-004
   56107.8042485217      -4.293351810158441E-004  4.808999497349642E-004
   56107.8246827538       3.540159230770445E-004  4.809505140190811E-004
   56107.8451169857      -1.175449685002938E-003  4.807596177378646E-004
   56107.8655512174      -7.605310513012498E-004  4.809127688492473E-004
   56107.8859854490       7.281194178427874E-004  4.810861999350780E-004
   56107.9064197805      -8.001216422331980E-004  4.809072071171245E-004
   56107.9268539117      -9.754019568939509E-003  4.799076214200460E-004
   56107.9472881429      -3.198643306347126E-002  4.775779339205886E-004
   56107.9677224739      -3.446418433234033E-002  4.773810350382395E-004
   56107.9881566046      -3.075641588615041E-002  4.776949337731728E-004
   56108.0085909353      -8.143095765393071E-003  4.800620612254572E-004
   56108.0290251658       1.458925669941546E-004  4.810686669136908E-004
   56108.0494592961      -2.176094254966454E-004  4.809799165907305E-004
   56108.0698936264      -1.775963529901947E-004  4.809495983680608E-004
   56108.0903278564      -4.932068077434515E-005  4.809105305911979E-004
   56108.1107619865      -4.244958286991896E-004  4.809046975550691E-004
   56108.1311963163      -3.867940649774360E-004  4.808807549765403E-004
   56108.1516304458      -1.243543194469399E-003  4.808944897418436E-004
   56108.1720646752       1.169674756791306E-004  4.810381452130166E-004
   56138.9662479108       5.548000735253744E-004  4.810768060338705E-004
   56138.9866818447       5.230456116938065E-004  4.812863883784998E-004
   56139.0071157781      -1.552210954525179E-004  4.811110581646271E-004
   56139.0275498113       5.912377535206570E-004  4.813175205131874E-004
   56139.0479836445       7.654556128271484E-004  4.812818440363994E-004
   56139.0684175772       1.591468589892120E-004  4.813869065127200E-004
   56139.0888515097      -7.791363264799678E-004  4.812352136603694E-004
   56139.1092854422      -4.976839962467228E-004  4.814858307359050E-004
   56139.1297194742      -1.149494776193027E-002  4.802741870451425E-004
   56139.1501533060      -3.198816208188338E-002  4.780405411638065E-004
   56139.1705872375      -3.361194908090992E-002  4.779576917029766E-004
   56139.1910212691      -3.005932653979992E-002  4.783583398938259E-004
   56139.2114551002      -6.315366743165907E-003  4.810182382815769E-004
   56139.2318890310      -8.551294376379914E-005  4.817486564917102E-004
   56139.2523230619      -6.959567788866750E-005  4.816591261697327E-004
   56139.2727568922       1.935708629985378E-005  4.818592807001536E-004
   56139.2931908224      -5.800000866779120E-004  4.817234591321536E-004
   56139.3136248526      -5.753862642721153E-005  4.819048258601596E-004
   56139.3340586822      -2.327205034677871E-004  4.818973649999948E-004
   56139.3544927117       3.814812688380798E-004  4.819826561968787E-004
   56139.3749266412       2.379642453329556E-004  4.819593240523633E-004
   56170.1685824651      -4.590683156577846E-004  4.800136673733883E-004
   56170.1890161128       1.729938861529945E-004  4.802359331802976E-004
   56170.2094496601      -3.485018394955297E-004  4.802657087949553E-004
   56170.2298833073      -2.819238364284438E-004  4.803415721776309E-004
   56170.2503167540       2.153254522019310E-006  4.805331806318631E-004
   56170.2707503006      -4.417927121983523E-004  4.805713327577058E-004
   56170.2911839469      -5.139725074851942E-004  4.806143005296548E-004
   56170.3116173928      -2.877694474989756E-004  4.806835508771845E-004
   56170.3320509386      -1.246948204987541E-002  4.795008688890618E-004
   56170.3524845841      -3.233016025496671E-002  4.775540252550605E-004
   56170.3729180294      -3.509591914975629E-002  4.771954630981407E-004
   56170.3933515744      -3.062303892142626E-002  4.776593590353870E-004
   56170.4137852190      -5.790600691291559E-003  4.804562998591650E-004
   56170.4342186636      -9.704655428203202E-004  4.810907442771784E-004
   56170.4546523077      -7.876498640267959E-004  4.810788747269162E-004
   56170.4750858516       3.413855750455941E-004  4.812430475635424E-004
   56170.4955193953       4.392549880658514E-004  4.813592335041087E-004
   56170.5159529387      -3.837304647658080E-004  4.813942995468832E-004
   56170.5363864819       1.021133470413549E-003  4.814903411650046E-004
   56170.5568200246       6.923502006817017E-006  4.814897307309911E-004
   56170.5772535673       1.577559497722980E-005  4.815062802753566E-004
   56201.3703141173       6.299126341644534E-004  4.833400918778613E-004
   56201.3907472777       1.624096728312097E-004  4.832648389291991E-004
   56201.4111804379      -4.429211027981994E-004  4.832307902764471E-004
   56201.4316135981      -3.642887311747778E-004  4.832414728716830E-004
   56201.4520467578       2.881001305556907E-004  4.833202866854239E-004
   56201.4724799173       2.285082953266127E-004  4.833534196871556E-004
   56201.4929130768      -3.783737231504158E-004  4.832261781083452E-004
   56201.5133462358      -4.428285360232875E-004  4.831848042474313E-004
   56201.5337793946      -1.322523497891737E-002  4.815015663682525E-004
   56201.5542126534      -3.183080261563487E-002  4.795422766629763E-004
   56201.5746457117      -3.480015230397870E-002  4.791805605969869E-004
   56201.5950789698      -3.111272452244429E-002  4.796030148473179E-004
   56201.6155120276      -5.954547996565362E-003  4.826324292912306E-004
   56201.6359451855      -1.214286958429733E-004  4.832822362985834E-004
   56201.6768115000      -8.931149619659795E-004  4.831359017003512E-004
   56201.6972446572       3.649622041799194E-004  4.832848136866403E-004
   56201.7176779139       1.293172759324612E-004  4.832317059274673E-004
   56201.7381109706      -1.813040234065477E-004  4.832287894094029E-004
   56201.7585441268       2.502023686246080E-004  4.832915962867901E-004
   56201.7789773828       8.787730362436186E-005  4.832241772413010E-004
   56232.5714658982       2.195446632988762E-004  5.114229506823562E-004
   56232.5918987707       1.319136780088881E-003  5.114868479796398E-004
   56232.6123316433       1.839012932651762E-004  5.113991269055673E-004
   56232.6327645157      -9.602591440693864E-005  5.113675225311565E-004
   56232.6531973878      -5.245480415972947E-004  5.111599251698311E-004
   56232.6736302600       1.283407189709429E-003  5.114776902850937E-004
   56232.6940631319       2.655235174660042E-004  5.114029139221088E-004
   56232.7144960038      -2.170049835019672E-004  5.113130583478038E-004
   56232.7349288755      -1.164691227596482E-002  5.098739920619991E-004
   56232.7553617469      -3.330769982347725E-002  5.076669876764059E-004
   56232.7757946184      -3.486370383056392E-002  5.074484079671098E-004
   56232.7962274897      -3.101800571180280E-002  5.079067746783349E-004
   56232.8166604609      -6.395064859616828E-003  5.104419068335454E-004
   56232.8370933319       1.260736149386377E-003  5.115222049431689E-004
   56232.8575261028      -1.833359529253009E-004  5.113825328876304E-004
   56232.8779590736      -5.302295494891140E-005  5.111463607651276E-004
   56232.8983919441      -8.389573930500660E-005  5.110798814111111E-004
   56232.9188247147       6.263325466513425E-004  5.114613716865417E-004
   56232.9392576850      -4.222819946910761E-004  5.112049562392529E-004
   56232.9596905553       2.133161197390709E-004  5.114273229650905E-004
   56232.9801233253      -1.368210664109970E-004  5.113445938673683E-004
   56263.7723535556       4.336407482492532E-004  5.105888430753591E-004
   56263.7927863333       8.377245276929290E-004  5.107162933956953E-004
   56263.8132192110       3.447418826665327E-004  5.106810052870122E-004
   56263.8336518887       9.344277802456613E-004  5.108620935325465E-004
   56263.8540846664       1.967231698176697E-004  5.106308789589708E-004
   56263.8745175441       1.624310000369888E-004  5.106831742146678E-004
   56263.8949502218       7.548526142677758E-004  5.106076748757978E-004
   56263.9153829996      -2.915614826863866E-004  5.106524305258347E-004
   56263.9358157774      -1.169298516725636E-002  5.095220749430160E-004
   56263.9562485552      -3.151166622367374E-002  5.073376893744030E-004
   56263.9766814329      -3.375421778036070E-002  5.070950104689332E-004
   56263.9971141108      -3.023129745824338E-002  5.074510933061121E-004
   56264.0175468886      -6.664312919184678E-003  5.099811646301261E-004
   56264.0379797665      -2.279187311753361E-004  5.106574913570312E-004
   56264.0584125443       8.956092345060451E-004  5.107658688849670E-004
   56264.0788452222       3.095711400995516E-004  5.106153521911502E-004
   56264.0992781001      -1.467344450689634E-004  5.107062750155715E-004
   56264.1197108780      -7.353404885148684E-004  5.106131144086484E-004
   56264.1401435560       5.667205622554849E-004  5.106571126553771E-004
   56264.1605764340       1.494077280561612E-004  5.107016617408754E-004
   56264.1810092119      -6.021797285770125E-004  5.105913562772458E-004
   56294.9732935559      -2.529789300947938E-004  5.132773838279273E-004
   56294.9937264792       9.330338591695408E-004  5.134457339269125E-004
   56295.0141593027       1.145552714962861E-004  5.133228624538494E-004
   56295.0345923264      -1.258680140986401E-004  5.133693739024647E-004
   56295.0550251502      -3.279585793379836E-004  5.133370121247458E-004
   56295.0754581742       4.623475484517581E-004  5.133539159894905E-004
   56295.0958910984      -5.959140749141056E-004  5.133352907535904E-004
   56295.1163239227       7.803765433154197E-004  5.134241479326254E-004
   56295.1367569472      -8.562161643916877E-003  5.125056587115971E-004
   56295.1571898720      -3.300505860505376E-002  5.100121837383441E-004
   56295.1776227968      -3.342198109615457E-002  5.098988830889043E-004
   56295.1980557218      -2.984719461284213E-002  5.102879129699951E-004
   56295.2184886470      -8.169933407301322E-003  5.125480732968630E-004
   56295.2389216725       9.741723444152139E-004  5.134784055514395E-004
   56295.2593544980      -7.376395843612382E-004  5.133488551582940E-004
   56295.2797874237      -6.771059053980455E-004  5.133769479355479E-004
   56295.3002204496      -7.956322939413063E-004  5.133637622324986E-004
   56295.3206533757      -5.851507541592138E-004  5.133676181038864E-004
   56295.3410862019      -4.684287412340948E-004  5.133748134353155E-004
   56295.3615192284      -1.236193007713271E-003  5.133167343725366E-004
   56295.3819521550       3.248452508943789E-004  5.134629820658883E-004
   56326.1745913584       5.398662895124140E-004  5.588025159657490E-004
   56326.1950247322      -3.994363295983794E-004  5.587425604416374E-004
   56326.2154579062      -7.240693526944231E-005  5.587173943527060E-004
   56326.2358911806      -5.893030221457707E-004  5.587241099252682E-004
   56326.2563245552      -1.014558187760084E-003  5.586130952798722E-004
   56326.2767577301      -1.524821835325874E-004  5.587457451461514E-004
   56326.2971910053       2.631973334521476E-004  5.588331514385196E-004
   56326.3176243807      -7.972022855007310E-005  5.587111980254451E-004
   56326.3380575564      -9.510533019332135E-003  5.577144893616203E-004
   56326.3584908324      -3.114874428167780E-002  5.551127242390880E-004
   56326.3789242087      -3.538082220288763E-002  5.547183055082986E-004
   56326.3993574853      -3.211143937858552E-002  5.549682701962950E-004
   56326.4197907621      -7.825238775726495E-003  5.578205884848316E-004
   56326.4402240392      -3.727646085553982E-004  5.586399229537674E-004
   56326.4606573166       2.672352794652610E-005  5.587510068318703E-004
   56326.4810905942      -1.377257393284648E-004  5.587204405918064E-004
   56326.5015238721      -1.213181879267444E-003  5.586678929673253E-004
   56326.5219571503      -7.956722192814514E-005  5.586254879343942E-004
   56326.5423905288       1.279824493623627E-003  5.588373054009292E-004
   56326.5628237075       5.403425113068572E-004  5.587746498012514E-004
   56326.5832570865       6.209764771814008E-004  5.588607752885433E-004
   56357.3765423334      -5.062038294484372E-004  5.593672471553311E-004
   56357.3969759471       8.870645596603666E-004  5.595732490744928E-004
   56357.4174097612      -6.832211400596977E-004  5.594471070826553E-004
   56357.4378434757      -2.936885343791662E-004  5.592969413415490E-004
   56357.4582770903      -8.301859199235651E-004  5.591484718017600E-004
   56388.5791431066       4.377202122873847E-005  5.574052614765806E-004
   56388.5995771100      -2.257780611317761E-004  5.574921485236476E-004
   56388.6200113136      -2.960546966090938E-005  5.573058086932247E-004
   56388.6404454173      -3.355013544494856E-004  5.572179870046155E-004
   56388.6608794213      -5.113556606088920E-004  5.571505889645201E-004
   56388.6813136255      -3.048876062250461E-004  5.575289457073258E-004
   56388.7017477299       8.174003585128542E-004  5.575259340845789E-004
   56388.7221818346       1.015457491713168E-004  5.574417124967247E-004
   56388.7426159393      -1.040610700469558E-002  5.562110319001804E-004
   56388.7630500443      -3.287572717575582E-002  5.534306810103897E-004
   56388.7834842497      -3.434882547971763E-002  5.532821076215405E-004
   56388.8039182551      -3.179752967462546E-002  5.535815390785642E-004
   56388.8243523608      -6.348047120937950E-003  5.566176702037247E-004
   56388.8447865667       7.561060990335378E-005  5.574466972516162E-004
   56388.8652206728      -3.452813770910002E-005  5.572703269309762E-004
   56388.8856546791      -3.846967738672102E-004  5.572259141495471E-004
   56388.9060888856       9.808181471027133E-005  5.574889292027802E-004
   56388.9265229923       5.549006292107084E-004  5.572607382010807E-004
   56388.9469570993      -7.261407966807631E-005  5.572626767168719E-004
   56388.9673912064      -1.345677964760261E-004  5.573022432088231E-004
   56388.9878253139      -8.925639989909584E-005  5.573816877399063E-004
   56419.7822171820      -2.265435745505417E-004  5.946883282828574E-004
   56419.8026515201      -1.736325334378286E-005  5.953545808798061E-004
   56419.8230857583       2.476689816093280E-004  5.957337734146398E-004
   56419.8435201966      -5.419592138361518E-004  5.952395327587142E-004
   56419.8639545350      -9.230531950031873E-004  5.955486771444194E-004
   56419.8843889735      -1.122903032621525E-003  5.956579059920284E-004
   56419.9048232120      -5.770579821289257E-004  5.955607494260545E-004
   56419.9252575507      -1.898130604174875E-003  5.959400142499998E-004
   56419.9456919894      -1.266407840193184E-002  5.947461957166835E-004
   56419.9661262282      -3.293761845847853E-002  5.921685105756866E-004
   56420.0069950061      -3.090422044129337E-002  5.927969921118307E-004
   56420.0274292452      -5.328799803931195E-003  5.957681107426441E-004
   56420.0478636844      -2.199345902941241E-004  5.967234836413881E-004
   56420.0682980237       1.129178831966282E-003  5.968108811772977E-004
   56420.0887323631      -2.455514698205263E-004  5.969226401438125E-004
   56420.1091667025      -5.637002247710354E-004  5.967436523035212E-004
   56420.1296010420       2.169187596570143E-004  5.971475315699620E-004
   56420.1500353817       4.073366827648250E-004  5.973161459227406E-004
   56420.1704697214       1.480651502716590E-005  5.972490977717429E-004
   56420.1909040612       1.670908458685894E-003  5.975646035992677E-004
