   54959.0877475144       7.214628865698236E-004  2.068759373094866E-005
   54959.1081820402       5.980739753504993E-004  2.069272432316103E-005
   54959.1286165661       7.332583035485341E-004  2.068278991166054E-005
   54959.1490510919       5.427697911936091E-004  2.063449956329453E-005
   54959.1694856177       8.010369638923320E-004  2.061636752552091E-005
   54959.1899200433       8.091227471996865E-004  2.063913999612051E-005
   54959.2103546689       7.220556799439892E-004  2.066942953048564E-005
   54959.2307891944       7.608905561417023E-004  2.066272039347774E-005
   54959.2512236199       5.929564778360819E-004  2.065585816206831E-005
   54959.2716582454       4.766145800775279E-004  2.062053195054384E-005
   54959.2920927708       5.237044702839366E-004  2.058318592212534E-005
   54959.3125271962       3.649272955525973E-004  2.059385878897435E-005
   54959.3329617215       3.828433174331014E-004  2.059827665598972E-005
   54959.3533963466       4.495055575521878E-004  2.057247703306421E-005
   54959.3738307718       4.669072733068935E-004  2.052613317066042E-005
   54959.3942652969       3.536385039248913E-004  2.057073381529897E-005
   54959.4146999220       3.814793046859055E-004  2.058241015805712E-005
   54959.4351344469       2.545999088013895E-004  2.058855194522409E-005
   54959.4555688719       5.682153501995746E-005  2.056350621573801E-005
   54959.4760033967       9.798282520223633E-005  2.055921699948022E-005
   54959.4964380215      -2.378677497069104E-004  2.060336865297482E-005
   54959.5168725463      -6.027602783222230E-003  2.050775540993982E-005
   54959.5373069710      -1.581478769757039E-002  2.039102671806287E-005
   54959.5577415957      -2.177222725556316E-002  2.041978144889004E-005
   54959.5781761203      -2.338426342748257E-002  2.032604393390058E-005
   54959.5986105447      -2.430180196750575E-002  2.036705650891017E-005
   54959.6190450692      -2.461169727319534E-002  2.031148967369532E-005
   54959.6394796936      -2.480594177843143E-002  2.036473950876612E-005
   54959.6599142180      -2.445366303086094E-002  2.036639009798590E-005
   54959.6803486423      -2.356204872345935E-002  2.031561035746067E-005
   54959.7007832665      -2.213466168556677E-002  2.037006565013002E-005
   54959.7212177906      -1.679334294604895E-002  2.037784644794858E-005
   54959.7416522147      -7.033463528379191E-003  2.053484539996387E-005
   54959.7620867388      -1.096260565541574E-003  2.057494841411736E-005
   54959.7825213628      -6.297562236631249E-004  2.052707232119077E-005
   54959.8029557868      -7.991274292253880E-004  2.055243324503292E-005
   54959.8233903107      -7.184504203192610E-004  2.056847985402613E-005
   54959.8438249344      -7.518988817811767E-004  2.054175523215361E-005
   54959.8642593582      -7.000974545936511E-004  2.058147486704950E-005
   54959.8846938819      -5.246692736098346E-004  2.055315754879811E-005
   54959.9051284056      -4.076136863534474E-004  2.058283341904957E-005
   54959.9255629291      -4.447909728908517E-004  2.059739153877756E-005
   54959.9459974526      -3.290766760953856E-004  2.060106709092167E-005
   54959.9664319762      -1.735208815401013E-004  2.057169740947326E-005
   54959.9868665996      -4.036997979348644E-004  2.056586181110934E-005
   54960.0073010229      -3.170386870714470E-004  2.060553899125523E-005
   54960.0277355461      -3.133781827971971E-004  2.059204738630759E-005
   54960.0481699693      -1.330859965993358E-004  2.059372756520162E-005
   54960.0686045925      -1.254796871373864E-004  2.061877200818012E-005
   54960.0890391155      -1.223062353998827E-004  2.057967504295093E-005
   54960.1503426845       4.105831547784877E-005  2.058062963157218E-005
   54960.1707772073      -3.188396414866013E-005  2.057754844592809E-005
   55039.0875785686      -1.409813825532513E-004  2.041696725167690E-005
   55039.1080122622      -1.840880846040172E-004  2.041962631757154E-005
   55039.1284459556      -3.541609101617160E-004  2.041762898822133E-005
   55039.1488797485      -4.458550440010756E-004  2.041630793907586E-005
   55039.1693133414      -3.622709403290347E-004  2.041641216864146E-005
   55039.1897470336      -3.569043979132491E-004  2.041518322934467E-005
   55039.2101808258      -4.078426723040929E-004  2.041527049130657E-005
   55039.2306144175      -5.201297599036758E-004  2.041608978417110E-005
   55039.2510481090      -6.012763833833645E-004  2.041704239392187E-005
   55039.2714817003      -4.694249763529390E-004  2.041608251234094E-005
   55039.2919154911      -4.194971740071329E-004  2.041805560225730E-005
   55039.3123491817      -5.419428890353073E-004  2.041887974300860E-005
   55039.3327828718      -4.454008945732335E-004  2.041586435743618E-005
   55039.3532165617      -3.381695555655373E-004  2.041898882046098E-005
   55039.3736502513      -3.065925700954653E-004  2.041841434587845E-005
   55039.3940839405      -4.404371182761269E-004  2.041759262907053E-005
   55039.4145175297      -3.713881708095057E-004  2.041913910495092E-005
   55039.4349513181      -3.207107953276944E-004  2.042015716117312E-005
   55039.4553850066      -2.820826352715189E-004  2.041907123453611E-005
   55039.4758185946      -3.550546787796094E-004  2.042044076254930E-005
   55039.4962523824      -7.881596478596098E-004  2.041493356317589E-005
   55039.5166860697      -7.740714024943807E-003  2.034341268962314E-005
   55039.5371196568      -1.723244247543010E-002  2.025060110933785E-005
   55039.5575533436      -2.180376890720293E-002  2.020461041950009E-005
   55039.5779870300      -2.331808091050935E-002  2.018918080787533E-005
   55039.5984207162      -2.426193345190575E-002  2.018029584339327E-005
   55039.6188544021      -2.456454368189442E-002  2.017600788754311E-005
   55039.6392881875      -2.440995642423682E-002  2.017742953033911E-005
   55039.6597217727      -2.392760765566426E-002  2.018276462973210E-005
   55039.6801554577      -2.287044814610983E-002  2.019364571159268E-005
   55039.7005891422      -2.126712757984328E-002  2.020873354719999E-005
   55039.7210228265      -1.465866741571087E-002  2.027626097402399E-005
   55039.7414565106      -5.055050849366305E-003  2.037234972576741E-005
   55039.7618901942      -4.391297712080799E-004  2.042021291187100E-005
   55039.7823238775      -4.756473653032556E-004  2.042102735684876E-005
   55039.8027575604      -3.514806192026487E-004  2.041882156836733E-005
   55039.8231912433      -4.041409982988853E-004  2.042075345124612E-005
   55039.8436248255      -5.679589359824933E-004  2.041840707404829E-005
   55039.8640586077      -4.511986916277966E-004  2.041943240210065E-005
   55039.8844922894      -3.977955021884361E-004  2.041845312897263E-005
   55039.9049258709      -3.301532790797035E-004  2.041777684876788E-005
   55039.9253596521      -4.685632888531410E-004  2.041921909508266E-005
   55039.9457933329      -4.049549334471658E-004  2.042025411890856E-005
   55039.9662269135      -3.313388994647948E-004  2.041914395283769E-005
   55039.9866605936      -3.491736738733264E-004  2.041971842742022E-005
   55040.0070943734      -4.486913586589925E-004  2.041834889940702E-005
   55040.0275279531      -1.739160781623061E-004  2.042067830900115E-005
   55040.0479616322      -2.470057252978997E-004  2.041926030212023E-005
   55040.0888289899      -2.328762827062958E-004  2.041914880072446E-005
   55040.1092626683      -2.727041689171150E-004  2.041854766276469E-005
   55040.1296963463      -2.914732693305444E-004  2.041885307963135E-005
   55040.1501301239      -8.701132084987240E-005  2.041966994855249E-005
   55040.1705637014      -3.179977703315906E-005  2.041936937957261E-005
   55119.0832343567       5.370452461218589E-004  2.047529758415125E-005
   55119.1036670354       6.842589825003520E-004  2.047492843307656E-005
   55119.1240997141       5.920995299876219E-004  2.047782465862222E-005
   55119.1445323925       6.114293563400652E-004  2.047822477874679E-005
   55119.1649650709       5.627778758531266E-004  2.047543756425675E-005
   55119.1853976492       6.557242678081332E-004  2.047641742499524E-005
   55119.2058303273       6.022374969759658E-004  2.047767105213477E-005
   55119.2262631053       5.151057169260342E-004  2.047170269684009E-005
   55119.2466956832       3.717829464167099E-004  2.047653015233684E-005
   55119.2671283611       2.975028040733685E-004  2.047479712430503E-005
   55119.2875611387       4.151775691942916E-004  2.047257602404697E-005
   55119.3079937162       3.160187367055034E-004  2.047583396809533E-005
   55119.3284263936       4.669277852538123E-004  2.047385938147438E-005
   55119.3488591709       5.429087876679395E-004  2.047613003221227E-005
   55119.3692918482       4.626541453535138E-004  2.047550445740451E-005
   55119.3897244253       4.802713172441520E-004  2.047529882291324E-005
   55119.4101571022       3.882244045857464E-004  2.046999816033418E-005
   55119.4305898790       3.230906515804266E-004  2.047439452665647E-005
   55119.4510224558       3.129221732071086E-004  2.047501638517825E-005
   55119.4714551323       2.507416054453593E-004  2.047533350824912E-005
   55119.4918879088      -5.972948295572822E-004  2.046829238506628E-005
   55119.5123204852      -7.167455525764699E-003  2.039917318199927E-005
   55119.5327531614      -1.706278903353142E-002  2.030063957534737E-005
   55119.5531858376      -2.188523905226269E-002  2.025137648830741E-005
   55119.5736185136      -2.306332042193127E-002  2.024206966943467E-005
   55119.5940511895      -2.387805701247425E-002  2.023177803477544E-005
   55119.6144838652      -2.436058900630300E-002  2.022831569499781E-005
   55119.6349166408      -2.407075902292610E-002  2.022981211948847E-005
   55119.6553492163      -2.369459070304647E-002  2.023594770765254E-005
   55119.6757818918      -2.317667764542408E-002  2.023789875779557E-005
   55119.6962146671      -2.167211992968798E-002  2.025126004467982E-005
   55119.7166472423      -1.514413540834536E-002  2.032330520358038E-005
   55119.7370799174      -5.763488436131281E-003  2.041371500906530E-005
   55119.7575124923      -7.040426452366022E-004  2.046427260239064E-005
   55119.7779452672      -5.260445594704732E-004  2.046806816914508E-005
   55119.7983779419      -4.616468553981790E-004  2.046569593992356E-005
   55119.8188106164      -5.145207903238802E-004  2.046639955673704E-005
   55119.8392432909      -4.513795677315580E-004  2.046297685734327E-005
   55119.8596759653      -4.751599770649317E-004  2.046926605199480E-005
   55119.8801086395      -5.293808731422489E-004  2.046605022585429E-005
   55119.9005412137      -5.361470204525709E-004  2.046471855670905E-005
   55119.9209739877      -5.506830547802322E-004  2.046607871738019E-005
   55119.9414066616      -7.114423949533544E-004  2.046769282426042E-005
   55119.9618392353      -5.737059921425702E-004  2.046643424207292E-005
   55119.9822720090      -6.752470600434046E-004  2.046435188315836E-005
   55120.0027046826      -5.144135267420857E-004  2.046687400258135E-005
   55120.0231372560      -4.561034136166819E-004  2.046889318463413E-005
   55120.0435700294      -4.048887990176775E-004  2.046722457222609E-005
   55120.0640027026      -2.064806787467344E-004  2.046750081615111E-005
   55120.0844352757      -1.525715696173435E-004  2.046831716030619E-005
   55120.1048679487      -1.092574311313266E-004  2.047028307559316E-005
   55120.1253006215       4.687524081581351E-005  2.047061258628399E-005
   55120.1457333943      -6.627470754594356E-005  2.047073770124554E-005
   55120.1661659669       8.220725667640316E-005  2.047221926059225E-005
   55199.0774739869       3.610919057146500E-004  2.078307353138394E-005
   55199.0979070098       3.344233192905666E-004  2.078221365434502E-005
   55199.1183401331       2.996148805038956E-004  2.078149561269397E-005
   55199.1387733566       2.728115405086218E-004  2.077998607892314E-005
   55199.1592063805       2.390063393090669E-004  2.077975939558004E-005
   55199.1796395047       1.548968492263159E-004  2.077898816565854E-005
   55199.2000727291      -1.367912883565303E-005  2.077783701951954E-005
   55199.2205057539      -7.691732864423262E-005  2.077775597072648E-005
   55199.2409388791      -1.661626699496210E-004  2.077599569225211E-005
   55199.2613721045      -1.821437372607759E-004  2.077663648427228E-005
   55199.2818052303      -2.402856407025533E-004  2.077608940491909E-005
   55199.3022382563      -2.987152669566839E-004  2.077592857372035E-005
   55199.3226714828      -4.414436239167374E-004  2.077414170111076E-005
   55199.3431046094      -5.968034719551207E-004  2.077372632604631E-005
   55199.3635376364      -5.280399500379174E-004  2.077515987657363E-005
   55199.3839707638      -6.365012357129052E-004  2.077362501505498E-005
   55199.4044038914      -5.269527404215824E-004  2.077232696797855E-005
   55199.4248370193      -6.080066077757129E-004  2.077226491499636E-005
   55199.4452701476      -3.971231126984609E-004  2.077523965897930E-005
   55199.4657032762      -5.370549536956037E-004  2.077311846009832E-005
   55199.4861364051      -8.469841353603291E-004  2.076849741250626E-005
   55199.5065695343      -6.913352141191265E-003  2.070615316121623E-005
   55199.5270026639      -1.652425436556793E-002  2.060415452153204E-005
   55199.5474357938      -2.212826986600347E-002  2.054497497233370E-005
   55199.5678689239      -2.358940884877325E-002  2.053108143626011E-005
   55199.5883020544      -2.425635514823976E-002  2.052450128737319E-005
   55199.6087351853      -2.459230547382896E-002  2.052134165083107E-005
   55199.6291683164      -2.442546239867260E-002  2.052143409711066E-005
   55199.6496013478      -2.379337480311683E-002  2.052767485417662E-005
   55199.6700345796      -2.300108906657961E-002  2.053497684387677E-005
   55199.6904677116      -2.165469816762999E-002  2.055064965423560E-005
   55199.7109007439      -1.590010043442358E-002  2.061444518547644E-005
   55199.7313339766      -6.294994004522603E-003  2.071494442248894E-005
   55199.7517671097      -7.071946354525460E-004  2.077224212002331E-005
   55199.7722001431      -4.813236974740009E-004  2.077333501234229E-005
   55199.7926333767      -4.061746665215971E-004  2.077409484477727E-005
   55199.8130665107      -3.425914821827414E-004  2.077600835612602E-005
   55199.8539327795      -4.098405668456762E-004  2.077847527876493E-005
   55199.8743659145      -3.809795683419326E-004  2.077604508136038E-005
   55199.8947990497      -3.547982356438828E-004  2.077610586795518E-005
   55199.9152320853      -2.729843011743949E-004  2.077647312029876E-005
   55199.9356653212      -1.854208592153572E-004  2.077860445027887E-005
   55199.9560984574      -5.875390534777480E-004  2.077539035907891E-005
   55199.9765314938      -4.676548617004173E-004  2.077554865750286E-005
   55199.9969647307      -3.965990614834825E-004  2.077682644238102E-005
   55200.0173978679      -5.145457378046281E-004  2.077493825878010E-005
   55200.0378309053      -6.175209052475816E-004  2.077254858577209E-005
   55200.0582641431      -5.856144628826332E-004  2.077547267425937E-005
   55200.0786972812      -5.766191617253558E-004  2.077415436498468E-005
   55200.0991303196      -4.180370187634175E-004  2.077783448674476E-005
   55200.1195635583      -2.753060573390531E-004  2.077818147689007E-005
   55200.1399966974      -2.729616469449025E-004  2.077914519769510E-005
   55200.1604298368      -5.953296637528638E-005  2.078111949563865E-005
   55279.0757014254       3.500789757265865E-004  2.095731598544455E-005
   55279.0961358690       5.854340349172871E-004  2.095853508636714E-005
   55279.1165701127       5.300206773579674E-004  2.095785997190521E-005
   55279.1370044567       4.741848556313322E-004  2.095874411219092E-005
   55279.1574389009       5.197482742103077E-004  2.096015536107575E-005
   55279.1778731453       6.489897906517550E-004  2.095716408469062E-005
   55279.1983074898       5.728638498790906E-004  2.096130305566102E-005
   55279.2187418346       5.524772029604774E-004  2.095768340350748E-005
   55279.2391761796       6.945210640444399E-004  2.096220926699644E-005
   55279.2596105248       6.979204884239865E-004  2.096117062936272E-005
   55279.2800448701       4.493622581400736E-004  2.095861687908079E-005
   55279.3004793157       4.548192456527156E-004  2.095908037112484E-005
   55279.3209135614       3.189974411651475E-004  2.095763276992284E-005
   55279.3413479074       5.495565763998789E-004  2.095931925778060E-005
   55279.3617823536       6.929682428226114E-004  2.096193402802351E-005
   55279.3822166000       6.142327175250317E-004  2.096176914429915E-005
   55279.4026509466       4.731745879701377E-004  2.096016444915504E-005
   55279.4230853933       4.927937178413888E-004  2.096120308678877E-005
   55279.4435196403       2.493093354175580E-004  2.095824167123561E-005
   55279.4639539874       5.043975213583352E-004  2.096114336512483E-005
   55279.4843884348      -9.922609207146937E-005  2.095472847943953E-005
   55279.5048226824      -6.991184693611818E-003  2.088367917380744E-005
   55279.5252570302      -1.669032473566956E-002  2.078477490513586E-005
   55279.5456914781      -2.143540729110438E-002  2.073608746775790E-005
   55279.5661258263      -2.271764645239593E-002  2.072352904046910E-005
   55279.5865600747      -2.346802700197970E-002  2.071374637225644E-005
   55279.6069944233      -2.390085397067276E-002  2.071182748922814E-005
   55279.6274288720      -2.402819398996336E-002  2.071023318046036E-005
   55279.6478631210      -2.361065472624091E-002  2.071502389654593E-005
   55279.6682974701      -2.292621483870549E-002  2.072147383625137E-005
   55279.6887319195      -2.112510718126481E-002  2.074134167588751E-005
   55279.7091661691      -1.452607986556809E-002  2.081089793992111E-005
   55279.7296005188      -5.064567876132853E-003  2.090627863042028E-005
   55279.7500348688      -6.365172761035875E-005  2.096009044622364E-005
   55279.7704692190       6.458977905332564E-005  2.096355949592029E-005
   55279.7909035693      -2.917605245584820E-004  2.095651363787250E-005
   55279.8113379198      -3.178616566237302E-004  2.095740297134637E-005
   55279.8317722706      -2.157873271928512E-004  2.095584631319283E-005
   55279.8522066215      -2.861096324437984E-004  2.095727703653329E-005
   55279.8726409727      -2.679851511996345E-004  2.095653181403109E-005
   55279.8930753240      -1.960013376577363E-004  2.095613323683914E-005
   55279.9135096756      -2.001517599435898E-004  2.095710436302668E-005
   55279.9339441273      -2.712508176269113E-004  2.095680835130107E-005
   55279.9543783792      -4.575483697683014E-004  2.095732767011793E-005
   55279.9748127314      -4.833155637189446E-004  2.095671876880516E-005
   55279.9952471837      -2.265537884872382E-004  2.095720563019597E-005
   55280.0156814362      -2.345497494150584E-004  2.095890380272711E-005
   55280.0361157889      -3.239042690749150E-004  2.095644742472335E-005
   55280.0565500419      -1.841906899890944E-004  2.095801446925323E-005
   55280.0769844949      -2.287957973263754E-004  2.095793137824253E-005
   55280.0974188483      -2.340504288476097E-004  2.095826114569124E-005
   55280.1178532018      -2.327798750378918E-005  2.095838708050433E-005
   55280.1382875555       9.259273825001912E-005  2.096102392179695E-005
   55280.1587219094       1.534641382515689E-004  2.096304537029159E-005
   55359.0562348517       1.225164466050921E-003  2.093385186300163E-005
   55359.0766691953       9.804682782433849E-004  2.093119684555042E-005
   55359.0971034387       8.127235516673936E-004  2.093157464998969E-005
   55359.1175378822       9.790067392968504E-004  2.093609532029048E-005
   55359.1379722251       9.098240432364735E-004  2.093206410797458E-005
   55359.1584064681       9.006219642561097E-004  2.093391288296261E-005
   55359.1788409108       8.362472959303480E-004  2.093288982489339E-005
   55359.1992752533       6.597017690973539E-004  2.093385056470459E-005
   55359.2197094956       5.179257989732511E-004  2.092977910518038E-005
   55359.2401439379       4.882397811869499E-004  2.093091771168636E-005
   55359.2605782797       4.768842420944663E-004  2.092836915459260E-005
   55359.2810125215       3.852015338834391E-004  2.092999592078642E-005
   55359.3014469630       2.349662000883379E-004  2.092698776653974E-005
   55359.3218813043       2.620010280329765E-004  2.092907153329241E-005
   55359.3423155457       1.819178753381667E-004  2.092905205883677E-005
   55359.3627499866       9.205333533968130E-005  2.092791994381601E-005
   55359.3831843274       2.359175578635631E-004  2.092802640417347E-005
   55359.4036187681       9.856092562843255E-005  2.092525583828550E-005
   55359.4240530085      -8.649145897765553E-005  2.092569206609167E-005
   55359.4444873489      -5.851325028971566E-005  2.092042227839755E-005
   55359.4649217888      -1.539371139265278E-004  2.092460928635851E-005
   55359.4853560287      -1.699598767086363E-003  2.090646688349140E-005
   55359.5057903684      -9.727635244146660E-003  2.082524542053400E-005
   55359.5262248079      -1.887356476755642E-002  2.073115393899770E-005
   55359.5466590471      -2.250437555857387E-002  2.069308916801867E-005
   55359.5670933864      -2.360984703626057E-002  2.068328702535038E-005
   55359.5875278254      -2.426960648050924E-002  2.067461310281172E-005
   55359.6079621639      -2.436335648050936E-002  2.067424828134288E-005
   55359.6283964027      -2.428381992791906E-002  2.067491820261663E-005
   55359.6488308410      -2.378165219961625E-002  2.068448795011438E-005
   55359.6692651791      -2.280530417970972E-002  2.069177139652088E-005
   55359.6896994171      -2.060161755958401E-002  2.071145617627408E-005
   55359.7101338550      -1.279325546275700E-002  2.079283213657949E-005
   55359.7305681926      -3.592044338299516E-003  2.089065492381496E-005
   55359.7510025300      -1.780124429985319E-004  2.092529089230564E-005
   55359.7714368671      -1.971886995990602E-004  2.092713317580846E-005
   55359.7918712042      -3.813286609637423E-004  2.092599197270841E-005
   55359.8123055409      -5.403244454387224E-004  2.092423667510741E-005
   55359.8327398776      -6.140854973288867E-004  2.092208539690856E-005
   55359.8531741140      -5.601000914002841E-004  2.092318765109735E-005
   55359.8736085505      -5.271317778787754E-004  2.091933820036735E-005
   55359.8940428865      -7.804935932298473E-004  2.091822036661405E-005
   55359.9144771224      -8.987814875736078E-004  2.091570686354043E-005
   55359.9349115582      -9.228025241420079E-004  2.092017690025658E-005
   55359.9757802290      -1.023138916163457E-003  2.091588213364113E-005
   55359.9962145640      -8.822607763286916E-004  2.091869035014331E-005
   55360.0166488991      -8.606428046340486E-004  2.092010419562222E-005
   55360.0370832336      -8.338219486174747E-004  2.092160243040887E-005
   55360.0575175682      -9.975729633900920E-004  2.091850079877516E-005
   55360.0779519026      -9.472947032216350E-004  2.091791526680914E-005
   55360.0983862369      -7.953095401319610E-004  2.091930833953538E-005
   55360.1188206708      -7.782117540245936E-004  2.092035476695136E-005
   55360.1392549047      -6.391830256954334E-004  2.092119866002876E-005
   55360.1596893383      -4.497672465052505E-004  2.092232168697023E-005
   55439.0546491034      -8.921267139416766E-005  2.053264891580572E-005
   55439.0750824530      -4.275613715165605E-005  2.053467212175988E-005
   55439.0955156024      -7.369337377238772E-005  2.053392260478412E-005
   55439.1159488515      -3.231007845276856E-004  2.053073348353435E-005
   55439.1363821002      -3.251377272958100E-004  2.053127357664923E-005
   55439.1568153486      -1.969378559582013E-004  2.053161771761359E-005
   55439.1772485968      -3.194330374074461E-004  2.052987129407204E-005
   55439.1976819445      -3.278331252406508E-004  2.053145728179035E-005
   55439.2181150920      -3.227070832128032E-004  2.053261584888032E-005
   55439.2385483393      -1.986654791927833E-004  2.053315349259332E-005
   55439.2589816863      -3.163816404325726E-004  2.053065877677696E-005
   55439.2794148329      -2.016143710501517E-004  2.053208310397108E-005
   55439.2998480792      -8.162694467539477E-005  2.053325146866858E-005
   55439.3202814253      -6.702848720674393E-005  2.053436349712280E-005
   55439.3407145709      -9.946224138146498E-005  2.053256073733798E-005
   55439.3611479163      -1.539998016253374E-005  2.053546572796950E-005
   55439.3815811615       8.707278753827818E-005  2.053612461707564E-005
   55439.4020143064      -9.551812082320144E-005  2.053285711496565E-005
   55439.4224476509      -1.250747026576571E-004  2.053237213339310E-005
   55439.4428808951      -9.207380546683019E-005  2.053178060283871E-005
   55439.4633140391      -1.366261621397191E-004  2.053286323847035E-005
   55439.4837473826      -2.158950477524568E-003  2.051290551193948E-005
   55439.5041806260      -1.078108757965557E-002  2.042680291229830E-005
   55439.5246138690      -1.935493602798222E-002  2.034182336341980E-005
   55439.5450471119      -2.220189073356194E-002  2.031153161035068E-005
   55439.5654803542      -2.332065969755315E-002  2.030050195367805E-005
   55439.5859135964      -2.388491748867505E-002  2.029499814765021E-005
   55439.6063468383      -2.422542782719250E-002  2.028935350101418E-005
   55439.6267800797      -2.402876604372162E-002  2.029226828925322E-005
   55439.6472133209      -2.336439952687763E-002  2.029859876841609E-005
   55439.6676466619      -2.244665261252687E-002  2.030871112408407E-005
   55439.6880798026      -1.991923427659770E-002  2.033210291205287E-005
   55439.7289463830      -2.929550435600392E-003  2.050455550092528E-005
   55439.7493795228      -4.168489844170731E-004  2.052941203121925E-005
   55439.7698128621      -2.410075702509173E-004  2.053078369627292E-005
   55439.7902460012      -2.358529548263100E-004  2.052822774540952E-005
   55439.8106792401      -2.476170542963230E-004  2.053155770726749E-005
   55439.8311125788      -3.191642572827336E-004  2.052969126303375E-005
   55439.8515458169      -2.574139638081840E-004  2.052986149646451E-005
   55439.8719789549      -1.571689149876265E-004  2.053005867331598E-005
   55439.8924122926      -4.955981153498268E-005  2.052913035000287E-005
   55439.9128454299      -1.195402446597660E-004  2.052991660800685E-005
   55439.9332786669      -2.316375611729482E-004  2.053219822585951E-005
   55439.9537120037      -3.495267726425499E-004  2.053218230474728E-005
   55439.9741451402      -1.478653693339771E-004  2.053288650778823E-005
   55439.9945783763      -5.996059229007589E-005  2.053001458408211E-005
   55440.0150117122      -4.676158428151833E-005  2.053378298887688E-005
   55440.0354449478       1.129991386048523E-004  2.053267953332924E-005
   55440.0558780829       1.431414424915012E-004  2.053414794975723E-005
   55440.0763114178       2.757281383317656E-004  2.053549389609114E-005
   55440.0967446525       1.684761732884121E-004  2.053593111432699E-005
   55440.1171778870       3.155522951485690E-004  2.053791635455199E-005
   55440.1376111210       4.256195968176391E-004  2.053748525982084E-005
   55440.1580443547       5.175826346286438E-004  2.053914840369841E-005
   55519.0491569169       6.920618808227141E-004  2.059622772711740E-005
   55519.0695895460       7.980000349460115E-004  2.059447334399899E-005
   55519.0900220750       6.899135516266197E-004  2.059666663550982E-005
   55519.1104548042       8.106084753357612E-004  2.059283275194528E-005
   55519.1308874333       6.508415195852768E-004  2.059727310437114E-005
   55519.1513199625       7.153032449042085E-004  2.059402443199649E-005
   55519.1717526919       5.574357500491844E-004  2.059162606647895E-005
   55519.1921853211       5.835885381325623E-004  2.059551371944769E-005
   55519.2126178505       6.989574183305924E-004  2.059628649832665E-005
   55519.2330505800       7.150868886424133E-004  2.059657660301907E-005
   55519.2534832095       6.976984350665072E-004  2.059524112107291E-005
   55519.2739159390       7.820369500507462E-004  2.059502604345611E-005
   55519.2943484686       6.665911633053634E-004  2.059670414904764E-005
   55519.3147810982       6.463934861612453E-004  2.059076825691428E-005
   55519.3352138279       5.624466563830532E-004  2.059323164589737E-005
   55519.3556463576       3.430956010059827E-004  2.059050441169832E-005
   55519.3760789874       3.761118251672801E-004  2.059066071810588E-005
   55519.3965117173       4.261937501351953E-004  2.059381935798978E-005
   55519.4169442472       3.169553523421076E-004  2.058891133679251E-005
   55519.4373768771       1.560641857677458E-004  2.058864499067404E-005
   55519.4578096071       2.034725784338942E-004  2.059615770184682E-005
   55519.4782422371      -1.312747470186615E-003  2.057416976688307E-005
   55519.4986748673      -9.736053364850061E-003  2.049064712539257E-005
   55519.5191074974      -1.889901437418740E-002  2.039979683951583E-005
   55519.5395401276      -2.230367059533989E-002  2.036934960177514E-005
   55519.5599727579      -2.330627142409436E-002  2.035787671146051E-005
   55519.6008380186      -2.377401648068111E-002  2.034969876021717E-005
   55519.6212706490      -2.380553485096903E-002  2.035038400750789E-005
   55519.6417032795      -2.338889554733059E-002  2.035301870831366E-005
   55519.6621359100      -2.249019814223185E-002  2.035902087436382E-005
   55519.6825685406      -2.019829465985601E-002  2.039227287428171E-005
   55519.7030011713      -1.222665777380694E-002  2.046470401309201E-005
   55519.7234339019      -2.991886539632782E-003  2.055999965319965E-005
   55519.7438664327       2.043812862709826E-004  2.059053317207731E-005
   55519.7642990635       1.706051641868767E-004  2.058540132010443E-005
   55519.7847317944       1.830012995861496E-004  2.058966160754878E-005
   55519.8051643253       1.038123446343020E-004  2.059188741079238E-005
   55519.8255969563       7.141359923124035E-005  2.058425090494482E-005
   55519.8460296873       9.378884278310462E-005  2.059492850825780E-005
   55519.8664622183       2.149868127077070E-006  2.059111588236468E-005
   55519.8868949495      -5.300278192943431E-005  2.059162606647895E-005
   55519.9073275807      -2.176977608808750E-004  2.058910890809166E-005
   55519.9277601119      -2.902918095782914E-004  2.058444347443893E-005
   55519.9481928432      -2.573747984403463E-004  2.058976039319836E-005
   55519.9686254746      -4.087449494298845E-004  2.059182488822936E-005
   55519.9890580060      -4.322408161830937E-004  2.058913516756813E-005
   55520.0094907374      -4.200074968341294E-004  2.059290902947217E-005
   55520.0299233690      -3.008353846389866E-004  2.058728449970267E-005
   55520.0503560006      -1.189700325914256E-004  2.059194743245289E-005
   55520.0707886322      -1.151289717563619E-004  2.058908639996898E-005
   55520.0912212639      -4.882577161025026E-006  2.058936400014879E-005
   55520.1116539956       9.737788589436747E-005  2.058952405791013E-005
   55520.1320865274      -1.969863258537430E-004  2.059024306738489E-005
   55520.1525191593       1.096968698630629E-004  2.059041938101262E-005
   55599.0443961948       3.776327948871172E-004  2.089996408781991E-005
   55599.0648297913       2.700089579944498E-004  2.089967822524596E-005
   55599.0852634880       8.078078174811321E-005  2.089887168441232E-005
   55599.1056969852       2.190223077707110E-004  2.090056644110073E-005
   55599.1261306827       1.462882576314106E-004  2.090646746137725E-005
   55599.1465642806       1.004933713104617E-004  2.090517852745007E-005
   55599.1669977788      -4.501147118229909E-005  2.089631040679662E-005
   55599.1874314773      -1.000765529278747E-004  2.089903248211017E-005
   55599.2078650763      -2.361278585140125E-004  2.089982370887735E-005
   55599.2282986756      -8.998618970357253E-005  2.089967567290155E-005
   55599.2487322751      -2.359408748323633E-004  2.090110115725468E-005
   55599.2691658751      -3.268458715233180E-004  2.090166522536935E-005
   55599.2895994755      -2.214481734741369E-004  2.089608324814411E-005
   55599.3100330760      -2.779133276892276E-004  2.089658095530411E-005
   55599.3304666771      -3.162650743513407E-004  2.089582673753088E-005
   55599.3509002785      -8.069998560167324E-005  2.089697912103211E-005
   55599.3713338801      -2.124400851638564E-004  2.089695359758801E-005
   55599.3917674822      -3.140299329548180E-004  2.090041330043611E-005
   55599.4122011847      -3.392657341306782E-004  2.089955188419765E-005
   55599.4326346874      -5.492448873298805E-004  2.089884743714042E-005
   55599.4530682906      -5.323750788112092E-004  2.089734410628278E-005
   55599.4735019940      -1.898283497527520E-003  2.087861627917249E-005
   55599.4939354978      -9.875678490190665E-003  2.079348665988485E-005
   55599.5143692020      -1.917112358270956E-002  2.070084804334223E-005
   55599.5348028065      -2.275334368327830E-002  2.066593707649868E-005
   55599.5552363114      -2.395848533279776E-002  2.065581575473979E-005
   55599.5756700167      -2.443418869614433E-002  2.064613343621947E-005
   55599.5961036223      -2.464211437826347E-002  2.064731772402583E-005
   55599.6165371281      -2.453780479597711E-002  2.064814851213137E-005
   55599.6369708344      -2.415738306438264E-002  2.065387852533240E-005
   55599.6574044410      -2.308405319172280E-002  2.066304909879847E-005
   55599.6778381480      -2.127425910652525E-002  2.068560799486856E-005
   55599.6982716553      -1.341740283397419E-002  2.075802566282089E-005
   55599.7187052630      -4.022336862027687E-003  2.086208729677164E-005
   55599.7391389710      -6.624627840010611E-004  2.089163961652584E-005
   55599.7595724794      -7.894969821155007E-004  2.089275371486092E-005
   55599.7800060881      -8.836031808640010E-004  2.089567487303847E-005
   55599.8208733067      -9.909358956645686E-004  2.089140097232348E-005
   55599.8413069164      -8.420178073396123E-004  2.089056890804574E-005
   55599.8617405266      -7.379661294425466E-004  2.089493596933170E-005
   55599.8821742370      -6.455922639659883E-004  2.089673792448534E-005
   55599.9026078479      -7.823851764621192E-004  2.089009544815764E-005
   55599.9230414590      -5.945737083146163E-004  2.089645844277242E-005
   55599.9434749706      -6.683401432937552E-004  2.089830634012545E-005
   55599.9639086826      -6.546592027050213E-004  2.089166003528113E-005
   55599.9843422948      -5.397921153362795E-004  2.088776388153886E-005
   55600.0047758074      -4.066871142104356E-004  2.089379124286369E-005
   55600.0252095203      -3.037055520189735E-004  2.089691403624965E-005
   55600.0456431335      -1.557723916353337E-004  2.089914861378083E-005
   55600.0660767472      -9.002660471024715E-005  2.090162821637540E-005
   55600.0865103611      -2.293655186726973E-004  2.090149549446607E-005
   55600.1069439756       1.581700914774498E-004  2.090196129732094E-005
   55600.1273776902       2.913327505735808E-004  2.090364201611510E-005
   55600.1478112053       3.388702415239031E-004  2.090743352373654E-005
   55679.0441465030       5.012717812507006E-004  2.104429185874316E-005
   55679.0645810265       4.751037115862111E-004  2.104351342538658E-005
   55679.0850155501       5.362537405019241E-004  2.104495627913337E-005
   55679.1054500737       7.411896573302768E-004  2.104885237739788E-005
   55679.1258846974       7.855335859870971E-004  2.104695347178561E-005
   55679.1463191211       7.085176422417794E-004  2.104914592802393E-005
   55679.1667536449       6.156808078531251E-004  2.104403238095763E-005
   55679.1871882687       7.767791225025134E-004  2.105158606760298E-005
   55679.2076226927       6.767810611695291E-004  2.104598501681842E-005
   55679.2280572166       6.785110193777699E-004  2.104722474401594E-005
   55679.2484918406       6.218835261776468E-004  2.105001347496342E-005
   55679.2689262647       7.701456750009994E-004  2.104710024709864E-005
   55679.2893608889       5.811433255132892E-004  2.104670578844488E-005
   55679.3097954130       6.027399931159971E-004  2.104581596310967E-005
   55679.3302298373       5.465167906218982E-004  2.104518823654771E-005
   55679.3506644616       4.941708952465040E-004  2.104453954208389E-005
   55679.3710989860       5.583757845762927E-004  2.104758250884144E-005
   55679.3915335104       3.849191907027150E-004  2.104470990628651E-005
   55679.4119680349       2.899604587744964E-004  2.104612786064984E-005
   55679.4324025594       3.657534849647037E-004  2.104673461930994E-005
   55679.4528370840       2.541236043640538E-004  2.104257249079058E-005
   55679.4732716086      -2.038273575065586E-003  2.102248786179568E-005
   55679.4937061333      -1.111731712796582E-002  2.092183669088846E-005
   55679.5141407581      -1.973183603980844E-002  2.083610942413065E-005
   55679.5345751828      -2.248715014591740E-002  2.080801636711880E-005
   55679.5550097077      -2.326058114604568E-002  2.080190029224478E-005
   55679.5754443326      -2.387463210507468E-002  2.079498219512459E-005
   55679.5958788576      -2.422419357342498E-002  2.079236907035519E-005
   55679.6163132826      -2.416848082348477E-002  2.078865382024423E-005
   55679.6367479077      -2.381112924423567E-002  2.079425749201652E-005
   55679.6571823328      -2.268366225823948E-002  2.080796656835188E-005
   55679.6776169580      -1.993182499708113E-002  2.083006673691314E-005
   55679.6980514833      -1.139679935243287E-002  2.092155886618880E-005
   55679.7184859086      -2.506892697754393E-003  2.101463538254882E-005
   55679.7389205339      -1.238941479685396E-004  2.104286079944116E-005
   55679.7593550593      -1.381187718922927E-004  2.103790189065109E-005
   55679.7797894848      -2.258688184580970E-004  2.103918224315846E-005
   55679.8002241103      -1.540985400302342E-004  2.104246371979967E-005
   55679.8206586359      -4.900021032483437E-005  2.104054384628555E-005
   55679.8410930615       2.767357904087664E-005  2.103895683821346E-005
   55679.8615276872      -1.438508748659029E-004  2.104232873893144E-005
   55679.8819622129      -6.699061113824012E-005  2.104038920800932E-005
   55679.9023968387      -1.839796653054782E-004  2.103908395611849E-005
   55679.9228312645      -2.799173260781274E-004  2.104058447159540E-005
   55679.9432657904      -8.555934070175741E-005  2.104147429693062E-005
   55679.9637004164      -8.992497759663376E-005  2.104135373149492E-005
   55679.9841348424       6.158913688714129E-005  2.104195524817955E-005
   55680.0045693684      -1.155549230580366E-005  2.103718111902462E-005
   55680.0250039945       8.425625317953767E-005  2.104139828828637E-005
   55680.0454384207       8.318319501543492E-006  2.104236805374743E-005
   55680.0658730469       1.956732410510753E-004  2.104380828650649E-005
   55680.0863075731       2.027167749675263E-004  2.104038920800932E-005
   55680.1067420994       2.269655619844269E-004  2.104352259884364E-005
   55680.1271766258       2.126546906380256E-004  2.104099203518782E-005
   55680.1476111522       3.091690075613940E-004  2.104217279016135E-005
   55759.0447191342       6.958739413295278E-004  2.067383866796208E-005
   55759.0651532559       5.776841529446797E-004  2.067107723461333E-005
   55759.0855872771       5.522427234926353E-004  2.067013243610082E-005
   55759.1060211980       3.671903279047761E-004  2.067042304820873E-005
   55759.1264553185       3.262175875886619E-004  2.067130477771059E-005
   55759.1468893390       5.122557494970925E-004  2.067015593239891E-005
   55759.1673233593       3.911093497543927E-004  2.067232995829550E-005
   55759.1877573791       5.835962351915525E-004  2.067386587420197E-005
   55759.2081913986       5.249858437611499E-004  2.067288768621323E-005
   55759.2286255180       4.475360104544412E-004  2.067144328220457E-005
   55759.2490594368       2.716732245313658E-004  2.067144822879364E-005
   55759.2694934557       1.323691204555555E-004  2.066881293346620E-005
   55759.2899274741       1.175283661342119E-004  2.067074086655652E-005
   55759.3103614923       2.493503285159182E-004  2.067019179516967E-005
   55759.3307955104       3.895219795009286E-004  2.067006071055929E-005
   55759.3716635453       4.236538967155035E-004  2.067142596914282E-005
   55759.3920976623       3.369652584661598E-004  2.067274794507198E-005
   55759.4125315793       2.630328251586045E-004  2.067182664285755E-005
   55759.4329655959       9.984717001432220E-005  2.066823541919219E-005
   55759.4533997122      -1.788832256338635E-004  2.067177346702504E-005
   55759.4738336280      -3.578290930547734E-003  2.063381952573242E-005
   55759.4942676439      -1.314660801241663E-002  2.053503366869496E-005
   55759.5147017592      -2.069557061816507E-002  2.045776918405707E-005
   55759.5351356746      -2.269922007881053E-002  2.043673752397549E-005
   55759.5555696895      -2.370803645662722E-002  2.042569302722777E-005
   55759.5760038039      -2.426339024622148E-002  2.042245053809189E-005
   55759.5964378184      -2.445938164610029E-002  2.041813216583312E-005
   55759.6168717326      -2.422918759583814E-002  2.041952710395108E-005
   55759.6373058463      -2.348999202101321E-002  2.042928177759860E-005
   55759.6577398598      -2.225420150250679E-002  2.044052042796735E-005
   55759.6781738731      -1.855597623752281E-002  2.047672080343439E-005
   55759.6986078861      -9.138338959775560E-003  2.057713161498160E-005
   55759.7190418987      -1.419979331425680E-003  2.065450368793178E-005
   55759.7394759113      -3.156986795904704E-004  2.066620113443684E-005
   55759.7599099234      -3.213233164119922E-004  2.066480495967162E-005
   55759.7803439353      -3.719535991919543E-004  2.066355594593125E-005
   55759.8007780469      -4.231736394045837E-004  2.066464295887955E-005
   55759.8212119581      -4.241085094117691E-004  2.066569781899889E-005
   55759.8416459693      -6.215954160522230E-004  2.066378348902851E-005
   55759.8620800800      -8.111010955174081E-004  2.065948242983149E-005
   55759.8825139905      -6.158680781771508E-004  2.066034684627160E-005
   55759.9029480007      -6.087525414248951E-004  2.066192851812698E-005
   55759.9233821107      -5.127026961606607E-004  2.066267545307666E-005
   55759.9438160203      -5.318743388986746E-004  2.066229209242368E-005
   55759.9642501298      -6.422989846531779E-004  2.066364993112360E-005
   55759.9846840389      -7.398203216808508E-004  2.066185679258545E-005
   55760.0051180478      -6.080901396768867E-004  2.066279540786163E-005
   55760.0255521564      -4.263959045014420E-004  2.066197180078135E-005
   55760.0459860645      -2.910322908415974E-004  2.066551603185054E-005
   55760.0664200727      -4.235642214904800E-004  2.066351389992415E-005
   55760.0868541804      -2.765750055211402E-004  2.066307860008593E-005
   55760.1072880878      -1.801496631311794E-004  2.066529343534236E-005
   55760.1277220951       1.282331791300217E-004  2.066910601886864E-005
   55760.1481562018       1.436366051321691E-004  2.067007802362104E-005
   55839.0416040978      -1.793667976139890E-004  2.070886020696038E-005
   55839.0620369800      -3.240767061141181E-005  2.071239756798151E-005
   55839.0824699621       9.107316280609901E-005  2.071325062932101E-005
   55839.1029027441       3.065170739322554E-004  2.071511599011672E-005
   55839.1233356256       3.869381345497080E-004  2.071646319513584E-005
   55839.1437686071       2.860931410101353E-004  2.071750835325105E-005
   55839.1642014883       2.517012932825580E-004  2.071770171382134E-005
   55839.1846342693       1.672517136662721E-004  2.071777375011223E-005
   55839.2050672499       2.304390436397297E-004  2.071766127239487E-005
   55839.2255001304       2.027910170211422E-004  2.071779017944173E-005
   55839.2459330108       3.416143539219929E-004  2.071708498206774E-005
   55839.2663658909       1.312714733067155E-004  2.071525500752019E-005
   55839.2867987707      -3.853633312600468E-005  2.071558359411022E-005
   55839.3072316503       5.810303745401590E-005  2.071566700455231E-005
   55839.3276645297       1.507455603385610E-004  2.071486323120131E-005
   55839.3480974089       1.124283284414940E-004  2.071470778446833E-005
   55839.3685302878      -1.902678840286498E-004  2.071434633921930E-005
   55839.3889631665       1.571268044497920E-005  2.071457129465401E-005
   55839.4093959449      -1.072822934711226E-005  2.071286264438586E-005
   55839.4298289232       4.488876020325439E-005  2.071297006692490E-005
   55839.4502618012      -1.934212873032637E-004  2.071287528233163E-005
   55839.4706947792      -4.363736192098289E-003  2.067192581044645E-005
   55839.4911275567      -1.371789060222239E-002  2.057853265499792E-005
   55839.5115604340      -2.122124452527652E-002  2.050504426413774E-005
   55839.5319934110      -2.310818813892279E-002  2.048347255450228E-005
   55839.5524261881      -2.418666413653769E-002  2.047246743132544E-005
   55839.5728590647      -2.438197431745748E-002  2.047151200262520E-005
   55839.5932920413      -2.460462782385675E-002  2.046886308919172E-005
   55839.6137248174      -2.442948784846777E-002  2.047167376833106E-005
   55839.6341576936      -2.389606103230402E-002  2.047649135325872E-005
   55839.6545906692      -2.254838533644432E-002  2.049047776784280E-005
   55839.6750235449      -1.844440046424400E-002  2.053219436303625E-005
   55839.6954563201      -8.925718303276819E-003  2.062738589816790E-005
   55839.7158892953      -1.267509272348644E-003  2.070448621392925E-005
   55839.7363221702      -2.108288467183028E-004  2.071342629676722E-005
   55839.7567550447      -3.595757659818899E-004  2.071221558156241E-005
   55839.7771879192      -6.799823514569425E-005  2.071332519320105E-005
   55839.7976207935       9.009482973898475E-005  2.071586036512259E-005
   55839.8180536675      -3.626173847059988E-005  2.071604108774711E-005
   55839.8384865413       4.838675338503240E-005  2.071784452260854E-005
   55839.8589194149       1.758442857713316E-004  2.071743758075473E-005
   55839.8793523882       1.367401244690702E-004  2.071770297761591E-005
   55839.8997851613       3.032895595456164E-005  2.071890484625867E-005
   55839.9202180342       8.061340312803811E-005  2.071511093493841E-005
   55839.9406509069       1.291497703066469E-004  2.071695607502088E-005
   55839.9610837793       1.240724238271707E-005  2.071794815376386E-005
   55839.9815167514       7.338323367844790E-005  2.071781292774411E-005
   55840.0019496234       2.014302871834461E-004  2.071860406314934E-005
   55840.0223823953       1.400011873486928E-004  2.071917656209274E-005
   55840.0428153668       1.483108308996117E-004  2.071807453322156E-005
   55840.0632481380       3.407443039324942E-004  2.072291613024619E-005
   55840.0836810093       3.991087343926392E-004  2.072117841270277E-005
   55840.1041139800       4.789118143371240E-004  2.072331928071627E-005
   55840.1245467508       2.951222117378860E-004  2.072232720197330E-005
   55840.1449796211       4.165285170902866E-004  2.072359857931779E-005
   55919.0356131049       5.309914582573017E-004  2.072892673725459E-005
   55919.0560458174       7.118936897888561E-004  2.073336518380914E-005
   55919.0764787301       6.579181084961361E-004  2.073085781536830E-005
   55919.0969115431       5.380844461458922E-004  2.072770464789859E-005
   55919.1173442563       5.122530887798904E-004  2.072598083209551E-005
   55919.1377771697       3.368400556712503E-004  2.072497737920134E-005
   55919.1582099833       3.571789983312090E-004  2.073112194843490E-005
   55919.1786428971       2.310251873537394E-004  2.072593912687447E-005
   55919.1990756111       1.689841167077377E-004  2.072836308487323E-005
   55919.2195084254       4.600804952596960E-004  2.072693246941202E-005
   55919.2399413398       9.009817397620523E-005  2.072911125126283E-005
   55919.2603740545       3.953256695293783E-004  2.072881299574265E-005
   55919.2808068694       3.554938026338883E-004  2.073314907493647E-005
   55919.3012397845       4.193022960475856E-004  2.072961297770992E-005
   55919.3216724998       3.653110868189202E-004  2.072867524213376E-005
   55919.3421053153       4.057199896746466E-004  2.073070868760821E-005
   55919.3625382311       4.357365525818890E-004  2.073028531642490E-005
   55919.3829710471       6.119865753612119E-004  2.073226694632170E-005
   55919.4034038632       4.041241350207780E-004  2.072896970627021E-005
   55919.4238366796       3.835850936299012E-004  2.072599347004128E-005
   55919.4442694963       3.541373969436767E-004  2.072812675528732E-005
   55919.4647024131      -2.957733063256640E-003  2.069699191208742E-005
   55919.4851351301      -1.208075067866954E-002  2.060746723183920E-005
   55919.5055679474      -2.019284205189853E-002  2.052740458158927E-005
   55919.5260007649      -2.252349800484277E-002  2.050069301940900E-005
   55919.5464335826      -2.335154038393428E-002  2.049352224897889E-005
   55919.5668665005      -2.378290959789553E-002  2.048704151038784E-005
   55919.5872992186      -2.386174369635818E-002  2.048817639791802E-005
   55919.6077320369      -2.364123157266707E-002  2.049037540048206E-005
   55919.6281649555      -2.302603227950539E-002  2.049261737206173E-005
   55919.6485976743      -2.204695503413012E-002  2.050714089934105E-005
   55919.6690304932      -1.869436242112243E-002  2.054058343143863E-005
   55919.6894634124      -9.504321934980409E-003  2.063158548754739E-005
   55919.7098961319      -1.258582255332708E-003  2.071362850389954E-005
   55919.7303289516       2.817952904333731E-004  2.072366682422496E-005
   55919.7507618714       6.679355892602601E-005  2.072775140829794E-005
   55919.7711945915       6.470867466135122E-005  2.072852990575740E-005
   55919.7916275118       3.536474931487010E-005  2.072644338091071E-005
   55919.8120603323       2.599655556900782E-004  2.073035229753749E-005
   55919.8324931530       1.220872953159313E-004  2.072409145920284E-005
   55919.8529259739       7.500027171036816E-005  2.073034092338629E-005
   55919.8733587951      -7.608982425622024E-005  2.072770212030944E-005
   55919.8937916165      -2.981023704842212E-004  2.072398024528006E-005
   55919.9142244381       3.807204673178521E-005  2.072596187517685E-005
   55919.9346572599       1.116025754028804E-004  2.072669361223696E-005
   55919.9550901819       1.132733965770738E-004  2.072919845308865E-005
   55919.9755230042       2.803698764530793E-005  2.072688191762894E-005
   55919.9959557267       2.014188713994614E-005  2.072318279090195E-005
   55920.0163886493      -1.352345674998645E-006  2.072426586285447E-005
   55920.0368214722      -2.790365087562696E-004  2.072291486645162E-005
   55920.0572541954       4.827951842212297E-005  2.072555114193932E-005
   55920.0776871187      -3.317277822278974E-005  2.072666328116711E-005
   55920.0981199423       2.050916938223235E-005  2.072815455876801E-005
   55920.1185526661      -1.037922420277226E-004  2.072478654622021E-005
   55999.0324175911       6.025881742967032E-004  2.095740408529265E-005
   55999.0528516382       7.876556507738774E-004  2.096202056317888E-005
   55999.0732856855       8.819293765752745E-004  2.096548099270307E-005
   55999.0937197332       7.650239116002711E-004  2.096357139112618E-005
   55999.1141537810       6.310358862678944E-004  2.096132873445944E-005
   55999.1345878293       6.114158097040301E-004  2.096329748867777E-005
   55999.1550218778       8.191641773792613E-004  2.096218516183332E-005
   55999.1754559265       6.457207470712545E-004  2.096359968151991E-005
   55999.1958899757       6.266649745055863E-004  2.096141231971364E-005
   55999.2163239251       6.710954872432007E-004  2.096156534502519E-005
   55999.2367580749       4.533569836794316E-004  2.095807662510727E-005
   55999.2571921248       4.803168658965573E-004  2.096138145746594E-005
   55999.2776262751       2.611515677634069E-004  2.095957858782903E-005
   55999.2980602257       2.397339610150651E-004  2.095860771295323E-005
   55999.3184942766       2.315721812855553E-004  2.095859485368336E-005
   55999.3389284278       1.404558282600554E-004  2.095909250742764E-005
   55999.3593623793      -2.906987923523285E-005  2.095671097064622E-005
   55999.3797964311      -6.785009283283294E-005  2.095579024692295E-005
   55999.4002305832      -3.451991017425771E-004  2.095617345316531E-005
   55999.4206645355      -2.019912695947479E-004  2.095827851564436E-005
   55999.4410986883      -1.840143195777078E-004  2.095655537348069E-005
   55999.4615327413      -3.600657677257257E-003  2.092192150191806E-005
   55999.4819666945      -1.323720334998779E-002  2.081982147094006E-005
   55999.5024008480      -2.117019424620514E-002  2.073946260754494E-005
   55999.5228349019      -2.336327134933369E-002  2.071864087775835E-005
   55999.5432689561      -2.422203144824331E-002  2.071165057865263E-005
   55999.5637030105      -2.456683104294921E-002  2.070594620653471E-005
   55999.5841370653      -2.483663141482473E-002  2.070546269798729E-005
   55999.6045712203      -2.447357083464519E-002  2.070976798154248E-005
   55999.6250051756      -2.394532328768950E-002  2.071252629493133E-005
   55999.6454392313      -2.289042354670612E-002  2.072729388045932E-005
   55999.6658733873      -1.924724020572088E-002  2.075915915121720E-005
   55999.6863073435      -1.013458818025714E-002  2.085445019879475E-005
   55999.7067414000      -1.842981721616344E-003  2.094397900753993E-005
   55999.7271755568      -4.467339806948356E-004  2.095938441285387E-005
   55999.7476096139      -4.575865727410866E-004  2.095646921637251E-005
   55999.7680435713      -5.904498483749743E-004  2.095654637199178E-005
   55999.7884777291      -5.585312772170559E-004  2.095424199082963E-005
   55999.8089116871      -5.601506417616253E-004  2.095684856483391E-005
   55999.8293458454      -6.936959268688536E-004  2.095273745625389E-005
   55999.8497799039      -5.003180391325301E-004  2.095733464523531E-005
   55999.8702138629      -6.733810763533965E-004  2.095718804955870E-005
   55999.8906480220      -6.180583785314608E-004  2.095256128425656E-005
   55999.9110820815      -4.530490471736925E-004  2.096059704200337E-005
   55999.9315160413      -2.025903917844962E-004  2.096160520876182E-005
   55999.9519502014      -2.661183857333160E-004  2.096197426980732E-005
   55999.9723842617      -1.640661242896524E-004  2.096269438892049E-005
   55999.9928184224      -1.041619114015013E-004  2.096277540232072E-005
   56000.0132523834      -1.899557401182639E-004  2.096005952452247E-005
   56000.0336864446      -1.488743762098066E-004  2.095956830041313E-005
   56000.0541206062      -1.433387826513810E-004  2.095817821333931E-005
   56000.0745545680      -2.039568085943078E-005  2.096237933680848E-005
   56000.0949886301       1.560434509512154E-004  2.096690708573255E-005
   56000.1154227926       2.541046174237005E-004  2.096920246540579E-005
   56000.1358567553       5.168931730136217E-004  2.097078415560079E-005
   56079.0331058822       6.029831928616725E-004  2.110151630375824E-005
   56079.0535403871       5.326819519749781E-004  2.110874156749646E-005
   56079.0739749919       5.855987783610628E-004  2.110972935520005E-005
   56079.0944093965       4.676384051992555E-004  2.110858949843901E-005
   56079.1148439011       4.500497676975801E-004  2.110807510832295E-005
   56079.1352785056       3.995321703063048E-004  2.110497025487175E-005
   56079.1557129101       4.309840704475043E-004  2.110946092025517E-005
   56079.1761475145       4.710956673400490E-004  2.110658483155996E-005
   56079.1965820187       4.399161981137878E-004  2.111208444208105E-005
   56079.2170164229       3.625076320111775E-004  2.110520563132589E-005
   56079.2374510270       6.329820618869997E-004  2.111059152063880E-005
   56079.2578855311       2.056837156202418E-004  2.110169217492903E-005
   56079.2783199350       1.958087601113823E-004  2.109814962706031E-005
   56079.2987545389       5.741407919657160E-005  2.110707145254379E-005
   56079.3191889426       2.738170513910676E-004  2.110733195345090E-005
   56079.3396234462      -1.214764919843514E-005  2.110445322007643E-005
   56079.3600580498       1.582194754892186E-004  2.110632697533211E-005
   56079.3804924533       2.640134851139564E-005  2.110322608889981E-005
   56079.4009270568       9.730618552006298E-005  2.110791774990698E-005
   56079.4213615602       1.440238547872896E-004  2.110169878662718E-005
   56079.4417959635      -4.754196801326493E-005  2.110121481032261E-005
   56079.4622305666      -5.145257034885997E-003  2.105322974982987E-005
   56079.4826650697      -1.520317839100682E-002  2.094192710083476E-005
   56079.5030995727      -2.156310724412047E-002  2.087785974576220E-005
   56079.5235340756      -2.302061514918863E-002  2.085719157734560E-005
   56079.5439685785      -2.366163490695949E-002  2.085840284044666E-005
   56079.5644030812      -2.405109734946309E-002  2.085225660584651E-005
   56079.5848375839      -2.420739141407957E-002  2.084636822747421E-005
   56079.6052720865      -2.388136133354823E-002  2.085199742727904E-005
   56079.6257066890      -2.314141963051408E-002  2.086240291782735E-005
   56079.6461411914      -2.177834716005433E-002  2.087458827751762E-005
   56079.6665755937      -1.704420070612322E-002  2.092395650526333E-005
   56079.6870101960      -7.567860461525466E-003  2.102564045578995E-005
   56079.7074446981      -8.265024805653720E-004  2.109654033973063E-005
   56079.7278791002      -1.260713358436361E-004  2.110635077744545E-005
   56079.7483137022      -1.914479414629744E-004  2.110622779985986E-005
   56079.7687482041      -2.009749919434922E-004  2.110407503094226E-005
   56079.7891828060      -1.489265832598230E-004  2.110351964829766E-005
   56079.8096172076      -2.364687272147226E-004  2.110297616670974E-005
   56079.8300517092      -2.279153787773103E-004  2.110010536737305E-005
   56079.8504863109      -2.438945359413136E-004  2.110190639394909E-005
   56079.8709207123      -4.312218174388205E-004  2.110132985387042E-005
   56079.8913552137      -4.127696329092601E-004  2.110049545756390E-005
   56079.9117897150      -3.251015888183773E-005  2.110402742671558E-005
   56079.9322242163      -3.615301842491148E-004  2.109891922872496E-005
   56079.9526587173      -2.783699668277295E-004  2.110010404503342E-005
   56079.9730932184      -4.453492263115644E-004  2.110298806776641E-005
   56079.9935277193      -2.657340543095188E-004  2.110140126021044E-005
   56080.0139623201      -3.790131875430758E-004  2.110367568437400E-005
   56080.0343967210      -3.912699677286469E-004  2.110157184202270E-005
   56080.0548312217      -3.294981030010913E-004  2.110154803990936E-005
   56080.0752658222       9.672820600714616E-006  2.109983296540928E-005
   56080.0957002227       2.274801137736038E-005  2.110336493456096E-005
   56159.0327216567       5.258185102123836E-004  2.076833648082602E-005
   56159.0531553749       2.867761693198245E-004  2.076753722938165E-005
   56159.0735888926       3.955771636857675E-004  2.076944544220508E-005
   56159.0940225100       3.900993787654405E-004  2.076895090537388E-005
   56159.1144562270       3.621987566939655E-004  2.076719754751779E-005
   56159.1348897438       4.513113006018310E-004  2.076850757058833E-005
   56159.1553233603       4.056759049601011E-004  2.076865493257338E-005
   56159.1757570766       3.978249902955033E-004  2.076785318346825E-005
   56159.1961905925       3.648657976812464E-004  2.076614603233629E-005
   56159.2166242081       5.967033017374446E-004  2.076945668167852E-005
   56159.2370579232       5.139076952078714E-004  2.076897837964228E-005
   56159.2574914381       5.390104191845824E-004  2.076963151793197E-005
   56159.2779251528       4.756166462693834E-004  2.076522564434488E-005
   56159.2983587670       5.176213907448490E-004  2.076831150421838E-005
   56159.3187922809       4.040157061754313E-004  2.076720504050008E-005
   56159.3392259947       3.901723842544280E-004  2.076880104572806E-005
   56159.3596596082       3.920732803553983E-004  2.076602864228040E-005
   56159.3800931212       4.994623748713067E-004  2.076872986239629E-005
   56159.4005268340       5.515504406564675E-004  2.076921940390597E-005
   56159.4209604464       5.055799055114774E-004  2.076579885749014E-005
   56159.4413939585       1.644280364083706E-004  2.076507578469906E-005
   56159.4618276703      -6.141879769303693E-003  2.069919248907522E-005
   56159.4822612818      -1.579487271913727E-002  2.060350960288014E-005
   56159.5026949929      -2.127414896043733E-002  2.054276774193830E-005
   56159.5231285039      -2.269812203963217E-002  2.053074275419165E-005
   56159.5435621143      -2.359247311065404E-002  2.052169872456644E-005
   56159.5639958246      -2.381267925134822E-002  2.051820574598846E-005
   56159.5844293346      -2.375225962377991E-002  2.051691070888250E-005
   56159.6048629442      -2.372658989743737E-002  2.051857290212072E-005
   56159.6252966535      -2.305451037941852E-002  2.052955886298968E-005
   56159.6457302625      -2.161556648045126E-002  2.054220077294495E-005
   56159.6661637712      -1.587369831551111E-002  2.059844934217297E-005
   56159.6865974795      -6.339492613488540E-003  2.069626647949059E-005
   56159.7070310877      -7.477303888672182E-004  2.075498273755311E-005
   56159.7274645954      -6.754929055179382E-004  2.075642139015297E-005
   56159.7478983028      -8.520761852017777E-004  2.075323187735778E-005
   56159.7683319100      -8.025939023225126E-004  2.075359029167736E-005
   56159.7887655168      -8.800933195332039E-004  2.075450193785610E-005
   56159.8091991233      -8.498969433210490E-004  2.075226528264224E-005
   56159.8296327294      -9.345383483438940E-004  2.075330306068954E-005
   56159.8500663354      -9.109069900476996E-004  2.075259872035419E-005
   56159.8704999410      -9.766183426641595E-004  2.075315944519563E-005
   56159.8909334461      -9.633916306142076E-004  2.075090405752605E-005
   56159.9113671510      -8.362585031732594E-004  2.075393996418428E-005
   56159.9318007557      -8.018350800039764E-004  2.075435707353181E-005
   56159.9522342601      -8.916810083290372E-004  2.075495401445432E-005
   56159.9726679641      -6.445471438690786E-004  2.075420596505561E-005
   56159.9931015678      -7.252276080248476E-004  2.075332429080603E-005
   56160.0135351710      -4.790908576840502E-004  2.075548726502737E-005
   56160.0339687741      -3.316959278750753E-004  2.075772766673237E-005
   56160.0544023769      -2.207140682821684E-004  2.075910637547391E-005
   56160.0748360794      -9.205259049549497E-005  2.075907765237513E-005
   56160.0952695815       3.562086375530349E-006  2.075965710967230E-005
   56160.1157031834       2.360366231245470E-004  2.075918255412720E-005
   56239.0281582565       3.531164484210647E-004  2.084649891227021E-005
   56239.0485908150       2.080688415739829E-004  2.084468653540986E-005
   56239.0690235734       2.639891210065581E-004  2.084488322747223E-005
   56239.0894562317       3.973585930370227E-004  2.084680161369086E-005
   56239.1098888898       3.581666793037730E-004  2.084675307928586E-005
   56239.1303215478       2.194691685106775E-004  2.084452815998303E-005
   56239.1507542059       2.274102882465767E-004  2.084388060884265E-005
   56239.1711868638       1.337705605299888E-004  2.084535707653156E-005
   56239.1916196215       4.169362107664387E-005  2.084338376980201E-005
   56239.2120521792       9.166607220167933E-005  2.084292141573333E-005
   56239.2324849369       1.970759733427307E-004  2.084632010130443E-005
   56239.2529174944       1.745240061736819E-004  2.084538262095524E-005
   56239.2733501518       3.451356077746048E-004  2.084583603447562E-005
   56239.2937829091       1.138833478319112E-004  2.084447451669329E-005
   56239.3142155664       3.183009044781526E-004  2.084573513400207E-005
   56239.3346481234       1.492945005678870E-004  2.084292524739689E-005
   56239.3755134375       2.513242914817804E-004  2.084547713532287E-005
   56239.3959460943       2.260109024851964E-004  2.084616938920469E-005
   56239.4163788511       1.778741643747583E-004  2.084376182727252E-005
   56239.4368114078      -3.311099069422951E-004  2.084027245899735E-005
   56239.4572441644      -6.258670934951027E-003  2.077885089225029E-005
   56239.4776768208      -1.591232555713284E-002  2.068074497865130E-005
   56239.4981093772      -2.151527587353452E-002  2.062462387981858E-005
   56239.5185421335      -2.296027727369410E-002  2.061015807268659E-005
   56239.5389747897      -2.365786613563992E-002  2.060456128945753E-005
   56239.5594074458      -2.414481116435452E-002  2.059865925036545E-005
   56239.5798401018      -2.392783661722231E-002  2.060191871882747E-005
   56239.6002727577      -2.367829650461273E-002  2.060529824608080E-005
   56239.6207054136      -2.296501279161989E-002  2.061094867259959E-005
   56239.6411380693      -2.153872105006627E-002  2.062489081904607E-005
   56239.6615707250      -1.584938238587574E-002  2.068189192327469E-005
   56239.6820034805      -6.098149071950942E-003  2.078159436335390E-005
   56239.7024361359      -7.793905642539123E-006  2.084058026930273E-005
   56239.7228686913       5.692838535698019E-005  2.084410029088633E-005
   56239.7433014466      -1.074935126766929E-004  2.084132999813785E-005
   56239.7637341018      -1.017339810293061E-004  2.084157905626876E-005
   56239.7841666568      -7.867445518661143E-005  2.084105667280444E-005
   56239.8045994117      -1.684348991638496E-004  2.084185493604454E-005
   56239.8250320667      -1.790707887364684E-004  2.083991228262341E-005
   56239.8454646215      -1.390948415885829E-004  2.083963001674171E-005
   56239.8658973762      -2.977895361575555E-004  2.083917149433659E-005
   56239.8863300309      -2.431162668273812E-004  2.083937201806251E-005
   56239.9067625854      -1.744539605530449E-004  2.083926217704067E-005
   56239.9271953399      -2.241813361585354E-004  2.083822890510267E-005
   56239.9476279942      -5.780114907214529E-004  2.083777676880347E-005
   56239.9680606485      -3.741441801669021E-004  2.083781636266018E-005
   56239.9884933027      -2.749198428673161E-004  2.084037463669208E-005
   56240.0089258655      -3.789376601659455E-004  2.083693124837954E-005
   56240.0293586195      -1.675761761446015E-004  2.083967727392552E-005
   56240.0497912734      -2.845930633568194E-004  2.083619429175627E-005
   56240.0702238273      -1.528828422654449E-004  2.083859291314016E-005
   56240.0906565809      -1.681774310614559E-004  2.083670773467231E-005
   56240.1110892346      -6.848458803399016E-005  2.083960447231803E-005
   56399.0209325407       7.449144261372220E-004  2.120373521236122E-005
   56399.0413670178       8.468680202228240E-004  2.120421603428114E-005
   56399.0618013950       8.523185510315168E-004  2.120577837254170E-005
   56399.0822357724       7.212965112782799E-004  2.119903354649610E-005
   56399.1026701500       7.200148238833970E-004  2.119378579479395E-005
   56399.1231044278       6.118615179627751E-004  2.119475543013384E-005
   56399.1435389057       6.685265024929388E-004  2.120688386338251E-005
   56399.1639732839       5.228594606649928E-004  2.119268163586982E-005
   56399.2048420407       4.206522854041106E-004  2.119639102381157E-005
   56399.2252764194       4.911291029426890E-004  2.119725543773408E-005
   56399.2457107983       3.816352520829014E-004  2.119702634806586E-005
   56399.2661451773       3.817437491606679E-004  2.120002582441948E-005
   56399.2865795566       2.648273296133041E-004  2.119864063107678E-005
   56399.3070140360       2.551526520515601E-004  2.120139636667875E-005
   56399.3274483156       2.829765831946496E-004  2.119890834632859E-005
   56399.3478826954       8.962382899402321E-005  2.119475276630049E-005
   56399.3683171754       9.745842520247905E-005  2.118719014341603E-005
   56399.3887515555      -3.854813807946389E-005  2.120025091833767E-005
   56399.4091858358      -1.054692902225929E-004  2.120251784051966E-005
   56399.4296203163      -6.407183647091363E-004  2.118091681587361E-005
   56399.4500546970      -6.954837343140285E-003  2.112283459348091E-005
   56399.4704890779      -1.672415070161659E-002  2.101839767502480E-005
   56399.4909234589      -2.220455933824883E-002  2.096038338038256E-005
   56399.5113578402      -2.369048926793904E-002  2.094397416693828E-005
   56399.5317922216      -2.453978555882663E-002  2.094146217208796E-005
   56399.5522266032      -2.483273378776085E-002  2.093296454369718E-005
   56399.5726609850      -2.474301906050280E-002  2.093325223769912E-005
   56399.5930954669      -2.441037933393164E-002  2.094522084094671E-005
   56399.6135297491      -2.373376069825517E-002  2.094311641259915E-005
   56399.6339642314      -2.223338996088298E-002  2.095436311700852E-005
   56399.6543986139      -1.646575888819479E-002  2.102364276289359E-005
   56399.6748328965      -6.802088620242563E-003  2.112013479837932E-005
   56399.6952673794      -1.018017051591324E-003  2.118187046821340E-005
   56399.7157017624      -6.299181415115873E-004  2.118684650891370E-005
   56399.7361360457      -5.394421756969026E-004  2.119152153644531E-005
   56399.7565705291      -6.333830349654068E-004  2.118533211965347E-005
   56399.7770048127      -7.260107541197103E-004  2.118253775846790E-005
   56399.7974391964      -6.869901169843651E-004  2.118868721775948E-005
   56399.8178736803      -6.086996121519306E-004  2.119072371835658E-005
   56399.8383079644      -5.912370328001737E-004  2.119467151938328E-005
   56399.8587424488      -5.862157184833849E-004  2.119822773690732E-005
   56399.8791768333      -4.017270149079266E-004  2.119348211779190E-005
   56399.8996111179      -4.484523241152782E-004  2.118612860582552E-005
   56399.9200456027      -4.653650705366275E-004  2.119119122110974E-005
   56399.9404799878      -3.603853912916843E-004  2.119212622661607E-005
   56399.9609143729      -2.680768705388692E-004  2.119097944635831E-005
   56399.9813487583      -3.134843101991747E-004  2.119558787805614E-005
   56400.0017831439      -1.889893062783088E-004  2.119276288278704E-005
   56400.0222176296      -1.707467688947251E-004  2.118762035250227E-005
   56400.0426519155      -5.201681334210395E-005  2.119098477402502E-005
   56400.0630863016       1.083292927976931E-004  2.120219285285080E-005
   56400.0835207879       2.737221035536974E-004  2.119528686488744E-005
   56400.1039551743       2.385164044758081E-004  2.119695842031541E-005
