   54962.0093257942      -4.594164725861827E-004  8.608630268075125E-005
   54962.0297602794      -2.942494274962293E-004  8.611587279367879E-005
   54962.0501948645      -8.880882262518597E-005  8.608722952731994E-005
   54962.0706294497      -2.234337145868848E-004  8.607965162977431E-005
   54962.0910640349      -1.748850502432120E-004  8.603385799450839E-005
   54962.1114986200       9.819014258116709E-006  8.608226904448430E-005
   54962.1319332051      -8.606989891168926E-005  8.609184151584575E-005
   54962.1523677902       1.208844211475490E-004  8.608795617502980E-005
   54962.1728023753      -2.061059666214060E-004  8.608048949907241E-005
   54962.1932369605      -2.700333540850419E-004  8.603985654550097E-005
   54962.2136715456      -6.865288301644012E-004  8.601067941551855E-005
   54962.2341061306      -7.262627793112042E-004  8.596321004165643E-005
   54962.2545407157      -8.823385022812547E-004  8.587824416301132E-005
   54962.2749753007      -4.989750911530422E-004  8.595291092258513E-005
   54962.2954099858      -5.593793447221662E-004  8.585964791345709E-005
   54962.3158444708       5.467397736347301E-005  8.588003853796832E-005
   54962.3362790558       1.360417683216042E-005  8.579972913648431E-005
   54962.3567136408      -6.381987363135444E-005  8.572386118375748E-005
   54962.3771482258      -1.797904393637806E-004  8.565713564558423E-005
   54962.3975828108      -1.988598085147508E-004  8.560728612973371E-005
   54962.4180173958      -3.441588838348775E-005  8.558073382923383E-005
   54962.4384519807      -4.936305282365883E-005  8.537922255565515E-005
   54962.4588865657      -9.010433577671950E-005  8.546321709909626E-005
   54962.4793211507       1.109796861542556E-005  8.546292792296683E-005
   54986.3264410624       2.044138368597626E-004  8.670647310899104E-005
   54986.3468755607       2.491032624418743E-004  8.672252678345844E-005
   54986.3673101587       7.844270714185697E-005  8.667209352489649E-005
   54986.3877445567       1.452464675464338E-004  8.674077127749355E-005
   54986.4081790547       2.201318320562695E-004  8.668180418460199E-005
   54986.4286136525       1.919434433106382E-005  8.672556136461641E-005
   54986.4490481501       1.896703504702391E-004  8.671182433381351E-005
   54986.4694825477       1.634721544636619E-004  8.669110036492981E-005
   54986.4899170450       1.547263163668156E-004  8.672889940389016E-005
   54986.5103516423      -2.433711306308872E-004  8.673280735230824E-005
   54986.5307860394      -3.370371548960804E-004  8.667814788437751E-005
   54986.5512205363      -3.032176115748131E-004  8.672602025249882E-005
   54986.5716551331      -5.614350736870000E-004  8.658053058951788E-005
   54986.5920895298      -8.755931648385396E-004  8.669662182235382E-005
   54986.6125240264      -1.953339252075414E-004  8.664347964500208E-005
   54986.6329585228       1.579781121872070E-004  8.667255241277892E-005
   54986.6533930192      -8.137810682018465E-005  8.666270852755917E-005
   54986.6738275154       1.867726118891522E-004  8.666512879106807E-005
   54986.6942620113       6.729342339184541E-005  8.667019136060966E-005
   54986.7146965072      -1.632992148170587E-007  8.668087160600222E-005
   54986.7351310029      -1.543555291947385E-004  8.663118589060357E-005
   54986.7555654986      -2.275662607398310E-005  8.664036364825207E-005
   54986.7759998941      -9.306113654727888E-005  8.665339754439642E-005
   54986.7964344893      -1.608202852766416E-004  8.661984691905722E-005
   55010.6229271640       3.394964631953101E-005  9.038495704715163E-005
   55010.6433615399      -7.175451631757923E-006  9.037921196810418E-005
   55010.6637958154       1.001368195214791E-004  9.036779225375785E-005
   55010.6842299908       3.913849740802000E-004  9.037293464740114E-005
   55010.7046643658       7.774464337035880E-004  9.037555672026338E-005
   55010.7250986405       7.977374425771622E-004  9.036906806831471E-005
   55010.7455328153       7.130544668392247E-004  9.037060217661621E-005
   55010.7659670896       7.154380124001491E-004  9.036682952252782E-005
   55010.7864014636       7.006871991144248E-004  9.036056785599111E-005
   55010.8068357376       5.256476706421154E-004  9.035827452062203E-005
   55010.8272699112      -1.858211855692016E-004  9.034563378130104E-005
   55010.8477042846      -5.695827722140834E-006  9.034981344371430E-005
   55010.8681385579      -9.526656776270848E-005  9.034885853956745E-005
   55010.8885727308      -3.609097380871118E-004  9.034036615432702E-005
   55010.9090070034      -3.345610534868371E-004  9.034517981047713E-005
   55010.9294413759       2.014832557506452E-004  9.036748699751418E-005
   55010.9498755480       3.262982163620975E-005  9.035986341850573E-005
   55010.9703098200      -2.171251206495306E-005  9.035245117074289E-005
   55010.9907441919       2.740388070965327E-004  9.036206282887676E-005
   55011.0111783634       1.876094810457918E-004  9.035198154575264E-005
   55011.0316126347       5.368091304043254E-004  9.034247163970000E-005
   55011.0520469057       7.461461712083839E-004  9.036326819968506E-005
   55011.0724811765       6.105157840123887E-004  9.033797889395990E-005
   55011.0929154470       4.494823290079886E-004  9.033853461686503E-005
   55034.9395252034       5.347745887918087E-005  9.043491731903147E-005
   55034.9599591522       8.481708112806352E-005  9.043253005866434E-005
   55034.9803931010       2.331796052512658E-005  9.042343498801976E-005
   55035.0008270493       1.879138117506507E-004  9.043677233774297E-005
   55035.0212609971       2.364358280133594E-004  9.045022709371374E-005
   55035.0416949450       2.940369814519173E-004  9.044808247292492E-005
   55035.0621287924       2.450513207934435E-004  9.045468070403798E-005
   55035.0825628393       4.180523643531053E-004  9.045616002275728E-005
   55035.1029967862       7.314154939264128E-005  9.044671273337001E-005
   55035.1234306327      -2.097122840882815E-004  9.044009884809060E-005
   55035.1438646789      -4.919981070552470E-004  9.043572350859807E-005
   55035.1642986246      -8.185399819270467E-004  9.042600227129981E-005
   55035.1847324702      -7.278570631932268E-004  9.044420806675532E-005
   55035.2051664154      -9.468891672218538E-004  9.044171122722380E-005
   55035.2256004603      -5.796458875302335E-004  9.045688794149217E-005
   55035.2460344049      -3.567010423707329E-004  9.047091407453443E-005
   55035.2664682492      -5.139063809435074E-004  9.045989354142979E-005
   55035.2869022933      -3.136449002489883E-004  9.047056185579173E-005
   55035.3073362370      -5.405690417970010E-005  9.047705833482358E-005
   55035.3277700804       2.668624855202140E-004  9.049433270738175E-005
   55035.3482040234       4.312101938488411E-004  9.049399614280540E-005
   55035.3686380661       3.496713405897189E-004  9.048473670341422E-005
   55035.3890719086       2.315203036904467E-004  9.048675609087231E-005
   55035.4095058509      -9.209183221869921E-005  9.048517502007180E-005
   55059.2556930592       1.698058019869997E-004  8.978616953041164E-005
   55059.2965600817       1.109353965218496E-004  8.978394663879111E-005
   55059.3169935423       1.300325800213109E-004  8.978298390756109E-005
   55059.3578607629       2.215215435328322E-004  8.978214640966179E-005
   55059.3782943227      -4.032842956802618E-005  8.977290262443697E-005
   55059.3987278822       2.885942903141370E-004  8.977763800975536E-005
   55059.4191614412       2.251259854320065E-004  8.977193989320694E-005
   55059.4395950000      -1.409901432023464E-004  8.975839121223812E-005
   55059.4600284583      -3.985030045413618E-004  8.975238783944604E-005
   55059.4804621164      -3.985155945895880E-004  8.975440722690414E-005
   55059.5008956740      -6.937089864470503E-004  8.974182910424851E-005
   55059.5213291314      -6.173851390471885E-004  8.974437290627904E-005
   55059.5417627886      -1.722244243466120E-004  8.974033413136287E-005
   55059.5621962452      -3.564635390368442E-004  8.973689804185084E-005
   55059.5826298017      -2.284321443408732E-004  8.974638446665397E-005
   55059.6030633577      -2.247423164103424E-004  8.975184777070725E-005
   55059.6234970135      -4.587487234205545E-004  8.973513694813738E-005
   55059.6439304688      -3.233074066049113E-004  8.974346496463122E-005
   55059.6643640238      -3.669516787637717E-004  8.975358538317120E-005
   55059.6847975784      -4.396357107405713E-004  8.974050632719262E-005
   55059.7052311328      -6.618559319615525E-004  8.974165690841874E-005
   55059.7256646869      -5.629154158068861E-004  8.974473295210491E-005
   55083.5509571306      -7.188669950786153E-005  8.987406767442081E-005
   55083.5713902987       1.486952262228503E-004  8.987464687857546E-005
   55083.5918234664       1.648167675203371E-004  8.986759467663848E-005
   55083.6122567338       1.188682077635228E-005  8.985594797688019E-005
   55083.6326898007      -5.331443580836037E-005  8.986632668916480E-005
   55083.6531229674      -7.852832072496874E-005  8.986841652037143E-005
   55083.6735560339      -4.474673414901487E-004  8.985798301850463E-005
   55083.6939893001       1.928591861295459E-004  8.989896562598744E-005
   55083.7144224659      -1.165523086058551E-004  8.985997109763002E-005
   55083.7348556312       7.863980240752078E-005  8.986642844124602E-005
   55083.7552887965      -2.468801372014218E-004  8.984869227078076E-005
   55083.7757219613      -5.182566448584947E-004  8.984227406258062E-005
   55083.7961551257      -4.707682142622849E-004  8.983364861692630E-005
   55083.8165881901      -2.349725165442518E-004  8.986092600177688E-005
   55083.8370214540      -4.056368061754467E-004  8.985390510817258E-005
   55083.8574546174      -3.638345631018503E-004  8.984946715201469E-005
   55083.8778876807      -1.178645334862782E-004  8.985769341642730E-005
   55083.8983209436       6.608118670259344E-006  8.985854656849293E-005
   55083.9187541064       2.789845651181011E-004  8.986232704966446E-005
   55083.9391871687       2.498034191598109E-004  8.985342765609915E-005
   55083.9596203307       4.716487207732101E-004  8.986308627673205E-005
   55083.9800535923       3.319916839972237E-004  8.985378770192502E-005
   55084.0004866536       2.929876375021845E-004  8.985463302690747E-005
   55084.0209198147       4.823798052244754E-005  8.984606237083535E-005
   55107.8662130190       1.825235016801319E-004  9.085607357278027E-005
   55107.8866457495       5.089397922408700E-005  9.086625437686320E-005
   55107.9070786797       1.576909782285973E-005  9.085748120807148E-005
   55107.9275115098       4.313803977828989E-005  9.087137751460911E-005
   55107.9479442396      -2.012425715625099E-005  9.086929061345064E-005
   55107.9683770694       2.172603341328294E-004  9.088588761560512E-005
   55107.9888099987      -2.864394937773795E-005  9.087107470934298E-005
   55108.0092427278       7.565064066672456E-005  9.087226956255528E-005
   55108.0296755566       1.235937597254821E-004  9.087700805577395E-005
   55108.0501084853      -1.903324658639738E-004  9.086804665668166E-005
   55108.0705413137      -4.596576963491472E-004  9.086337363487189E-005
   55108.0909740416      -3.949452784239860E-004  9.086079569814672E-005
   55108.1114069695      -4.534939932437920E-004  9.087656612376392E-005
   55108.1318397972       5.530066864640748E-004  9.089748423890537E-005
   55108.1522725247       5.013646995339904E-004  9.089786069950651E-005
   55108.1727053519       6.135102845901130E-004  9.089465260047072E-005
   55108.1931382787       7.056705608829983E-004  9.090669115578100E-005
   55108.2135710055       5.386446899808828E-004  9.088914481819757E-005
   55108.2340038320       6.096595653219961E-004  9.089964479539885E-005
   55108.2544367581       5.045052402785632E-004  9.089546280915579E-005
   55108.2748694842       4.058181269377403E-004  9.089826171188598E-005
   55108.2953023100       4.765945341951294E-004  9.089840083862988E-005
   55108.3157351354       2.984988972862812E-004  9.089074068378935E-005
   55108.3361680607       5.218178130113049E-004  9.091059488853628E-005
   55132.1811334526      -4.735943132204712E-004  9.145440041080512E-005
   55132.2015661655      -3.261368994921243E-004  9.144661749707292E-005
   55132.2219986784      -5.296836053058085E-004  9.144371220330328E-005
   55132.2424312912      -5.086386305068746E-004  9.144753409679742E-005
   55132.2628640038      -6.007355139041604E-004  9.144109334694753E-005
   55132.2832965163      -4.432459295493629E-004  9.144719855582684E-005
   55132.3037291288      -4.528310836642291E-004  9.143851541022236E-005
   55132.3241618411      -2.498210187409367E-004  9.149010688043038E-005
   55132.3445943532      -7.042195697748443E-004  9.145738754383588E-005
   55132.3650269653      -1.071804929618780E-003  9.144798421273356E-005
   55132.3854595773      -1.180987241394704E-003  9.145608629958412E-005
   55132.4058922892      -1.155020722993116E-003  9.144228001623372E-005
   55132.4263248008      -1.176487215066913E-003  9.145126596710435E-005
   55132.4467574124      -7.804898828872586E-004  9.146936881166338E-005
   55132.4671901239      -7.285456814924984E-004  9.147363263716757E-005
   55132.4876226354      -3.398984778049119E-004  9.149898644026154E-005
   55132.5080552466      -4.975469246072395E-004  9.150313569080017E-005
   55132.5284877578      -5.180037244481017E-004  9.150083600756279E-005
   55132.5489204687      -5.931924087665408E-004  9.151392210541536E-005
   55132.5693530797      -4.794783819174198E-004  9.150885625515224E-005
   55132.5897855905      -5.542068953748869E-004  9.151726933119504E-005
   55132.6102183012      -4.967482397072454E-004  9.151023933866511E-005
   55132.6306509118      -5.343841091490775E-004  9.152805574581023E-005
   55156.4754636565      -3.198100992489739E-004  9.202880563280554E-005
   55156.4958963224      -2.390568655721292E-004  9.203548371651267E-005
   55156.5163288883      -4.877613470942732E-004  9.203243929599912E-005
   55156.5367613542      -4.969649637001083E-004  9.202063807454607E-005
   55156.5571939202      -5.822900231560180E-004  9.200938517614252E-005
   55156.5776265862      -4.092055780843262E-004  9.202954218615559E-005
   55156.5980590523      -4.062683353774910E-004  9.202887110421443E-005
   55156.6184916184      -4.386604460113741E-004  9.200812485152132E-005
   55156.6389242846      -3.661731242475819E-004  9.202137462789613E-005
   55156.6593568507      -5.454238201765271E-004  9.203207101932409E-005
   55156.6797893170      -7.956137659476115E-004  9.201770822899810E-005
   55156.7002219833      -7.403226444232525E-004  9.200156134277976E-005
   55156.7206545496      -8.659002440948305E-004  9.199376206119533E-005
   55156.7410870159      -8.107378284488709E-004  9.199841871515286E-005
   55156.7615196823      -4.171095058137508E-004  9.200485946500276E-005
   55156.7819522488      -1.099020957678887E-004  9.201070278824650E-005
   55156.8023847153      -1.211184450000680E-005  9.201231502169050E-005
   55156.8228172818      -3.845529814761051E-005  9.200830489789578E-005
   55156.8432499483       2.157566744296346E-004  9.201199584857214E-005
   55156.8636824150      -2.284408506936231E-005  9.201982786586102E-005
   55156.8841149816      -6.529901784324554E-005  9.200059563949858E-005
   55156.9045476483      -5.398595975270037E-005  9.200411472772660E-005
   55156.9249801151      -1.100029657649104E-004  9.199812409381284E-005
   55180.8107132307      -1.350621662934426E-004  9.191579379712936E-005
   55180.8311459398      -3.423421561389306E-004  9.190941033476225E-005
   55180.8515786490      -3.327820557597061E-005  9.192333119307822E-005
   55180.8720113585       5.684464735611350E-005  9.192067960101803E-005
   55180.8924439682       6.909514253061744E-005  9.192471427659109E-005
   55180.9128767780      -6.178031823667052E-005  9.192712853479403E-005
   55180.9333094880       1.547705679949551E-005  9.192694848841957E-005
   55180.9537420983      -1.403854416271999E-004  9.192276650217651E-005
   55180.9741749088      -4.531099908123837E-004  9.191287213550749E-005
   55180.9946076195      -8.703436278344467E-004  9.189232229704106E-005
   55181.0150403303      -7.427010555608460E-004  9.190508922177528E-005
   55181.0354730413      -6.798072964796509E-004  9.190972132395450E-005
   55181.0559057526      -5.617680408520620E-004  9.191182459296519E-005
   55181.0763384640      -3.301491859305505E-004  9.192181716674755E-005
   55181.0967710757      -1.464709841298983E-004  9.193108137110598E-005
   55181.1172038875      -1.775183380474665E-004  9.193558253046739E-005
   55181.1376365996      -1.264890382624007E-004  9.193860239920261E-005
   55181.1580692118      -1.143606789788532E-004  9.193891338839485E-005
   55181.1785020242      -1.596110854622523E-004  9.193336468649113E-005
   55181.1989347369      -1.498032952844675E-004  9.193557434654128E-005
   55181.2193673497       5.659304009220101E-005  9.194618071478202E-005
   55181.2398001627      -9.218716592385157E-005  9.193293912233332E-005
   55181.2602328759      -8.824291328790590E-005  9.194636076115648E-005
   55205.0849390429       8.521393817761957E-004  8.661148145436036E-005
   55205.1053720612       5.141755160251726E-004  8.660487129310838E-005
   55205.1258051798       6.386828843294445E-004  8.661127160797140E-005
   55205.1462380988       7.653367273612321E-004  8.661387220429163E-005
   55205.1666711180       6.834122330607872E-004  8.660599547019205E-005
   55205.1871041376       6.399405705974637E-004  8.661487646915304E-005
   55205.2075371574       6.429137562433684E-004  8.661990528797398E-005
   55205.2279701777       6.642663849909525E-004  8.661653275672297E-005
   55205.2484031982       7.852154967598057E-004  8.662958819992131E-005
   55205.2688363190       7.227667737543797E-004  8.661760447220940E-005
   55205.2892692402       1.522828775872842E-004  8.659946774859289E-005
   55205.3097022616       1.462453482965476E-004  8.660298267560782E-005
   55205.3301352834       2.207550758064336E-004  8.660337239033016E-005
   55205.3505683055       1.574505989954122E-004  8.661012494734606E-005
   55205.3710013278       2.582796025147882E-004  8.660468393026111E-005
   55205.3914343506       9.309724678914222E-004  8.663775722006263E-005
   55205.4118673737       9.368889217915566E-004  8.664127964159146E-005
   55205.4323003970       9.679755703659865E-004  8.663463950228393E-005
   55205.4527333207       1.219541769911459E-003  8.664044775054955E-005
   55205.4731664447       1.085642606640791E-003  8.664017794804947E-005
   55205.4935993689       1.146762075229457E-003  8.664046273957733E-005
   55205.5140323936       1.446633689386134E-003  8.664743263749607E-005
   55205.5344655185       1.157296973131716E-003  8.664121968548034E-005
   55205.5548985437       1.295133063229592E-003  8.664495195339811E-005
   55253.7165106444       5.517553238165718E-005  8.678662074948201E-005
   55253.7369446059      -4.006285966273726E-005  8.678756505823230E-005
   55253.7573783678      -3.954962666696815E-005  8.678507687962044E-005
   55253.7778122302      -1.540702819704531E-004  8.678000309371615E-005
   55253.7982461929      -1.052561679878439E-004  8.678524175892605E-005
   55253.8186799560      -1.497331498926391E-004  8.677947098322988E-005
   55253.8391138193      -2.056873882109178E-004  8.678204909600842E-005
   55253.8595475829      -2.437342499511663E-004  8.678644837566252E-005
   55253.8799815469      -5.113707662973699E-005  8.678354050427275E-005
   55253.9004154114      -7.267805393851301E-004  8.676816925628207E-005
   55253.9208491761      -7.626001617511147E-004  8.676575602280912E-005
   55253.9412831411      -9.108310165718558E-004  8.676135674315503E-005
   55253.9617170065      -9.661319158351667E-004  8.676577850635080E-005
   55253.9821507722      -6.449287960857975E-004  8.676475175794772E-005
   55254.0025847383      -1.720626541534820E-004  8.677170666683868E-005
   55254.0230186049      -1.193159436607694E-004  8.677691535399300E-005
   55254.0434524717      -1.401174398105720E-004  8.677315310801966E-005
   55254.0638863388      -4.596370955844975E-005  8.678403514218957E-005
   55254.0843202063       2.949189085188486E-005  8.678400516413401E-005
   55254.1047540740      -1.163605872359641E-004  8.678102984211924E-005
   55254.1251879423       1.289329750862045E-004  8.678683809038486E-005
   55254.1456218107      -1.358676879502640E-004  8.677470447239513E-005
   55254.1660556796      -6.614804135884889E-005  8.678719782705162E-005
   55254.1864896488      -4.109939171370591E-005  8.678967851114959E-005
   55278.0125999495       8.493152222621703E-006  8.671072354253372E-005
   55278.0330341800       6.307950885631186E-006  8.671907661546401E-005
   55278.0534683107      -9.682065459415412E-005  8.670919140922729E-005
   55278.0739026417       1.526711730570618E-005  8.670933872973752E-005
   55278.0943368730      -4.333699050984574E-005  8.672015205518872E-005
   55278.1147710046      -6.936210845787105E-005  8.670634075735425E-005
   55278.1352053363      -1.847208446222881E-004  8.672030674172446E-005
   55278.1556395685       1.369116882932175E-005  8.673322675047201E-005
   55278.1760738008      -1.055338342892398E-005  8.673964255869272E-005
   55278.1965080334      -1.555406860009878E-004  8.672600804547054E-005
   55278.2169422663      -6.029124933395469E-004  8.670947868422225E-005
   55278.2373763995      -6.299013336343862E-004  8.672622902623588E-005
   55278.2578107329      -9.096933794973117E-004  8.670052896322551E-005
   55278.2782449665      -7.024513012817701E-004  8.672370984551088E-005
   55278.2986791005      -5.539613627449924E-004  8.672872610888435E-005
   55278.3191133346      -1.855117525484395E-005  8.673962782664169E-005
   55278.3395476692      -3.263049530577433E-007  8.675231212257286E-005
   55278.3599818039      -8.250503370854645E-005  8.674585211819909E-005
   55278.3804160388      -3.656712573407717E-006  8.675678330005848E-005
   55278.4008503741       1.343293975979432E-004  8.677955168491519E-005
   55278.4212845097       9.959049612318083E-006  8.676350848135068E-005
   55278.4417187455      -1.282934015467418E-006  8.675103043413383E-005
   55278.4621530816      -4.932523902911878E-005  8.675902257181403E-005
   55278.4825872179       3.253609580800010E-005  8.674934361429165E-005
   55302.3294965181       8.851106297202982E-005  8.672262703976065E-005
   55302.3499310987       1.550234949867502E-004  8.671579873411129E-005
   55302.3703655795       6.291074067688029E-005  8.672122749491344E-005
   55302.3908000604      -3.315087238475733E-005  8.672181677695436E-005
   55302.4112345415      -1.507579150745730E-004  8.670372581829759E-005
   55302.4316690227       2.992545647173550E-005  8.671667529114719E-005
   55302.4521035041      -1.179077783919347E-005  8.672597121534298E-005
   55302.4725378857      -3.014122016464782E-005  8.672169892054618E-005
   55302.4929724674       2.925515512952614E-006  8.670483072212435E-005
   55302.5134069492      -4.997922281523293E-004  8.670579567146639E-005
   55302.5338413312      -6.932416613411041E-004  8.669746469661264E-005
   55302.5542759133      -6.278843876906803E-004  8.669356070309142E-005
   55302.5747103956      -8.368428350268298E-004  8.669686804854619E-005
   55302.5951447780      -4.716280594508904E-004  8.670248095998612E-005
   55302.6155793606      -1.649891156838557E-004  8.670421934200688E-005
   55302.6360138434       5.917043929581922E-005  8.671347843607511E-005
   55302.6564483263      -1.209883967279168E-005  8.672681830827682E-005
   55302.6768828093      -1.271519051142533E-004  8.670768874002289E-005
   55302.6973172924       7.783554464024789E-005  8.672913860631301E-005
   55302.7177517758      -8.812107359379429E-005  8.671697729819317E-005
   55302.7381862592      -1.993028127622587E-005  8.671196840084521E-005
   55302.7586207429       2.045017566618679E-004  8.671855362765268E-005
   55302.7790551266      -1.688258720489166E-005  8.672062348082147E-005
   55302.7994897105       2.115538759128732E-005  8.672512412240912E-005
   55326.6261691311       1.123603312871424E-004  8.654116500127956E-005
   55326.6466038133       7.199244115874137E-005  8.654018531988651E-005
   55326.6670382955       1.332818999055796E-004  8.653153760593575E-005
   55326.6874728776       1.447105063854259E-004  8.653983175066194E-005
   55326.7079075599       1.996066773393146E-004  8.652943828866491E-005
   55326.7283420421       1.680010801592413E-004  8.652847333932288E-005
   55326.7487766244       8.309837990694291E-005  8.653095568992032E-005
   55326.7692113066       1.107442812080528E-004  8.653222264630834E-005
   55326.7896457889       3.977718007774911E-005  8.652616040731219E-005
   55326.8100803713      -1.097420417890405E-004  8.652012026639259E-005
   55326.8305150536      -5.473675556340041E-004  8.650807681468094E-005
   55326.8509496359      -6.201065720834453E-004  8.650256702759818E-005
   55326.8713841183      -8.510483272632374E-004  8.647436988193933E-005
   55326.8918188007      -5.727122335836832E-004  8.649168740791737E-005
   55326.9122533831      -2.137990877296714E-004  8.649848624946468E-005
   55326.9326878655       2.993493086145271E-005  8.649831683087792E-005
   55326.9531225480       1.292141192543728E-004  8.649646795847448E-005
   55326.9735571305      -4.004338425245280E-005  8.648823274195238E-005
   55326.9939916129       1.181274849670899E-005  8.648792336888088E-005
   55327.0144262954       1.485702173820158E-005  8.647520224282215E-005
   55327.0348607780       1.623571787201517E-004  8.647859061455754E-005
   55327.0552954605      -4.844294232864144E-006  8.646954513522915E-005
   55327.0757300431      -2.504260156044325E-004  8.646406481224844E-005
   55327.0961645257      -1.765519788432535E-005  8.647561474025081E-005
   55350.9433098567       4.360539310845901E-004  8.646986924035167E-005
   55350.9637444872       5.631956223763890E-004  8.648617762083461E-005
   55350.9841789175       3.206338902026484E-004  8.646827817884114E-005
   55351.0046134477       3.648949762888876E-004  8.648094774272130E-005
   55351.0250480777       6.063484952023579E-004  8.648318701447685E-005
   55351.0454825078       3.986815109404684E-004  8.646213491356437E-005
   55351.0863516674       4.038302424067552E-004  8.647912833441990E-005
   55351.1067860971       4.365902693401758E-004  8.648578722148250E-005
   55351.1272206267      -6.298425595574475E-005  8.646732796155013E-005
   55351.1476552561      -4.456728540777055E-004  8.646417530263113E-005
   55351.1680897855      -4.252350624158741E-004  8.645951997450771E-005
   55351.1885242147      -2.598671467797242E-004  8.647594621139884E-005
   55351.2089588438      -2.048077435102824E-004  8.645991037385984E-005
   55351.2293933729       1.017299054590914E-004  8.648759189773287E-005
   55351.2498278018      -1.094208635906702E-004  8.648572829327840E-005
   55351.2906969593       1.570407650148820E-004  8.649320480917278E-005
   55351.3111315880       2.997325879650070E-005  8.648138970425200E-005
   55351.3315660164       1.118858757755969E-004  8.650668463585922E-005
   55351.3520005448       2.431451044826449E-004  8.650003311482215E-005
   55351.3724351731      -3.847958242009231E-005  8.650597013138459E-005
   55351.3928696013      -9.050464754967180E-006  8.649744027384202E-005
   55351.4133041293      -1.266147485062818E-004  8.649217356560115E-005
   55375.2398505237       9.618540206068893E-005  9.045486389696210E-005
   55375.2602848631       2.748654651891780E-004  9.046361418162889E-005
   55375.2807192024       3.594417920416149E-006  9.045618851708085E-005
   55375.3011536414      -9.809405013805339E-005  9.045252633204667E-005
   55375.3215878804       7.082097240873608E-005  9.045831570115391E-005
   55375.3420222189      -9.587240236774708E-005  9.045277567230432E-005
   55375.3624566575       2.711313973198237E-004  9.046387131376959E-005
   55375.3828908955       1.561727754701980E-004  9.046300641475088E-005
   55375.4033253336       1.819905397164590E-004  9.045993641282861E-005
   55375.4237596714      -3.217708639091654E-005  9.046103506833886E-005
   55375.4441939088      -3.949986372006054E-004  9.044369033666632E-005
   55375.4646283462      -6.244513413565800E-004  9.043342063480450E-005
   55375.4850626833      -6.309286663640501E-004  9.043761266788618E-005
   55375.5054969202      -3.123008987490072E-004  9.044547467788510E-005
   55375.5259313571      -3.871223467766249E-004  9.044630840937160E-005
   55375.5463656936       3.887321143225542E-005  9.045954681867603E-005
   55375.5668000298      -1.090054442220989E-005  9.045459118105531E-005
   55375.5872343660       3.636256308103825E-005  9.045361719567388E-005
   55375.6076687018       1.332781814016304E-004  9.045995199659471E-005
   55375.6281030375       4.928192435027512E-005  9.045869750342342E-005
   55375.6485373730      -3.842538940646012E-005  9.045333668788402E-005
   55375.6689717081       3.983253202277659E-005  9.046021692061846E-005
   55375.6894060431       1.278702977653978E-004  9.046259344494915E-005
   55375.7098403779      -2.435356726336879E-004  9.045672615701141E-005
   55423.8728395560      -7.414834308061558E-005  9.024904909804094E-005
   55423.8932733196      -4.099989116902458E-004  9.024126500687253E-005
   55423.9137068829      -1.493518663445714E-004  9.024024427019279E-005
   55423.9341405458      -1.506775220191381E-004  9.024911143310535E-005
   55423.9545743082      -1.321558613649465E-004  9.024799719382899E-005
   55423.9750078706      -2.428787947260647E-004  9.024416358736768E-005
   55424.0158751940      -1.316315393897760E-004  9.023775086761633E-005
   55424.0363088552      -1.047806879442836E-004  9.024534016170845E-005
   55424.0567425160      -5.707112684599780E-004  9.023364454524822E-005
   55424.0771761765      -5.650580390720306E-004  9.021961915575559E-005
   55424.0976098368      -6.699136551542306E-004  9.020514183704598E-005
   55424.1180434967      -5.464235887298052E-004  9.021364278145512E-005
   55424.1384772563      -5.527143015147118E-004  9.021352590320935E-005
   55424.1589108157      -1.132980886136004E-004  9.021379082723310E-005
   55424.1793444746       8.394769971631355E-005  9.023036416248354E-005
   55424.1997782330      -8.742888233825852E-006  9.023072258910392E-005
   55424.2202117914      -8.027217741790604E-005  9.022340601091860E-005
   55424.2406455492      -4.542033354637542E-005  9.022406052909492E-005
   55424.2610792069       9.865923981577929E-005  9.023514837867715E-005
   55424.2815127642      -3.084520246995348E-004  9.021630760545871E-005
   55424.3019465210       1.183538387428129E-005  9.022264240637956E-005
   55424.3223801776      -6.278103859325146E-005  9.022254890378293E-005
   55424.3428137339      -3.417017932128008E-005  9.021525570124677E-005
   55448.1682127147      -1.287370309999147E-004  8.997088666498700E-005
   55448.1886459840       2.446227255279432E-004  8.998547307005934E-005
   55448.2090791530       1.004376121374051E-004  8.997367615911943E-005
   55448.2295125216       2.207419738973204E-004  8.998346276423205E-005
   55448.2499457901       9.414783815508976E-005  8.997907593407408E-005
   55448.2703789581       1.896627736486245E-005  8.997867075615541E-005
   55448.2908123258      -3.454668738855915E-005  8.997365278347028E-005
   55448.3112455933       9.586871791622542E-005  8.997568646494670E-005
   55448.3316787604       1.875188612132650E-004  8.997140872115146E-005
   55448.3521121272      -2.440198875393040E-004  8.995496784791288E-005
   55448.3725453936      -6.800900101096019E-004  8.995156279501939E-005
   55448.3929786597      -5.539645680198158E-004  8.992999486273297E-005
   55448.4134119256      -7.084511286600259E-004  8.993996068115577E-005
   55448.4338451910      -4.903744001054644E-004  8.994378649573403E-005
   55448.4542785562      -2.826148426263719E-004  8.995054985022270E-005
   55448.4747118209      -1.835651833914653E-005  8.996082734396757E-005
   55448.4951449854      -4.666634137295844E-005  8.995246665345336E-005
   55448.5155783497      -1.015049282243607E-004  8.994998104275994E-005
   55448.5360116135      -1.758741215506232E-004  8.995117320086682E-005
   55448.5564447770      -4.570225873135048E-005  8.995716515893338E-005
   55448.5768781401      -2.276847034665685E-005  8.995612883848754E-005
   55448.5973114032       4.142604966883567E-005  8.995314454727883E-005
   55448.6177445656      -3.476467140950401E-005  8.995493668038068E-005
   55472.4835889123      -2.472663436114964E-005  9.123522593160473E-005
   55472.5040218257      -1.405823009115181E-005  9.124538132330256E-005
   55472.5244547391      -7.730254407478654E-005  9.124019386141047E-005
   55472.5448876520      -3.638205845124531E-005  9.123918563997690E-005
   55472.5653205647       4.258367626208681E-005  9.124179563255897E-005
   55472.5857534772       3.743133332623216E-006  9.121287431288786E-005
   55472.6061863891       9.168497355482863E-005  9.124521870694231E-005
   55472.6266193011       2.552093830101576E-004  9.124850355741944E-005
   55472.6470523129      -8.874380890611100E-005  9.123110360687229E-005
   55472.6674852242      -2.817313099390262E-004  9.124839785678527E-005
   55472.6879180352      -6.694528337247707E-004  9.121893990312532E-005
   55472.7083510460      -7.246030445222651E-004  9.121782598105758E-005
   55472.7287839566      -8.417819948597360E-004  9.123120117668845E-005
   55472.7492167670      -4.102297024491941E-004  9.123788470909486E-005
   55472.7696497771      -1.827465108198423E-004  9.123662443230291E-005
   55472.7900826868       2.645813896418048E-006  9.125966717055085E-005
   55472.8105154964      -1.672215107243469E-004  9.124706440263119E-005
   55472.8309485056      -7.497826510316496E-005  9.124892635995609E-005
   55472.8513814146      -3.686265698443769E-005  9.123642929267060E-005
   55472.8718142233      -7.246751908596138E-005  9.123707975811161E-005
   55472.8922472318      -1.844869680800443E-006  9.126013875799559E-005
   55472.9126801400      -1.977736341092218E-004  9.124753599007592E-005
   55472.9331131478      -1.482468145639348E-004  9.125090214873318E-005
   55472.9535459556      -1.192647379507639E-004  9.125340644068108E-005
   55496.7985964715      -1.770236004454695E-004  9.104132218363826E-005
   55496.8190292306       2.736761975798974E-004  9.109022905398454E-005
   55496.8394618900      -3.469967770347582E-004  9.102659727221729E-005
   55496.8598944488      -1.884550333765000E-004  9.103001221578261E-005
   55496.8803272077      -4.128856572414019E-004  9.101801925921391E-005
   55496.9007598664      -4.667475510218289E-004  9.102123093232892E-005
   55496.9211925251      -2.568556892463825E-004  9.102277578775132E-005
   55496.9416251835      -3.381388688841191E-004  9.102045850461772E-005
   55496.9620578417      -2.651957903629931E-004  9.101600281634676E-005
   55496.9824904999      -1.025578114887793E-003  9.099301699382490E-005
   55497.0029231579      -9.713457743627529E-004  9.098874831436825E-005
   55497.0233558156      -9.897650907543243E-004  9.099011429179438E-005
   55497.0437884733      -1.022176573268974E-003  9.099822071735302E-005
   55497.0642211309      -1.016840606648750E-003  9.097680414270761E-005
   55497.0846537881      -3.615950156651282E-004  9.100677433790237E-005
   55497.1050865454      -4.194575455149785E-004  9.099723688837348E-005
   55497.1255191024      -3.686890810218335E-004  9.101903561146549E-005
   55497.1459518592      -4.837418004299820E-004  9.099532614614051E-005
   55497.1663845160      -3.316179616315029E-004  9.100361958051344E-005
   55497.1868170726      -5.154472113911845E-004  9.100183080055065E-005
   55497.2072498289      -3.484042929714493E-004  9.100917292921611E-005
   55497.2276824853      -3.511450269959582E-004  9.100608321837128E-005
   55497.2481150415      -3.444897236299926E-004  9.100205846345500E-005
   55521.0929584761      -2.843907884337860E-004  9.161738250901884E-005
   55521.1133910381      -9.573829406006595E-005  9.164014066863635E-005
   55521.1338237000       6.398745948121842E-005  9.163306685696531E-005
   55521.1542561620      -8.096264762236238E-005  9.162954621276581E-005
   55521.1746888239      -1.500436935853999E-004  9.162801761897943E-005
   55521.1951213858      -1.428053981080701E-004  9.162227726146248E-005
   55521.2155539478       1.476040651793298E-005  9.163743310623812E-005
   55521.2359865097       4.991149397537420E-005  9.164673476204463E-005
   55521.2564190717       4.007609636946796E-005  9.164832027155711E-005
   55521.2768516335      -1.018014154982039E-004  9.161690279075609E-005
   55521.2972841955      -8.537185690046245E-004  9.160259255105378E-005
   55521.3177167574      -8.176538076742901E-004  9.160421058383830E-005
   55521.3585819812      -6.617055590140142E-004  9.160590992480295E-005
   55521.3790144431      -4.566144739605038E-004  9.161218691630874E-005
   55521.3994471050      -5.378706052405757E-005  9.162805827306950E-005
   55521.4198796669      -2.755466647060834E-004  9.161010542689749E-005
   55521.4403121288      -1.442536378734038E-004  9.162085436831026E-005
   55521.4607447907      -4.199298765650283E-005  9.162374893952277E-005
   55521.4811773526      -2.433909316376104E-004  9.161316261447026E-005
   55521.5016098145      -1.655129082058782E-004  9.160721898650300E-005
   55521.5220424763      -1.875884409403561E-004  9.160555216881039E-005
   55521.5424750382      -1.840096748734199E-004  9.160783692867196E-005
   55521.5629075001      -2.199994850873299E-004  9.161217878549073E-005
   55545.4077473090      -3.119502986892453E-005  9.213708813475353E-005
   55545.4281798602      -2.128448047200582E-004  9.212998179981044E-005
   55545.4486126116      -1.086419672804428E-004  9.213590103532368E-005
   55545.4690452631      -1.070619584275789E-005  9.213819392600326E-005
   55545.4894778147      -1.012907028630217E-005  9.213822644927530E-005
   55545.5099105665      -9.216613768492365E-005  9.213886065308029E-005
   55545.5303432185       9.777730673987683E-005  9.214764193653398E-005
   55545.5507757706       1.421419209466368E-004  9.214576371757306E-005
   55545.5712085229      -1.501723949689504E-004  9.214197475637915E-005
   55545.5916411753      -2.897423549055311E-004  9.213817766436723E-005
   55545.6120739279      -7.138648187245966E-004  9.212856703747623E-005
   55545.6325064807      -6.850473403351431E-004  9.213026637844089E-005
   55545.6529391335      -7.421066990220826E-004  9.212577816689788E-005
   55545.6733718866      -6.103772842421806E-004  9.213238852194219E-005
   55545.6938044398      -2.825474995282740E-004  9.213964934242752E-005
   55545.7142370932       1.368975454685284E-004  9.215415472176215E-005
   55545.7346698467       1.729658815590174E-004  9.215551256837026E-005
   55545.7551025004       3.815862272604775E-005  9.215254481979564E-005
   55545.7755350542       3.799137868853997E-005  9.215851284021694E-005
   55545.7959678081      -1.016475124954175E-004  9.214974781839927E-005
   55545.8164004623       5.092273820617166E-006  9.215844779367285E-005
   55545.8368331166       3.336101731621355E-005  9.215876489557534E-005
   55545.8572657710       5.075556522005087E-005  9.216262703413137E-005
   55545.8776984256      -5.863589078014542E-005  9.215217080216706E-005
   55569.7227311948      -1.590573209226953E-004  8.620349702312078E-005
   55569.7431642119      -1.984937794264896E-004  8.621316946902000E-005
   55569.7635970293      -1.089388616983822E-004  8.621258189053080E-005
   55569.7840299470      -1.589060864626290E-004  8.621781736553076E-005
   55569.8248957831      -1.405873256099532E-004  8.621462334912790E-005
   55569.8453288016       5.396023694026475E-005  8.621695106391206E-005
   55569.8657617203      -8.339566135007193E-005  8.621447268797683E-005
   55569.8861945394      -8.833955770470858E-005  8.622822051801271E-005
   55569.9066275588      -5.721669118008421E-004  8.621371184916388E-005
   55569.9270604784      -6.944585762657107E-004  8.621239356409195E-005
   55569.9474932984      -8.726079307337375E-004  8.620498103545890E-005
   55569.9679263185      -8.492403882713884E-004  8.621106021290491E-005
   55569.9883592390      -7.440419112283436E-004  8.621115060959556E-005
   55570.0087920598      -3.592564712834312E-004  8.623063862948752E-005
   55570.0292250809      -2.609522087171356E-004  8.623345599301268E-005
   55570.0496580022      -2.166822331571838E-004  8.624729421973919E-005
   55570.0700910239      -2.879194209673974E-004  8.624718122387589E-005
   55570.0905238459      -4.588983625680720E-004  8.624162936045866E-005
   55570.1109567681      -2.693944546245941E-004  8.624876316596221E-005
   55570.1313897905      -2.516597509968355E-004  8.624788933128596E-005
   55570.1518226133      -3.391987296567089E-004  8.624810778995501E-005
   55570.1722555364      -2.403956830538956E-004  8.624328663312051E-005
   55618.3335805917       1.077318706541597E-004  8.676642734800906E-005
   55618.3540143312       1.308012212684062E-004  8.677814878556293E-005
   55618.3744480711       9.789920486458215E-005  8.677365155020325E-005
   55618.3948818113       1.915873768914000E-004  8.677803578969963E-005
   55618.4153156517       1.440678999022893E-004  8.678281174818881E-005
   55618.4357492928      -9.248026018904287E-005  8.676104874491557E-005
   55618.4561830339       1.914901708399697E-005  8.677762900459171E-005
   55618.4766168757       1.006353333334875E-004  8.677667230628237E-005
   55618.4970505177      -1.697707331116405E-005  8.677106017840471E-005
   55618.5174843600      -2.474880549725444E-004  8.677124097178601E-005
   55618.5379181027      -4.041786901947120E-004  8.676579457117454E-005
   55618.5583517457      -5.381152876661188E-004  8.676177945149830E-005
   55618.5787855891      -5.468530532845017E-004  8.675475110880050E-005
   55618.5992193330      -4.205402936640068E-004  8.676226910023930E-005
   55618.6196529771       7.784751478334684E-005  8.676952343466372E-005
   55618.6400868214       2.392728824553991E-004  8.678278161595858E-005
   55618.6605205663       1.653754714698863E-004  8.678312060354851E-005
   55618.6809543116       2.330006205424340E-004  8.676618629016734E-005
   55618.7013880571       8.325578226253683E-005  8.676388117455584E-005
   55618.7218218031       2.606068890438351E-004  8.677295097585074E-005
   55618.7422556493       2.543206486849137E-004  8.676437835635440E-005
   55618.7626892960      -2.424351856222806E-005  8.674986968750557E-005
   55618.7831230431       2.067251564139561E-004  8.675730481531128E-005
   55642.6295297976       1.373984392054606E-004  8.731793015840900E-005
   55642.6499638301      -3.471161361889852E-005  8.731979048192499E-005
   55642.6703979630       1.315325408435264E-004  8.732357089838722E-005
   55642.6908321960       6.394714101976007E-005  8.732814325980002E-005
   55642.7112662294      -3.169970865746219E-005  8.732556570312122E-005
   55642.7317004632       4.352774059546149E-005  8.733041449814886E-005
   55642.7521344972       7.842198482865825E-005  8.733892417077824E-005
   55642.7725686314       5.093733111638521E-005  8.732520708653983E-005
   55642.7930028660       4.752326839274623E-005  8.732847946284508E-005
   55642.8134369008      -1.329889213506075E-004  8.733190126272590E-005
   55642.8338710361      -4.449353101299014E-004  8.731088483682031E-005
   55642.8543052715      -6.647846221384812E-004  8.731056357613281E-005
   55642.8747394072      -4.954624952927533E-004  8.731810946669970E-005
   55642.8951735433      -5.069970068217744E-004  8.732428813155000E-005
   55642.9156076796      -2.110641918108280E-004  8.732794153797298E-005
   55642.9360418162       1.059078653256051E-004  8.734107587026662E-005
   55642.9564759531       5.090338823010576E-005  8.734518501859512E-005
   55642.9769100904       3.945053902931761E-005  8.734325745447012E-005
   55642.9973442279       2.016174613610477E-004  8.735245447554718E-005
   55643.0177784657       1.128429718297852E-004  8.734872635733641E-005
   55643.0382125038       2.392759561864466E-005  8.734500571030442E-005
   55643.0586466422       1.416318956162232E-004  8.734620109890908E-005
   55643.0790808808       1.583681818964067E-004  8.735374698947596E-005
   55643.0995149197       1.336581421129690E-004  8.735490502218671E-005
   55666.9463380539      -2.089143891302880E-004  8.759566375834293E-005
   55666.9667725753      -1.499377626451581E-004  8.761008313338658E-005
   55666.9872069968      -2.548388253970080E-004  8.760468894230808E-005
   55667.0280758404      -1.782237663494612E-004  8.761301183546798E-005
   55667.0485102626      -2.833464912728179E-004  8.761784568813806E-005
   55667.0689447849      -1.972995766880148E-004  8.761757672570201E-005
   55667.0893791073      -2.372670849877245E-004  8.761996750291131E-005
   55667.1098135300      -3.056310823967845E-004  8.762052037014097E-005
   55667.1302480528      -5.857359220298175E-004  8.761022508578338E-005
   55667.1506823759      -8.637207402023561E-004  8.760425561393889E-005
   55667.1711168990      -7.903170164237361E-004  8.760761764438948E-005
   55667.1915513225      -7.080486530582908E-004  8.760108036295777E-005
   55667.2119856460      -8.651254205549463E-004  8.761879452784300E-005
   55667.2324201698      -2.720470714878687E-004  8.764129024714684E-005
   55667.2528545938      -2.361032544454522E-004  8.763207828371223E-005
   55667.2732889179      -6.084666902328451E-006  8.765162288739832E-005
   55667.2937234422      -2.483695491717341E-006  8.765086829834164E-005
   55667.3141578667      -3.622291457915372E-004  8.764888096478640E-005
   55667.3345921914      -1.347101066497824E-004  8.764462239288231E-005
   55667.3550267163      -1.201681218764294E-004  8.764384539028929E-005
   55667.3754611414      -1.109138563646361E-004  8.764782752857855E-005
   55667.3958956666      -1.045031201046820E-004  8.766215724947684E-005
   55667.4163299920      -4.762169508132352E-005  8.766031186831841E-005
   55691.2429735937      -2.507147244520391E-004  8.726362215986378E-005
   55691.2634080617      -4.205229069053074E-004  8.726927784219956E-005
   55691.2838427297      -4.038079834239872E-004  8.728122425706732E-005
   55691.3042772978      -3.812147586531589E-004  8.726538535805565E-005
   55691.3247117660      -2.428712805683242E-004  8.726927037102077E-005
   55691.3451464342      -1.597438607090496E-004  8.727937140473011E-005
   55691.3655810024      -1.869655987211116E-004  8.727182551416322E-005
   55691.3860154708      -9.715657632702879E-005  8.727766050478970E-005
   55691.4064501391      -1.754831532886358E-004  8.726915083216031E-005
   55691.4268847076      -2.469073071978967E-004  8.727529961229550E-005
   55691.4473192761      -6.861046040866903E-004  8.725937853031725E-005
   55691.4677538446      -6.409339734292363E-004  8.726617730300624E-005
   55691.4881884132      -7.534337883630116E-004  8.726307676381291E-005
   55691.5086230819      -7.798220901569231E-004  8.726017794644661E-005
   55691.5290575507      -6.003243481840226E-004  8.726356986161233E-005
   55691.5494921194       1.292666244590013E-004  8.729603213340748E-005
   55691.5699267883      -7.606466165999137E-005  8.728628224510076E-005
   55691.5903613572      -1.302808270855493E-004  8.728860578170107E-005
   55691.6107958261       3.258420817209284E-005  8.729629362466474E-005
   55691.6312304951       5.693891710567556E-005  8.728676040054263E-005
   55691.6516650642       6.018563484166961E-005  8.728921841836095E-005
   55691.6720996333      -1.285853504384704E-005  8.728100012170395E-005
   55691.6925342025       4.591922489716183E-005  8.729256550645398E-005
   55691.7129687718      -5.645704524281925E-005  8.729669706831882E-005
   55715.5601262047       9.751714213290796E-005  8.713626097521662E-005
   55715.5805607659       1.228231420871140E-004  8.715040391664543E-005
   55715.6009952269       2.150928706630140E-004  8.714671315432857E-005
   55715.6214298879       8.951000141710352E-005  8.715165160350154E-005
   55715.6418644488      -2.774399522631477E-005  8.713503570189684E-005
   55715.6622990096       1.160785472873460E-004  8.715592511776319E-005
   55715.6827335703       4.951015502019374E-005  8.715638833084749E-005
   55715.7031681310       1.135045950710900E-004  8.714120689556837E-005
   55715.7236027915       1.243482523487494E-004  8.716623534447833E-005
   55715.7440372521      -2.451904632956303E-004  8.713925691790703E-005
   55715.7644718126      -5.523895244572419E-004  8.714193907108872E-005
   55715.7849063729      -5.903368953950050E-004  8.713490869185760E-005
   55715.8053409334      -7.941322562328157E-004  8.712985070382416E-005
   55715.8257754936      -4.792748063560115E-004  8.715432628550446E-005
   55715.8462100538      -8.359991099138320E-005  8.716397904848705E-005
   55715.8666446138       1.092741488972759E-004  8.716202907082571E-005
   55715.8870791739       6.998916808775846E-005  8.715608948369632E-005
   55715.9075138339      -1.309423192918935E-005  8.715578316536638E-005
   55715.9279482938       2.468626604053004E-004  8.716645200866292E-005
   55715.9483829537       5.057361224070078E-005  8.715455042086783E-005
   55715.9688175134       5.180275350857855E-004  8.717978059160482E-005
   55715.9892519730      -1.509165524126166E-004  8.715552167410912E-005
   55716.0096866327       6.495051273369690E-005  8.714826715951462E-005
   55716.0301211922      -1.848344436083948E-005  8.715923484996232E-005
   55739.8771499596      -9.665918078687330E-004  9.228236624414679E-005
   55739.8975842691      -1.065056687884702E-003  9.226634007233015E-005
   55739.9180187784      -1.092240335853978E-003  9.229598809987988E-005
   55739.9384530875       2.192291793634560E-004  9.239103664739060E-005
   55739.9588874964      -8.929969275786043E-004  9.230382554581457E-005
   55739.9793220052      -8.585463058898846E-004  9.232811850572368E-005
   55739.9997563136      -9.888491186337278E-004  9.232164714847283E-005
   55740.0201907220      -6.718101746259197E-004  9.233952339467844E-005
   55740.0406252302      -1.037744552120579E-003  9.232772038845010E-005
   55740.0610595383      -1.354029298290760E-003  9.232193597865169E-005
   55740.0814939460      -1.346209043000202E-003  9.233173278607006E-005
   55740.1019284537      -1.221847921286212E-003  9.235001495577030E-005
   55740.1223627611      -1.296875088866889E-003  9.232654945529254E-005
   55740.1427972686      -1.203461493200164E-003  9.234433983306659E-005
   55740.1632316756      -5.629482299777111E-004  9.235685320541052E-005
   55740.1836660826      -4.270768735701314E-004  9.236762579046019E-005
   55740.2041004893      -3.724987544159175E-004  9.237262177193250E-005
   55740.2245348959      -4.529777363930787E-004  9.236027233023064E-005
   55740.2449693022      -3.168147466858784E-004  9.237956150244639E-005
   55740.2654037082      -5.234816579127166E-004  9.236013962447278E-005
   55740.2858381143      -2.366519143076617E-004  9.238504927584487E-005
   55740.3062725201      -1.241254494619426E-004  9.238514295049749E-005
   55740.3267070257      -3.041995073217452E-004  9.237818760754150E-005
   55764.1735168607      -2.723376131485988E-004  9.217874646592264E-005
   55764.1939509983      -1.414228579245114E-004  9.219300062556083E-005
   55764.2143851357      -2.544375587044678E-004  9.218472603124731E-005
   55764.2348192726      -1.567050359619904E-004  9.219182188618221E-005
   55764.2552534093      -7.625931759747129E-005  9.218848862979364E-005
   55764.2756875460       7.074306231436012E-005  9.219880845402240E-005
   55764.2961216822      -9.946859548914944E-005  9.219261812072935E-005
   55764.3165559179      -8.581389524409122E-005  9.216779433778881E-005
   55764.3369899537      -4.280542600154646E-006  9.219040896017207E-005
   55764.3574240892      -2.983555542512839E-004  9.217306353699789E-005
   55764.3778583242      -7.347670858571798E-004  9.216862960344122E-005
   55764.3982923590      -7.286835623265819E-004  9.216334479179004E-005
   55764.4187265936      -7.834550164942389E-004  9.216124491832745E-005
   55764.4391607280      -8.194797145906207E-004  9.215733400158116E-005
   55764.4595947621      -3.033795177350695E-004  9.218595160795224E-005
   55764.4800289957       6.692535821439805E-005  9.219338313039230E-005
   55764.5004631294      -8.506821293263744E-005  9.217086218266166E-005
   55764.5208971625       9.708559203347455E-005  9.218819979961478E-005
   55764.5413313955      -3.517373217998276E-005  9.218719279709927E-005
   55764.5617655282      -2.275595728696844E-004  9.218627166301531E-005
   55764.5821995607      -1.987685687206975E-004  9.218572522754177E-005
   55764.6026337927      -9.761137407682252E-005  9.218665416784678E-005
   55764.6230679247       3.575780773568127E-005  9.217766140119662E-005
   55764.6435020563      -1.822272217392173E-004  9.218614676347850E-005
   55788.4899397113       1.016040149308672E-004  9.200858645946415E-005
   55788.5103733924      -2.182749251031790E-004  9.199362973993142E-005
   55788.5308072734      -1.710004709541968E-004  9.200385588950756E-005
   55788.5512410540       2.654651065014946E-005  9.200563570790708E-005
   55788.5716747342      -7.007500983813308E-005  9.200587770075964E-005
   55788.5921086142      -1.505533591785735E-004  9.200373879619181E-005
   55788.6125423937      -1.546223496429189E-004  9.201066291426358E-005
   55788.6329761730      -2.626577462808699E-004  9.200800099288537E-005
   55788.6534099518      -9.801350865790148E-005  9.201540129044123E-005
   55788.6738437306      -4.654203281072578E-004  9.200832104794844E-005
   55788.6942775088      -8.432372211508721E-004  9.200031186515065E-005
   55788.7147112869      -6.262810196472346E-004  9.199899261379310E-005
   55788.7351450645      -7.096213890555036E-004  9.200045237712956E-005
   55788.7555788417      -5.410017611682250E-004  9.200896115807458E-005
   55788.7760127189      -2.303078584020568E-005  9.202328557370223E-005
   55788.7964463954      -8.010658967605444E-005  9.202773511970100E-005
   55788.8168801719      -2.300303790020441E-004  9.202955396920576E-005
   55788.8373140479      -1.060659992966340E-004  9.203782075729823E-005
   55788.8577477237      -7.347405406310514E-006  9.203443285736232E-005
   55788.8781814990      -3.410747304111172E-005  9.203661859925645E-005
   55788.8986153741       1.574902492693653E-004  9.204087298972896E-005
   55788.9190490489      -7.255454544108364E-005  9.203899949667685E-005
   55788.9394829233       2.486775592986934E-004  9.205223884757847E-005
   55788.9599166972       1.733604426141788E-004  9.205484612540933E-005
   55812.7854775616      -1.669543569622345E-004  9.192516137509762E-005
   55812.8059110497      -2.997457330360387E-004  9.193033689965408E-005
   55812.8263444374      -4.245844765549123E-005  9.194348257590310E-005
   55812.8467777248      -2.468516452697189E-004  9.193760449145209E-005
   55812.8672112120      -2.938651368911138E-004  9.193121119641174E-005
   55812.8876445987      -6.994624243694680E-005  9.194246776716655E-005
   55812.9080780852      -1.183518422129826E-004  9.194552780581834E-005
   55812.9285113712      -7.338098242970492E-005  9.194320155194528E-005
   55812.9489447570      -1.963939502082068E-004  9.193698779998910E-005
   55812.9693782424      -2.239161176325055E-004  9.194238970495604E-005
   55812.9898115275      -7.530201836191130E-004  9.192617618383418E-005
   55813.0102449123      -8.207859709994381E-004  9.191691019944726E-005
   55813.0306783967      -7.371173107761919E-004  9.192201546801427E-005
   55813.0511116809      -8.828600270907039E-004  9.192027468072001E-005
   55813.0715450648      -2.951304654251752E-004  9.193346719429534E-005
   55813.0919784483      -3.052807937142799E-005  9.195151517736405E-005
   55813.1124118313      -4.334558453311654E-005  9.194224919297713E-005
   55813.1328452141       3.154170842489812E-005  9.194761987305987E-005
   55813.1532786966      -3.524087820871991E-005  9.194407584870294E-005
   55813.1737119787      -6.369942190032063E-005  9.194599617908137E-005
   55813.1941453605      -2.351648322962419E-005  9.195131221561675E-005
   55813.2145788421       6.965633785993575E-005  9.194879080621743E-005
   55813.2350121232       3.092611689026192E-005  9.195182742620607E-005
   55813.2554456039       7.438168105533549E-005  9.196137443455083E-005
   55837.1009567245      -3.193026803680610E-004  9.241592933664342E-005
   55837.1213897389      -1.921754668430253E-004  9.242318902302724E-005
   55837.1418227531      -5.077704590297216E-004  9.241678914307548E-005
   55837.1622558669      -2.723497225101124E-004  9.242590633580778E-005
   55837.1826887804      -3.794990249003094E-004  9.241624568051938E-005
   55837.2031218936      -2.228829951197442E-004  9.243157619143043E-005
   55837.2235549067      -1.117549684140906E-004  9.243451251150970E-005
   55837.2439878195      -2.337078170513429E-004  9.242666069428117E-005
   55837.2644209318      -2.235735953741713E-004  9.243782195513495E-005
   55837.2848539439      -6.989529363563562E-004  9.241627812604511E-005
   55837.3052868558      -6.843604361754796E-004  9.241980657696908E-005
   55837.3257199674      -8.690580690829952E-004  9.241538587408732E-005
   55837.3461529786      -7.596252721338015E-004  9.241687836827126E-005
   55837.3665858895      -7.094193668477633E-004  9.242066638340114E-005
   55837.3870190002      -2.038663295544918E-004  9.243777328684634E-005
   55837.4074519107      -1.584809946283405E-004  9.244556021302339E-005
   55837.4278849207      -1.067365038327495E-004  9.244123684671884E-005
   55837.4483180305      -9.296052305152180E-005  9.244192631414077E-005
   55837.4687509400       3.044238653560072E-005  9.244406771883946E-005
   55837.4891840493      -5.450600132150818E-005  9.244530876019893E-005
   55837.5096170582      -3.035351772735506E-004  9.244198309381080E-005
   55837.5300500670      -1.648614159113215E-004  9.243798418276363E-005
   55837.5504830754      -1.708341802819646E-004  9.244143151987327E-005
   55837.5709160833      -2.678348166562650E-004  9.244076638659564E-005
   55861.4160645382      -1.130853205254523E-004  9.244778273153642E-005
   55861.4364972613      -9.108673239244247E-005  9.243747316573326E-005
   55861.4569300843      -8.053219049752869E-005  9.244165863855342E-005
   55861.4773627070      -6.058851464429971E-005  9.245428805944683E-005
   55861.4977955294       3.518896126131210E-005  9.244912922085454E-005
   55861.5182281519      -8.868429692832080E-006  9.244765294943347E-005
   55861.5386608741      -3.120791375976761E-005  9.244330524898461E-005
   55861.5590936961       3.377889875810780E-005  9.245525331383753E-005
   55861.5795263179      -1.303384052020462E-006  9.244761239252630E-005
   55861.5999590394      -4.905957749192780E-004  9.243616723332232E-005
   55861.6203918609      -6.765108002572129E-004  9.242960512574187E-005
   55861.6408244820      -7.245495558390047E-004  9.242581711061200E-005
   55861.6612572031      -6.701242245936712E-004  9.244071771830703E-005
   55861.6816900239      -6.768434123294309E-004  9.243868176156700E-005
   55861.7021227445       1.094564788073349E-005  9.246985380041950E-005
   55861.7225554651       1.321099076170285E-004  9.248415416588839E-005
   55861.7429881852      -2.466122327040576E-004  9.244960779235916E-005
   55861.7634209054      -7.452196528312527E-006  9.246089883531589E-005
   55861.7838536253      -6.838242994477994E-005  9.248180186527241E-005
   55861.8042863449      -4.571993079705017E-005  9.246171808484077E-005
   55861.8247190644      -1.188570476704509E-004  9.247205198478822E-005
   55861.8451518838      -7.297510622727987E-005  9.245561021462065E-005
   55861.8655845028      -5.190156609269359E-005  9.248321324564200E-005
   55885.7104725531      -2.307640678798073E-004  9.297452773050664E-005
   55885.7309051263       1.559057044597800E-005  9.298498330117561E-005
   55885.7513375995      -1.076171810714399E-004  9.298591611004058E-005
   55885.7717702726      -1.963700228446719E-005  9.298155218682885E-005
   55885.7922028457      -4.694294800655641E-005  9.297868886918250E-005
   55885.8126354187      -1.672284743149399E-004  9.297262966725099E-005
   55885.8330679917      -2.330945570735432E-004  9.297953245285167E-005
   55885.8535004645       3.747819491284332E-005  9.298976901622192E-005
   55885.8739331374      -2.175807669613228E-005  9.298622434253508E-005
   55885.8943657102      -1.845085381173561E-004  9.298371792567185E-005
   55885.9147981829      -5.483688309461110E-004  9.296882542935824E-005
   55885.9352308557      -7.901458647044945E-004  9.296088438693393E-005
   55885.9556634283      -6.686283966059747E-004  9.296393426635327E-005
   55885.9760961008      -5.528377671061291E-004  9.298309334930139E-005
   55885.9965285733      -2.919399891151420E-004  9.297075593813963E-005
   55886.0169611458       1.282481412601122E-005  9.299479807271127E-005
   55886.0373938183       5.038618444763721E-005  9.299922688697447E-005
   55886.0578262907       1.205409912485855E-005  9.299722337576017E-005
   55886.0782588631      -2.390443212118010E-004  9.298955812030462E-005
   55886.0986915353      -5.601435699587043E-005  9.299143996079741E-005
   55886.1191240075      -4.022683111215564E-005  9.299795340008925E-005
   55886.1395565797      -8.631112555412823E-005  9.298975279345905E-005
   55886.1599892518       2.000598096287831E-004  9.300431272313385E-005
   55886.1804217239       1.539868124633692E-005  9.299696381155426E-005
   55910.0252159530       5.498949723095059E-004  9.254880998730220E-005
   55910.0456486570       4.484854405570893E-004  9.253895465885937E-005
   55910.0660811610       4.015635988505739E-004  9.253382015441139E-005
   55910.0865137651       3.791777133093088E-004  9.254617378833601E-005
   55910.1069464693       6.297158251715729E-004  9.254263722603060E-005
   55910.1273789737       5.312152820589056E-004  9.253490707952360E-005
   55910.1478116781       5.464457510200305E-004  9.253278189758777E-005
   55910.1682442826       6.603563166971416E-004  9.253287923416499E-005
   55910.1886767873       3.833119453546807E-004  9.251732160457376E-005
   55910.2091094921       1.184641366351880E-004  9.251595078111134E-005
   55910.2295420969       1.876878054951625E-005  9.250397027073269E-005
   55910.2499746019      -2.451259828423202E-004  9.249514508773203E-005
   55910.2704073070      -4.025930112412368E-004  9.249164908233380E-005
   55910.2908399122      -2.215960395440808E-004  9.248649835512294E-005
   55910.3112724175       4.033969608361332E-004  9.250828552565580E-005
   55910.3317051229       5.420163911431519E-004  9.251484763323625E-005
   55910.3521377284       3.790427844383437E-004  9.250766906066679E-005
   55910.3725704340       4.536914927868452E-004  9.250978613122117E-005
   55910.3930029397       4.335088863816061E-004  9.250273734075466E-005
   55910.4134355456       4.035187784994232E-004  9.250244533102302E-005
   55910.4338682515       4.629043966375423E-004  9.250878843130474E-005
   55910.4543007576       3.920741522855931E-004  9.249052971169584E-005
   55910.4747333637       5.471075007792425E-004  9.251460429179323E-005
   55910.4951659700       4.220323582417862E-004  9.249402571709409E-005
   55934.3401243015       5.298648305442910E-004  8.803368983279079E-005
   55934.3605572203       4.017410592587201E-004  8.802837398957618E-005
   55934.3809899393       6.220544250958859E-004  8.804060802303150E-005
   55934.4014227586       3.584866993158187E-004  8.803657557625014E-005
   55934.4218556780       5.599690601714169E-004  8.804812614414929E-005
   55934.4422884978       7.979079022393254E-004  8.805590246336608E-005
   55934.4627212178       6.743953390073720E-004  8.805707194887328E-005
   55934.4831541381       7.786004845122818E-004  8.806272952486596E-005
   55934.5035869587       7.214649142754936E-004  8.806454450562066E-005
   55934.5240197794       2.242430587655608E-004  8.805976024672753E-005
   55934.5444526005       6.718111488113188E-005  8.806550135739929E-005
   55934.5648854218       7.839310594892623E-005  8.806364840633592E-005
   55934.5853183433       1.289606761127882E-004  8.806910853672349E-005
   55934.6057510651       1.473339978959043E-004  8.807543439014885E-005
   55934.6261838871       8.008603858218333E-004  8.810038088294878E-005
   55934.6466168093       7.836111939516499E-004  8.810453483471792E-005
   55934.6670495319       9.380418797688694E-004  8.812300359285778E-005
   55934.6874824547       8.603894184808780E-004  8.811878888859477E-005
   55934.7079152776       8.840820222091317E-004  8.812329976126545E-005
   55934.7283480010       9.424391322279124E-004  8.813070397145720E-005
   55934.7487809245       8.842435596676523E-004  8.812412751399457E-005
   55934.7692137483       8.027731223920753E-004  8.812944335720918E-005
   55934.7896464724       7.818662028689083E-004  8.814386448044421E-005
   55982.9506941771      -1.509269022762494E-004  8.827071568766799E-005
   55982.9711276827      -2.333057121139959E-004  8.827395835202891E-005
   55982.9915612888      -3.087415080627043E-004  8.826151168484501E-005
   55983.0119949951      -1.449891432527828E-004  8.826789069670252E-005
   55983.0324285016      -1.674841427153906E-004  8.827517340190653E-005
   55983.0528621088      -1.523834678635039E-004  8.827139155916242E-005
   55983.0732958163      -2.750459481909440E-004  8.826704775584992E-005
   55983.0937293239      -3.340597080061514E-004  8.826249891287057E-005
   55983.1141630321      -3.688034226180248E-004  8.826820964729540E-005
   55983.1345966407      -8.390241223947825E-004  8.825113060245307E-005
   55983.1550301496      -1.168649072527006E-003  8.824231389677856E-005
   55983.1754638589      -1.031671494935105E-003  8.824355932290313E-005
   55983.1958974684      -9.456875280257071E-004  8.824922449295755E-005
   55983.2163309784      -9.164518243977016E-004  8.824814613619116E-005
   55983.2367646887      -3.049738463352103E-004  8.826596180502180E-005
   55983.2571982994      -2.737245006096956E-004  8.826940191498781E-005
   55983.2776320105      -4.661284060785142E-004  8.826859694444390E-005
   55983.2980655220      -4.038918924327284E-004  8.826544540882381E-005
   55983.3184991338      -1.438998247841328E-004  8.827171050975530E-005
   55983.3389328459      -2.980337908159436E-004  8.825608193070438E-005
   55983.3593664585      -2.727663017360049E-004  8.826435186393395E-005
   55983.3797999713       8.055120218131151E-005  8.827619100617903E-005
   55983.4002336846      -1.706430007355486E-004  8.826406328958801E-005
   55983.4206672983      -1.488897528124644E-004  8.826751099361576E-005
   56007.2465086563      -1.508292529115440E-004  8.872155235069809E-005
   56007.2669426749      -2.147308584893315E-004  8.871961586495563E-005
   56007.2873767939      -9.305150130356488E-005  8.872570630246721E-005
   56007.3078107132      -3.454834856578826E-004  8.871986646899290E-005
   56007.3282447329      -3.200602344980430E-004  8.872288131150175E-005
   56007.3486788529      -4.601194608115922E-004  8.872155994475982E-005
   56007.3691127732      -3.903011063666195E-004  8.872282055900786E-005
   56007.3895468938      -2.174174044728971E-004  8.872407357919416E-005
   56007.4304148359      -2.644094477802783E-004  8.872301041055124E-005
   56007.4508489575      -8.072221658805834E-004  8.870703250466051E-005
   56007.4712829794      -4.038023278774006E-004  8.871537837850742E-005
   56007.4917169016      -6.644257510929341E-004  8.871177119918323E-005
   56007.5121510241      -6.147013878097241E-004  8.871905390438724E-005
   56007.5325850469      -4.914959227890758E-004  8.872111189511746E-005
   56007.5530190701      -3.097141454866392E-004  8.872852369937095E-005
   56007.5734530936      -8.449952572309183E-005  8.873711258319339E-005
   56007.5938871173      -8.088083466595286E-005  8.873215366088034E-005
   56007.6143211414      -1.316878748497397E-004  8.873230554211505E-005
   56007.6347551659      -1.505839956372768E-005  8.873380916633861E-005
   56007.6551891907       5.944986220352000E-005  8.873761379126792E-005
   56007.6756232157      -3.313250166225856E-006  8.873364209698044E-005
   56007.6960572411      -6.693166123949990E-005  8.873588993925404E-005
   56007.7164912668      -3.088412878040625E-004  8.873215366088034E-005
   56031.5631707306      -2.706032685824145E-004  8.827997865705837E-005
   56031.5836050757      -2.832190647911181E-004  8.827763568824023E-005
   56031.6040394211      -2.574588696245828E-004  8.827325764073707E-005
   56031.6244737668      -2.236448927581680E-004  8.827556306197802E-005
   56031.6449081125      -1.598011750535422E-004  8.828337295803851E-005
   56031.6653425586      -3.273294688510564E-005  8.827972333353331E-005
   56031.6857768050      -9.254978474448894E-005  8.828406383345925E-005
   56031.7062111514      -6.543045604767705E-005  8.827766572630199E-005
   56031.7266455982      -1.414525679566125E-004  8.827864196330956E-005
   56031.7470799452      -2.639454342365788E-004  8.827213872293610E-005
   56031.7675141923      -7.206163252247988E-004  8.826675440036361E-005
   56031.7879486398      -6.396869091248591E-004  8.827240906549204E-005
   56031.8083829874      -6.599327450158565E-004  8.827059176275488E-005
   56031.8288172353      -6.727585068486697E-004  8.826744527578436E-005
   56031.8492516833      -1.702282925524212E-004  8.828165327900212E-005
   56031.8696859316       5.319505289236304E-005  8.829415662221436E-005
   56031.8901203801       4.536297393897826E-005  8.829424673639967E-005
   56031.9105547289      -1.525298158089328E-005  8.828806640519026E-005
   56031.9309889778       1.460384502327550E-005  8.829644702442440E-005
   56031.9514234269       1.441386101030950E-005  8.829093504008941E-005
   56031.9718577764      -1.847750558039429E-004  8.828829920016899E-005
   56031.9922920260       2.173884576950336E-005  8.830494779590564E-005
   56032.0127264759      -1.317665539968260E-004  8.829290253313541E-005
   56032.0331608259       7.676811124968097E-005  8.829960853042583E-005
   56055.8597428879      -1.058830836697666E-005  8.793074113187600E-005
   56055.8801775263       5.948499075958402E-005  8.793216793981013E-005
   56055.9006120648       7.837644376618158E-006  8.793230311108811E-005
   56055.9210467034      -3.826143245722058E-005  8.792985500905376E-005
   56055.9414811420       4.444178426887824E-005  8.792745947362749E-005
   56055.9619156808      -1.298907709587072E-004  8.793951224591318E-005
   56055.9823503197      -1.261660321946190E-004  8.793939960318153E-005
   56056.0027847586      -2.202052860034165E-005  8.793430815171133E-005
   56056.0232192977      -8.967853380736912E-005  8.792155699448947E-005
   56056.0436539368      -2.769388567580577E-005  8.793089132218485E-005
   56056.0640883761      -5.652281871196818E-004  8.791138160106449E-005
   56056.0845230155      -7.343194288808030E-004  8.791411506468567E-005
   56056.1049575549      -8.378314901994477E-004  8.790192712112202E-005
   56056.1253919945      -6.975362493489845E-004  8.789962169988108E-005
   56056.1458266341      -5.966560200992843E-004  8.791094604916880E-005
   56056.1662611739       1.977172544820327E-005  8.793802536185550E-005
   56056.1866957137       7.596497612327724E-005  8.792320157837145E-005
   56056.2071302537      -1.726880746838466E-004  8.792132419951074E-005
   56056.2275647937      -1.896556761907808E-004  8.791765955597466E-005
   56056.2479992339      -1.044532569457468E-004  8.792163959915933E-005
   56056.2888684144      -1.096343778616005E-004  8.791950689677359E-005
   56056.3093029549       6.130151063232780E-005  8.792016022461711E-005
   56056.3297374954      -4.602494967309578E-005  8.792061830505911E-005
   56080.1768897509       1.884837509393833E-004  8.814298256683556E-005
   56080.1973244303      -1.166832536925178E-005  8.810955020408426E-005
   56080.2177590097       9.123267493915677E-006  8.811701466243439E-005
   56080.2381935891      -1.453386532856982E-005  8.810125218951997E-005
   56080.2586281684       1.392929406671684E-004  8.811602340639594E-005
   56080.2790627477      -5.892736718104974E-005  8.811141256391407E-005
   56080.2994974270      -1.020414616542675E-004  8.810324972062777E-005
   56080.3199319063       2.440205366813775E-004  8.810537491349807E-005
   56080.3403664855       7.251108368189207E-005  8.810807833905748E-005
   56080.3608011647      -2.366237407016580E-004  8.808545967854380E-005
   56080.3812356439      -4.201743316800677E-004  8.808637583942781E-005
   56080.4016702230      -6.104407426789082E-004  8.807400766749354E-005
   56080.4221049021      -6.419297814381775E-004  8.807870111464528E-005
   56080.4425393812      -6.286621498533540E-004  8.807044064765822E-005
   56080.4629740602      -2.251277346621006E-004  8.806528912006446E-005
   56080.4834086392      -1.416835460399390E-005  8.807615538891018E-005
   56080.5038431181      -1.798758378989129E-004  8.808410796576409E-005
   56080.5242777970      -3.252282168286769E-005  8.808009788451764E-005
   56080.5447123760      -6.009816014374003E-005  8.807722924961849E-005
   56080.5651469549      -3.603271104035688E-005  8.807894141913945E-005
   56080.5855815337      -9.706427852074206E-005  8.808225311544972E-005
   56080.6060161126       3.312313467951356E-006  8.807362468220596E-005
   56080.6264506914      -7.782144719770123E-005  8.806018264956337E-005
   56080.6468852701      -1.812440871019616E-004  8.806392238825387E-005
   56104.4939946544       1.599392195934524E-004  8.779807803206368E-005
   56104.5144290257       9.271613086792030E-005  8.779667375267588E-005
   56104.5348635967       1.722594200335159E-004  8.780576777587710E-005
   56104.5552980677       4.236719286843105E-005  8.779186766279249E-005
   56104.5757324385       2.263266877755576E-005  8.780020322493399E-005
   56104.5961670093      -3.390754610177460E-005  8.779406795081723E-005
   56104.6166014798       5.125153903429158E-005  8.779345217055093E-005
   56104.6370359502       6.109435595691437E-005  8.776553179213463E-005
   56104.6574704205      -8.578026154948404E-006  8.776536658279489E-005
   56104.6779048906      -5.003265735006313E-004  8.776352675151141E-005
   56104.6983393604      -5.364177956082017E-004  8.774930372926276E-005
   56104.7187739303      -7.645324121487995E-004  8.775086570847486E-005
   56104.7392082999      -5.555161652204266E-004  8.777062324360485E-005
   56104.7596428695      -4.434526028983532E-004  8.775421495236235E-005
   56104.7800773387       1.078132533249843E-005  8.776268568578181E-005
   56104.8005117081      -8.665855545764156E-005  8.777270337938249E-005
   56104.8209462770       2.108963406002307E-004  8.777557201428164E-005
   56104.8413807459       1.619369616250310E-004  8.776437532675645E-005
   56104.8618151146       2.805479541145850E-005  8.775173681226622E-005
   56104.8822496833      -1.122679555962680E-004  8.775681324470555E-005
   56104.9026841518       1.126287553598893E-004  8.775101589878372E-005
   56104.9231185200       1.228109241437902E-004  8.774534621462441E-005
   56104.9435530882      -8.157886986681628E-005  8.774942388150985E-005
   56128.9130324277       2.943663596233215E-004  9.334236482484758E-005
   56128.9334666603      -2.944520279091201E-005  9.337493763366826E-005
   56128.9539009924      -8.870725938969759E-005  9.336896351031134E-005
   56128.9743352246      -2.420647227140416E-004  9.336277776950581E-005
   56128.9947694562      -5.619626034785163E-004  9.335105741850587E-005
   56129.0152036879      -6.200084864714794E-004  9.336561018766413E-005
   56129.0356379191      -7.658624131775538E-004  9.335073185320031E-005
   56129.0560721501      -5.182508205003877E-004  9.337081923255301E-005
   56129.0765063810      -4.825025290930984E-004  9.337273192872313E-005
   56129.0969406115       9.598496926899180E-005  9.339749930934315E-005
   56129.1173749418      -1.476695517443893E-005  9.339116706415013E-005
   56129.1378090719       6.566753711525486E-004  9.342506655159095E-005
   56129.1582433017      -1.200036761539458E-005  9.339053221180430E-005
   56129.1786776312      -1.779806561523767E-004  9.338607196711821E-005
   56129.1991117606      -5.595664566615532E-005  9.339334021256471E-005
   56129.2195459897      -9.554110268483740E-006  9.339294953419804E-005
   56129.2399803183      -9.640861705184633E-006  9.339215189919943E-005
   56129.2604144470      -2.749821213698933E-005  9.339130542940499E-005
   56153.1069793917      -2.302717935209753E-004  9.365168442165450E-005
   56153.1274133916      -3.863860862812762E-004  9.364916942966909E-005
   56153.1478472910      -2.492788837510362E-004  9.365423197017046E-005
   56153.1682812902      -2.938479310937714E-004  9.364433478488162E-005
   56153.1887150889      -1.500274080807884E-004  9.365749576235864E-005
   56153.2091489874      -3.066534551438016E-004  9.365198556956213E-005
   56153.2295829856      -2.891883564565267E-004  9.364738695962119E-005
   56153.2500167834      -3.069821175583076E-004  9.365223788267394E-005
   56153.2704506810      -2.732224330515010E-004  9.365753645802183E-005
   56153.2908846783      -5.217193796763775E-004  9.364755788140660E-005
   56153.3113184754      -9.375929697624796E-004  9.362724260634002E-005
   56153.3317523720      -7.874139568492255E-004  9.363532476505040E-005
   56153.3521863682      -9.555044059992301E-004  9.363096218995598E-005
   56153.3726202643      -8.840589332886895E-004  9.364115238401982E-005
   56153.3930540600      -3.604140397897027E-004  9.364509986334966E-005
   56153.4134880555      -2.090243643111389E-004  9.366633486040443E-005
   56153.4339219505      -1.388874927665817E-004  9.366267225071695E-005
   56153.4543558452      -1.019191671014497E-004  9.366892310458359E-005
   56153.4747897398      -2.764662650921457E-004  9.366036073704751E-005
   56153.4952236339      -3.224166065319833E-004  9.366651392132248E-005
   56153.5156575277      -3.154646967972186E-004  9.366170369393293E-005
   56153.5360914213      -1.261933591154563E-004  9.366674995616902E-005
   56153.5565253146      -3.137411387704736E-004  9.366372219882735E-005
   56153.5769592075      -3.176954370672780E-004  9.366947656560303E-005
   56177.4026642207       1.329529624134462E-004  9.420483615405614E-005
   56177.4230976336       2.785205598372364E-004  9.423310336171088E-005
   56177.4435312461       1.940515079739136E-004  9.420936965093598E-005
   56177.4639647583      -1.783062393534429E-005  9.422236784576023E-005
   56177.4843981703       3.318290093234921E-004  9.423423470114768E-005
   56177.5048317818       1.310840838781857E-004  9.420098634431796E-005
   56177.5252652929       1.728158161566906E-004  9.422483400294980E-005
   56177.5456988037       2.138059363918643E-004  9.422122022805815E-005
   56177.5661323143       1.501767457015024E-004  9.422019469734566E-005
   56177.5865658244       5.663114565579441E-005  9.420289090135546E-005
   56177.6069993343      -5.012300356656008E-004  9.417357374559031E-005
   56177.6274328438      -4.195632381509551E-004  9.416815308325284E-005
   56177.6478663529      -6.153483196734699E-004  9.416133249010149E-005
   56177.6682998619      -5.360862646264231E-004  9.415701874980288E-005
   56177.6887334704      -4.479631651003180E-004  9.417876651221390E-005
   56177.7091668784       8.817297282903702E-005  9.420256533604991E-005
   56177.7296004865       5.405044908579626E-005  9.420083170079783E-005
   56177.7500338938       7.328972459719196E-005  9.420185723151032E-005
   56177.7704674011      -6.427554439680794E-005  9.420112470957283E-005
   56177.8113344144       2.001184467617101E-004  9.420428269303670E-005
   56177.8317679206       7.248308379148583E-005  9.419672957794785E-005
   56177.8522015265       1.076708389116110E-004  9.420101076171589E-005
   56177.8726349320      -2.425757146020668E-004  9.418055712139445E-005
   56201.7183162242       4.882759229829503E-005  9.400746218756399E-005
   56201.7387492508       2.685962107171758E-004  9.401836862530005E-005
   56201.7591823770       2.602167658256604E-004  9.401855582535075E-005
   56201.7796156030       3.582521250984350E-004  9.401879186019727E-005
   56201.8000486287       3.321059505252411E-004  9.401232124974938E-005
   56201.8204817540       2.362582634862775E-004  9.400952138812162E-005
   56201.8409149790       3.815708438559273E-004  9.400340076037720E-005
   56201.8613480038       2.730142683404768E-004  9.399316173151752E-005
   56201.8817811281       3.293377194371061E-004  9.399232340085573E-005
   56201.9022143522       1.686426633296101E-005  9.398496562495020E-005
   56201.9226474761      -4.517556517980026E-004  9.397431963945858E-005
   56201.9430805995      -3.957508624090611E-004  9.395528220821631E-005
   56201.9635137229      -4.534095529563631E-004  9.395880645264893E-005
   56201.9839468456      -4.308894879598846E-004  9.396373876702807E-005
   56202.0043799683       8.257550901080712E-005  9.397003031655791E-005
   56202.0248130905       2.045724091748191E-004  9.396526078483154E-005
   56202.0452462125       3.574959546808198E-004  9.397213021277874E-005
   56202.0656794340       2.798899434937052E-004  9.397045355145512E-005
   56202.0861124556       6.247551084381797E-005  9.396152492295031E-005
   56202.1065455764       2.990547261627619E-004  9.395825299162949E-005
   56202.1269787972       2.530119426131794E-004  9.396159003601141E-005
   56202.1474118176       2.707254902052370E-004  9.394744422348509E-005
   56202.1678449377       1.190218863871273E-004  9.394803024103509E-005
   56202.1882781576       9.332723271548993E-005  9.393727030768653E-005
   56226.0335099455      -7.422108118948501E-005  9.094142033603961E-005
   56226.0539428480      -1.737171681724936E-004  9.094576497544335E-005
   56226.0743755506      -4.030146516598165E-005  9.094240849650550E-005
   56226.0948083527      -3.946650861097467E-005  9.095260859916578E-005
   56226.1152412548      -6.014636830165010E-005  9.095501775071485E-005
   56226.1356739564       1.597380570679263E-004  9.096277603536439E-005
   56226.1561067580       9.328447482204183E-005  9.096990549062655E-005
   56226.1765396592       4.727176026375624E-005  9.097276380602374E-005
   56226.1969723603       4.168761043765734E-005  9.098324974022375E-005
   56226.2174052613      -5.722100693584808E-004  9.096111821243402E-005
   56226.2378380617      -6.302900408143852E-004  9.096893366339150E-005
   56226.2582707622      -7.858872722673604E-004  9.095892139288589E-005
   56226.2787036622      -6.808157236739554E-004  9.095960738858121E-005
   56226.2991364622      -6.352628282854100E-004  9.098431956684385E-005
   56226.3195691619       6.119166216711491E-005  9.100456460647144E-005
   56226.3400020615       2.465710082522055E-004  9.101457687697705E-005
   56226.3604348605       1.104001734975046E-004  9.100978307372518E-005
   56226.3808676596       8.242005773673178E-005  9.101738619268173E-005
   56226.4013004584      -2.018923988471588E-004  9.101790885606864E-005
   56226.4217332570       2.939075709391670E-004  9.103215959997753E-005
   56226.4421660554       1.744050456466972E-004  9.103641440661165E-005
   56226.4625988533       1.042279637810672E-004  9.103875822523735E-005
   56226.4830316512       1.097061993493575E-004  9.103856222646725E-005
   56274.6427363886      -1.901681186737836E-004  9.200246784455676E-005
   56274.6631689622      -2.660890776348124E-004  9.200001785993059E-005
   56274.6836016360      -1.660110414107852E-004  9.199912769884976E-005
   56274.7040342097      -2.994140346846974E-004  9.198370096232030E-005
   56274.7244666836      -3.300696132598757E-004  9.199197374374134E-005
   56274.7448993574       2.720386133248098E-006  9.199475855959975E-005
   56274.7653319314      -2.003797775080862E-004  9.197586101151656E-005
   56274.7857644054      -1.528807413064825E-005  9.200070385562592E-005
   56274.8061970794      -3.620445907470682E-005  9.199542005544881E-005
   56274.8266296535      -5.216628529192135E-004  9.196017294329364E-005
   56274.8470623277      -5.429849738020076E-004  9.196461558208244E-005
   56274.8674948019      -9.244712402454169E-004  9.194786585385485E-005
   56274.8879273762      -8.306672411679816E-004  9.194696752615859E-005
   56274.9083599505      -6.844032831663238E-004  9.195800879020720E-005
   56274.9287925249      -2.906621419606070E-004  9.195580380404364E-005
   56274.9492250993      -6.972690287154748E-005  9.196606923962730E-005
   56274.9696576738      -1.703136959951834E-004  9.194664902815719E-005
   56274.9900902484      -3.394941472611990E-005  9.195830278836234E-005
   56275.0105227230      -2.903761800321369E-005  9.196038527529459E-005
   56275.0309553977       1.236061549703127E-004  9.196330892361515E-005
   56275.0513879724       6.940843739688951E-005  9.196369275453992E-005
   56275.0718206472      -1.183906207152807E-004  9.194919701216840E-005
   56275.0922531220      -1.096545792744763E-005  9.193745341919363E-005
   56275.1126856969       2.141688153023402E-005  9.194926234509177E-005
   56298.9575813448       4.936737498262289E-005  9.198316196570254E-005
   56298.9780141771      -8.911543684764212E-006  9.197740450183104E-005
   56298.9984469096      -1.281808617072944E-004  9.198125914430955E-005
   56299.0188795423      -8.404880218026989E-006  9.198397862724461E-005
   56299.0393123753      -3.599018762534545E-005  9.197938898937825E-005
   56299.0597451084      -1.565879545013527E-004  9.197706150398337E-005
   56299.0801779417      -1.499909621651696E-004  9.197635100844180E-005
   56299.1006105752      -6.980898796560275E-005  9.198738410587498E-005
   56299.1210433089      -1.612505439980705E-004  9.198891126295862E-005
   56299.1414761429      -5.336349355571368E-004  9.197614684305627E-005
   56299.1619087771      -6.645451366223964E-004  9.197795983167965E-005
   56299.1823415114      -5.110027985342214E-004  9.198441145786189E-005
   56299.2027743460      -6.229064018742347E-004  9.198063031492217E-005
   56299.2232069808      -7.232652701956166E-004  9.197231670042403E-005
   56299.2436398158      -1.217035562504076E-004  9.199839270346191E-005
   56299.2640725510      -6.791389481752841E-005  9.200254951071097E-005
   56299.2845051864       1.105198989674872E-004  9.200879697150770E-005
   56299.3049380220       1.156193104590031E-005  9.200407666779461E-005
   56299.3253707579      -1.254827756079768E-004  9.199193291066423E-005
   56299.3458033939       4.369949470506285E-006  9.201202278459883E-005
   56299.3662362302       1.006027516552432E-004  9.201571409476892E-005
   56299.3866689666       4.411373909407601E-005  9.200472999702826E-005
   56299.4071017032       1.155972569339969E-004  9.201281494629462E-005
   56323.2522586554      -1.409399614513696E-004  8.903807711750360E-005
   56323.2726917071      -2.113466629530825E-004  8.902897058933007E-005
   56323.2931246590      -2.374870986681099E-004  8.905970416935000E-005
   56323.3135578113      -1.556478593304211E-004  8.902404772974840E-005
   56323.3339908639      -8.331852546372698E-005  8.904063761412811E-005
   56323.3544239168      -1.760094512822663E-004  8.904950028548026E-005
   56323.3748569700      -1.005086610956774E-004  8.904686358359905E-005
   56323.3952900235      -1.129239147558136E-004  8.905961272304198E-005
   56323.4157230774      -4.521417141134521E-005  8.906898596961389E-005
   56323.4361561317      -2.652679013912529E-004  8.906266855383494E-005
   56323.4565891861      -7.899145586576228E-004  8.904088909147517E-005
   56323.4770222410      -7.127858254946107E-004  8.905530712603944E-005
   56323.4974552961      -9.085114147363571E-004  8.904394492226812E-005
   56323.5178883515      -9.098533867695213E-004  8.902841429095629E-005
   56323.5383215073      -4.264300987398828E-004  8.904293139235425E-005
   56323.5587544634      -2.214092607417673E-004  8.905450697084427E-005
   56323.5791875199      -1.766464205776863E-004  8.907396979340092E-005
   56323.5996206767      -2.163982209101301E-004  8.906231038912854E-005
   56323.6200536337      -1.552863473073263E-004  8.907639312056340E-005
   56323.6404867911      -2.306967002595472E-004  8.907716279365589E-005
   56323.6609198488      -2.270180489436502E-004  8.907859545248151E-005
   56323.6813528068      -2.302281123294225E-004  8.907161505096943E-005
   56323.7017859651      -3.611367558596923E-004  8.907080727524860E-005
   56323.7222190239      -2.857421762463286E-004  8.907515097487949E-005
   56347.5678380252       6.511273189757638E-005  8.899310077500975E-005
   56347.5882713920       8.474887259746211E-006  8.898961819477938E-005
   56347.6087048593      -2.583537359146515E-005  8.898667667187144E-005
   56347.6291384268       2.232767000509561E-005  8.899666718102248E-005
   56347.6495717948       6.924834690802406E-005  8.899572223583963E-005
   56347.6700052630       5.546933165012646E-006  8.899740637201230E-005
   56347.6904388317      -4.243418488913964E-005  8.898241679802290E-005
   56347.7108722008       2.163530020071747E-005  8.898313312743572E-005
   56347.7313056702      -1.208217677782786E-004  8.898083934920958E-005
   56347.7517392401      -4.416400161861844E-004  8.897306641302799E-005
   56347.7721727102      -8.067046017966595E-004  8.895326828734197E-005
   56347.7926061807      -8.136330565512440E-004  8.895466284353924E-005
   56347.8130396517      -9.024751067598924E-004  8.894496953488927E-005
   56347.8334731230      -8.015588472084501E-004  8.894492381173526E-005
   56347.8539065944      -2.644075459977691E-004  8.896855506183241E-005
   56347.8743400666      -1.039290424593720E-004  8.896350265331438E-005
   56347.8947734388      -2.046100074906132E-004  8.895572971713279E-005
   56347.9152070117      -1.627118440055142E-004  8.897103935320025E-005
   56347.9356404848      -1.245710424200297E-004  8.895474666932160E-005
   56347.9560739581      -3.303463136109519E-004  8.895794729010224E-005
   56347.9765074319      -8.355524210168497E-005  8.897599269488459E-005
   56347.9969409062       2.857967640146342E-005  8.896435615218923E-005
   56348.0173744807      -3.738550419307707E-005  8.895851882952737E-005
   56348.0378078557      -1.956461485944638E-004  8.895086020123081E-005
   56371.8634927583       2.574401005590587E-004  8.936251337730242E-005
   56371.8839266517       8.835649683147651E-005  8.937545302988706E-005
   56371.9043606453       5.548916500619505E-005  8.937325069796895E-005
   56371.9247944393       2.044602981041699E-004  8.937691617081535E-005
   56371.9452283336       1.925109831812932E-004  8.938507775380602E-005
   56371.9656623284       1.062865590524265E-004  8.937735816130412E-005
   56371.9860961234       1.405827948839367E-004  8.938423187545685E-005
   56372.0065301186      -3.523276436889766E-005  8.938470434804828E-005
   56372.0269640143       3.181770452251875E-004  8.938983296182299E-005
   56372.0473978105       5.002026840927876E-005  8.938189237407671E-005
   56372.0678318069      -5.151858261598363E-004  8.936943281460916E-005
   56372.0882657035      -3.956901296625626E-004  8.936345070195962E-005
   56372.1086995006      -6.974793035124938E-004  8.936204852523666E-005
   56372.1291334979      -2.999207763364486E-004  8.937869175329605E-005
   56372.1495673957      -3.159804560307622E-004  8.938243343139915E-005
   56372.1700012937       2.160939036794929E-004  8.939224866845982E-005
   56372.1904351922       1.975311209629904E-004  8.939565504343351E-005
   56372.2108690909       2.359767695827575E-004  8.939447386195494E-005
   56372.2313030901       3.862908719720615E-005  8.939151709799567E-005
   56372.2517368895       1.917252583885087E-004  8.940272689125362E-005
   56372.2721707892      -8.595947688538885E-006  8.939097604067322E-005
   56372.2926047893       2.453132887150211E-004  8.940146950451837E-005
   56372.3130385899       1.223276043877952E-004  8.939555597659982E-005
   56372.3334724907       2.013381998944297E-004  8.940851849076147E-005
   56396.1800299987       1.001434806522372E-004  8.864505323182249E-005
   56396.2208985064       1.051771997457873E-004  8.861250500943771E-005
   56396.2413327607       1.358900058834323E-005  8.862005242332404E-005
   56396.2617671153      -9.747122351455584E-005  8.860575646496476E-005
   56396.2822012700      -7.387210175546777E-005  8.860512497771420E-005
   56396.3026355251      -1.738733616907240E-005  8.864744223178248E-005
   56396.3230698804      -1.209482390608363E-004  8.860469891402706E-005
   56396.3435041359      -6.899558163342423E-005  8.858296205770324E-005
   56396.3639382918      -2.432595451661301E-004  8.858039045902020E-005
   56396.3843726478      -7.981411404339722E-004  8.857339844958316E-005
   56396.4048069042      -8.279028901561070E-004  8.855875251033803E-005
   56396.4252411607      -8.819038566217907E-004  8.855901880014249E-005
   56396.4456754176      -7.317569112736955E-004  8.857950789852542E-005
   56396.4661096747      -3.701080282928482E-004  8.853666567312835E-005
   56396.4865439320      -8.922176874692767E-005  8.856639122358588E-005
   56396.5069781896      -3.006657238291410E-005  8.856877261526575E-005
   56396.5274124475      -1.001706492468335E-004  8.855344193080914E-005
   56396.5478467056      -1.009599813347473E-004  8.856797374585236E-005
   56396.5682809640      -1.132816380371438E-004  8.855503966963588E-005
   56396.5887153226      -2.065623571819719E-004  8.857228003240444E-005
   56396.6091494815      -1.151335403932752E-004  8.855805254856632E-005
   56396.6295837407      -1.514189843380143E-004  8.854312510295646E-005
   56396.6500181000      -1.932261893589082E-004  8.855988614407700E-005
   56420.4969461451       1.028140655705556E-004  8.807557346429078E-005
   56420.5173806379      -1.672520162565583E-005  8.810810647011531E-005
   56420.5378150308       1.187975292495924E-004  8.809702881424990E-005
   56420.5582496238      -1.385232099471168E-006  8.811267904647184E-005
   56420.5786841170      -1.139146409467884E-005  8.808398061383150E-005
   56420.5991187103       2.679661191797855E-004  8.809460177288928E-005
   56420.6195531038       2.470544077248782E-005  8.813047481368971E-005
   56420.6399875974       2.242513294248294E-004  8.812594027873381E-005
   56420.6604221911       2.518440984933257E-005  8.814043405237639E-005
   56420.6808565850      -4.630211074159174E-004  8.811532672795617E-005
   56420.7012910790      -5.094214669147945E-004  8.811354639040636E-005
   56420.7217256732      -6.629699860319915E-004  8.812571963861011E-005
   56420.7421600675      -5.875366030950735E-004  8.811795158460010E-005
   56420.7625946619      -5.249959354747258E-004  8.814458817332592E-005
   56420.7830291565       2.653876308089664E-005  8.812038623424084E-005
   56420.8034636512       7.648329385379071E-006  8.814116444726862E-005
   56420.8238981460      -8.843851838280514E-005  8.815009656813812E-005
   56420.8443326410      -6.839346717901762E-005  8.815399200756333E-005
   56420.8647671362       1.902899830341642E-004  8.813771028809081E-005
   56420.8852016314       1.915747618119745E-005  8.813640927218903E-005
   56420.9056361268      -4.067984420341730E-005  8.815947757753514E-005
   56420.9260706224      -1.626044005265115E-005  8.817028894359609E-005
   56420.9465052181       5.811070820582742E-005  8.814622395355330E-005
