   54973.9432879259      -1.050730811400502E-004  2.451945048894667E-004
   54973.9637223956       1.154638846645462E-005  2.453594356428475E-004
   54973.9841570652       1.022445342682143E-004  2.453440086450377E-004
   54974.0045916347      -1.741184450338995E-004  2.452110213095682E-004
   54974.0250261041      -2.300636585259586E-004  2.454686891355329E-004
   54974.0454606734      -2.396746447483888E-004  2.455688381704945E-004
   54974.0658952426       4.017177343795808E-004  2.455855296763214E-004
   54974.0863299117      -2.718623485528093E-004  2.454853417334208E-004
   54974.1067643808      -1.318996481871615E-004  2.455298913235650E-004
   54974.1271990497       5.234544944165975E-004  2.454367457176217E-004
   54974.1476336186       1.114892751479246E-004  2.454496047914580E-004
   54974.1680680873      -7.366828695853922E-005  2.454692727546177E-004
   54974.1885026560      -5.589881316268031E-004  2.454663546591935E-004
   54974.2089373246      -2.952749508288166E-004  2.453711858404226E-004
   54974.2293717930      -5.778137694772978E-004  2.454728328310354E-004
   54974.2498063615      -3.982384820253593E-004  2.453465376610722E-004
   54974.2702410297       3.989370821819715E-004  2.455166626243082E-004
   54974.2906754979       7.281670305840926E-004  2.454924618862561E-004
   54974.3111100660      -4.310174823506374E-004  2.454172139322484E-004
   54974.3315446340      -1.766196306930645E-003  2.453927213846539E-004
   54974.3519792020      -4.186930007300527E-003  2.450473161562656E-004
   54974.3724137698      -6.366623244585035E-003  2.450686766147714E-004
   54974.3928483376      -7.883609208522380E-003  2.447444567591633E-004
   54974.4132830052      -8.382045444515596E-003  2.450126880905640E-004
   54974.4337174727      -7.998306724182780E-003  2.448479907848171E-004
   54974.4541520403      -7.366080508539374E-003  2.449506688358131E-004
   54974.4745865076      -5.010132584119864E-003  2.450737541008096E-004
   54974.4950211748      -3.975587379346779E-003  2.452876310414405E-004
   54974.5154557420      -1.387395385555101E-003  2.453020464328365E-004
   54974.5358902091       2.072727768802629E-004  2.454382436732728E-004
   54974.5563247760      -1.173890536820821E-005  2.454528146964248E-004
   54974.5767594430      -2.950320646948335E-004  2.453142051637710E-004
   54974.5971940097      -4.215719730827905E-004  2.453677619417915E-004
   54974.6176284764      -1.737593402196813E-004  2.453245157676035E-004
   54974.6380631430      -5.972932983788759E-005  2.453698046085885E-004
   54974.6584977096       2.104709435186702E-004  2.453561673759723E-004
   54974.6789321760       2.426487353273110E-004  2.453785199869224E-004
   54974.6993667423      -2.856721497427328E-004  2.451916062480119E-004
   54974.7198014085      -3.429583271579162E-004  2.453966316325224E-004
   54974.7402358746      -2.063108609396958E-004  2.454776963234092E-004
   54974.7606704407      -8.025358680463501E-005  2.454972864706909E-004
   54974.7811051066       5.460002391470820E-004  2.452912105718276E-004
   54974.8015395724      -1.232339773322710E-004  2.455295216981446E-004
   54974.8219741382       2.989368470402987E-004  2.455204366943903E-004
   54974.8424087038       3.053706394950950E-005  2.454662768433155E-004
   54974.8628433694      -2.418973857376550E-005  2.453132130113268E-004
   54974.8832778348       8.937558782240451E-005  2.454991540517624E-004
   54974.9037124003      -3.803592877782425E-005  2.454389051082357E-004
   55023.2105300275      -1.220517668214516E-004  2.541835433801550E-004
   55023.2309641102      -1.698967902922233E-004  2.541602107835095E-004
   55023.2513981923      -6.538529952349048E-005  2.541674555132508E-004
   55023.2718322743       1.620916365108194E-004  2.541683481303823E-004
   55023.2922663560       2.232793493157637E-004  2.541886707390264E-004
   55023.3127003373      -1.334942420898599E-004  2.541752192064407E-004
   55023.3331345183      -5.944638780364109E-005  2.541799521530912E-004
   55023.3535685991       3.782347960568089E-005  2.541826715215615E-004
   55023.3740025797       5.713463698997501E-005  2.541787066408148E-004
   55023.3944367598       8.396939992461050E-005  2.541775441626901E-004
   55023.4148708396      -1.947173065830476E-004  2.541562251442249E-004
   55023.4353048193       1.336508833749139E-004  2.541841246192174E-004
   55023.4557388987       2.763691205101004E-004  2.541931961002975E-004
   55023.4761730776      -2.134604962604758E-004  2.541586123760881E-004
   55023.4966070563       2.853346693676428E-005  2.541702579158729E-004
   55023.5170411348       3.046308622023375E-004  2.541740774868540E-004
   55023.5579092908      -1.417744225136186E-004  2.541536926025961E-004
   55023.5783433683      -5.437812467670167E-004  2.541284917375359E-004
   55023.5987774456      -1.976206500199584E-003  2.540399773317563E-004
   55023.6192116224      -4.231611371116384E-003  2.538912424074103E-004
   55023.6396455990      -6.114093859993397E-003  2.537965211987864E-004
   55023.6600796754      -7.595925643899659E-003  2.536719907296794E-004
   55023.6805138516      -8.666528178600919E-003  2.536039234837714E-004
   55023.7009478275      -8.230451545550244E-003  2.536424098131137E-004
   55023.7213819029      -7.510245142924088E-003  2.536973784215810E-004
   55023.7418159781      -5.373267918946656E-003  2.538470059630584E-004
   55023.7622500529      -3.730227760649796E-003  2.539206987727483E-004
   55023.7826841276      -1.458299342224412E-003  2.540628117234912E-004
   55023.8031182019      -3.686356421852555E-004  2.541572215540460E-004
   55023.8235522759      -1.231697064584258E-004  2.541908088684343E-004
   55023.8439863497      -2.243635716658865E-005  2.541632415300488E-004
   55023.8644204231      -3.046776055501965E-004  2.541669365498023E-004
   55023.8848543962      -9.009198455134371E-005  2.542141622236177E-004
   55023.9052885691      -1.962970596949276E-004  2.542625918926336E-004
   55023.9257226415       6.518225816320999E-005  2.542780985204754E-004
   55023.9461566139       4.524977565991684E-004  2.543033616611494E-004
   55023.9665907858       4.553418288200106E-005  2.542704386199753E-004
   55023.9870248575      -9.850665041044593E-005  2.542812330597045E-004
   55024.0074588288      -1.831355549525293E-004  2.542606821071431E-004
   55024.0278928998      -2.691891725806750E-004  2.542596234217081E-004
   55024.0483270706       1.256169676544516E-004  2.542838278769471E-004
   55024.0687611411      -5.390133354377102E-005  2.542778079009442E-004
   55024.0891951115      -2.664931333402620E-004  2.542464832671916E-004
   55024.1096292813       1.210520380452440E-004  2.543095684639937E-004
   55024.1300633509       2.472729990277145E-005  2.542831220866571E-004
   55024.1504973201      -4.438086849420930E-004  2.542481439502268E-004
   55024.1709313892      -1.484272668482722E-004  2.542639204390618E-004
   55072.4761562903      -5.466592304829154E-004  2.535781413796489E-004
   55072.4965895772       2.777184950608635E-004  2.536094244963257E-004
   55072.5170229638       6.819825966375426E-005  2.535896831267440E-004
   55072.5374561499      -8.979449120771754E-005  2.535965542028024E-004
   55072.5578894358      -4.816932380034000E-004  2.535568223611837E-004
   55072.5783228215       6.879731957587509E-005  2.536082620182010E-004
   55072.5987560067       1.300350324691113E-004  2.536122268989477E-004
   55072.6191892917      -1.932291045796397E-004  2.535842443898035E-004
   55072.6396225762      -1.341076060414892E-004  2.535700663083899E-004
   55072.6600558603       2.346639147112750E-004  2.536259067754507E-004
   55072.6804891443      -3.169548409324152E-004  2.535782866894145E-004
   55072.7009224279      -3.557357329152522E-004  2.535610778614615E-004
   55072.7213557110      -1.683803528668149E-004  2.535975298540856E-004
   55072.7417889939       1.531694814180806E-004  2.536115003501198E-004
   55072.7622221766      -4.856255376467500E-004  2.535445955823366E-004
   55072.7826554587       9.110693617997434E-005  2.536015154933703E-004
   55072.8030888405      -3.724469369122962E-004  2.535770204186001E-004
   55072.8235221222      -1.769902457341432E-004  2.535708551328317E-004
   55072.8439553034      -2.854608693176885E-004  2.535826252238441E-004
   55072.8848218648      -4.147909172892317E-003  2.533256552826747E-004
   55072.9052551449      -6.730061017508726E-003  2.531586736034788E-004
   55072.9256885247      -7.901537830495853E-003  2.530862678231412E-004
   55072.9461217044      -9.067374117108229E-003  2.530180137503918E-004
   55072.9665549835      -8.713019568071800E-003  2.530261926143404E-004
   55072.9869882624      -7.556952080334245E-003  2.531108459320631E-004
   55073.0074216409      -5.876245941560998E-003  2.532162785462645E-004
   55073.0278548191      -4.097334923353069E-003  2.533305542976288E-004
   55073.0482880971      -1.707744851710991E-003  2.535097004800580E-004
   55073.0687214747      -1.362813652799888E-004  2.535775393820486E-004
   55073.0891546517      -3.629286700262968E-004  2.535756711136340E-004
   55073.1095879288      -1.921789640890736E-004  2.536046500325994E-004
   55073.1300211051       5.800219612093205E-004  2.536406660959266E-004
   55073.1504544815      -4.986312227315270E-004  2.535647521226771E-004
   55073.1708877572       6.081142852609744E-005  2.536340441223236E-004
   55073.1913210328      -3.645037048949362E-005  2.535788886870148E-004
   55073.2117543081       3.066764447308135E-004  2.536030723837159E-004
   55073.2321875828       1.727403699787189E-004  2.535996472249556E-004
   55073.2526208575       2.215440735264806E-004  2.535891641632955E-004
   55073.2730540316      -4.995666814270328E-004  2.535389700185546E-004
   55073.2934874056      -1.974157597138815E-004  2.535739066379090E-004
   55073.3139206789      -3.369043757096568E-004  2.535508646607947E-004
   55073.3343538523      -8.598130385362168E-005  2.535663505300985E-004
   55073.3547872252      -3.858284561812919E-004  2.535777884845039E-004
   55073.3752204976      -4.603512063616755E-005  2.535785773089457E-004
   55073.3956536697      -2.685967639808329E-004  2.535303344667712E-004
   55073.4160869417      -3.616971385433931E-005  2.535812551603400E-004
   55073.4365203131      -2.221428775496248E-004  2.535592718686607E-004
   55121.7399436699       1.796468937704798E-004  2.566115570667760E-004
   55121.7603763139      -2.595512327724370E-004  2.565677624454731E-004
   55121.7808088579       2.160851507899686E-004  2.565906336680761E-004
   55121.8012416016      -8.168240009598371E-005  2.565473835996923E-004
   55121.8216742454      -2.084422934677255E-004  2.565573321626377E-004
   55121.8421067887       1.072545733737940E-005  2.565787582255707E-004
   55121.8625395322      -2.599840348311844E-004  2.565605785358094E-004
   55121.8829721753       3.742546942584468E-004  2.566134420576499E-004
   55121.9034047184      -6.229601066243262E-005  2.565574159400099E-004
   55121.9238374612      -8.920881737384256E-005  2.565951785905164E-004
   55121.9442701038       1.283732811754312E-004  2.565774596763020E-004
   55121.9647026464       2.699907391929823E-004  2.566310981388352E-004
   55121.9851352888       6.561822585093857E-005  2.565565572219451E-004
   55122.0055680309      -3.011254237910155E-004  2.565648092931041E-004
   55122.0260006728       4.273818867694956E-007  2.565907593341343E-004
   55122.0464332147       3.603254699993119E-004  2.566155993249833E-004
   55122.0668659564       3.065024291606377E-004  2.566327736862786E-004
   55122.0872985981       8.839157214990401E-005  2.565850205841405E-004
   55122.1077311395       7.716339042551645E-005  2.566166884308216E-004
   55122.1281637807      -1.413063970114536E-003  2.564927188643501E-004
   55122.1485965217      -3.216967071784649E-003  2.563602249502601E-004
   55122.1690290626      -4.808088343368988E-003  2.560560083675606E-004
   55122.1894617034      -6.794218473405111E-003  2.559037848823242E-004
   55122.2098943439      -7.684994673108791E-003  2.558399884134152E-004
   55122.2303269844      -7.885317593020691E-003  2.558471513787359E-004
   55122.2507596247      -6.927264001919675E-003  2.559143827199039E-004
   55122.2711922647      -5.970829918672926E-003  2.559958981030272E-004
   55122.2916249047      -3.818453777951092E-003  2.563320129201812E-004
   55122.3120575445      -1.566888164094782E-003  2.565233604382220E-004
   55122.3324900841       2.796605120902740E-005  2.566570691242085E-004
   55122.3529228237       7.437249501636156E-004  2.566735523221833E-004
   55122.3733554630       8.679383595566748E-004  2.567496431204585E-004
   55122.3937880021       3.644426601572270E-004  2.566675412957299E-004
   55122.4142207413       2.016486865401568E-004  2.566376746625506E-004
   55122.4346533799       8.429525295561291E-007  2.566345539554372E-004
   55122.4550859188       9.987793844623560E-005  2.566396434307967E-004
   55122.4755185572      -4.143979507920115E-005  2.566177356479737E-004
   55122.4959512956      -2.765606249500729E-004  2.566330459627382E-004
   55122.5163838338       6.491901217708929E-005  2.566520424818782E-004
   55122.5368164719       3.025350704888297E-005  2.566536342519494E-004
   55122.5572492096      -1.762377599602294E-004  2.566433924682014E-004
   55122.5776818474      -1.425614669995356E-004  2.566581791743897E-004
   55122.5981143851       1.583210915387934E-004  2.566517283167325E-004
   55122.6185471225      -6.398786211636587E-005  2.566745157619633E-004
   55122.6389797598      -2.563442985887843E-004  2.566489427191077E-004
   55122.6594122968      -1.487385377242356E-004  2.566606087181827E-004
   55122.6798449338       4.856868313449780E-004  2.567276515602634E-004
   55122.7002776706      -5.453353948997597E-004  2.566184477556372E-004
   55171.0028711325      -6.643669477910397E-004  2.584811119598228E-004
   55171.0233037630       3.497451555671827E-004  2.585604700756127E-004
   55171.0437362936       4.904472351796585E-006  2.585573703128424E-004
   55171.0641689244       5.386884974838413E-004  2.585599674113797E-004
   55171.0846016554      -4.451195150034781E-004  2.584922752946647E-004
   55171.1050341865      -1.476365653910738E-004  2.585336613165177E-004
   55171.1254668177       6.990369358450543E-005  2.585482385792756E-004
   55171.1458995492      -2.432220739920776E-004  2.585221209835010E-004
   55171.1663320808      -3.703252038488314E-004  2.584594764534594E-004
   55171.1867647125       1.831739745661309E-006  2.585465211431461E-004
   55171.2071973444       6.322509233802620E-005  2.585560089305446E-004
   55171.2276299765       2.833705806695175E-004  2.585921379222937E-004
   55171.2480626087       3.288536837455780E-004  2.585741676759628E-004
   55171.2684951411       2.402199656177384E-004  2.585564068730624E-004
   55171.2889278737       2.342618708603972E-004  2.585711307462216E-004
   55171.3093605064      -2.209023993174908E-004  2.585210109333197E-004
   55171.3297930392       2.592605062645692E-004  2.585287393959026E-004
   55171.3502257723      -1.765920807876853E-004  2.585595904132049E-004
   55171.3706584054      -3.179871348595320E-004  2.584982025437459E-004
   55171.3910910388      -7.591094187695546E-004  2.584433911980024E-004
   55171.4115236723      -3.123435372575090E-003  2.582744750713606E-004
   55171.4319563060      -4.998341723479682E-003  2.581755339948255E-004
   55171.4523889398      -7.000338604409850E-003  2.578721132971617E-004
   55171.4728215738      -7.754648095500971E-003  2.578074790545310E-004
   55171.4932542079      -8.243257100939316E-003  2.577511387717453E-004
   55171.5136868422      -7.581124808075157E-003  2.578301827223896E-004
   55171.5341193767      -6.861329851172604E-003  2.578996341639202E-004
   55171.5545521114      -4.019757143548519E-003  2.582454671562461E-004
   55171.5749847462      -1.938893747751358E-003  2.583879515219676E-004
   55171.5954172811      -1.729383345123736E-004  2.584587852901390E-004
   55171.6158500162      -3.028243855940360E-005  2.584817193457711E-004
   55171.6362826515       1.903570271457600E-004  2.585090307690991E-004
   55171.6567151869      -1.895059021975731E-004  2.584437053631480E-004
   55171.6771479225       1.290083801881448E-004  2.584946629497716E-004
   55171.6975805583       1.489925808924042E-004  2.584920658512343E-004
   55171.7180131942      -3.219595230078420E-004  2.584927151258686E-004
   55171.7384457303       1.221603799577142E-004  2.585576216449588E-004
   55171.7588784666       3.643781010984615E-004  2.585480500801882E-004
   55171.7793111030       3.080003760624894E-004  2.585146438530346E-004
   55171.7997436396       1.301538879359132E-004  2.584988099296941E-004
   55171.8201763763       2.913376508708598E-004  2.585228330911644E-004
   55171.8610415503      -8.405178106618560E-005  2.585510870099295E-004
   55171.8814742875      -1.936730663243402E-005  2.585245505272940E-004
   55171.9019069249      -2.170416391278351E-005  2.585426045509971E-004
   55171.9223394625      -2.935549079798871E-004  2.585092611568726E-004
   55171.9427721002      -1.317077982789794E-004  2.584708492317317E-004
   55171.9632048381      -5.123848713384227E-005  2.585392115674241E-004
   55220.2666614222       6.754954118393108E-005  2.516367843315843E-004
   55220.2870946381       1.990473820985272E-004  2.516871796207601E-004
   55220.3075280543      -4.991988871578812E-004  2.516402006342209E-004
   55220.3279613712       2.513526071186156E-004  2.516567996187828E-004
   55220.3483945881      -4.178367715423903E-004  2.516442538746372E-004
   55220.3688280057      -1.991568416082057E-004  2.516388881563718E-004
   55220.3892613235      -2.174302098190140E-005  2.516384442300405E-004
   55220.4096945415      -2.983607961375423E-004  2.516479789955912E-004
   55220.4301279602      -2.076559947439272E-005  2.516413394017664E-004
   55220.4505612790       1.703433492281636E-004  2.516464928074386E-004
   55220.4709945982      -2.569195863566520E-005  2.516604089328678E-004
   55220.4914279179      -1.744228818207905E-004  2.516473227566667E-004
   55220.5118612380      -3.749008341460414E-004  2.516383863266060E-004
   55220.5322945584      -7.220387993067678E-005  2.516458751708037E-004
   55220.5527278792      -3.873478764093718E-005  2.516491177631367E-004
   55220.5731612003       2.295632887550081E-004  2.516654658328157E-004
   55220.5935945218       5.222026456364048E-005  2.516865619841252E-004
   55220.6140279436       1.256179083868325E-004  2.517314178447320E-004
   55220.6344611658      -4.368959785585602E-004  2.516340242678723E-004
   55220.6548944885      -9.495682708515751E-004  2.516114612295550E-004
   55220.6753277114      -3.436795367382950E-003  2.514035106950553E-004
   55220.6957611346      -5.304848456695987E-003  2.513037044750907E-004
   55220.7161944585      -7.122992218757451E-003  2.511389499027415E-004
   55220.7366277826      -8.109113591229344E-003  2.510880334826551E-004
   55220.7570611069      -8.364485103671382E-003  2.510560128833666E-004
   55220.7774944317      -7.661509678987932E-003  2.511300713761154E-004
   55220.7979277569      -6.756993498544861E-003  2.511800999435391E-004
   55220.8183610824      -4.765313131872451E-003  2.513296645148997E-004
   55220.8387944084      -2.956178414872834E-003  2.514700417413167E-004
   55220.8592277348      -7.355548907359566E-004  2.516557380558166E-004
   55220.8796610615      -1.906882030479062E-004  2.516961546531103E-004
   55220.9000943884       6.718236159015678E-004  2.517328847317398E-004
   55220.9205277157       2.821748135752866E-004  2.517062491518614E-004
   55220.9409610435      -6.422475500511560E-005  2.517002078935267E-004
   55220.9613943718       2.383016633469293E-004  2.517353166759895E-004
   55220.9818276003      -4.203220059193491E-004  2.516596175859294E-004
   55221.0022610291      -1.997923471119822E-004  2.517040295202049E-004
   55221.0226943583      -9.279185525223888E-005  2.517059017312542E-004
   55221.0431275880       3.008835271987031E-004  2.517506224838471E-004
   55221.0635609179      -9.341785551519877E-005  2.517196634475247E-004
   55221.0839943483      -1.277119007738747E-004  2.517065386690339E-004
   55221.1044275792       5.385767888865800E-005  2.517249519612108E-004
   55221.1248609102       5.423189004249984E-005  2.517207636127806E-004
   55221.1452943418      -3.859974710057612E-004  2.516963476645587E-004
   55221.1657276735      -5.934154841119588E-004  2.516775869517748E-004
   55221.1861609058      -6.910409129978756E-005  2.517166138666401E-004
   55221.2065943383       6.008377621973260E-004  2.518174623484260E-004
   55221.2270276712      -2.659653833314568E-004  2.517180807536479E-004
   55221.2474609046       3.211247376726512E-004  2.517502364609504E-004
   55269.5324529066       3.109599666288876E-004  2.516755603315667E-004
   55269.5528869775       5.946958824254445E-005  2.516439836586094E-004
   55269.5733212487       1.689614065527589E-004  2.516539816516362E-004
   55269.5937554202       1.204035948041415E-004  2.516500249169442E-004
   55269.6141895919      -1.374253847914453E-004  2.516407989697109E-004
   55269.6346237641      -6.635689936922429E-004  2.516000542529549E-004
   55269.6550579364      -1.552076979662864E-004  2.516262073042123E-004
   55269.6754921092       3.241543870937669E-004  2.516690365446110E-004
   55269.6959261821       3.246850552212077E-004  2.516654079293812E-004
   55269.7163604554      -1.842501728176460E-004  2.516247018149149E-004
   55269.7367946290      -1.380896545266630E-005  2.516209380916712E-004
   55269.7572287028      -6.623558091589654E-005  2.516298359194421E-004
   55269.7776629770      -3.043590618545533E-004  2.515982592464849E-004
   55269.7980971514      -6.041870073103528E-005  2.515968502629116E-004
   55269.8185312261       2.255861908850854E-004  2.516362438995288E-004
   55269.8389655012      -4.417222056424253E-004  2.515797880508736E-004
   55269.8593996765      -2.367813870177704E-004  2.515999384460859E-004
   55269.8798337521       3.646721165198041E-004  2.516769693151400E-004
   55269.9002680280      -2.261628519800718E-004  2.515907317999975E-004
   55269.9207022042      -1.130811470582582E-003  2.515271538288965E-004
   55269.9411363807      -2.881412635777902E-003  2.513991293351767E-004
   55269.9615705576      -5.098598634391882E-003  2.512172932496447E-004
   55269.9820047346      -7.214001545507442E-003  2.510620927439910E-004
   55270.0024389119      -8.600825861731942E-003  2.509690805270099E-004
   55270.0228730897      -8.397175470499341E-003  2.509762219506005E-004
   55270.0433072676      -7.873816665650346E-003  2.510139556887615E-004
   55270.0637414458      -6.956852009372350E-003  2.510926657574166E-004
   55270.0841756244      -4.817839082353115E-003  2.512282562999135E-004
   55270.1046098032      -2.803206658402613E-003  2.513797316846131E-004
   55270.1454780619      -7.845362792202604E-005  2.515650226750714E-004
   55270.1659123415      -2.162380130892316E-004  2.515505275152970E-004
   55270.1863464216       4.775138420720637E-005  2.515641734246985E-004
   55270.2067806020      -3.559922972657947E-004  2.515201668144646E-004
   55270.2272148825       6.664641194609189E-005  2.515825095122959E-004
   55270.2476489634      -2.264678407601917E-004  2.515515118736838E-004
   55270.2680831446       8.208221056404952E-006  2.515388889249589E-004
   55270.2885174261      -3.376844088063269E-004  2.515279065735453E-004
   55270.3089516079      -1.685043954797738E-004  2.515407997382980E-004
   55270.3293856900      -1.219086783974532E-004  2.515221162300934E-004
   55270.3498199723      -2.356404877112972E-004  2.515315544899199E-004
   55270.3702541550      -4.977970211209604E-004  2.515051698249244E-004
   55270.3906882379      -4.558280105716461E-004  2.514947665078560E-004
   55270.4111225211      -6.170482101394148E-004  2.515013481982462E-004
   55270.4315567047      -1.661986286949357E-004  2.515279258746901E-004
   55270.4519907885      -1.161669327341963E-004  2.515297594834498E-004
   55270.4724250726      -1.345292217687089E-004  2.515117129130250E-004
   55270.4928592570      -6.581578645488140E-004  2.514793448931293E-004
   55270.5132933417      -4.307703453287903E-004  2.514814101156271E-004
   55318.7998733655      -7.863387975015623E-005  2.465043294405118E-004
   55318.8203078629      -3.592624910367936E-004  2.464870183760449E-004
   55318.8407425603       2.314729192471887E-004  2.465483904077635E-004
   55318.8611771578      -1.265994198608178E-004  2.464992379509627E-004
   55318.9020463529       2.808103794671446E-005  2.464942443746742E-004
   55318.9224809506      -2.617577874128862E-004  2.465332726003332E-004
   55318.9429156483      -1.504450643391442E-004  2.464766591530777E-004
   55318.9633501460      -2.569866200793358E-004  2.465212880172407E-004
   55318.9837847437      -1.267710348951123E-004  2.465145124196100E-004
   55319.0042194415      -5.485083028919924E-004  2.464904453401645E-004
   55319.0246539394       4.948669226196856E-004  2.465153348909987E-004
   55319.0450885373       1.665989948966828E-004  2.465343888115035E-004
   55319.0655232352       3.483288073504731E-004  2.465343104808951E-004
   55319.0859577332      -2.474053712624436E-004  2.464891333024730E-004
   55319.1063923312      -3.915865897086146E-005  2.464778928601608E-004
   55319.1268270293      -6.440878687752338E-005  2.464647920658980E-004
   55319.1472615274       6.220993274395070E-004  2.464788719927664E-004
   55319.1676961256      -3.791111528016478E-004  2.464896032861237E-004
   55319.1881308238      -8.536837367834060E-004  2.464488517870789E-004
   55319.2085654220      -3.217623841831219E-003  2.462921318222275E-004
   55319.2289999203      -4.647184065858179E-003  2.462372808136622E-004
   55319.2494346187      -7.120750060366055E-003  2.460418067802814E-004
   55319.2698691170      -8.581720064801734E-003  2.459983137099409E-004
   55319.3107384139      -8.312846800143214E-003  2.459543506559498E-004
   55319.3311729124      -6.667113182742379E-003  2.460869056280951E-004
   55319.3516076110      -3.967121746580315E-003  2.462655777459638E-004
   55319.3720422096      -2.451338060834862E-003  2.462802843176998E-004
   55319.3924767082      -6.181854458312541E-004  2.464118601572395E-004
   55319.4129114069      -1.442409440777226E-006  2.464267821381488E-004
   55319.4333460056      -4.017422298490114E-004  2.464506142257689E-004
   55319.4537805044       1.837168403049372E-004  2.465119275095312E-004
   55319.4742152032       2.781963234073093E-004  2.465416931407413E-004
   55319.4946498020      -5.242125685711585E-005  2.465276132138728E-004
   55319.5150843009      -2.291134973301245E-004  2.465027628283429E-004
   55319.5355189998      -2.606121470274392E-004  2.464816527293663E-004
   55319.5763881978      -3.946152397433789E-004  2.465028999069076E-004
   55319.5968227969       2.216207095719902E-004  2.465475875190269E-004
   55319.6172573960      -2.451697506300476E-005  2.465357987624556E-004
   55319.6376919951       1.786090206836732E-004  2.465354854400218E-004
   55319.6581265943       2.707809099276037E-004  2.465336250880712E-004
   55319.6785611935       1.169450474334255E-004  2.465086963719328E-004
   55319.6989957928      -3.287822042976618E-004  2.464929715022869E-004
   55319.7194304921      -1.418088979030507E-004  2.464944402011953E-004
   55319.7398649914      -2.535600024801132E-004  2.465097734177989E-004
   55319.7602995908       3.003651490662840E-005  2.465325676248572E-004
   55319.7807342902      -1.219204503123406E-004  2.465099692443200E-004
   55368.0675729853       1.098752080599397E-004  2.464675140545415E-004
   55368.0880073809      -2.788613769901804E-004  2.463873230941433E-004
   55368.1084418764      -1.104229690098713E-004  2.464053391340863E-004
   55368.1288761718      -5.470364003834494E-004  2.463813895505534E-004
   55368.1493105669       9.939563590366518E-005  2.463718527989750E-004
   55368.1697449618      -2.721414777502318E-004  2.463959198784205E-004
   55368.1901793564      -1.251695832092947E-004  2.463941378570783E-004
   55368.2106137511      -5.001101303463429E-004  2.463952149029445E-004
   55368.2310481453      -2.223636132292484E-005  2.464187140854787E-004
   55368.2514825395      -3.205353540536304E-005  2.463960373743331E-004
   55368.2719168334       3.238001713377070E-004  2.464207898466025E-004
   55368.2923513271      -4.203212026454572E-005  2.463743006304890E-004
   55368.3127857206      -1.746371415822789E-004  2.463549333875503E-004
   55368.3332201139       1.294014832220469E-005  2.463705799265877E-004
   55368.3536545069       2.892422730993438E-005  2.463240319625178E-004
   55368.3740888999      -3.424299534040554E-004  2.463625510392218E-004
   55368.3945233925       2.701920968157800E-004  2.463530142876433E-004
   55368.4149576850       2.209718236863001E-004  2.463457099584056E-004
   55368.4353920774      -2.748024916199299E-004  2.463539150896405E-004
   55368.4558265694      -8.873973510262756E-004  2.462892923376713E-004
   55368.4762609613      -3.376726963787879E-003  2.461037858742155E-004
   55368.4966952529      -5.412344675716496E-003  2.459378033149152E-004
   55368.5171297443      -7.390528438913635E-003  2.457795950685034E-004
   55368.5375641357      -8.343677080402068E-003  2.457086667025542E-004
   55368.5579984266      -8.690488159080578E-003  2.456751607847908E-004
   55368.5784329176      -8.193450922377776E-003  2.457425251080556E-004
   55368.5988673083      -6.602959407631559E-003  2.457704303873151E-004
   55368.6193015987      -5.174238547100529E-003  2.459195327004949E-004
   55368.6397360889      -2.550305792754060E-003  2.460656192852494E-004
   55368.6601704789      -5.861264313037351E-004  2.462706692355129E-004
   55368.6806047689       6.046471308240875E-005  2.462669681142638E-004
   55368.7010392585      -7.268415762520242E-004  2.462883915356742E-004
   55368.7214736480       4.574585686913935E-004  2.463373677486059E-004
   55368.7419079373      -5.973509979095848E-004  2.461490218005940E-004
   55368.7623424263      -1.187742282245940E-004  2.462043232101579E-004
   55368.7827768152      -7.827833171647480E-005  2.461791007542378E-004
   55368.8032113038      -2.302884547042972E-004  2.462312689394638E-004
   55368.8236455921       2.617413376950761E-004  2.462667918703948E-004
   55368.8440799803      -3.315647455095494E-004  2.461781020389801E-004
   55368.8645144684      -1.226958529021438E-005  2.463467086736633E-004
   55368.8849487561      -6.703997678447760E-005  2.462392586615255E-004
   55368.9053831437      -2.164137026212654E-004  2.462442718204661E-004
   55368.9258175312       1.978981702559501E-004  2.463884980532701E-004
   55368.9462519184      -7.967587905000073E-006  2.461805107051898E-004
   55368.9666863053      -1.744727202259710E-004  2.461998975307806E-004
   55368.9871206921       1.543607936627112E-005  2.462006416715609E-004
   55369.0075550786       6.728812577039278E-005  2.462176589962460E-004
   55369.0279894651      -3.671414908161807E-004  2.462313864353765E-004
   55369.0484239511      -1.724228877256762E-004  2.461465739690800E-004
   55417.3341402526      -2.287671654022105E-004  2.574718978385900E-004
   55417.3545740718       1.849320672957511E-004  2.575037681420893E-004
   55417.3750077908      -2.980280283810810E-004  2.574715544548486E-004
   55417.3954414095      -3.973669937307189E-005  2.574695370753678E-004
   55417.4158752278       5.594228003946711E-005  2.575037466806055E-004
   55417.4363089459       5.202621708526589E-004  2.575115586607225E-004
   55417.4567425634       6.052427826832574E-004  2.575140052698800E-004
   55417.4771763808      -6.088649893073450E-004  2.574266570306596E-004
   55417.4976100977      -2.333058854222525E-004  2.574399631506391E-004
   55417.5180437143      -6.170316147467991E-004  2.574295543309777E-004
   55417.5384775307      -2.980326622413765E-004  2.574620684789922E-004
   55417.5589112467      -4.480511600779558E-005  2.574735718343294E-004
   55417.5793448622      -2.117527185521162E-004  2.574685069241436E-004
   55417.5997786777      -1.055282893426268E-004  2.574970077746804E-004
   55417.6202123924      -1.305223882714923E-004  2.575234053998011E-004
   55417.6406460072      -1.014293528162069E-004  2.574489555123672E-004
   55417.6610798215       2.908755342767577E-005  2.574683781552406E-004
   55417.6815135354       3.861504028901397E-004  2.574967502368743E-004
   55417.7019473490       7.544837995832054E-005  2.574933593224280E-004
   55417.7223809624      -9.103925341507058E-004  2.574048307015964E-004
   55417.7428146753      -2.994631162350103E-003  2.572769202579222E-004
   55417.7632483878      -5.147600126208518E-003  2.571267757169918E-004
   55417.7836822003      -7.270586390051181E-003  2.570059904859518E-004
   55417.8041158122      -8.296189916775498E-003  2.569010009070166E-004
   55417.8245495238      -8.540781724344249E-003  2.568921802371592E-004
   55417.8449832351      -7.792430313045218E-003  2.569727037245191E-004
   55417.8654169459      -6.811755124554342E-003  2.570442563116349E-004
   55417.8858507567      -5.131069218767270E-003  2.571489239683126E-004
   55417.9062843668      -2.648100388676244E-003  2.573061293374256E-004
   55417.9267180767      -7.754414239515839E-004  2.574351772397433E-004
   55417.9471518864       1.205923078284599E-006  2.575058928289893E-004
   55417.9675854958      -1.571906753422558E-004  2.574784865141282E-004
   55417.9880192046       1.954897875768857E-004  2.575094125123387E-004
   55418.0084530133      -3.482865896800025E-004  2.574494276650117E-004
   55418.0288866216       1.672651854265350E-004  2.575017507626086E-004
   55418.0493204296      -3.049970281860936E-004  2.574475605159178E-004
   55418.0697541372       3.744794732929435E-005  2.574600510995114E-004
   55418.0901877443       1.141216081457230E-004  2.574985530015168E-004
   55418.1106215514      -3.011593581653260E-004  2.574498783561722E-004
   55418.1310552580       1.041660935907629E-004  2.574996046142248E-004
   55418.1514889642      -1.238120309334789E-004  2.574453070601148E-004
   55418.1719226701      -1.546786935516797E-004  2.574614890189286E-004
   55418.1923563758       6.604476188609709E-005  2.574665968520820E-004
   55418.2127900811       2.211459706333851E-004  2.574839806539908E-004
   55418.2332237858      -1.747006358781000E-004  2.574590209482872E-004
   55418.2536574906      -8.878306764825705E-005  2.574790874356757E-004
   55418.2740911947       5.217687247496272E-004  2.577124381494458E-004
   55418.2945249988      -4.082800511007179E-007  2.574586346415781E-004
   55418.3149586024      -2.347792107113555E-004  2.574771773636141E-004
   55466.5988547587      -4.093412341310554E-006  2.559419535705774E-004
   55466.6192875956       2.881078137249027E-004  2.559516441749982E-004
   55466.6397206323       1.142540684364590E-004  2.559419535705774E-004
   55466.6601535685      -1.756549580684830E-004  2.559314554157882E-004
   55466.6805864045      -6.673011046109956E-005  2.559676251717624E-004
   55466.7010194402       8.279468051397565E-005  2.559857950550514E-004
   55466.7214523757       4.354181555532577E-006  2.559753181515877E-004
   55466.7418852107       1.637202423392381E-004  2.560061538248654E-004
   55466.7623182458       4.860677992968299E-005  2.560010110040982E-004
   55466.7827511803       1.152377363928814E-004  2.560190108767834E-004
   55466.8031840147       6.824240015967931E-005  2.560130605056478E-004
   55466.8236170488       1.368954636145059E-004  2.560054525311244E-004
   55466.8440499824       4.960496110939516E-005  2.560082152034374E-004
   55466.8644829158      -1.443509103182805E-005  2.560186921069011E-004
   55466.8849158492      -1.207025742140377E-004  2.559939768153629E-004
   55466.9053487822       1.524188237753688E-004  2.560199246837792E-004
   55466.9257818146       1.271325803497980E-005  2.560070888831867E-004
   55466.9462146471      -1.993726166806820E-004  2.560141868258984E-004
   55466.9666475791      -8.487696735515193E-005  2.560764744608928E-004
   55466.9870806111      -9.554556489728139E-004  2.559414860414167E-004
   55467.0075134427      -2.858888282885164E-003  2.558287052570717E-004
   55467.0279463737      -4.586217971786710E-003  2.557001984918683E-004
   55467.0483794048      -6.580225884011637E-003  2.555270214404970E-004
   55467.0688122357      -7.578940846276527E-003  2.554406773050544E-004
   55467.0892451660      -7.809872818664410E-003  2.554488803166913E-004
   55467.1096781962      -6.940551601474776E-003  2.555311229463154E-004
   55467.1301110261      -6.571682418725633E-003  2.555304216525745E-004
   55467.1505439556      -4.750451546941759E-003  2.556963307506301E-004
   55467.1709769850      -2.967812608850151E-003  2.558164857449183E-004
   55467.1914098140      -6.984481255680741E-004  2.560109566244248E-004
   55467.2118428427       5.008677473150591E-005  2.561317491584774E-004
   55467.2322757712      -1.994791172252874E-004  2.560393271439463E-004
   55467.2527085995       1.182662947085689E-005  2.560770907493319E-004
   55467.2731416274       1.096113970131540E-004  2.560596009084584E-004
   55467.2935745552      -2.793249551913402E-004  2.560609397419638E-004
   55467.3140073825      -1.629907315667811E-004  2.561576120215918E-004
   55467.3344404096       3.290966219300362E-004  2.562067663374369E-004
   55467.3548733365      -5.728125607091794E-004  2.561385708339579E-004
   55467.3753061629       1.758679993779655E-004  2.561710428592978E-004
   55467.3957391894       3.591759655972027E-004  2.561953756269774E-004
   55467.4161721153      -3.485139798100612E-004  2.560482952033007E-004
   55467.4366050410      -9.751308272043513E-005  2.560962806962442E-004
   55467.4570379665       8.101204646138171E-005  2.561592696249796E-004
   55467.4774708916      -1.807266338785807E-004  2.560611735065442E-004
   55467.4979039166      -2.445188689312872E-004  2.561520866769659E-004
   55467.5183368411      -4.862550602365845E-004  2.561294965179761E-004
   55467.5387696655       4.717937708562658E-004  2.563047987018959E-004
   55467.5592026896       5.784983264467414E-005  2.562030473554772E-004
   55467.5796356134      -7.452175815991779E-005  2.561916353936921E-004
   55515.8620734317       4.591402618043805E-004  2.599258758051376E-004
   55515.8825059740      -5.538051562892221E-006  2.598843719664668E-004
   55515.9029384162      -5.254939368015688E-005  2.598942750841425E-004
   55515.9233710585      -7.891651850511217E-005  2.598765302273631E-004
   55515.9438036007       1.617591468550117E-006  2.598797604288367E-004
   55515.9642361428       1.243589584498661E-004  2.599735000255478E-004
   55515.9846686850       6.835881692879298E-005  2.599121899515257E-004
   55516.0051012272       2.637801765852377E-004  2.599441306937286E-004
   55516.0255337693       2.237816803147830E-004  2.599064520936450E-004
   55516.0459663114       3.254507920154026E-004  2.599955376500750E-004
   55516.0663988535       2.163337138358923E-004  2.599258120511611E-004
   55516.0868314956      -3.729696384003889E-004  2.598573402804508E-004
   55516.1072639377      -4.432898632433790E-004  2.598574040344272E-004
   55516.1276964797      -1.761281943494231E-004  2.598960176928322E-004
   55516.1481291217       1.687397326965989E-004  2.598759776929005E-004
   55516.1685616637       2.164322348030545E-005  2.598935525390760E-004
   55516.1889941057       1.757399355055700E-004  2.600277121568582E-004
   55516.2094267476      -1.519943260870349E-004  2.598890472580733E-004
   55516.2298592896      -1.617819236566787E-004  2.599274696545489E-004
   55516.2502917316      -5.915239994617183E-004  2.598816942994558E-004
   55516.2707243735      -2.345721293818159E-003  2.596501186056537E-004
   55516.2911569154      -4.636800659546303E-003  2.594046232936593E-004
   55516.3115895572      -6.869024394111967E-003  2.592148064544338E-004
   55516.3320219991      -8.051102364965201E-003  2.591211731143501E-004
   55516.3524545410      -8.605150411470697E-003  2.590698936659566E-004
   55516.3728871827      -8.181353839039618E-003  2.591199192861465E-004
   55516.3933196246      -7.210051211718804E-003  2.591798692753376E-004
   55516.4137521664      -5.970956015184936E-003  2.592989617033515E-004
   55516.4341847081      -3.156444479549769E-003  2.594618956158395E-004
   55516.4546172499      -7.613910495809506E-004  2.598613992836183E-004
   55516.4750497917       8.211069000485516E-005  2.600543825703410E-004
   55516.4954823334      -1.632125314714461E-004  2.598533237799343E-004
   55516.5159148751      -6.113291251352848E-005  2.600783115628363E-004
   55516.5363475168       3.224349600117193E-004  2.601076596433301E-004
   55516.5567799584       4.517872163920522E-004  2.601620205339188E-004
   55516.5772125001      -2.744521029456326E-004  2.600910411068013E-004
   55516.6180776834      -1.092703010514562E-004  2.600737425278572E-004
   55516.6385101250       1.109915500709935E-004  2.600838794101131E-004
   55516.6589427666       1.993524849115413E-004  2.600618417855860E-004
   55516.6793753082      -4.480068613537114E-004  2.600420142989091E-004
   55516.6998078498       1.197380608555232E-004  2.601049607249935E-004
   55516.7202403913      -1.872329149013030E-004  2.600805217006867E-004
   55516.7406729329       1.629198337349536E-004  2.601497797704399E-004
   55516.7611055744      -5.297458612996131E-005  2.600572089966304E-004
   55516.7815380159      -3.400140600702262E-004  2.600548500995016E-004
   55516.8019705574       1.080316119665969E-004  2.600564652002385E-004
   55516.8224031989       1.062983022821484E-004  2.601004341926654E-004
   55516.8428356403       3.926941981942100E-004  2.601438719019553E-004
   55614.4102658918       5.605962548593801E-005  2.478323563308709E-004
   55614.4306996194       1.621048205793230E-004  2.478743778384988E-004
   55614.4511332473       3.697611567106129E-004  2.479003837483999E-004
   55614.4715670756       5.816184673013147E-005  2.478641154166544E-004
   55614.4920008041      -1.361391101870613E-004  2.478439015554458E-004
   55614.5124345331       4.355127532806868E-004  2.479276335882215E-004
   55614.5328682625       6.141890434196995E-005  2.478741640380437E-004
   55614.5533019922       2.718904263760979E-004  2.478686052262113E-004
   55614.5737357224      -5.956390400041478E-005  2.478684108621612E-004
   55614.5941694527       3.639602778851003E-004  2.478915013113111E-004
   55614.6146031836       3.789713096984393E-004  2.478935032610270E-004
   55614.6350370149      -2.756596504636111E-004  2.478463894152869E-004
   55614.6554707465      -9.044101036970176E-007  2.478754079679643E-004
   55614.6759043782      -6.938110171073042E-005  2.478630464143790E-004
   55614.6963382107       1.408492303831554E-004  2.478460201235917E-004
   55614.7780731434      -9.584663673367633E-005  2.478288966507794E-004
   55614.7985069778      -1.776918034042563E-003  2.477417826835322E-004
   55614.8189406121      -4.403754677944738E-003  2.475874965005763E-004
   55614.8393743472      -6.023723070409104E-003  2.474492259153473E-004
   55614.8598081822      -8.062554755150386E-003  2.473746095565205E-004
   55614.8802418179      -8.553887354125544E-003  2.473150369751701E-004
   55614.9006755539      -8.335273689944800E-003  2.473095170361477E-004
   55614.9211093904      -7.462822143920467E-003  2.474086232652850E-004
   55614.9415430270      -6.065150079363257E-003  2.474772532113693E-004
   55614.9619767642      -3.441246138366161E-003  2.476403052129839E-004
   55614.9824106015      -1.480963198010943E-003  2.477514425768213E-004
   55615.0028442394       3.028810566734208E-004  2.478875751574994E-004
   55615.0232780774       1.387917400186289E-004  2.478652038553349E-004
   55615.0437118160      -5.567209130100670E-004  2.478448733756962E-004
   55615.0641454550       1.774498690356729E-004  2.478541251044801E-004
   55615.0845792942      -2.630903286315878E-005  2.478443680291660E-004
   55615.1050129339      -2.787438670124320E-004  2.478327256225660E-004
   55615.1254466741      -1.339330824267071E-004  2.478506265515787E-004
   55615.1458805142      -3.407925809096879E-004  2.478360492478224E-004
   55615.1663142551      -3.261043485447424E-005  2.478324729493009E-004
   55615.1867479962       2.949237846869845E-004  2.478848151879883E-004
   55615.2071817378      -8.893796324072056E-006  2.478308597276852E-004
   55615.2276154795       2.082726000531832E-004  2.478848929336083E-004
   55615.2480492218       2.534875977555640E-004  2.478638627433893E-004
   55615.2684829643       2.908257888605270E-004  2.478648734364497E-004
   55615.2889167073      -9.276217317133462E-005  2.478622689581787E-004
   55615.3093504507       5.448181613283420E-004  2.479221136491992E-004
   55615.3297841943      -1.559543229139315E-004  2.478672058050508E-004
   55615.3502179385      -3.501357486842549E-004  2.478295574885497E-004
   55615.3706517828       9.637057529943149E-005  2.478713651957225E-004
   55663.6769267705      -7.467025958263207E-005  2.611558522065012E-004
   55663.6973611102       1.327207602630498E-004  2.611603622926001E-004
   55663.7177955502       4.316977892138141E-005  2.611480425336028E-004
   55663.7382300903       2.707743262726492E-004  2.611597179945859E-004
   55663.7586644306      -1.614448710599570E-004  2.611415800292794E-004
   55663.7790988712      -4.135036426283767E-004  2.611057141064935E-004
   55663.7995334119       7.009673549398521E-004  2.611513225962202E-004
   55663.8199677528      -2.913629950473950E-004  2.611249844743703E-004
   55663.8404022939       1.161462107481803E-004  2.611472420421307E-004
   55663.8608367351      -7.328839993459013E-005  2.611463634539297E-004
   55663.8812711766       1.858378692518592E-004  2.611491163636264E-004
   55663.9017056183      -2.257740011667453E-004  2.611297093264738E-004
   55663.9221400601       2.217759743625702E-004  2.611442548422471E-004
   55663.9425745022      -1.557455672446251E-004  2.611141290290415E-004
   55663.9630089444      -6.550441408215146E-005  2.611153395283407E-004
   55663.9834433868      -2.345761397293256E-004  2.611055383888532E-004
   55664.0038779294      -4.326252597112168E-004  2.610909343005332E-004
   55664.0447467152      -5.710927967431667E-004  2.610930429122158E-004
   55664.0651812584      -1.586123785653704E-003  2.610831246276348E-004
   55664.0856157018      -3.703817080570104E-003  2.609177157556465E-004
   55664.1060500454      -5.775576637249591E-003  2.608136518642751E-004
   55664.1264845891      -7.752425631917692E-003  2.606923481199806E-004
   55664.1469190330      -8.374402702483463E-003  2.606692900607480E-004
   55664.1673533772      -8.520569966781188E-003  2.606803993204460E-004
   55664.1877879215      -7.966041978515581E-003  2.607040040567814E-004
   55664.2082223660      -5.974933252046788E-003  2.608121485022422E-004
   55664.2286569107      -3.843699540764356E-003  2.609261697265590E-004
   55664.2695257006      -3.159211194910805E-004  2.611033321562594E-004
   55664.2899602459      -8.901789166904095E-005  2.611188929295095E-004
   55664.3103945913      -3.034285928609215E-004  2.611134456826629E-004
   55664.3308290370      -4.569871551822757E-004  2.610959129670060E-004
   55664.3512634829      -1.285061707453350E-004  2.611064365012366E-004
   55664.3716979289      -3.055892076019306E-004  2.611028635758855E-004
   55664.3921324751      -1.711651163738281E-005  2.611253163854685E-004
   55664.4125668214       1.504466818058603E-005  2.611080765325452E-004
   55664.4330012680       2.660277273280887E-004  2.611243597005384E-004
   55664.4534358148      -2.395164420976315E-005  2.611197910418928E-004
   55664.4738701617       3.839758625241441E-004  2.611363475484375E-004
   55664.4943046089      -5.335263117489664E-005  2.611094822736669E-004
   55664.5147391562       9.750307904932143E-005  2.611202791464490E-004
   55664.5351736037      -9.034034157517912E-005  2.611112004017046E-004
   55664.5556079514      -2.945162851100136E-004  2.611069246057927E-004
   55664.5760424993       1.535642111427649E-004  2.611119813689944E-004
   55664.5964769474      -4.672308196399522E-004  2.610978849094128E-004
   55664.6169113956       3.362383177916151E-004  2.611250820952815E-004
   55664.6373458441      -3.531929360578445E-004  2.610960496362817E-004
   55712.9446730866       9.572090549347934E-005  2.595787473372139E-004
   55712.9651075673      -7.294298069515648E-005  2.596120165437611E-004
   55712.9855421479       7.842666602320136E-005  2.595938004817256E-004
   55713.0059768284      -4.233531596009588E-005  2.596428257033454E-004
   55713.0264113088       2.187887957227908E-004  2.595937223849966E-004
   55713.0468458892       1.135545173149843E-004  2.595844679226120E-004
   55713.0672805694       4.185952616704292E-004  2.596440752510092E-004
   55713.0877151496       2.255546076548320E-004  2.596100250771721E-004
   55713.1081496297      -2.561204278752616E-004  2.595951086019361E-004
   55713.1285842098      -2.097919136242465E-004  2.595435452366243E-004
   55713.1490187898       7.383373435776441E-005  2.595967486332448E-004
   55713.1694534697      -1.852223583023171E-004  2.595614489117439E-004
   55713.1898880496      -5.528482211009100E-004  2.595597503078885E-004
   55713.2103225293      -2.529293126448673E-004  2.595899737420054E-004
   55713.2307572089      -3.090026456038508E-004  2.595908132818420E-004
   55713.2511917886      -3.190490157112258E-004  2.595896418309072E-004
   55713.2716262681      -3.250358397144382E-005  2.595993258253013E-004
   55713.2920609476      -3.340297022212946E-004  2.596021373075447E-004
   55713.3124955269      -2.941651996068995E-004  2.596245705929454E-004
   55713.3329300062      -2.060941791442783E-003  2.594947738293738E-004
   55713.3533646855      -4.190689260845648E-003  2.593705219335600E-004
   55713.3737992646      -6.202070603653742E-003  2.592550363955748E-004
   55713.3942337437      -8.021709526512044E-003  2.591541744700918E-004
   55713.4146684226      -8.784339570127919E-003  2.591225062464888E-004
   55713.4351030016      -8.328359634612981E-003  2.591232286412319E-004
   55713.4555376804      -7.127845792699539E-003  2.591843979042087E-004
   55713.4964067379      -4.065862633362061E-003  2.593693114342608E-004
   55713.5168414165      -1.678432865570567E-003  2.594632032266819E-004
   55713.5372758950      -2.098522516610357E-004  2.595498905958543E-004
   55713.5577104734      -2.988106070649366E-004  2.595292340110380E-004
   55713.5781451518       4.317699775833184E-004  2.596274992202823E-004
   55713.5985796302       9.748162824330109E-005  2.595617417744776E-004
   55713.6190142083      -3.722185740561157E-004  2.595535806662988E-004
   55713.6394488865       3.144008403248577E-004  2.595873770257667E-004
   55713.6598834645       1.010017260789642E-004  2.595647875469080E-004
   55713.6803180425       2.107437497516074E-004  2.595544397303176E-004
   55713.7007526204       1.550676725758926E-005  2.595592036307857E-004
   55713.7211871983      -3.664837383807740E-004  2.595487972416485E-004
   55713.7416217761      -9.435335103002984E-006  2.595337440971368E-004
   55713.7620563537       2.326886915107185E-004  2.595657832802026E-004
   55713.7824909313       2.667182811617597E-004  2.595346031611556E-004
   55713.8029255088       4.038981624820970E-005  2.595539516257615E-004
   55713.8233600862      -1.063548167238304E-004  2.595421394955026E-004
   55713.8437945635      -3.638144569816371E-004  2.594945981117336E-004
   55713.8642292408      -1.983130559365387E-004  2.595146689710825E-004
   55713.8846638180      -1.257061179266161E-004  2.595300345025101E-004
   55713.9050984952      -3.178493270513671E-004  2.595511596677003E-004
   55762.2119839120       2.101239241645292E-004  2.722620160523358E-004
   55762.2324180433       3.371353443768488E-004  2.722885419717846E-004
   55762.2528521744      -1.035630636414542E-004  2.722788249749554E-004
   55762.2732863052      -3.851792403304355E-004  2.722044761887590E-004
   55762.2937204358      -3.318413179465018E-005  2.722389408311074E-004
   55762.3141546662      -3.293250674607506E-004  2.722015759086596E-004
   55762.3958910845       4.465303723448777E-004  2.717701962912552E-004
   55762.4163252133       8.019659027262982E-004  2.721927692187229E-004
   55762.4367594420      -8.554094137958046E-005  2.722214544708004E-004
   55762.4571934703       2.414263810928130E-004  2.722383904129864E-004
   55762.4776276984      -3.054143056826497E-004  2.722302823306649E-004
   55762.4980618262       1.686465889092492E-004  2.722668004560034E-004
   55762.5184958536       8.949436970984159E-005  2.722161408189396E-004
   55762.5389300807       9.946245334835346E-005  2.723060706719471E-004
   55762.5593642076      -2.662606607592988E-004  2.722266834429503E-004
   55762.5797982343      -1.940421754392796E-004  2.721993107263922E-004
   55762.6002324607      -1.983688186153687E-003  2.720540426822921E-004
   55762.6206665869      -4.601430499416304E-003  2.718610999609384E-004
   55762.6411007126      -6.804041754985168E-003  2.715920090095310E-004
   55762.6615348381      -8.074753040644200E-003  2.714186696412576E-004
   55762.6819689634      -9.128416511695825E-003  2.713588645954134E-004
   55762.7024030884      -8.690514578606146E-003  2.713927999895685E-004
   55762.7228372130      -8.297108556496458E-003  2.714371298182403E-004
   55762.7432713373      -6.200542896570682E-003  2.717595901574613E-004
   55762.7637054614      -4.196907195074151E-003  2.719248426133409E-004
   55762.7841395853      -1.963556138672828E-003  2.720315602190402E-004
   55762.8045737089      -5.346648259954012E-004  2.722213486211617E-004
   55762.8250078321      -1.004359935841137E-005  2.722453341492826E-004
   55762.8454419553       2.784820695749257E-004  2.722439157641246E-004
   55762.8863103002      -2.237934243699558E-004  2.722045820383976E-004
   55762.9067443225      -1.564765929283896E-004  2.721893608603580E-004
   55762.9271784442      -3.412601015417849E-004  2.721913508335649E-004
   55762.9476126660       1.492154790483369E-005  2.722153363616858E-004
   55762.9680466873      -2.721044997552324E-004  2.721707948337366E-004
   55762.9884808082      -4.131771725645050E-004  2.721919224216136E-004
   55763.0089150290      -1.942127491648682E-004  2.722127324605746E-004
   55763.0293490494      -3.376638820246081E-004  2.721819513856517E-004
   55763.0497832695      -1.641479087957087E-004  2.721755792374042E-004
   55763.0702173894      -1.639069120040748E-004  2.722072494492920E-004
   55763.0906514091      -9.367189023945510E-005  2.722001998633570E-004
   55763.1110856283       1.094331412245797E-004  2.722162466685782E-004
   55763.1315197475      -1.487660371907173E-004  2.721921129509632E-004
   55763.1519538663      -1.351594750845786E-004  2.721437396660945E-004
   55763.1723879848      -2.766157064543195E-004  2.721600405104485E-004
   55811.4777735262      -8.761913303123592E-006  2.632522218289651E-004
   55811.4982067789      -9.089233559000931E-005  2.632579588793806E-004
   55811.5186401312       4.767608110989308E-005  2.632462942492001E-004
   55811.5390735832       7.898820997365164E-005  2.632524546981702E-004
   55811.5595069350      -3.253558799153344E-004  2.632086117778363E-004
   55811.5799402864       1.384392834506976E-004  2.632585939772126E-004
   55811.6003736372       1.964883672862516E-004  2.632364290628767E-004
   55811.6208069881       2.994761398760204E-004  2.632446218249092E-004
   55811.6412403383      -9.573453491973360E-005  2.632342909001757E-004
   55811.6616736885      -2.158881061542495E-005  2.632349048280800E-004
   55811.6821070382      -2.951615786421780E-004  2.631759042394896E-004
   55811.7025403874      -3.170541066462862E-004  2.632095644245842E-004
   55811.7229737364       3.272801495532995E-004  2.632603510812144E-004
   55811.7434069852       1.635660187611077E-004  2.632390117940601E-004
   55811.7638404335       4.190720838592732E-005  2.632049282104108E-004
   55811.7842737816      -3.876137981074779E-004  2.631836312631119E-004
   55811.8047070292      -3.945569780422487E-004  2.631817683094715E-004
   55811.8251404766       3.153971518048415E-004  2.632631455116751E-004
   55811.8455738235       4.479976467575142E-006  2.632022607995165E-004
   55811.8660070702      -1.681558079504097E-003  2.630781626831488E-004
   55811.8864405166      -3.831613923485411E-003  2.629105180254354E-004
   55811.9068738626      -5.838860387063494E-003  2.627246460599444E-004
   55811.9273073083      -7.298713301852944E-003  2.625689835813276E-004
   55811.9477405536      -8.837090321646590E-003  2.624803239239840E-004
   55811.9681738987      -7.733689893690721E-003  2.625598170026194E-004
   55811.9886073433      -7.241921978541788E-003  2.625728788480304E-004
   55812.0090405876      -5.662539260360200E-003  2.626862226411100E-004
   55812.0294739315      -3.431148811312679E-003  2.629152812591752E-004
   55812.0499073751      -2.225608053767369E-003  2.629937158414240E-004
   55812.0703406186      -6.538089078000908E-004  2.631139398610167E-004
   55812.0907739615       6.906751427249169E-005  2.631577192715674E-004
   55812.1112074042       2.086528015488032E-004  2.631681348760118E-004
   55812.1316407465      -1.195670576126240E-004  2.631398730224890E-004
   55812.1520739885      -1.367020645448580E-004  2.631244824850275E-004
   55812.1725074301       1.279604179982297E-004  2.631441493478909E-004
   55812.1929407714      -2.383772443804721E-004  2.631355755271592E-004
   55812.2133740125      -5.233114504414882E-004  2.630681069674759E-004
   55812.2338074531       2.126967370539301E-004  2.631243342955333E-004
   55812.2542407933      -2.937222472653156E-004  2.631314897311069E-004
   55812.2746742332       1.039758532359603E-004  2.631243554654610E-004
   55812.2951074729      -3.587355891281341E-004  2.631378195394989E-004
   55812.3155408124      -4.568733088217147E-004  2.630388501273496E-004
   55812.3359742511       2.109781811396871E-004  2.631094730062651E-004
   55812.3564074899      -4.490401148549150E-005  2.630907799600774E-004
   55812.3768408282      -1.214363793574647E-004  2.630654607265093E-004
   55812.3972741663      -1.764392556214966E-004  2.630363732458049E-004
   55812.4177075039      -4.366612136215142E-004  2.630331977566451E-004
   55812.4381407410      -5.627274163211293E-005  2.630646986091110E-004
   55860.7416860663      -2.481723818488213E-004  2.540738649821155E-004
   55860.7621187494       9.198077295291540E-005  2.540754662500775E-004
   55860.7825514325       9.061181127667517E-005  2.540616501816365E-004
   55860.8029841152       2.732880796174619E-005  2.540997726765768E-004
   55860.8234167978       5.839017304054561E-004  2.541091339354313E-004
   55860.8438494802      -3.082597525050357E-005  2.540793873036766E-004
   55860.8642820624       3.401285497695028E-008  2.540753020174660E-004
   55860.8847148444      -2.341126343949895E-004  2.540587555818592E-004
   55860.9051475261       6.673784512489789E-005  2.540894876092827E-004
   55860.9460128893      -6.617605309355845E-005  2.540627792808405E-004
   55860.9664455705      -2.133872279794780E-004  2.540764105875935E-004
   55860.9868783518       1.945319157734549E-004  2.541137119194764E-004
   55861.0073109326      -1.336289304201266E-004  2.540636415020508E-004
   55861.0277436133      -7.241944132052591E-005  2.541308742273762E-004
   55861.0481763939      -3.949059413153044E-004  2.540611780128785E-004
   55861.0686089742      -1.119850928801291E-004  2.540956873903662E-004
   55861.0890416545      -2.883367230057665E-004  2.540580781223368E-004
   55861.1094744344      -6.517951403507416E-004  2.540580165351075E-004
   55861.1299070142      -1.390104700614181E-003  2.540133863229373E-004
   55861.1503396938      -3.978379557372236E-003  2.538706681835594E-004
   55861.1707724732      -5.958323396442422E-003  2.537410270658707E-004
   55861.1912050526      -7.484864741835962E-003  2.536604504408624E-004
   55861.2116378318      -8.013244907185801E-003  2.536113654191057E-004
   55861.2320705107      -8.404778138496716E-003  2.535921502035622E-004
   55861.2525031894      -7.156480083981287E-003  2.536864402516294E-004
   55861.2729358678      -5.634604082242700E-003  2.537691724296635E-004
   55861.2933685463      -3.803114334014590E-003  2.538865576887202E-004
   55861.3138012245      -1.956612069524910E-003  2.539704394950347E-004
   55861.3342340025      -1.739358567565130E-004  2.540789356639950E-004
   55861.3546665803       1.081495499770657E-004  2.541046175386155E-004
   55861.3750992580       1.438827862165759E-004  2.541201169913242E-004
   55861.3955319353       3.107503550916491E-004  2.541131576344126E-004
   55861.4159646126      -2.963911193759605E-004  2.540902882432637E-004
   55861.4363972899      -7.615841471756424E-004  2.540637441474329E-004
   55861.4568300667       8.503882629213866E-004  2.541454293425688E-004
   55861.4772626436      -1.658640556848612E-004  2.540845195727854E-004
   55861.4976954199      -1.284163627616186E-004  2.541102835637117E-004
   55861.5181279965      -6.847826994371697E-005  2.540995879148889E-004
   55861.5385606726      -2.077071155256460E-004  2.541011481246980E-004
   55861.5589934485      -2.339267818711743E-004  2.541350005717397E-004
   55861.5794260244       4.426236975096920E-005  2.541148615477567E-004
   55861.5998587001      -3.954565221578887E-004  2.540766569365107E-004
   55861.6202914755       1.441503615315920E-004  2.541225188932671E-004
   55861.6407240510       5.268541637606372E-004  2.541204454565471E-004
   55861.6611567262      -4.285002521708936E-005  2.541015792353031E-004
   55861.6815895011       6.147257317401511E-006  2.541096882204951E-004
   55861.7020221759      -3.320964501785095E-005  2.541079843071509E-004
   55910.0046203722      -6.601218574342482E-004  2.561939848218901E-004
   55910.0250529727      -2.836611949849077E-004  2.562029765573687E-004
   55910.0454856734      -8.712140744326913E-005  2.562003898937379E-004
   55910.0659181742      -2.737079363357431E-005  2.562308550431678E-004
   55910.0863507751       5.182329371078431E-005  2.562344271024675E-004
   55910.1067834761       3.340965852507427E-004  2.562601500352409E-004
   55910.1272159773       3.911460899768127E-004  2.562705377479171E-004
   55910.1476486786       3.412114562260093E-004  2.562569474993170E-004
   55910.1680812800      -6.361971776617237E-004  2.562049884068593E-004
   55910.1885137816       7.653613508584733E-005  2.562114550659365E-004
   55910.2089464833       6.185358941945829E-005  2.562397851914171E-004
   55910.2293790851      -7.657807374639169E-005  2.562306292233270E-004
   55910.2498115870       3.585102630343506E-005  2.561861427146918E-004
   55910.2702442891      -3.130933102890587E-005  2.562395799006528E-004
   55910.2906768913      -7.211448405641807E-005  2.562523900443484E-004
   55910.3111093936      -1.687705299968645E-004  2.562229924068931E-004
   55910.3315420961      -2.058691757943487E-004  2.562338933464802E-004
   55910.3519746987       3.315659334610643E-004  2.562740892781405E-004
   55910.3724074014      -2.902593663025588E-004  2.562363568356525E-004
   55910.3928399042      -1.370954037548611E-003  2.561815031434175E-004
   55910.4132725072      -3.469855695000024E-003  2.560438762149955E-004
   55910.4337052103      -5.735663178551120E-003  2.559432426823099E-004
   55910.4541377135      -7.502030849531605E-003  2.558318929717250E-004
   55910.4745703169      -7.895822174020184E-003  2.558178305543669E-004
   55910.4950029204      -7.878772924521327E-003  2.558071759636970E-004
   55910.5154355240      -7.448748929800075E-003  2.558295115988586E-004
   55910.5358681278      -6.909707956580302E-003  2.558907087757120E-004
   55910.5563007317      -4.715399455960556E-003  2.560196724338783E-004
   55910.5767333357      -2.238112269470682E-003  2.561465421262482E-004
   55910.5971660398      -5.965100094549314E-004  2.562374243476271E-004
   55910.6175986441      -5.207676589646937E-005  2.562750746738093E-004
   55910.6380311485       9.757039053504002E-005  2.562615254833620E-004
   55910.6584638531      -1.022025157465523E-004  2.563005717867419E-004
   55910.6788964577       4.119769122090666E-005  2.562774971048287E-004
   55910.6993289625      -2.972679391892719E-004  2.562721800740320E-004
   55910.7197616675       1.814749515767211E-004  2.562858113807850E-004
   55910.7401942725       1.179603602621260E-004  2.562906973009766E-004
   55910.7606269777       3.053275168807268E-005  2.562681563750506E-004
   55910.7810594830      -2.447077554618149E-004  2.562824651413260E-004
   55910.8014920885      -6.879034986351229E-005  2.562733912895416E-004
   55910.8219247941      -9.441131628351584E-005  2.563030147468377E-004
   55910.8423572998       3.000962779076133E-004  2.562692238870253E-004
   55910.8627899057       8.031491104709687E-005  2.562889523294796E-004
   55910.8832226117       4.939420552352303E-004  2.563131561105967E-004
   55910.9036551178       1.393973116048386E-006  2.563001201470603E-004
   55910.9240877241      -3.559128446585236E-004  2.562204468014151E-004
   55910.9445204305      -2.884575935047096E-004  2.562586514126611E-004
   55910.9649529370      -6.045427345247045E-005  2.562823624959438E-004
   55959.2682719818      -1.885817902160802E-004  2.459377994698830E-004
   55959.2887052133       2.439785218348867E-004  2.458478795433273E-004
   55959.3091384452       4.819309966133112E-004  2.457827517140675E-004
   55959.3295716773       3.493404127441480E-004  2.456455402790338E-004
   55959.3500050096      -8.577100696993689E-005  2.455688518714894E-004
   55959.3704381427       5.125651396344910E-004  2.455194619723311E-004
   55959.3908713758       5.337178155861988E-004  2.454615813627354E-004
   55959.4113047095       6.779871743431976E-004  2.454342634248060E-004
   55959.4317379433       5.041426081522360E-004  2.453785783536071E-004
   55959.4521710777       1.032652313387006E-003  2.454168545539776E-004
   55959.4726044124       1.907179070252951E-004  2.453362996673095E-004
   55959.4930376473       4.698683517132540E-004  2.453551463243447E-004
   55959.5134708827       2.173150869311247E-004  2.452592615279851E-004
   55959.5339041186       2.233540743699081E-004  2.453175112989043E-004
   55959.5543373547       2.543832467518659E-004  2.452868903386079E-004
   55959.5747706912       5.400184389392493E-004  2.453090594475535E-004
   55959.5952038280       4.315344912997343E-004  2.453491037363674E-004
   55959.6156370653       4.937724893632200E-004  2.453200759986245E-004
   55959.6360704027       9.455715718087454E-005  2.453066890432665E-004
   55959.6565035407      -2.403052804063055E-004  2.453603923010452E-004
   55959.6769367789      -2.491764006827824E-003  2.451885768493314E-004
   55959.6973701175      -4.857626333442222E-003  2.451128599189538E-004
   55959.7178032564      -6.382850907339033E-003  2.450693960305128E-004
   55959.7382365957      -7.552476936095065E-003  2.450114377027437E-004
   55959.7586698356      -8.138556154089649E-003  2.450369292635996E-004
   55959.7791029756      -7.564392097479722E-003  2.451099454874535E-004
   55959.7995363161      -6.372809583579664E-003  2.451768608347002E-004
   55959.8199695568      -4.545337139009398E-003  2.453530673632079E-004
   55959.8404026981      -2.120348407778749E-003  2.455164698226575E-004
   55959.8608360395      -1.898905992546718E-004  2.456796974162172E-004
   55959.8812692814      -2.367451163712841E-004  2.457297284903055E-004
   55959.9017025235       1.438280694796568E-004  2.458020646801427E-004
   55959.9221357661       4.237877944102131E-005  2.458050568298164E-004
   55959.9425690090      -3.641151694622202E-005  2.458713310021330E-004
   55959.9630022523       9.069874950062840E-005  2.459197494241245E-004
   55959.9834354961       3.439238807578793E-004  2.459544894476080E-004
   55960.0038687401       1.050642215520980E-004  2.459965544089288E-004
   55960.0243019845       3.570226238363006E-004  2.460293126189921E-004
   55960.0447352292       6.903836524352336E-005  2.460397851428499E-004
   55960.0651684744      -1.094886626659131E-004  2.460464106171271E-004
   55960.0856017198       8.375503917998905E-004  2.460872320876746E-004
   55960.1060349657       4.480194143883232E-004  2.461632987498322E-004
   55960.1264683118       1.840713786815940E-005  2.461559349529081E-004
   55960.1469015583       1.035796192816463E-004  2.461865364836612E-004
   55960.1673347053      -6.543136047743037E-005  2.462224228502014E-004
   55960.1877680526      -2.750778485527405E-005  2.462622145549521E-004
   55960.2082013001      -4.197678735986532E-004  2.462351297715427E-004
   55960.2286344481      -2.829113883962009E-004  2.462660616045324E-004
   55960.2490677965      -7.193776333047630E-005  2.462718904675330E-004
   56008.5338736374       9.312988073162387E-006  2.472877835703613E-004
   56008.5543078349      -2.097864895099777E-004  2.472557442534014E-004
   56008.5747419327       2.540903369101510E-004  2.472844611184509E-004
   56008.5951759307      -5.943454092316447E-005  2.472661390590858E-004
   56008.6156101291      -7.340083395324104E-005  2.472662167772591E-004
   56008.6360442278       2.527997663606119E-004  2.472746491990666E-004
   56008.6564784269       3.256312462245337E-004  2.472946421991586E-004
   56008.6769124262       2.180081834857184E-004  2.473084566044700E-004
   56008.6973465258       6.892190508311913E-006  2.472753486626267E-004
   56008.7177807257       5.790083684789060E-004  2.473028414664461E-004
   56008.7382147259      -2.015656362309715E-004  2.472627971776321E-004
   56008.7586488265      -5.241863432781102E-005  2.472738331582465E-004
   56008.7790830275       2.343918100553566E-004  2.472933598492985E-004
   56008.7995170286      -2.238319070949624E-004  2.472859183342011E-004
   56008.8199512302       2.574216671893392E-004  2.473016368347593E-004
   56008.8403853320      -5.532160779495587E-004  2.472749017831300E-004
   56008.8608193341       7.719209631340540E-005  2.472974400533989E-004
   56008.8812535366       1.965896668152389E-004  2.472964297171454E-004
   56008.9016876394       6.915729388159431E-004  2.473044541185429E-004
   56008.9221216424      -9.700268284580371E-004  2.472158748304774E-004
   56008.9425558458      -2.864963749840133E-003  2.469926876661851E-004
   56008.9629898495      -5.402720014258344E-003  2.468528921018878E-004
   56008.9834239535      -7.522964226050144E-003  2.466775210437436E-004
   56009.0038581578      -8.623307412462311E-003  2.465843175243643E-004
   56009.0242921624      -8.731140635443224E-003  2.465632947584755E-004
   56009.0447263673      -7.835725983909914E-003  2.466178334866176E-004
   56009.0651604727      -6.984647663572430E-003  2.466871192381512E-004
   56009.0855945782      -4.833163538711993E-003  2.468649578482990E-004
   56009.1060286841      -2.283970516890332E-003  2.470752437958167E-004
   56009.1264627903      -1.073853330507024E-003  2.471890037720447E-004
   56009.1468968968       9.603784443479313E-005  2.472633606343888E-004
   56009.1673311036      -2.443647272357685E-004  2.472363729986961E-004
   56009.1877651107      -1.064862213029372E-005  2.472493325041008E-004
   56009.2081993181      -3.381175669789904E-004  2.472225197342980E-004
   56009.2286334258      -3.802906629849501E-004  2.472205379208779E-004
   56009.2490674338       3.015865645523697E-004  2.472653035887223E-004
   56009.2695016422      -2.082645940255645E-004  2.472231026205981E-004
   56009.2899357510      -1.226846667345960E-004  2.472313990356023E-004
   56009.3103697599       6.088969846196335E-005  2.472406863573165E-004
   56009.3308039691       6.937017673318557E-004  2.472787294031670E-004
   56009.3512380788      -4.395960880254624E-005  2.472337500103458E-004
   56009.3716722887       1.518219019389644E-004  2.472289120540554E-004
   56009.3921062990       3.219360591490972E-004  2.472489633427774E-004
   56009.4125404094      -3.103030359247194E-004  2.472024490160327E-004
   56009.4329746203       4.013725588498662E-004  2.472338082989758E-004
   56009.4534086314      -3.444029358276035E-004  2.472067818041965E-004
   56009.4738427429      -1.097342791701594E-004  2.472060629110931E-004
   56009.4942769546      -1.655896961936243E-004  2.472075395563865E-004
   56009.5147109667      -2.127117354736585E-004  2.472105511356035E-004
   56057.8011655113       3.198393118770682E-004  2.504978509885816E-004
   56057.8215999936      -2.614654985768627E-004  2.504855966740992E-004
   56057.8420345760       6.046118057989602E-005  2.504729619152130E-004
   56057.8624692584       4.058320077520161E-004  2.504898416327107E-004
   56057.8829037410      -1.169956854732979E-004  2.504618889807216E-004
   56057.9033383236      -7.956174394974092E-005  2.504680161379627E-004
   56057.9237730062      -2.571344339371562E-004  2.504569632268610E-004
   56057.9442074889       1.808205107207694E-004  2.504973303804500E-004
   56057.9646421718      -2.719719103335683E-004  2.504421258951102E-004
   56057.9850767546      -2.252430342508660E-005  2.504660338223847E-004
   56058.0055112376      -1.014214534116320E-004  2.504269281423453E-004
   56058.0259459206      -7.499203562310042E-004  2.504314534284123E-004
   56058.0463805037       5.095658981970619E-004  2.504944069655572E-004
   56058.0668150869       1.836676396069770E-004  2.504948474801300E-004
   56058.0872496701      -2.857544701316828E-004  2.504492141750559E-004
   56058.1076842534       1.059073587734716E-004  2.504877992469637E-004
   56058.1281188368      -8.761141108726278E-005  2.504733023128375E-004
   56058.1485534203      -2.965126433791543E-004  2.504790890724542E-004
   56058.1689880038       9.393073064489776E-005  2.505145705189620E-004
   56058.1894225874      -1.061860979357121E-003  2.503970932917264E-004
   56058.2098571711      -2.565176750446208E-003  2.502912496538933E-004
   56058.2302917548      -5.479961580687642E-003  2.500987648089274E-004
   56058.2507264387      -6.825766582123860E-003  2.500367924178767E-004
   56058.2711609225      -8.632238890957322E-003  2.498985108887667E-004
   56058.2915955065      -9.011818642333469E-003  2.498828726214289E-004
   56058.3120301905      -8.356378492945349E-003  2.499393185569286E-004
   56058.3324646746      -7.381601071130284E-003  2.500243378694976E-004
   56058.3528993588      -5.065238282314311E-003  2.501605770128606E-004
   56058.3733339430      -3.009683430363896E-003  2.502839010698818E-004
   56058.3937684273      -5.653616186811483E-004  2.504106291031482E-004
   56058.4142031117      -3.105992297999238E-004  2.504523378238456E-004
   56058.4346376962       2.851807477617374E-004  2.504880795744191E-004
   56058.4550721807      -1.598618384068828E-005  2.504580044431242E-004
   56058.4755068653      -1.900958773788375E-004  2.504437878364535E-004
   56058.4959414499       1.652786838852727E-004  2.504866579137521E-004
   56058.5163759347      -1.873885352259297E-004  2.504308527267220E-004
   56058.5368106194       3.569908568838986E-004  2.504771267802658E-004
   56058.5572452043       2.203924535759683E-004  2.504850760659676E-004
   56058.5776798892      -2.661326170658729E-004  2.504389421761516E-004
   56058.5981143743      -3.312753655567713E-004  2.504422860822276E-004
   56058.6185489593      -6.979401754902970E-005  2.504350776619439E-004
   56058.6389836445      -3.085044966770756E-004  2.504555816129732E-004
   56058.6594181297       1.228270666593367E-004  2.504553012855178E-004
   56058.6798527150      -2.198363433381090E-005  2.504770667100968E-004
   56058.7002874003       2.380686745686589E-004  2.504839747795354E-004
   56058.7207219857       2.165731519925274E-004  2.504718005586117E-004
   56058.7411565712      -2.265852812510794E-005  2.504120707872049E-004
   56058.7615911568      -1.477740202848743E-004  2.504451494269515E-004
   56058.7820257424       2.451183848344307E-004  2.504745437629975E-004
   56107.0688809135       3.590893083560420E-004  2.679991123950552E-004
   56107.0893153568      -4.391217727659491E-004  2.680274695374863E-004
   56107.1097498999       8.375829938045420E-005  2.680171461669033E-004
   56107.1301842427      -4.970853905731376E-004  2.680471524784939E-004
   56107.1506186854       5.998830275404377E-004  2.680775443101477E-004
   56107.1710532280       1.943787136868824E-004  2.680990049270026E-004
   56107.1914875704       1.163593303479260E-004  2.680982124690948E-004
   56107.2119220125      -3.460163513945291E-004  2.680495084344361E-004
   56107.2323565544      -2.432694953321546E-004  2.681011467051318E-004
   56107.2527909963      -2.015097941042709E-004  2.681421403385253E-004
   56107.2732253380       4.342744353658112E-005  2.681591032213089E-004
   56107.2936598795       1.133402324831057E-004  2.681683771206084E-004
   56107.3140943207       1.010101601341962E-004  2.682106129853169E-004
   56107.3549632026      -6.368414575911308E-004  2.682499574495509E-004
   56107.3753976434      -3.118729272273413E-004  2.682397411678745E-004
   56107.3958321839      -7.335517302329286E-004  2.682688050970882E-004
   56107.4162665242      -8.603277344898519E-005  2.683273398933601E-004
   56107.4367009645      -2.413674203047833E-004  2.683760653458001E-004
   56107.4571355045      -6.909528963369160E-004  2.682420328704728E-004
   56107.4775698441      -3.114796014127896E-003  2.681760875218737E-004
   56107.4980042839      -5.702867062345574E-003  2.679648653627688E-004
   56107.5184387233      -6.833797227567162E-003  2.679678852699310E-004
   56107.5388731627      -8.182501881831339E-003  2.678467677167229E-004
   56107.5593077018      -8.510117592594457E-003  2.678897532037766E-004
   56107.5797420407      -8.299109105138647E-003  2.678702416050193E-004
   56107.6001764793      -7.201045666131112E-003  2.679828991346169E-004
   56107.6206110180      -4.948844622475579E-003  2.681313243589727E-004
   56107.6410453564      -2.226279713506973E-003  2.682767510939476E-004
   56107.6614797946      -6.735084112541312E-004  2.684017881011322E-004
   56107.6819143325      -5.766408051066652E-005  2.684125826629035E-004
   56107.7023486703      -1.282939873804567E-004  2.683731953631070E-004
   56107.7227831080       3.024652137380013E-004  2.684444523214665E-004
   56107.7432176455       1.548565755280507E-004  2.684398260807074E-004
   56107.7636520828      -4.089491528156408E-004  2.684186653127906E-004
   56107.7840865198      -1.163125892180705E-004  2.684489072199753E-004
   56107.8045209568      -2.843369551835950E-004  2.684421177833057E-004
   56107.8249553936      -5.386783814296248E-004  2.684544330075488E-004
   56107.8453898302       8.001798031931351E-005  2.684326725417558E-004
   56107.8658242665       1.477634678772599E-004  2.684962190988501E-004
   56107.8862587026      -3.537853182901118E-004  2.684540046519229E-004
   56107.9066932387      -2.431324065407248E-004  2.685013165307976E-004
   56107.9271275745       5.415634586947160E-004  2.685261397393154E-004
   56107.9475620102      -3.345738818947286E-004  2.685276604017872E-004
   56107.9679965456       8.073429806296772E-004  2.685337002161117E-004
   56107.9884308807      -4.340057612828296E-005  2.685333789493923E-004
   56108.0088654159       1.928210561961130E-004  2.685219632719635E-004
   56108.0292998508       6.593323373567106E-004  2.685822329085201E-004
   56108.0497341855       9.534804308319877E-006  2.685337216338929E-004
   56156.3356363914      -1.932498664166671E-004  2.674102733339853E-004
   56156.3560700956       5.868478816339895E-005  2.674451843174918E-004
   56156.3765039991       2.979910936458108E-004  2.674212820735695E-004
   56156.3969377026       2.206489021618907E-004  2.674148353214005E-004
   56156.4173716056      -6.270288779308686E-006  2.674080458847309E-004
   56156.4378054082       1.336555346416191E-004  2.674258440609848E-004
   56156.4582392105      -5.318431067075080E-004  2.674213463269134E-004
   56156.4786729126       4.310833183953644E-004  2.674557004481063E-004
   56156.4991068142      -2.298638012009357E-004  2.674159704638090E-004
   56156.5195406156       2.444736672813086E-004  2.674645031562175E-004
   56156.5399744168       1.001217541667376E-004  2.674488253403115E-004
   56156.5604082175      -1.694353659685843E-004  2.674217961003205E-004
   56156.5808420180      -2.761407406115524E-005  2.674519309185989E-004
   56156.6012758179      -9.685748580423592E-005  2.674384377163847E-004
   56156.6217096177       3.505391827918203E-006  2.674489538469992E-004
   56156.6421434170      -4.283134966599489E-004  2.674299562749930E-004
   56156.6625773163       7.252990280326443E-005  2.674461909532125E-004
   56156.6830110149       3.528575895024311E-004  2.674893263647352E-004
   56156.7034448135      -2.453099252425206E-004  2.674534087455081E-004
   56156.7238787114      -1.183738528504841E-003  2.673656386777721E-004
   56156.7443124093      -2.908345089618902E-003  2.672849578956439E-004
   56156.7647463068      -5.312007629182269E-003  2.671373251291959E-004
   56156.7851801040      -6.772052962472741E-003  2.670444147939498E-004
   56156.8056138007      -8.109854837176855E-003  2.669812537569187E-004
   56156.8260476973      -8.590045068465280E-003  2.669447578575966E-004
   56156.8464814933      -7.826665979962510E-003  2.670019433336471E-004
   56156.8669151891      -6.636396290969460E-003  2.670602639521061E-004
   56156.8873490847      -4.483659335804968E-003  2.671969522323137E-004
   56156.9077828798      -2.712695480512450E-003  2.673136363047943E-004
   56156.9282166747      -6.403846701168447E-004  2.674311985063079E-004
   56156.9486504691      -4.681076618848756E-004  2.674379451074150E-004
   56156.9690842633       1.087023456047831E-004  2.674702002860412E-004
   56156.9895180572      -1.834566189873321E-005  2.674522950208808E-004
   56157.0099518507       2.078505953513332E-004  2.674671161255352E-004
   56157.0303856439       1.409657877613490E-004  2.674677586589739E-004
   56157.0508194367       4.107345940482787E-004  2.674778035984000E-004
   56157.0712532293      -3.802207081593512E-005  2.674566428304832E-004
   56157.0916870214      -1.078641625423815E-004  2.674513526385040E-004
   56157.1121208135       4.748762393889105E-004  2.675956870666329E-004
   56157.1325546048      -2.459268990206986E-004  2.674441134284272E-004
   56157.1529883962       1.011685061946821E-004  2.674786174740891E-004
   56157.1734222871      -3.311326149487703E-004  2.674494036204064E-004
   56157.1938559776       1.356601996114204E-004  2.674733701176725E-004
   56157.2142897678      -2.547836512155621E-004  2.674519309185989E-004
   56157.2347236578      -3.184990528958265E-004  2.674607978800539E-004
   56157.2551573473      -4.418703063335805E-005  2.674511384606910E-004
   56157.2755911366      -3.427525802676135E-004  2.674579493151420E-004
   56157.2960250255       1.441344800521271E-004  2.674849571373517E-004
   56157.3164587140       2.752187312782262E-005  2.674625755559012E-004
   56206.0092082069      -2.317465238815042E-003  2.590418484990474E-004
   56206.0296411132      -4.096708344268118E-003  2.589444813619193E-004
   56206.0500741192      -5.701747017251346E-003  2.587942266612685E-004
   56206.0705072248      -7.563652738690529E-003  2.586715048602441E-004
   56206.0909401301      -7.759660444180527E-003  2.586827881213251E-004
   56206.1113731353      -8.141637699090709E-003  2.586870574633558E-004
   56206.1318062399      -6.092252701776157E-003  2.588162921892127E-004
   56206.1522391446      -4.466202762523186E-003  2.589546972874928E-004
   56206.1726722487      -3.371594622492813E-003  2.590606902381113E-004
   56206.1931051527      -1.333066011151018E-003  2.592060221260125E-004
   56206.2135381562      -3.839971192159952E-004  2.592860069420157E-004
   56206.2339712594      -6.933916391860251E-005  2.592991199211099E-004
   56206.2544041625       7.271677595666048E-005  2.593258686558734E-004
   56206.2748371653      -8.117948339636527E-005  2.593133220180691E-004
   56206.2952702676       3.484346150561812E-004  2.593675600877444E-004
   56206.3157032699       6.051626236014407E-005  2.593094229761125E-004
   56206.3361361715       7.161876298287240E-004  2.593726789417097E-004
   56206.3565692731       9.770904337402797E-006  2.593059377989446E-004
   56206.3770022743       6.718483790448815E-004  2.593584332800359E-004
   56206.3974351755       5.937529331629943E-004  2.593933939635014E-004
   56206.4178682762       1.006957853166845E-005  2.593155002537990E-004
   56206.4383012764       1.978348700859556E-005  2.593289617506099E-004
   56206.4587343766      -2.802422233442181E-004  2.592912129254102E-004
   56206.4791672764      -8.987258072634674E-005  2.593305954274074E-004
   56206.4996002759      -5.409448087760893E-004  2.593001436919030E-004
   56206.5200333750      -6.731204318335404E-004  2.592800603584730E-004
   56206.5404662740       5.397565144349414E-005  2.593372390463837E-004
   56206.5608992726      -6.572885928335381E-005  2.593576708975305E-004
   56206.5813323710       7.032131760009719E-005  2.593466925894516E-004
   56254.8638657707       1.714810727202476E-004  2.637020313667395E-004
   56254.8842983237      -4.515581568125260E-004  2.636609062761583E-004
   56254.9047309765       1.703936822714525E-004  2.637252513596206E-004
   56254.9251634293       2.775972087778467E-004  2.637183681347140E-004
   56254.9455959822       3.079488863639845E-004  2.637059739734107E-004
   56254.9660286349       2.245354114436271E-004  2.637212869705921E-004
   56254.9864611875      -3.884661386235333E-004  2.636463992261970E-004
   56255.0068936401       1.619529479406356E-004  2.637217008353808E-004
   56255.0273262926       8.327869627744455E-005  2.637011818548048E-004
   56255.0477588452       1.681534821584840E-005  2.637192394290060E-004
   56255.0681914976      -8.969477337306131E-006  2.637203721115855E-004
   56255.0886239500      -1.403475391758002E-004  2.637237048122523E-004
   56255.1090565024      -1.200739189327615E-004  2.636819480333095E-004
   56255.1294891546      -3.259925822698406E-004  2.637057125851231E-004
   56255.1499216069      -2.049256782197251E-004  2.637209384528753E-004
   56255.1703541590      -4.526033413989605E-004  2.636731261786033E-004
   56255.1907868112      -1.644657348455203E-004  2.636883302639982E-004
   56255.2112192632      -7.116264160378361E-005  2.637239662005399E-004
   56255.2316518153      -1.530004680889707E-004  2.636968471657022E-004
   56255.2520844672      -4.414540409376499E-004  2.636731479609606E-004
   56255.2725169191      -2.179266041468342E-003  2.635498162539317E-004
   56255.2929495710      -4.456737449065717E-003  2.633921773341564E-004
   56255.3133821228      -6.298657555593223E-003  2.632265225068950E-004
   56255.3338145745      -7.864287368883005E-003  2.630832817252945E-004
   56255.3542472261      -8.992260673678310E-003  2.630362753982425E-004
   56255.3746797778      -8.291074308741431E-003  2.630767905828193E-004
   56255.3951123294      -6.753202989311924E-003  2.632133877454435E-004
   56255.4155448810      -5.270855013964737E-003  2.633177252369073E-004
   56255.4359774324      -2.937638068711057E-003  2.635133961525272E-004
   56255.4564099838      -1.125338599536452E-003  2.636280366989936E-004
   56255.4768425353       1.992550368952184E-004  2.637314157667363E-004
   56255.4972750866      -2.499413784347038E-004  2.637286494073593E-004
   56255.5177075378      -4.553559874937996E-004  2.636677241539930E-004
   56255.5381401891      -2.567652016191024E-004  2.636754351084770E-004
   56255.5585727403      -1.906081239038127E-004  2.637029897904607E-004
   56255.5790053914       2.277641008223696E-004  2.637499525527981E-004
   56255.5994378425      -3.154220661182316E-004  2.637154710811932E-004
   56255.6198703934      -6.066374254273255E-004  2.636932095120333E-004
   56255.6403030444       1.407585435768688E-004  2.637593407487941E-004
   56255.6607354954       1.853142670760199E-005  2.637354672851940E-004
   56255.6811680463      -9.852138331623017E-005  2.637372752208498E-004
   56255.7016006970      -1.586856143804827E-004  2.637361643206276E-004
   56255.7220331479      -2.133963493022861E-004  2.637362078853422E-004
   56255.7424656985      -3.707215507318118E-004  2.637158413812673E-004
   56255.7628983493       1.999441740510033E-004  2.637843468949737E-004
   56255.7833307999       2.431465226977458E-004  2.637841726361153E-004
   56255.8037634504      -1.540563303144005E-004  2.637322434963137E-004
   56255.8241960009       5.330468927591259E-004  2.638113570180249E-004
   56255.8446284515      -1.417159619097053E-004  2.637366217501309E-004
   56304.6172850357      -6.995684417156589E-003  2.467315507480813E-004
   56304.6785835788      -4.150571547352655E-003  2.469140943286010E-004
   56304.6990163937      -2.304786085141952E-003  2.469575031125088E-004
   56304.7398820242       1.004783937398779E-003  2.471976135411335E-004
   56304.7603148399       1.265647318555940E-003  2.471570483010180E-004
   56304.7807475558       1.291275110144374E-003  2.471553978525232E-004
   56304.8011804720       1.029309972473857E-003  2.471606872416755E-004
   56304.8216132884       1.273886434518090E-003  2.471907333582512E-004
   56304.8420461052       1.099101200346952E-003  2.471749248455591E-004
   56304.8624789222       1.175063959479417E-003  2.471869949929857E-004
   56304.8829117394       1.368338986638573E-003  2.471676270793227E-004
   56304.9033446568       1.363321852057897E-003  2.471869154532991E-004
   56304.9237773745       1.037317109072733E-003  2.472293498760474E-004
   56304.9442101926       1.019625647713296E-003  2.472086894424788E-004
   56304.9646431108       8.678914673332372E-004  2.471949887314790E-004
   56304.9850759293       5.395509756360717E-004  2.471781263179408E-004
   56305.0055086482       1.318222395703339E-003  2.472241599115032E-004
   56305.0259415672       6.533640349113412E-004  2.472159474388720E-004
   56305.0463743865       2.195267664661937E-004  2.472550014249439E-004
   56305.0668072061       1.173039532425202E-003  2.472640490642834E-004
   56305.0872400259       1.212077386041344E-003  2.472887660218636E-004
   56305.1076728461       8.966447224116880E-004  2.472876922360958E-004
   56353.4117685111       2.058326275713451E-004  2.513656919629985E-004
   56353.4322021381       2.453488115237157E-004  2.513442361325649E-004
   56353.4526357655      -2.349014210853984E-004  2.513066934005364E-004
   56353.4730693935       2.256639229925028E-005  2.513247489093722E-004
   56353.4935030217       1.095742460075488E-004  2.513448326802137E-004
   56353.5139366503      -1.355745637917627E-004  2.513474376049465E-004
   56353.5343702792      -3.834166872510592E-004  2.513484119661062E-004
   56353.5548040085       1.251560032278221E-004  2.513682968877314E-004
   56353.5752375381       8.716412508791294E-005  2.513381115767043E-004
   56353.5956712683      -2.790762196311913E-004  2.513369781361717E-004
   56353.6161048986       3.173065809960463E-004  2.513607803873571E-004
   56353.6365384296       1.170497715317076E-004  2.513558688117157E-004
   56353.6569721608       3.974208925061617E-005  2.513404778823777E-004
   56353.6774056922      -1.585339570118194E-004  2.513356259615012E-004
   56353.6978393241      -1.038651867715235E-004  2.513335778145738E-004
   56353.7182730565       4.997147367109545E-004  2.514048652586002E-004
   56353.7387065891      -3.907815203948450E-004  2.513330011518466E-004
   56353.7591403221      -2.994530693131159E-004  2.513257829252967E-004
   56353.7795739557       2.460495913192418E-005  2.513377138782718E-004
   56353.8000074894      -2.153839337902475E-003  2.511990364348575E-004
   56353.8204412236      -4.305252635402712E-003  2.509953949524935E-004
   56353.8408748581      -6.215483996564131E-003  2.508796448237129E-004
   56353.8613083930      -7.907302340804501E-003  2.507823280172791E-004
   56353.8817421284      -8.456626730295902E-003  2.507331724910215E-004
   56353.9021757640      -8.745786236010855E-003  2.507157532996778E-004
   56353.9226094001      -7.622822762938020E-003  2.507876571762746E-004
   56353.9430430365      -6.074490858632098E-003  2.508949562133644E-004
   56353.9634766732      -3.904131834318814E-003  2.510658074599684E-004
   56353.9839104105      -1.466522707076812E-003  2.512397607543459E-004
   56354.0043439480       1.006391546261032E-004  2.513245102903127E-004
   56354.0247775859      -2.350404194261246E-004  2.513361827393067E-004
   56354.0452113241      -1.364067015050541E-004  2.513372167552312E-004
   56354.0656449628      -1.094144308264600E-004  2.513376343385853E-004
   56354.0860785019       1.736956162035064E-005  2.513699672211479E-004
   56354.1065122412      -2.168921917600208E-005  2.513464831287085E-004
   56354.1269458810      -1.312358534777402E-005  2.513562267403049E-004
   56354.1473795211      -5.630109915166770E-006  2.513423072951673E-004
   56354.1678131616      -2.598464193143135E-004  2.513015829756788E-004
   56354.1882468026      -8.934483629374768E-006  2.513227803021313E-004
   56354.2086805438      -4.368579433811082E-005  2.513336374693387E-004
   56354.2291140855      -3.477561572277077E-004  2.513423669499321E-004
   56354.2495477274      -1.990367098418933E-004  2.513554512283615E-004
   56354.2699813697      -1.249274291770242E-005  2.513259420046697E-004
   56354.2904150126      -1.548185034691008E-004  2.513160194287787E-004
   56354.3108487557       7.063260861417398E-005  2.513503606884255E-004
   56354.3312822992       3.279523170449661E-004  2.513705836537183E-004
   56354.3517159430      -5.291945184811020E-004  2.512985405826701E-004
   56354.3721496872      -3.920064094387055E-005  2.512883595027980E-004
   56402.6782176882      -2.166068711532132E-004  2.536274148339333E-004
   56402.6986520717       6.867568329771423E-005  2.535286329873891E-004
   56402.7190863553      -1.949204325633058E-004  2.536081669005993E-004
   56402.7395208391       1.713278681929609E-004  2.536752320268070E-004
   56402.7599552232      -2.075772636356277E-005  2.536033448292504E-004
   56402.7803895074       6.942501974838144E-005  2.536339720439265E-004
   56402.8008239919       3.424751058023201E-004  2.535342217479064E-004
   56402.8212583765      -2.736674874314060E-004  2.535912997388936E-004
   56402.8416926615       3.114533475583325E-004  2.536066133462317E-004
   56402.8621271466      -4.306563645996020E-004  2.535781651428764E-004
   56402.8825615320      -1.073448738510008E-004  2.536052413761408E-004
   56402.9029959175       8.252607516467947E-005  2.535311751672634E-004
   56402.9234303033       1.015403136930271E-004  2.536141793577623E-004
   56402.9438646894      -1.986600134947780E-004  2.536456741417606E-004
   56402.9642990756       1.226901491422350E-004  2.535833907348402E-004
   56402.9847334620      -1.241518183113799E-004  2.536119801704108E-004
   56403.0051678488       6.757571596516243E-005  2.535054709040899E-004
   56403.0256022356      -1.908367454568349E-004  2.535837740794245E-004
   56403.0460366227      -9.568066967213795E-005  2.536309859913758E-004
   56403.0664711100      -1.686949974350482E-003  2.534127015147087E-004
   56403.0869053975      -4.048333337116627E-003  2.534248676612500E-004
   56403.1073397853      -5.490069350670312E-003  2.533014508811620E-004
   56403.1277742732      -8.047507253261532E-003  2.531092741882834E-004
   56403.1482086615      -8.540406602362660E-003  2.530230216568339E-004
   56403.1686429498      -8.838386387284514E-003  2.530357123801746E-004
   56403.1890774384      -7.752027194576128E-003  2.531132690423716E-004
   56403.2095118273      -5.946005838249779E-003  2.532765133071569E-004
   56403.2299461163      -3.986096524843941E-003  2.533756381462239E-004
   56403.2503806056      -1.732163995636360E-003  2.534993979188346E-004
   56403.2708149950      -4.428503448752341E-004  2.536042123985726E-004
   56403.2912494848       7.245980047088096E-007  2.536032237730659E-004
   56403.3116837747      -2.647046345526372E-004  2.535801625699205E-004
   56403.3321181649      -1.754712147652437E-004  2.536481356175119E-004
   56403.3525526553      -7.638897760663399E-004  2.534687101760663E-004
   56403.3729869457      -1.559268122645063E-004  2.535383578342098E-004
   56403.3934213365      -3.247575441156503E-005  2.535635576966146E-004
   56403.4138558276       4.681954592340443E-004  2.535932568138762E-004
   56403.4342901187      -3.997114337073171E-005  2.535871031244980E-004
   56403.4547246102      -8.333945993566072E-005  2.535839354876704E-004
   56403.4751590019       3.107360100718104E-005  2.535316593920013E-004
   56403.4955932937       2.294910884697021E-004  2.535426351527285E-004
   56403.5160277858       4.179243887425521E-004  2.535461861341402E-004
   56403.5364621780       1.718037994569155E-004  2.535370665682419E-004
   56403.5568964706       6.916791188260607E-004  2.536048378555258E-004
   56403.5773309632       1.792091720087541E-005  2.535733632475583E-004
   56403.5977653563       5.792838662610489E-004  2.535914207950781E-004
   56403.6181996494      -2.390160680233455E-004  2.536502944528020E-004
   56403.6386341428      -4.500575568174847E-004  2.535208046874587E-004
