   55081.0783730942       1.730362232177374E-005  3.767745685833165E-004
   55081.0988059616       8.220091977190203E-004  3.768072967383823E-004
   55081.1192390286       8.048471951936920E-004  3.767917400988856E-004
   55081.1396719953      -1.375214976097050E-004  3.768143752784994E-004
   55081.1601049617      -1.634196166409030E-004  3.769457454469831E-004
   55081.1805378277       2.236491860317935E-004  3.769328802676069E-004
   55081.2009708935      -3.843299613448536E-005  3.768112531847596E-004
   55081.2214038590      -9.934845335698439E-004  3.767418404282507E-004
   55081.2418367244       6.438611121383220E-004  3.769136632423462E-004
   55081.2622697892       3.172922817692436E-004  3.768521902931930E-004
   55081.2827027538       8.200829207827276E-005  3.768119529643909E-004
   55081.3031356182      -7.256468925542769E-005  3.768034748650112E-004
   55081.3235685821      -1.013433009797060E-003  3.767042138157656E-004
   55081.5074652447      -5.683078930901586E-003  3.762658287913314E-004
   55081.5278982055      -8.965250877502884E-004  3.766894107851025E-004
   55081.5483311662      -8.388954224256562E-004  3.766726160739504E-004
   55081.5687641266      -8.046254950559995E-004  3.766960048623979E-004
   55081.5891970868       1.681339646392166E-004  3.767440474255496E-004
   55081.6096299467      -4.907615130639309E-004  3.767123151107284E-004
   55081.6300630062      -7.160680546745013E-004  3.767006880030076E-004
   55081.6504959652      -6.273712749620408E-004  3.766890070660845E-004
   55081.6709288242       2.878635339941260E-004  3.767679206768188E-004
   55081.6913618828      -2.627020136157787E-004  3.767504261860353E-004
   55081.7117947411      -7.558808730594446E-004  3.766942015841171E-004
   55081.7322276992      -2.275311812360847E-004  3.767262837887540E-004
   55081.7526606568      -1.086920900931321E-003  3.766802598206927E-004
   55081.7730937144       4.987439590631304E-005  3.767610305389102E-004
   55081.7935265716      -5.046489179607594E-004  3.767112923558826E-004
   55651.0079479293      -8.388067858475790E-004  2.840804143343029E-004
   55651.0283823878      -7.264827930228979E-004  2.840409011258560E-004
   55651.0488167464      -4.464867579407894E-004  2.840829597366532E-004
   55651.0692513053      -7.650877009579560E-004  2.840253908236841E-004
   55651.0896857645      -5.441646854043025E-004  2.840560545959226E-004
   55651.1101201237      -4.859623390209844E-004  2.840764653923389E-004
   55651.1305546832      -2.918714949874390E-004  2.840787491178121E-004
   55651.1509891430      -8.829024588568046E-004  2.840409724922770E-004
   55651.1714237029      -4.354916665869624E-004  2.840962814685800E-004
   55651.1918580631      -5.148921623921998E-004  2.840984938276320E-004
   55651.2122925234      -4.445628662950174E-004  2.840720882518487E-004
   55651.2327270840      -2.478376250698577E-004  2.840870989890733E-004
   55651.2531614447      -4.361267421894022E-004  2.840697093711475E-004
   55651.2735959057      -5.909051512136276E-004  2.840384746675408E-004
   55651.2940304670      -1.972475936784512E-003  2.839392277646866E-004
   55651.3144649283      -7.047341956843867E-003  2.835903649098553E-004
   55651.3348993899      -1.298887469003152E-002  2.831267210611911E-004
   55651.3553338517      -1.761515037370476E-002  2.827312321446163E-004
   55651.3757683138      -1.921683022988052E-002  2.826504215671964E-004
   55651.3962027761      -1.648541570503492E-002  2.828393760612929E-004
   55651.4166372385      -1.209864891422363E-002  2.831932345655967E-004
   55651.4370717011      -5.807856885014062E-003  2.836710327544331E-004
   55651.4575061640      -7.957477837775562E-004  2.839907305318676E-004
   55651.4779406271      -2.922077011613400E-005  2.840751332191462E-004
   55651.4983750904       2.740147012337824E-004  2.840799147693557E-004
   55651.5188096539       1.049241576383086E-003  2.841030612785784E-004
   55651.5392440176      -1.566219037130168E-006  2.840562686951857E-004
   55651.5596785815       5.076790023205158E-004  2.841267549303623E-004
   55651.5801129457       3.654150476976037E-004  2.840799385581627E-004
   55651.6005474100       3.890856101157469E-004  2.840787966954261E-004
   55651.6414163393       5.529841352870379E-004  2.841137186641198E-004
   55651.6618508042       5.362867393995385E-004  2.840767270692161E-004
   55651.6822853694       7.215491363307125E-004  2.841024427695961E-004
   55651.7027197349       2.757727694066014E-004  2.840851245180913E-004
   55651.7231543004       3.292692011763743E-004  2.840932365012824E-004
   55651.7435887662       2.171847136372973E-004  2.841285866685023E-004
   56220.9453102390       5.245245103738805E-004  3.200082269219294E-004
   56220.9657428067       1.894881420380079E-004  3.199477005583683E-004
   56220.9861755744      -2.096845532760794E-004  3.199679429020872E-004
   56221.0066082417       6.743565335953772E-005  3.199606185348432E-004
   56221.0270408090       2.416605372709268E-004  3.199458192996584E-004
   56221.0474735758       6.338838465397290E-004  3.200130429442268E-004
   56221.0679062426       2.933650071953453E-004  3.199479012259641E-004
   56221.0883389092       1.152690027832581E-003  3.200332351210468E-004
   56221.1087715758       6.146116152790926E-004  3.200240044116434E-004
   56221.1292042419      -3.291695245747350E-004  3.198834869277358E-004
   56221.1496369080       8.595922602261385E-005  3.199639797170717E-004
   56221.1700695737      -1.634798036557195E-004  3.199213127695303E-004
   56221.1905022393       1.065929510201125E-004  3.199283361353807E-004
   56221.2109349048      -1.303369817861055E-004  3.199629011287446E-004
   56221.2313675699       1.699671626730348E-004  3.199237458641285E-004
   56221.3948289849       5.458916239079459E-004  3.199942052736780E-004
   56221.4152615484       7.602494947253069E-004  3.200495142797501E-004
   56221.4356943115       2.695050462989679E-004  3.199605432844949E-004
   56221.4561269746       6.475491990612925E-004  3.200687532854904E-004
   56221.4765595377      -1.573055507002596E-004  3.198920654674531E-004
   56221.4969923003       4.767850855639244E-004  3.199785532012113E-004
   56221.5174249627       5.712864704821019E-005  3.199310702313725E-004
   56221.5378575251       2.152493255905830E-004  3.198775421502124E-004
   56221.5582902873       4.494159130886688E-004  3.199871066574792E-004
   56221.5787229492       4.019019832287585E-004  3.198987125815616E-004
   56221.5991557109      -2.376005228266198E-005  3.199243729503651E-004
   56221.6195882726       1.760067201006521E-005  3.199451671299723E-004
   56221.6400209338       9.819103158037468E-005  3.198993396677982E-004
   56221.6604536950       2.172933548129086E-004  3.199953340289039E-004
   56221.6808862560      -4.246185937162306E-005  3.199118813925312E-004
