   54969.6322735208      -6.078726519220812E-005  4.946274789247544E-005
   54969.6527078123      -2.112635203325164E-004  4.945873963385842E-005
   54969.6731421035      -9.264109941331533E-005  4.946182707630666E-005
   54969.6935764946      -1.701359902488431E-004  4.946250715622216E-005
   54969.7140106856      -7.406404527643407E-005  4.946791168510817E-005
   54969.7344449764      -1.902693327123783E-004  4.945292284413868E-005
   54969.7548791672      -8.172886570401161E-005  4.947318681825804E-005
   54969.7753135578      -1.403545465941125E-004  4.947126092823185E-005
   54969.7957478482      -1.024492304457780E-004  4.946596773986298E-005
   54969.8161820385      -7.041167266275128E-005  4.944474984834001E-005
   54969.8366164286      -1.335988527523257E-004  4.943803932527999E-005
   54969.8570507185      -1.534133995597653E-004  4.945716281139947E-005
   54969.8979191980      -6.313151792607385E-004  4.944692851143214E-005
   54969.9183535877      -8.299349266110978E-004  4.942645690229433E-005
   54969.9387878771      -8.105969738509966E-004  4.944744910357985E-005
   54969.9592220662      -8.514532081692616E-004  4.944737688270387E-005
   54969.9796564554      -7.687301233317845E-004  4.944619727506282E-005
   54970.0000907444      -5.710532236855581E-004  4.944504775945344E-005
   54970.0205249333      -1.297373477774366E-004  4.945316057118878E-005
   54970.0409592218      -4.942814416919461E-005  4.945024766252417E-005
   54970.0613936105      -2.239542803016414E-004  4.941051715312440E-005
   54970.0818277987      -1.137444310009839E-004  4.946310899685535E-005
   54970.1022620870      -1.670805788192009E-004  4.944076867255149E-005
   54970.1226964752      -7.116145050833911E-005  4.941935518282274E-005
   54970.1431307630      -1.408088801553298E-004  4.943762405524309E-005
   54970.1635649510      -8.639028355128531E-005  4.944833380931064E-005
   54970.1839992386      -8.198015423255267E-005  4.945425893034435E-005
   54970.2044336261      -1.186324492709057E-004  4.944291724361196E-005
   54970.2248678135      -4.027066232603627E-005  4.946004261882927E-005
   54970.2453021008       5.513451629246546E-006  4.943350144690577E-005
   55035.3478819364      -2.543445482694473E-005  5.090981956557170E-005
   55035.3683155989      -3.548848968981666E-005  5.090971789535697E-005
   55035.3887490610      -7.106374913301572E-006  5.091348585513298E-005
   55035.4091826230      -7.335517709239348E-005  5.091042034411325E-005
   55035.4296162846      -1.283985410303057E-004  5.091026013650217E-005
   55035.4500497460      -6.532534915448807E-005  5.091015538537185E-005
   55035.4909168677      -1.363692801578109E-004  5.091429921685077E-005
   55035.5113504281      -2.258913550303721E-004  5.090323564893938E-005
   55035.5317839886      -1.507525767785456E-005  5.091325786737875E-005
   55035.5522175485      -7.117186207905579E-005  5.090233602158484E-005
   55035.5726512082      -2.535369861308423E-004  5.090847936728669E-005
   55035.5930846675      -3.907695151439405E-004  5.089883610146583E-005
   55035.6135182267      -5.397212804062468E-004  5.090247774370233E-005
   55035.6339516858      -6.967108163170588E-004  5.089382345178835E-005
   55035.6543853443      -7.649564172531598E-004  5.089883610146583E-005
   55035.6748189026      -7.196773041736604E-004  5.089766227262311E-005
   55035.6952523607      -4.848463262618896E-004  5.090985345564327E-005
   55035.7156860186      -2.134907007615983E-004  5.091068530285465E-005
   55035.7361195760      -8.806142757922242E-005  5.091357212076972E-005
   55035.7565531334      -8.652406189757489E-005  5.091418214205806E-005
   55035.7769865903      -2.019360528325853E-004  5.090612862868563E-005
   55035.7974202470      -6.585793720170763E-005  5.091184372711939E-005
   55035.8178538035      -9.646720215439331E-005  5.091208095762042E-005
   55035.8382872597      -3.496374708522598E-005  5.091286967201344E-005
   55035.8587209157       6.238290784388312E-006  5.090921262519895E-005
   55035.8791544712      -8.535428961187197E-005  5.091234283544623E-005
   55035.8995879267       9.955648239068360E-005  5.090952379767431E-005
   55035.9200214818      -1.274223082492476E-005  5.089718164978986E-005
   55035.9404551366      -4.575214008084583E-005  5.090716381632646E-005
   55101.0404748101       1.473715910149664E-004  4.814453619691811E-005
   55101.0609077549       1.567464047720346E-004  4.814623486691997E-005
   55101.0813405996       6.713395146573653E-005  4.814505251927479E-005
   55101.1017733442       7.166624115595432E-005  4.814716974645338E-005
   55101.1222062887       6.940820481027288E-005  4.814237008714954E-005
   55101.1426391329       1.294376087808136E-004  4.814623181175810E-005
   55101.1630718771       1.677839487197463E-004  4.814921059458511E-005
   55101.1835047211       8.973460129402255E-006  4.814442621109065E-005
   55101.2039376651       1.047414374006905E-004  4.814787243368436E-005
   55101.2243704089       1.988170590307980E-004  4.814728278744271E-005
   55101.2448032526       8.001950560676541E-005  4.814657704504984E-005
   55101.2652361961       7.569435767851296E-005  4.814867899641906E-005
   55101.2856689395      -1.426793823049444E-004  4.814118773950435E-005
   55101.3061017828      -3.170537332971568E-004  4.813757348300758E-005
   55101.3265347260      -5.400918893140316E-004  4.813499187122417E-005
   55101.3469674689      -5.873841183750006E-004  4.813331458735542E-005
   55101.3674003119      -6.255852868017886E-004  4.813414864654698E-005
   55101.3878331546      -4.963818369161377E-004  4.813655000377984E-005
   55101.4082660973      -2.508313265325857E-004  4.814225704616021E-005
   55101.4286988398      -1.976371901901697E-005  4.814992244730172E-005
   55101.4491316822       8.978061245112912E-006  4.815031045285970E-005
   55101.4695646246       8.518606586216393E-005  4.815287984399562E-005
   55101.4899973667       1.804933671427644E-004  4.815442575590379E-005
   55101.5104302087       1.263857222091325E-004  4.815252239005638E-005
   55101.5308629505       3.880968544311969E-007  4.814849874186850E-005
   55101.5512958923       9.844851818896494E-005  4.815236046647706E-005
   55101.5717287340       9.998208189077040E-005  4.815110173978503E-005
   55101.5921615755       5.553441671035664E-005  4.815288595431936E-005
   55101.6125944168       5.798764110909183E-005  4.815216493611713E-005
   55101.6330272582       4.954368671539200E-005  4.815432188040008E-005
   55101.6534600992       9.891740564493823E-005  4.815218937741212E-005
   55166.7523819410      -2.259355205513902E-005  4.815068929293206E-005
   55166.7728147929       5.461099822401394E-005  4.814765246202944E-005
   55166.7932477450       1.057559637740457E-004  4.815315786372614E-005
   55166.8136806973       5.743355062115540E-005  4.814491503699047E-005
   55166.8341137498       6.098794869546786E-005  4.815193274381472E-005
   55166.8545466025       5.993154676908752E-005  4.815207633642279E-005
   55166.8749795553       8.652936662856270E-005  4.815663158277672E-005
   55166.8954125084       4.013634907784613E-005  4.815501540214544E-005
   55166.9158454617      -2.260338969650721E-005  4.813891775423208E-005
   55166.9362784152      -1.149766352637194E-005  4.814734389068019E-005
   55166.9567113688      -4.669119444300485E-005  4.814790604046498E-005
   55166.9771443227      -4.084840386320288E-005  4.813666609993105E-005
   55166.9975772768      -4.397048297531958E-004  4.813899107811705E-005
   55167.0180102310      -6.343071354130148E-004  4.813821506700109E-005
   55167.0384431855      -6.589993429519936E-004  4.813412115009012E-005
   55167.0588760402      -7.230353725807825E-004  4.812889682328582E-005
   55167.0793089950      -6.938485434865305E-004  4.813725880133457E-005
   55167.0997420501      -4.421779834532513E-004  4.813491854733919E-005
   55167.1201750053      -2.343131915788499E-004  4.814116635337124E-005
   55167.1406078609       1.761366347419191E-005  4.814478060986802E-005
   55167.1610409165       7.640033191158579E-005  4.815869687220345E-005
   55167.1814738723       5.866104920748683E-005  4.814867288609531E-005
   55167.2019067284      -5.138628724110639E-005  4.814902117454893E-005
   55167.2223397846      -1.062373311333520E-005  4.814647316954614E-005
   55167.2427727411      -6.698853055997489E-005  4.813711826388838E-005
   55167.2632055977      -1.781825770585943E-005  4.814373268934528E-005
   55167.2836386546       2.344814616761504E-005  4.815297455401371E-005
   55167.3040716116       7.534069731485182E-005  4.814484782342924E-005
   55167.3245044689      -1.656303806233383E-004  4.813955933822559E-005
   55167.3449374264      -5.736333980654873E-005  4.813916827750573E-005
   55167.3653704840      -7.175991683894267E-005  4.815215882579339E-005
   55298.1620656970      -7.333835328260374E-005  5.049682547953037E-005
   55298.1825002057       1.146808091117002E-004  5.050443119421828E-005
   55298.2029345146      -6.640344681752008E-005  5.050535079978509E-005
   55298.2233689235       5.558061356603083E-005  5.049155368128101E-005
   55298.2438034324      -1.287645237035839E-005  5.050623095032759E-005
   55298.2642378413       3.951550037850637E-006  5.050356014868139E-005
   55298.2846721503      -2.898539362583552E-005  5.050027627665733E-005
   55298.3051066593      -1.691876769049916E-005  5.049282534706483E-005
   55298.3255410683      -2.625664924138515E-005  5.049888624580056E-005
   55298.3664098865      -3.108473913926435E-005  5.050332645353735E-005
   55298.3868442957       3.748391488933578E-005  5.050067386190238E-005
   55298.4072786048      -4.660129761903109E-004  5.049715932973615E-005
   55298.4277131140      -6.217374942937282E-004  5.049011509039432E-005
   55298.4481475233      -6.551019722748075E-004  5.047937725377588E-005
   55298.4685818326      -6.841144828443335E-004  5.048609978291942E-005
   55298.4890162418      -6.619842500232842E-004  5.046956812772987E-005
   55298.5094507512      -5.952131534638916E-004  5.047413580554523E-005
   55298.5298850606      -2.768118403546627E-004  5.048191148033789E-005
   55298.5503194700      -1.147088185738943E-004  5.050320201846066E-005
   55298.5707539794      -2.031368930222044E-005  5.050324450848684E-005
   55298.5911883888       6.290741964898316E-005  5.049694080960146E-005
   55298.6116226983       1.371656394910659E-005  5.050848595671750E-005
   55298.6320572079       4.337331704795666E-005  5.049617295412818E-005
   55298.6524916174       3.750971025917593E-005  5.050062226687059E-005
   55298.6729259270       1.708918834644191E-004  5.048429092180450E-005
   55298.6933604367       9.585618334306822E-005  5.049646734930963E-005
   55298.7137948463       5.761713711405214E-005  5.050168755252719E-005
   55298.7342291560       6.094903777853489E-005  5.049920188599511E-005
   55298.7546636657       5.590145104972244E-005  5.049765100003920E-005
   55298.7750980754       9.474719111324248E-005  5.049939309111296E-005
   55363.8788158709      -2.238115603425683E-005  4.964034188162293E-005
   55363.8992500496       7.089955918271329E-005  4.963392892267021E-005
   55363.9196841281       1.466636617641903E-005  4.963538875857000E-005
   55363.9401181063       1.512081348653549E-004  4.964078195689418E-005
   55363.9605522843       3.977085645145984E-005  4.963398658770575E-005
   55363.9809863621       5.159812889243831E-005  4.963432043791152E-005
   55364.0014203396       6.248827597521434E-005  4.963263904687517E-005
   55364.0218545169       1.875296769937584E-005  4.963070575068355E-005
   55364.0422884942       5.321850818362783E-005  4.963351616241579E-005
   55364.0627225711       4.399205579819210E-005  4.963073913570413E-005
   55364.0831567479       3.323277806943636E-006  4.963268760690510E-005
   55364.1035907243      -1.516562841284985E-004  4.963082411575651E-005
   55364.1240248006      -4.269923209103688E-004  4.961665672702421E-005
   55364.1444589768      -5.819640809787696E-004  4.961402841540421E-005
   55364.1648929525      -5.514619599645831E-004  4.961873873830749E-005
   55364.1853270281      -5.364636979159343E-004  4.961757026258728E-005
   55364.2057612036      -6.400929417400558E-004  4.960812230176388E-005
   55364.2261951788      -4.672135764004492E-004  4.961612256669497E-005
   55364.2466293540       1.022897204905338E-004  4.963120956099408E-005
   55364.2670634287       2.607026038381477E-005  4.962635052299914E-005
   55364.2874975032       6.756724161549599E-005  4.962799852901491E-005
   55364.3079315777       5.985730233648567E-005  4.963007750529632E-005
   55364.3283656518       5.103104825954219E-005  4.962806529905607E-005
   55364.3487997256       1.192322732745943E-005  4.962300291593579E-005
   55364.3692338994      -1.755501169431462E-005  4.962453559188048E-005
   55364.3896678730       6.382988116926391E-005  4.962453559188048E-005
   55364.4101019461       2.106412597258078E-004  4.962788623394570E-005
   55364.4305361192       6.643223757296646E-005  4.962312735101248E-005
   55364.4509700921      -5.458841598748876E-007  4.962106051473856E-005
   55364.4714041647       3.251737569365254E-005  4.962208938037271E-005
   55429.5730959088      -8.739662357926115E-006  5.116455387831740E-005
   55429.5935290695      -1.196915589680714E-004  5.118420414171711E-005
   55429.6139623301      -2.231281227449422E-005  5.116500918164002E-005
   55429.6343956904      -6.838512525886298E-005  5.116800162347766E-005
   55429.6548288504      -2.602932925166446E-005  5.116468889930273E-005
   55429.6752621100       6.171209287897383E-005  5.117636350449930E-005
   55429.6956954697       3.982762262588757E-005  5.117918952512246E-005
   55429.7161286290       9.264184942003872E-005  5.118124310010862E-005
   55429.7365619879       8.783152059943511E-005  5.117232229500818E-005
   55429.7569952468       7.118304839881517E-005  5.117488141368360E-005
   55429.7774284053       1.775731170829964E-004  5.117274933812457E-005
   55429.7978617637       1.413984190197226E-004  5.117314812103472E-005
   55429.8182950217      -3.376630046348916E-004  5.117340246289081E-005
   55429.8387282794      -5.834474208342710E-004  5.116815234457756E-005
   55429.8591615369      -6.623618457466396E-004  5.116256938383536E-005
   55429.8795947942      -6.553805607221186E-004  5.116714125719905E-005
   55429.9000280512      -7.327347986004762E-004  5.117223437436657E-005
   55429.9204614080      -5.209792515903366E-004  5.117267397757461E-005
   55429.9408945646      -2.885152972393890E-004  5.116214234071897E-005
   55429.9613278207      -5.079794039597463E-005  5.117020591956372E-005
   55429.9817611768      -1.350769001695618E-005  5.116966897564532E-005
   55430.0021943327      -5.764756864612419E-005  5.117956318784930E-005
   55430.0226275881      -3.306063166530482E-005  5.117481861322530E-005
   55430.0430608435       2.308476717671759E-005  5.117273677803291E-005
   55430.0634940985       3.689079830726527E-005  5.117353748387614E-005
   55430.0839273532       1.090007698640871E-004  5.117705430954052E-005
   55430.1043606077      -1.269721101029297E-004  5.116842866659404E-005
   55430.1247938621       3.626733639183755E-006  5.118280683152011E-005
   55430.1452272162      -1.792037700376614E-005  5.118280369149719E-005
   55430.1656603699      -9.535757832568326E-005  5.115962718236435E-005
   55495.2854268286      -3.692298587454346E-005  4.863282326861520E-005
   55495.3058594904      -1.191374019122726E-004  4.863936293837926E-005
   55495.3262923522       2.407941598581154E-005  4.863988894192096E-005
   55495.3467251139      -1.615881969843080E-004  4.863143904876862E-005
   55495.3671577756      -6.735228110932301E-005  4.862720641208219E-005
   55495.3875906374      -6.424299979868042E-005  4.863983972521531E-005
   55495.4080233991      -7.584256570769554E-006  4.865095962464950E-005
   55495.4284561607      -3.403712016125660E-005  4.863825556250200E-005
   55495.4488889224      -1.391618202122302E-004  4.863545636236780E-005
   55495.4693216840      -7.718969570058576E-005  4.862247853229509E-005
   55495.4897544457      -1.767226152250556E-004  4.863390296009553E-005
   55495.5101872073      -2.434538885414117E-004  4.863174357713487E-005
   55495.5306199688      -5.249130996758389E-004  4.862161416390201E-005
   55495.5510528304      -6.794029516814515E-004  4.862660350743790E-005
   55495.5714855919      -6.699648763915933E-004  4.862545306694318E-005
   55495.5919182534      -6.610743378548944E-004  4.862776932815313E-005
   55495.6123511150      -6.464683747010591E-004  4.862433953897772E-005
   55495.6327837765      -5.220393134743873E-004  4.861079571678996E-005
   55495.6532165379      -1.547085033138940E-004  4.863057160433143E-005
   55495.6736493994      -5.188258286259462E-005  4.863668985605331E-005
   55495.6940820609      -1.125967928716776E-005  4.863597621382130E-005
   55495.7349476837      -1.258216714516980E-004  4.862022686801132E-005
   55495.7553803451      -2.378579359907373E-004  4.861351493977746E-005
   55495.7758131064      -7.902670646742216E-005  4.863803101128244E-005
   55495.7962459678      -3.126346182824591E-005  4.862842760159128E-005
   55495.8166786292      -3.400150148946679E-005  4.864515820547028E-005
   55495.8371114905      -5.965081699854657E-005  4.863288478949727E-005
   55495.8575442517      -6.032493477148293E-005  4.863515491004566E-005
   55495.8779769131      -2.300861597591686E-004  4.863795718622395E-005
   55626.6919650523      -6.488489781342199E-005  4.861844033195337E-005
   55626.7123991824      -1.476886309270675E-005  4.862193971378820E-005
   55626.7328333127       5.346822787632988E-005  4.861336668592781E-005
   55626.7532674432       4.696613304289166E-005  4.863564435476644E-005
   55626.7737015739       1.029951358406667E-004  4.862035629689868E-005
   55626.7941358049       8.692952043953817E-005  4.861438873729195E-005
   55626.8145698361      -2.681531564896478E-005  4.861698200194723E-005
   55626.8350039674      -2.835057057959389E-005  4.863532095940943E-005
   55626.8554381991       9.091828389640177E-005  4.862884389957043E-005
   55626.8758722310       2.721598458443886E-005  4.862619571872245E-005
   55626.8963064630       5.356309038750950E-005  4.861989866195951E-005
   55626.9167405953      -4.267375564481757E-005  4.863056155604210E-005
   55626.9371746279      -4.135095258920307E-004  4.859253209259735E-005
   55626.9576088606      -3.816637182243454E-004  4.859565011198287E-005
   55626.9780429935      -4.635391177273407E-004  4.859288599695031E-005
   55626.9984770267      -4.917084749883616E-004  4.859775828360263E-005
   55627.0189112601      -4.170369564655552E-004  4.859070460374028E-005
   55627.0393453937      -2.574731054293400E-004  4.859855456839678E-005
   55627.0597794276       2.389702611260702E-005  4.861892237408929E-005
   55627.0802136616       2.006335993511854E-004  4.861837626306189E-005
   55627.1006476959       1.677876211976237E-004  4.861502027350800E-005
   55627.1210819304       9.087014466047094E-005  4.861462365656072E-005
   55627.1415160651       7.708142900031412E-005  4.861561824982851E-005
   55627.1619501000       9.202123068030588E-005  4.860859202806251E-005
   55627.1823843351       9.586477003975524E-005  4.860521468221145E-005
   55627.2028184705       1.531946259230033E-004  4.861345516201605E-005
   55627.2232526062       1.025152234468418E-004  4.860715200345393E-005
   55627.2436867420       8.738533151264605E-005  4.861228056567219E-005
   55627.2641208780      -2.231251191830985E-005  4.862013053032869E-005
   55627.2845550143       1.371244953163320E-004  4.861303108697242E-005
   55692.3883885907      -7.637089823109289E-005  4.939244019456573E-005
   55692.4088230806       3.538481797416004E-005  4.939486107516310E-005
   55692.4292573703      -5.433764414031206E-005  4.940194382784284E-005
   55692.4496918601       2.812573157484621E-006  4.939181820509234E-005
   55692.4701262497       3.780989942425705E-005  4.941043825270971E-005
   55692.4905605394       5.839092967074855E-005  4.939365673280042E-005
   55692.5109950289      -2.907257895023996E-005  4.940454154858460E-005
   55692.5314294183      -9.649350949270108E-006  4.939038519012916E-005
   55692.5518637077      -2.952008688639207E-005  4.940087973800847E-005
   55692.5722981971      -1.002962764762305E-005  4.940908755988271E-005
   55692.5927325863      -8.945033406404512E-005  4.940584955585951E-005
   55692.6131669756       1.287133367684490E-004  4.939014737062463E-005
   55692.6336013647      -4.562673086857538E-004  4.941067302324623E-005
   55692.6540357537      -5.213261789659418E-004  4.939526048997199E-005
   55692.6744702428      -6.417435424268536E-004  4.937756123069267E-005
   55692.6949045317      -5.904068334768864E-004  4.938631786680812E-005
   55692.7153389206      -6.344452025466296E-004  4.939504401324351E-005
   55692.7357734094      -5.611312449147476E-004  4.938064068837951E-005
   55692.7562076981      -1.796634320364587E-004  4.940727342391868E-005
   55692.7766420868       8.090191032783522E-005  4.941161210539232E-005
   55692.7970765754       4.240274044331471E-005  4.940182491809057E-005
   55692.8175109639       8.040833253875057E-005  4.939807163847424E-005
   55692.8379453524       8.233480794128667E-005  4.939562941510081E-005
   55692.8583797408      -2.471282301430566E-005  4.940300181974118E-005
   55692.8788141291      -6.142008127951737E-005  4.940737708883091E-005
   55692.8992485174       3.823376389999744E-005  4.940967601070802E-005
   55692.9196829055      -3.798185355763373E-005  4.939858386509937E-005
   55692.9401172936       6.293025872650126E-005  4.940307499497335E-005
   55692.9605516816      -1.001466623523628E-004  4.939288839286272E-005
   55692.9809860697      -1.964366231888004E-005  4.940136757288956E-005
   55693.0014204576       7.640247693463387E-005  4.941279815394695E-005
   55758.1046237644      -8.839693615936284E-005  5.158904614135105E-005
   55758.1250574840      -1.332106154350310E-005  5.158386975062881E-005
   55758.1454914033      -1.154331726771485E-004  5.158107050071034E-005
   55758.1659252224      -1.403758468165872E-005  5.157988351718482E-005
   55758.1863589413      -2.358760668075277E-005  5.158968089189945E-005
   55758.2067928597      -9.719280411724096E-005  5.158638971030597E-005
   55758.2272266780      -1.100446876981520E-004  5.158820509687441E-005
   55758.2476603960      -5.679704691874399E-005  5.159124555200127E-005
   55758.2680943139      -1.857930881654646E-005  5.158747830749649E-005
   55758.2885281314       2.637416393636016E-005  5.159159149105016E-005
   55758.3089620486      -1.040718827954867E-004  5.158954442053155E-005
   55758.3293957656      -2.776528302058656E-004  5.158267324584507E-005
   55758.3498295824      -6.541494994203312E-004  5.157893139136222E-005
   55758.3702634989      -7.461802004987694E-004  5.157857910480786E-005
   55758.3906972152      -6.836797903195801E-004  5.155780371935856E-005
   55758.4111310310      -7.227245177199304E-004  5.157571955358729E-005
   55758.4315649469      -6.052936644046492E-004  5.157382164944756E-005
   55758.4519986622      -5.154524174569852E-004  5.156380211204099E-005
   55758.4724324776      -2.859802081889296E-005  5.159035690123351E-005
   55758.4928663925      -2.991458555445803E-005  5.158793215413860E-005
   55758.5133001072      -3.923477993450497E-005  5.159133124332531E-005
   55758.5337339216      -6.620637036214294E-005  5.159038546500818E-005
   55758.5541678358      -7.865877330959226E-005  5.159451134357282E-005
   55758.5746016498      -1.572820270454578E-004  5.157564973102696E-005
   55758.5950354635      -8.027974387037062E-005  5.159314028238826E-005
   55758.6154692768      -6.438751291548694E-005  5.159369568911811E-005
   55758.6359030901      -2.540216944724172E-005  5.159472715875927E-005
   55758.6563369029      -8.559655613005202E-005  5.158013424365144E-005
   55758.6767707157      -4.419130721244890E-005  5.158863990100007E-005
   55758.6972044280       3.669969590092137E-005  5.159366077783796E-005
   55823.7980228969       2.571771652992716E-005  5.145426955740822E-005
   55823.8184558097      -7.242684713282266E-005  5.144337406424485E-005
   55823.8388889223      -1.353099235575916E-004  5.144863297253838E-005
   55823.8593219346      -1.462534640286339E-004  5.144252032475725E-005
   55823.8797548467       8.283594993518939E-005  5.144992468990439E-005
   55823.9001879586      -1.214353179976868E-004  5.144825846971483E-005
   55823.9206209702       4.905082392037130E-006  5.144582737511444E-005
   55823.9410538819      -7.634499675535089E-005  5.144605588531186E-005
   55823.9614869931       6.542034434975363E-005  5.144325028788791E-005
   55823.9819200042      -2.530975008707692E-005  5.144192365924175E-005
   55824.0023529152      -1.539592663502010E-005  5.143688056613467E-005
   55824.0227860259       5.202520907476860E-005  5.145180037777493E-005
   55824.0432190363      -4.376019931265906E-004  5.143271342878439E-005
   55824.0636520466      -4.937724144222777E-004  5.144087632083687E-005
   55824.0840850568      -5.995458517086272E-004  5.142545823001612E-005
   55824.1045180666      -6.739774373113461E-004  5.142777189576506E-005
   55824.1249510764      -7.212545234719370E-004  5.142543601374693E-005
   55824.1453840859      -5.880624526586331E-004  5.141871400543931E-005
   55824.1658170952      -3.199525177380869E-004  5.144335502172840E-005
   55824.1862501043       3.734311523673206E-005  5.143211358951615E-005
   55824.2066831131      -3.966828614876405E-005  5.144179670913206E-005
   55824.2271161220      -9.082943934146659E-005  5.144115878483092E-005
   55824.2475491304      -2.135294807403820E-005  5.144614792414138E-005
   55824.2679821387      -4.385572231768720E-005  5.143780730193534E-005
   55824.2884151469       4.077294566551259E-005  5.144234259460369E-005
   55824.3088482548       8.128308960353436E-006  5.143644576200901E-005
   55824.3292811625      -5.017069876611657E-005  5.144403420481519E-005
   55824.3497142701      -3.593051560946137E-005  5.144250128224079E-005
   55824.3701472774      -7.763541371674787E-005  5.144390090720003E-005
   55824.3905801846      -5.525378074633380E-006  5.144661763954720E-005
   55824.4110132916      -9.149082718595825E-005  5.144690645104673E-005
   55889.5099575740       1.104684364263697E-004  4.870466898295628E-005
   55889.5303903775       1.954774938885961E-004  4.870483060145126E-005
   55889.5508232810       1.002341146756347E-004  4.869761060599307E-005
   55889.5712559846       1.564972009946430E-004  4.869794627517495E-005
   55889.5916887883       1.557498290152282E-004  4.869598820494737E-005
   55889.6121216921       2.676678090978157E-004  4.870690366945410E-005
   55889.6325543960       1.533499451924492E-004  4.870506992114574E-005
   55889.6529873000       1.627997825273120E-004  4.870517248672908E-005
   55889.6734200041       5.451035153147821E-005  4.870363400297885E-005
   55889.6938528083       2.638558359713272E-005  4.870079324712488E-005
   55889.7142857126       1.559076754293898E-004  4.870495181532249E-005
   55889.7347184170      -5.634107166752056E-005  4.870200849388516E-005
   55889.7551512215      -3.824072745719498E-004  4.869626171316964E-005
   55889.7755841261      -4.709337315454976E-004  4.869314744909340E-005
   55889.7960168308      -4.726168049070667E-004  4.868940225127717E-005
   55889.8164497355      -4.799612114938512E-004  4.869238908538621E-005
   55889.8368825404      -4.953417117173897E-004  4.869166491020681E-005
   55889.8573153454      -4.410637245360061E-004  4.869588253131605E-005
   55889.8777481504       9.017676809230935E-005  4.869964948546814E-005
   55889.8981809556      -7.530451937687310E-006  4.870603963211559E-005
   55889.9186137609       1.328698260165684E-004  4.870853850269173E-005
   55889.9390465662      -4.198972747138097E-005  4.869736196215465E-005
   55889.9594793717       1.587851231419357E-004  4.870384845828949E-005
   55889.9799121772       1.102016577685383E-004  4.870971956092423E-005
   55890.0003450829       1.593303287408254E-004  4.870344752010004E-005
   55890.0207777887       1.068596338620331E-004  4.870109161973099E-005
   55890.0412106945       1.582630993308687E-004  4.870199295364526E-005
   55890.0616435005       1.231198114952647E-004  4.870210484337255E-005
   55890.0820762065       1.336184933056206E-004  4.870295023242319E-005
   55890.1025091126       3.214379583638127E-005  4.870106364729916E-005
   55955.2023923771      -6.376586443623822E-005  4.889740480250545E-005
   55955.2228259145       4.296682993309986E-005  4.889943215677615E-005
   55955.2432593521       8.605973540509737E-005  4.890137594071814E-005
   55955.2636929901       5.811609808237250E-005  4.890646134998036E-005
   55955.2841265284      -8.907141856306922E-006  4.890183402992739E-005
   55955.3045599669       4.685764974499129E-005  4.889816622105597E-005
   55955.3249936057       7.386997500269388E-005  4.889648552888958E-005
   55955.3454271449       1.062871809287547E-004  4.889473674238126E-005
   55955.3658607844       4.144235521730266E-005  4.888848444371437E-005
   55955.3862942241       5.868987497703593E-005  4.890563802748264E-005
   55955.4067277642      -5.599303483894147E-005  4.889801765158270E-005
   55955.4271613046       2.469790445247533E-005  4.890067023572009E-005
   55955.4475948452      -4.043202918393440E-004  4.889450769777663E-005
   55955.4680282862      -5.158438182639724E-004  4.889231010765115E-005
   55955.4884619275      -6.482143154580289E-004  4.888634875753608E-005
   55955.5088954691      -6.133960496008672E-004  4.888393759879276E-005
   55955.5293289110      -6.916054065279065E-004  4.888032859867117E-005
   55955.5497625533      -5.145506062094185E-004  4.888812230562327E-005
   55955.5701960958      -4.561198379869902E-004  4.889602743968032E-005
   55955.5906297385      -2.881988850994555E-004  4.889767408467576E-005
   55955.6110631817      -1.305821047165034E-004  4.889925573052664E-005
   55955.6314967251      -8.900022478253167E-005  4.890469399228789E-005
   55955.6519303689      -8.835604005341668E-005  4.889970453414381E-005
   55955.6723638129      -1.857817271400108E-005  4.889736146974241E-005
   55955.6927973572       1.440799248697555E-004  4.889761218072856E-005
   55955.7132310018       1.535858120496059E-004  4.890744562274079E-005
   55955.7336645467       1.424176615816286E-005  4.889534649626115E-005
   55955.7540980920       8.868482557478075E-005  4.890333520064692E-005
   55955.7745316375      -2.733652501485384E-005  4.890183402992739E-005
   55955.7949651834      -5.482535349377038E-006  4.890201664657162E-005
   55955.8153987296       8.579902682637197E-005  4.890060523657553E-005
   56020.9180728661      -5.070576251686720E-005  4.973839837605516E-005
   56020.9385070884      -7.615859290877047E-006  4.973696831911377E-005
   56020.9589414107      -1.913158116054747E-004  4.973742655241327E-005
   56020.9793758332       8.534150595762569E-006  4.974276543166112E-005
   56020.9998100558      -1.271996912333151E-004  4.973441881974944E-005
   56021.0202443786      -6.280583686080199E-005  4.973996375021251E-005
   56021.0406788015      -9.869048155741744E-005  4.974312832783120E-005
   56021.0611131245      -7.953532044169265E-005  4.974112009733070E-005
   56021.0815474476      -1.588353788251062E-004  4.973926871178508E-005
   56021.1019817709      -3.645380562655731E-005  4.972901843267615E-005
   56021.1224160943      -1.247717278969329E-004  4.972882468302603E-005
   56021.1428504178      -1.286022539856990E-004  4.971748571540687E-005
   56021.1632847415      -5.667866211102046E-004  4.972057033285250E-005
   56021.1837190653      -7.146188410658283E-004  4.970503960692988E-005
   56021.2041534893      -5.303069299286145E-004  4.973375453523473E-005
   56021.2245877133      -7.982317440059505E-004  4.971293106093333E-005
   56021.2450221375      -7.056693593163743E-004  4.972877855215695E-005
   56021.2654564618      -5.834915054011569E-004  4.972321209395498E-005
   56021.2858906862      -1.536662357259910E-004  4.973643012564120E-005
   56021.3063251108       4.483716565761853E-005  4.974128924385066E-005
   56021.3267594356      -2.052953901365839E-005  4.974435233355737E-005
   56021.3471936604      -1.380811185858200E-004  4.973037160483574E-005
   56021.3676280854      -5.041321052867698E-005  4.973170017386516E-005
   56021.3880623105       2.659086773282304E-005  4.973809083692798E-005
   56021.4084967357      -1.904716415002117E-005  4.974515808607059E-005
   56021.4289310610      -3.104444752088931E-005  4.972828033877092E-005
   56021.4493652865      -1.003504686465373E-004  4.973430503027238E-005
   56021.4697997121      -1.034735909399842E-005  4.974275928087858E-005
   56021.4902340379      -9.454937694375332E-005  4.973779867475716E-005
   56021.5106682638       8.955251507769546E-005  4.974580391823767E-005
   56086.6146013246      -1.128231766707177E-004  4.957408637118508E-005
   56086.6350355958      -4.557115693726299E-005  4.956428817459311E-005
   56086.6554698669      -3.048694277674180E-005  4.957254560015791E-005
   56086.6759041379      -8.912944411787471E-005  4.955334285705675E-005
   56086.6963385087      -6.325980927202046E-006  4.956875056732850E-005
   56086.7167726794       1.187648853788748E-004  4.956351932677516E-005
   56086.7372069498      -6.308369358820620E-005  4.955476983860686E-005
   56086.7576413203       3.565658633775115E-005  4.956217538078938E-005
   56086.7780754904       3.705185594404803E-005  4.956112359697442E-005
   56086.7985097605      -1.788198775642957E-005  4.955235873184977E-005
   56086.8189441303       1.057854006969450E-005  4.956301188721531E-005
   56086.8393783002       4.669240063037705E-005  4.955656279171833E-005
   56086.8598125698      -3.939717339822568E-004  4.955778064666196E-005
   56086.8802469392      -6.408887360560556E-004  4.954536529209768E-005
   56086.9006812086      -6.265256969917310E-004  4.955439771626298E-005
   56086.9211154778      -6.176740355867683E-004  4.954217303595755E-005
   56086.9415497467      -5.670395621973912E-004  4.955073800064953E-005
   56086.9619840156      -5.854634373041456E-004  4.954817004893757E-005
   56086.9824182843      -1.956966282831152E-004  4.955498204060462E-005
   56087.0028525527       4.733501137965668E-005  4.956739739516890E-005
   56087.0232868212      -8.551181471316838E-005  4.957137387608335E-005
   56087.0437211894       7.812373261062433E-005  4.956615493709509E-005
   56087.0641553574       1.269814358222376E-004  4.956000107916021E-005
   56087.0845896254       5.519193707415049E-005  4.957017447348734E-005
   56087.1050239932       4.690028647780231E-005  4.956254442774199E-005
   56087.1254581607      -5.660425312281614E-005  4.956532458145171E-005
   56087.1458925282       4.679740079693850E-005  4.955351815435924E-005
   56087.1663267955      -9.978686772005307E-005  4.956292577625970E-005
   56087.1867609628       6.626829794065259E-005  4.957424936692249E-005
   56087.2071953299       8.093872423686754E-005  4.954242829343311E-005
   56087.2276295967       1.135426222347302E-004  4.957421861300977E-005
   56152.3301292229      -1.087209493856323E-004  5.195656994276487E-005
   56152.3505627589      -5.408896178482614E-005  5.195825892424060E-005
   56152.3709963946      -5.841904245706964E-005  5.195578794754650E-005
   56152.3914299301      -1.605144933557456E-004  5.196088373605964E-005
   56152.4118633652      -1.849428066841297E-004  5.195827174383435E-005
   56152.4322970000      -6.068457800023630E-005  5.196009853594283E-005
   56152.4731639691      -6.371015088058041E-005  5.195286508017293E-005
   56152.4935976033      -9.261232270163511E-005  5.195487455149226E-005
   56152.5140311371      -2.071558005412033E-004  5.195145492486112E-005
   56152.5344645705      -1.276600198539812E-004  5.195151902282983E-005
   56152.5548982039      -2.533837288198892E-004  5.194836860766731E-005
   56152.5753317369      -7.032163605076303E-004  5.194736547445687E-005
   56152.5957653696      -7.547481351530827E-004  5.193142430963653E-005
   56152.6161988021      -7.877710658255044E-004  5.193088909159773E-005
   56152.6366323343      -7.103547578523051E-004  5.193674764593861E-005
   56152.6570659663      -7.776892695774418E-004  5.192392164239801E-005
   56152.6774993981      -6.820214474710928E-004  5.193113907367573E-005
   56152.6979329294      -1.188582439931585E-004  5.194358048940403E-005
   56152.7183665605      -1.008331180838429E-004  5.194504192309081E-005
   56152.7387999916      -9.641416378303180E-005  5.194577263993421E-005
   56152.7592335222      -7.169792950223464E-005  5.194648733228542E-005
   56152.7796671526      -1.140135355511829E-004  5.194133065070200E-005
   56152.8001005825      -8.541828946051488E-005  5.194296514890432E-005
   56152.8205341124      -4.159556535765496E-006  5.194805452762059E-005
   56152.8409677419       5.865019703898966E-006  5.194911214410445E-005
   56152.8614012713      -5.440784940768939E-005  5.194538164232502E-005
   56152.8818348003       1.644896929131612E-005  5.194650656167604E-005
   56152.9022683291      -4.898937955422067E-005  5.194099093146780E-005
   56152.9227017574      -1.356997209635002E-004  5.194372150493521E-005
   56218.0226600136      -5.756746266238899E-005  4.893769970902693E-005
   56218.0430927515      -3.490005132533724E-005  4.893692562845464E-005
   56218.0635255892      -3.953799601874586E-005  4.893825128060881E-005
   56218.0839585269       9.332744083501154E-005  4.894225957636575E-005
   56218.1043913644       8.421545813153131E-005  4.893830142347989E-005
   56218.1248241019      -5.142822747439268E-006  4.894089318312883E-005
   56218.1452570391      -1.752490870565726E-005  4.893903476296943E-005
   56218.1656898763       3.518665383350772E-005  4.893944844165584E-005
   56218.1861227134       1.026515594793054E-004  4.893933562019591E-005
   56218.2065555503       1.179712640753117E-004  4.894267012112272E-005
   56218.2269883871      -6.688357866768690E-006  4.893657776228653E-005
   56218.2474213237       2.968146257242843E-005  4.893947351309138E-005
   56218.2678540603      -2.620913611108833E-004  4.893341876140850E-005
   56218.2882868968      -5.024120862084924E-004  4.892823837604008E-005
   56218.3087198331      -5.102897230448988E-004  4.892609476830143E-005
   56218.3291525693      -5.456331769776446E-004  4.892630474157407E-005
   56218.3495854054      -6.078871396349994E-004  4.892620445583192E-005
   56218.3700182414      -5.371240119993459E-004  4.892782469735368E-005
   56218.3904510772      -3.782716991506119E-004  4.892930704597997E-005
   56218.4108838130       3.085158536553223E-005  4.894328437129344E-005
   56218.4313167486       9.739155048382742E-005  4.894242254069675E-005
   56218.4517495841       2.612696279125082E-005  4.893369141327000E-005
   56218.4721825195       9.682245392061972E-005  4.893991226321333E-005
   56218.4926152547       3.763549041657654E-005  4.893827948597380E-005
   56218.5130480898      -9.763887720559694E-007  4.893350337750345E-005
   56218.5334810248       5.974897497229570E-005  4.893505467257748E-005
   56218.5539137597       6.481007752601187E-005  4.894071768308005E-005
   56218.5743465945       1.810454837136710E-004  4.894430289836225E-005
   56218.5947795292       1.227451750240860E-005  4.893924787017153E-005
   56218.6152123638       1.931482124195583E-005  4.893863988785968E-005
   56218.6356450981      -5.802407851607239E-005  4.893334354710189E-005
   56283.7345853326       3.860862474214244E-005  4.899398194788447E-005
   56283.7550182964      -7.414297012275917E-005  4.899844466341057E-005
   56283.7754513604      -3.001756067932959E-006  4.899649849322678E-005
   56283.7958842245      -3.098270651147317E-005  4.900141562852204E-005
   56283.8163171889       5.539285132383220E-005  4.900485041519099E-005
   56283.8367502534      -2.268903312563353E-006  4.900033755679382E-005
   56283.8571831182      -9.570530263003363E-005  4.899551443938184E-005
   56283.8776161831      -4.089743326185502E-005  4.900214583408213E-005
   56283.8980491483       4.305921757197240E-005  4.900543332606730E-005
   56283.9184820137       5.599268328282392E-005  4.900051932470149E-005
   56283.9389150792      -1.230613405400760E-006  4.900193899473893E-005
   56283.9593480450      -2.984598279176520E-005  4.899812500260743E-005
   56283.9797810110      -3.244244244646755E-004  4.899564919834787E-005
   56284.0002139771      -6.211333430503618E-004  4.898948162520506E-005
   56284.0206469435      -5.410042004806437E-004  4.899005513429304E-005
   56284.0410798100      -7.052304614362237E-004  4.898550466874255E-005
   56284.0615128768      -5.633161639378992E-004  4.899227082240887E-005
   56284.0819458438      -5.730655772799853E-004  4.899203891163013E-005
   56284.1023788109      -1.770908070001243E-004  4.900017459246281E-005
   56284.1228117783      -6.426910335255442E-006  4.900501964738089E-005
   56284.1432447459      -3.888763284709551E-005  4.900099254804730E-005
   56284.1636778137      -9.861766939400773E-005  4.899967629768146E-005
   56284.1841106817       3.760099739968936E-005  4.900461223655337E-005
   56284.2045436499      -2.308601778056030E-005  4.900086719086960E-005
   56284.2249767183      -8.756893425021506E-005  4.899525118930867E-005
   56284.2454095868       1.274514805138516E-005  4.899951960120933E-005
   56284.2658425556      -2.563900175067690E-005  4.900055066399591E-005
   56284.2862756246       6.812028431335548E-006  4.899989880667187E-005
   56284.3067084938       2.605564043767217E-005  4.900301079860826E-005
   56284.3271415632       5.503369163828431E-005  4.900118998560217E-005
   56349.4279103344      -5.595726173202031E-006  4.943959552001217E-005
   56349.4483442911      -9.002431774596253E-006  4.944080981526995E-005
   56349.4687780480       2.186412400395632E-005  4.944063856850283E-005
   56349.4892119052       3.234460194545541E-005  4.944238528552749E-005
   56349.5096458626       6.887840718006188E-006  4.944493219199127E-005
   56349.5300796203      -3.104659412445088E-006  4.944437797518130E-005
   56349.5505134784       1.356831706500472E-005  4.942984379501885E-005
   56349.5709474367       8.587152517836039E-005  4.943998783078776E-005
   56349.5913811953      -4.118546148790259E-006  4.942894708467463E-005
   56349.6118151542       1.082139263604009E-004  4.944092190406298E-005
   56349.6322490133       6.683652548455932E-005  4.943117329264724E-005
   56349.6526828728       9.721797311090796E-005  4.942931448682955E-005
   56349.6731167326      -6.533506112715859E-005  4.943174619092271E-005
   56349.6935505925      -5.456284533655875E-004  4.941971221356027E-005
   56349.7139844528      -5.137284214232762E-004  4.943176798596580E-005
   56349.7344183134      -6.070686117406465E-004  4.941502005214107E-005
   56349.7548521742      -5.729337494346787E-004  4.941987411959464E-005
   56349.7752860354      -4.139389037618457E-004  4.942166754028307E-005
   56349.7957198968      -2.732036533685811E-004  4.942183255989502E-005
   56349.8161537585       1.111289661004378E-004  4.944337851677682E-005
   56349.8365876206       3.160828226111967E-005  4.942335509933364E-005
   56349.8570214829       3.237704670033814E-005  4.942999947389805E-005
   56349.8774553454      -3.539014237885496E-005  4.943124801850926E-005
   56349.8978893083       8.282454703256725E-005  4.943082145838025E-005
   56349.9183230714       9.954016036362034E-005  4.944264059888939E-005
   56349.9387569348       1.038703903950555E-004  4.943860851591801E-005
   56349.9591908985       1.066687994444315E-004  4.942906228704524E-005
   56349.9796246625       4.506347844013270E-005  4.942821539394238E-005
   56350.0000586268      -1.064182774591638E-004  4.943237824717228E-005
   56350.0204924913      -1.515599746854113E-004  4.942750549825321E-005
   56350.0409262561       2.974439009162388E-005  4.942530108532368E-005
