   55105.2505405629       5.851302308501616E-004  2.316284091999354E-004
   55105.2709734798      -1.508533158833814E-004  2.315557598576614E-004
   55105.2914062967      -2.938620658780033E-004  2.316368456019413E-004
   55105.3118393131       2.933347735230019E-004  2.316435626285385E-004
   55105.3322722295      -1.060633019688284E-004  2.316392985775246E-004
   55105.3527051457       1.103928035317558E-004  2.317100451443462E-004
   55105.3731379614       1.234315095866023E-004  2.316706599849815E-004
   55105.3935709771      -3.338047342713590E-004  2.316433104534785E-004
   55105.4140038926      -6.296961728902151E-005  2.316306787754751E-004
   55105.4344367078       1.694506629625891E-004  2.316705912099652E-004
   55105.4548697228      -2.237231444260912E-004  2.316378313771757E-004
   55105.4753026376      -4.919321909380159E-006  2.316427602533477E-004
   55105.4957354524      -2.648368817418367E-004  2.316594267323105E-004
   55105.5161683667       8.426236378467067E-005  2.317048411681089E-004
   55105.5366013808       2.991241055161353E-005  2.316469555293452E-004
   55105.5570341949       2.776228498557742E-004  2.316697659097689E-004
   55105.5774671085       1.174587518857351E-004  2.315896200907124E-004
   55105.5979001221      -4.340333646263517E-003  2.311226148046713E-004
   55105.6183329353      -1.621212390826476E-002  2.302284020420518E-004
   55105.6387658484      -2.850309509816862E-002  2.292156670012510E-004
   55105.6591987613      -3.817624645129902E-002  2.285091412582583E-004
   55105.6796317738      -4.335687156654233E-002  2.280088259392970E-004
   55105.7000645862      -4.193396936473059E-002  2.281593973750988E-004
   55105.7204974984      -3.458018970561449E-002  2.287039579545805E-004
   55105.7409305104      -2.337128581123749E-002  2.296994763162876E-004
   55105.7613633222      -1.027954753086224E-002  2.306372236642585E-004
   55105.7817962339      -1.720136114758297E-003  2.314721065127709E-004
   55105.8022292452       6.283663338102485E-006  2.316088541702858E-004
   55105.8226620563       2.564844924950460E-004  2.316862031386772E-004
   55105.8430949673       2.665293227379628E-004  2.316078454700459E-004
   55105.8635278779      -4.555818358187302E-005  2.316401468027263E-004
   55105.9043936986       1.425668414316572E-004  2.316111925208417E-004
   55105.9248266088      -2.802652471955991E-005  2.316359744517342E-004
   55105.9452595186      -1.866520387568960E-004  2.316401238777209E-004
   55105.9656924283      -1.724223106747136E-005  2.316151356217793E-004
   55105.9861253377      -3.040935372726761E-004  2.315846453645296E-004
   55106.0065581469       1.817872442406721E-004  2.316308163255078E-004
   55106.0269911559       6.873611188260575E-004  2.317048182431034E-004
   55106.0474240646       8.094886353893216E-005  2.316075015949642E-004
   55106.0678568731       1.892194420320958E-004  2.316469555293452E-004
   55106.0882898814       5.894787823579328E-005  2.316105506206891E-004
   55106.1087227896      -3.872768524310066E-004  2.315545677573779E-004
   55290.2734346502      -9.918462963698360E-005  2.492765091392332E-004
   55290.2938689637      -4.485192892844658E-005  2.493286200501274E-004
   55290.3143033774       1.528262744434628E-004  2.493277133353898E-004
   55290.3347375913      -2.995240243774955E-005  2.492791537238847E-004
   55290.3551719054      -1.327824645830367E-004  2.492932833618797E-004
   55290.3756063196       4.690832613052365E-005  2.492827805828353E-004
   55290.3960406340      -2.937279934644987E-004  2.492959531330516E-004
   55290.4164748487      -2.597850066865526E-005  2.493183691362879E-004
   55290.4369092634      -1.711426023179863E-004  2.493007385719447E-004
   55290.4573435783       4.825823811538399E-004  2.493796479406405E-004
   55290.4777777935      -3.259939356735631E-004  2.492510707535381E-004
   55290.4982122088       8.144102942113651E-004  2.493852645347098E-004
   55290.5186465243       3.014490549890780E-005  2.493224493526073E-004
   55290.5390807399       3.356872326949478E-004  2.493213411457057E-004
   55290.5595150558       3.460200171694350E-004  2.493594987242483E-004
   55290.5799494719      -5.832898507263096E-005  2.492713207160123E-004
   55290.6003836880      -3.213630197826944E-004  2.492369663020637E-004
   55290.6208180044      -3.997734217358606E-003  2.489914984733664E-004
   55290.6412524210      -1.574389082861261E-002  2.480224470975070E-004
   55290.6616866377      -2.842144459002260E-002  2.470222399958012E-004
   55290.6821209547      -3.808228549410209E-002  2.462676266553952E-004
   55290.7025553718      -4.346608148234976E-002  2.457051109067676E-004
   55290.7229896890      -4.200330194925417E-002  2.458439893807504E-004
   55290.7434239065      -3.477244159388049E-002  2.465707716160149E-004
   55290.7638583241      -2.321465070238604E-002  2.474818436217059E-004
   55290.7842926419      -1.006287628122182E-002  2.485202838615157E-004
   55290.8047268599      -1.216540898779095E-003  2.492136687706102E-004
   55290.8251612781      -3.072000727222246E-004  2.492335157487565E-004
   55290.8455955964      -2.060029100198202E-004  2.492669382614469E-004
   55290.8660298149       8.798923902708644E-005  2.493045417365388E-004
   55290.8864642336       1.849263187465588E-004  2.493423718903150E-004
   55290.9068985525      -1.286549781204238E-004  2.493185202554108E-004
   55290.9273327715       1.106879758037138E-004  2.492925781393059E-004
   55290.9477671908      -5.818507509515181E-004  2.492447237503746E-004
   55290.9682014101      -4.246606204585390E-004  2.492755772379751E-004
   55290.9886357297       2.257807557053404E-004  2.493003859606579E-004
   55291.0090701495       3.448954384444036E-005  2.492953234700393E-004
   55291.0295043694      -1.171970159414837E-004  2.492640669981111E-004
   55291.0499386895      -4.843850280733530E-005  2.493262021441603E-004
   55291.0703731098       8.296576724475813E-005  2.492853999809662E-004
   55291.0908074303       1.643092380378963E-004  2.493355211567417E-004
   55291.1112416509       4.101528776849772E-004  2.493411125642905E-004
   55291.1316760717      -2.825978324827449E-005  2.493073878133542E-004
   55475.3030563815      -1.002217882258849E-004  2.325980685892725E-004
   55475.3234892118      -3.055970733580882E-004  2.326216161880367E-004
   55475.3439222420      -2.134639027514540E-004  2.325738501846496E-004
   55475.3643551721      -1.553645462181175E-004  2.326290181837189E-004
   55475.3847880018       6.353867998032392E-005  2.326352636175758E-004
   55475.4052210315       1.132153462231056E-004  2.326131732867116E-004
   55475.4256539607       6.104538320861330E-005  2.326281160654951E-004
   55475.4460867899       9.678273061419773E-006  2.325883766011760E-004
   55475.4665198187       1.865937696849951E-004  2.326171287281543E-004
   55475.4869527474       3.884364623858438E-004  2.326660050308937E-004
   55475.5073856759      -3.730484516594190E-004  2.325661012204197E-004
   55475.5278186040       2.465881472009102E-004  2.326430588442787E-004
   55475.5482515320       2.759005117554114E-004  2.326058869472119E-004
   55475.5686845599       1.590109202742607E-004  2.326242531489984E-004
   55475.5891173874      -2.471499312939329E-005  2.326428275319136E-004
   55475.6095503148       1.625952494073157E-004  2.326551564809719E-004
   55475.6299833419      -4.603346612346293E-004  2.325592312431771E-004
   55475.6504161688      -7.622539168331666E-003  2.320623260205327E-004
   55475.6708490957      -1.884702459160803E-002  2.311392277652458E-004
   55475.6912821221      -3.188500505742475E-002  2.301082222916536E-004
   55475.7117149483      -4.002639476372694E-002  2.294731079308795E-004
   55475.7321478745      -4.322392888621818E-002  2.292316409529824E-004
   55475.7525809002      -3.948197777076923E-002  2.295044276251101E-004
   55475.7730137259      -3.066826080470531E-002  2.302285509839633E-004
   55475.7934466512      -1.916887649725230E-002  2.311459589550694E-004
   55475.8138796764      -6.373891784856700E-003  2.321567708591910E-004
   55475.8343125012      -1.072396870003267E-004  2.326528433573212E-004
   55475.8547455260      -2.841206877099989E-004  2.326432207629342E-004
   55475.8751784506       6.803624347568871E-004  2.327098618553110E-004
   55475.8956112749       2.199137587539646E-004  2.326838854767136E-004
   55475.9160442990       2.342681401477087E-004  2.326588112163400E-004
   55475.9364772229       8.707083877412813E-005  2.326662132120223E-004
   55475.9569100465      -3.403228862275398E-006  2.326507846772720E-004
   55475.9773430699       3.027508820017122E-004  2.327019047099526E-004
   55475.9977759930       4.679902780320155E-004  2.326915187847610E-004
   55476.0182088162      -3.122952191124684E-004  2.326410232954661E-004
   55476.0386418389      -1.912011958130622E-004  2.326571457673115E-004
   55476.0590747614      -8.905790994262475E-005  2.326343383681155E-004
   55476.0795076838      -1.113393266658491E-004  2.326125718745624E-004
   55476.0999406058       9.059700117397540E-005  2.326559892054861E-004
   55476.1203735278       3.191167610134826E-004  2.326844406263898E-004
   55476.1408064496       4.691787349742071E-006  2.326798837727979E-004
   55476.1612393709       3.805714176636776E-004  2.327076875190794E-004
   55660.3258512977       2.454033613574769E-004  2.549116621137508E-004
   55660.3462855956       3.116284865511965E-005  2.548973929841064E-004
   55660.3667198937      -3.646158478911588E-004  2.549266241687556E-004
   55660.3871541920      -7.348428702202980E-006  2.549319879243234E-004
   55660.4075884905       2.008045131098868E-004  2.549085824454822E-004
   55660.4280227891      -2.984165877042422E-004  2.548870760954066E-004
   55660.4484571880       9.638207237450125E-005  2.549644014328502E-004
   55660.4688914870      -5.637686727244517E-005  2.548990611377519E-004
   55660.4893256862       5.002528020403574E-005  2.549295498536108E-004
   55660.5097600856      -2.398705589631289E-004  2.548372881250646E-004
   55660.5301942851       3.565577488164884E-004  2.549519287763625E-004
   55660.5506285849      -5.135049543125714E-005  2.549040399347861E-004
   55660.5710629848       1.651496404180275E-004  2.549640164743166E-004
   55660.5914971850       9.421465646841654E-005  2.549006266357884E-004
   55660.6119315853      -2.810187129893560E-004  2.549094293542561E-004
   55660.6323658859      -9.285034749795251E-005  2.549386862028076E-004
   55660.6528000866      -1.802914616655382E-005  2.548979832538579E-004
   55660.6732344874      -7.629036614907436E-003  2.543431040235664E-004
   55660.6936687885      -2.011866732057732E-002  2.534147380240028E-004
   55660.7141029898      -3.252461233766846E-002  2.523184787759972E-004
   55660.7345373912      -4.111244742628384E-002  2.517302621366983E-004
   55660.7549716928      -4.394342759676984E-002  2.514652310182848E-004
   55660.7754058946      -4.023383289800619E-002  2.517599552715879E-004
   55660.7958402967      -3.172525609753385E-002  2.523973696114773E-004
   55660.8162745988      -1.928070894661926E-002  2.534457656818088E-004
   55660.8367090012      -7.017294692040155E-003  2.543807529681498E-004
   55660.8571432037       1.134232003210389E-004  2.549297295009264E-004
   55660.8775775065      -5.667521742150905E-004  2.548536873585948E-004
   55660.8980119094       1.869842116162257E-004  2.549418941905874E-004
   55660.9184461125       4.166656693849191E-005  2.549230055585401E-004
   55660.9388804158      -1.557225433042042E-004  2.548911566558625E-004
   55660.9593148192       2.838448438822194E-004  2.549175904751678E-004
   55660.9797491229      -2.659295655904614E-005  2.549271631107026E-004
   55661.0001834268      -1.259028488747038E-004  2.548636192887609E-004
   55661.0206177308      -3.460759012011705E-004  2.548478616527867E-004
   55661.0614863394      -1.817615887751423E-004  2.548745777750166E-004
   55661.0819206439      -2.982579696867438E-004  2.548443200342778E-004
   55661.1023549487       5.809837831691755E-004  2.549713306864546E-004
   55661.1227893537      -4.360774747071972E-004  2.548722166960108E-004
   55661.1636578641      -4.074578314327004E-004  2.548819433149590E-004
   55661.1840921696       4.312322205111130E-004  2.549135612425164E-004
   55845.3555950253       2.551317421035648E-004  2.338978371782125E-004
   55845.3760279778      -2.830947689969054E-005  2.338838472978643E-004
   55845.3964610301      -1.098176146444585E-004  2.338742949421675E-004
   55845.4168938821       2.496149181341334E-004  2.339082069726608E-004
   55845.4373268339      -4.633000886903327E-004  2.338383042817058E-004
   55845.4577598857      -2.856902810499662E-005  2.338745518514894E-004
   55845.4781928370       2.792839359770927E-004  2.339172221543209E-004
   55845.4986257881      -1.786227219392478E-004  2.338670781257608E-004
   55845.5190587390      -4.773498484911265E-005  2.338626639565024E-004
   55845.5394916899       2.212692755343415E-004  2.338961088791377E-004
   55845.5599246403      -5.222079711606487E-004  2.338532984439488E-004
   55845.5803575905      -3.113228663507162E-004  2.338116324230120E-004
   55845.6007905406      -5.329753141192217E-005  2.338859025724397E-004
   55845.6212235903      -2.069888783639007E-004  2.338293591662245E-004
   55845.6416564398       2.686170581844838E-004  2.338751357363119E-004
   55845.6620893893       1.833766247050228E-004  2.338873973175854E-004
   55845.6825224383      -2.124107041355128E-003  2.337033101107336E-004
   55845.7029552873      -1.197626716529554E-002  2.329654898935737E-004
   55845.7233882360      -2.431115512574844E-002  2.319541313147482E-004
   55845.7438212844      -3.528452358776424E-002  2.310822511423321E-004
   55845.7642541327      -4.203812705461218E-002  2.305375800244698E-004
   55845.7846871805      -4.278254129495851E-002  2.304501140780527E-004
   55845.8051201283      -3.717012605915004E-002  2.308877941410319E-004
   55845.8255529760      -2.710379898026305E-002  2.317187556650841E-004
   55845.8459860233      -1.468113030164808E-002  2.327475373670143E-004
   55845.8664189702      -3.744596443846171E-003  2.335683626505471E-004
   55845.8868518172      -2.005385528939252E-004  2.338392151420290E-004
   55845.9072848638       3.959998014542165E-004  2.338777281849240E-004
   55845.9277178103       1.857313587299014E-004  2.338875608053357E-004
   55845.9481507565       1.142756618599527E-005  2.338897328568755E-004
   55845.9685837025       2.843720598271204E-004  2.338780318050318E-004
   55845.9890166482       5.092305047327272E-004  2.339099819825214E-004
   55846.0094495937       2.421571965594005E-004  2.339022279920780E-004
   55846.0298825390      -1.290080489463330E-004  2.338815818247528E-004
   55846.0503154840       5.572692092568055E-004  2.339308149929898E-004
   55846.0707484289      -1.578157995800744E-004  2.338767472584222E-004
   55846.0911813737       3.421150195206391E-004  2.338772844324589E-004
   55846.1116143180       4.265101627876078E-006  2.338673583904757E-004
   55846.1320472621       1.919206163643050E-004  2.339143027302082E-004
   55846.1524802060       1.062848242441294E-004  2.339035592494734E-004
   55846.1729131499       3.711854855308339E-004  2.338621267824656E-004
   55846.1933461933       1.738069915564466E-004  2.339288764953789E-004
   56030.3782410677      -6.027815747211562E-006  2.556723427276105E-004
   56030.3986754454      -3.090607434009796E-004  2.556639157359264E-004
   56030.4191097232      -6.624735893345779E-005  2.556734542633234E-004
   56030.4395440013       2.549189037637234E-008  2.556905150440335E-004
   56030.4599782795      -3.457911612647635E-005  2.556643034809426E-004
   56030.4804125580      -3.189150572013855E-005  2.556853451104850E-004
   56030.5008468366       1.226680515655776E-004  2.556556438422488E-004
   56030.5212811154       6.284250894683652E-005  2.556597022400844E-004
   56030.5417153944      -2.854568978694072E-004  2.556106912700446E-004
   56030.5621496737       7.504867975516305E-005  2.556562900839424E-004
   56030.5825839531      -4.404182743357188E-004  2.556450713281421E-004
   56030.6030182327       2.217784958959967E-004  2.556664490033652E-004
   56030.6234525125       1.138740122885729E-005  2.556803044252752E-004
   56030.6438867925       3.145722646968885E-004  2.556662680556910E-004
   56030.6643210727       6.575424537587082E-004  2.557112464775630E-004
   56030.6847554531      -7.636512692077435E-005  2.556427965573808E-004
   56030.7051896336      -1.492005146493836E-003  2.555749928788922E-004
   56030.7256239144      -1.122179843950244E-002  2.547643472984869E-004
   56030.7460582954      -2.453055536446347E-002  2.538120455388526E-004
   56030.7664924766      -3.579328286496408E-002  2.529147777218421E-004
   56030.7869268579      -4.236258147558702E-002  2.523933382241401E-004
   56030.8073611395      -4.324277187281800E-002  2.523430606203809E-004
   56030.8277953213      -3.795650539096074E-002  2.527515112203804E-004
   56030.8482297032      -2.750377341390742E-002  2.535468796471499E-004
   56030.8686639853      -1.501726034883621E-002  2.545142259134103E-004
   56030.8890981677      -4.054154367573282E-003  2.553282319506221E-004
   56030.9095325502      -7.568738194996261E-005  2.556512493987326E-004
   56030.9299668330       1.489805300187719E-004  2.556320172459322E-004
   56030.9504012158      -2.235583968094312E-004  2.555884347061183E-004
   56030.9708353990       2.460146086906700E-004  2.556751861910622E-004
   56030.9912696822       4.196616804152953E-005  2.555993432659056E-004
   56031.0117040657      -4.167484067050253E-004  2.556344729643677E-004
   56031.0321382494       5.278293370203357E-005  2.556092953879865E-004
   56031.0525725333      -1.327596975453371E-005  2.556756256354138E-004
   56031.0730069174       1.429452273067344E-004  2.556318621479257E-004
   56031.0934411016       9.078269105122772E-005  2.556032465657348E-004
   56031.1138753861      -4.284870730122403E-004  2.555834715699117E-004
   56031.1343097707       7.473419694314920E-005  2.556306213638741E-004
   56031.1547440556      -2.689724651534497E-004  2.555618612476790E-004
   56031.1751783406       3.157977844505666E-004  2.556709985448879E-004
   56031.1956126259       4.226520895989072E-004  2.556020316313509E-004
   56031.2160468113       1.981331718492463E-004  2.556215222808287E-004
   56215.3877000266      -1.338002263582272E-004  2.394866661850843E-004
   56215.4081330047       3.900802500422795E-004  2.395468791293204E-004
   56215.4285659826       1.909026560711347E-004  2.394987845134840E-004
   56215.4489989602       3.328713902917002E-004  2.394992105484668E-004
   56215.4694319376       8.738601211644159E-005  2.394955892511130E-004
   56215.4898649150      -2.588766527167330E-005  2.394796602764782E-004
   56215.5102978920       1.102927017615496E-004  2.394976247515864E-004
   56215.5307309687      -1.834533858768861E-005  2.394991395426363E-004
   56215.5511638452       1.485346873724147E-004  2.394987608448739E-004
   56215.5715968214       1.301707735030799E-004  2.395001572928731E-004
   56215.5920298976      -1.471066614949779E-004  2.395039679391081E-004
   56215.6124627734      -7.127257759276251E-005  2.394863584931523E-004
   56215.6328958490       3.405633755571014E-004  2.395367252955636E-004
   56215.6533288243      -7.549474488599550E-005  2.394875419236601E-004
   56215.6737616994      -2.254305432435322E-004  2.394839679635265E-004
   56215.6941947742      -3.276223085330043E-004  2.394699798149245E-004
   56215.7146276491      -6.662119780398434E-006  2.394971040421630E-004
   56215.7350606235      -4.464695167380017E-003  2.391713292919799E-004
   56215.7554936976      -1.602764410411128E-002  2.382684191517602E-004
   56215.7759265715      -2.775009658885830E-002  2.373795444973628E-004
   56215.8167926187      -4.312989520326327E-002  2.359334397540697E-004
   56215.8372254921      -4.208268008351845E-002  2.360269070955745E-004
   56215.8576585651      -3.501239677945345E-002  2.368243025717202E-004
   56215.8780915379      -2.291975586698325E-002  2.377634256854781E-004
   56215.8985245104      -1.061748762793313E-002  2.386803949801303E-004
   56215.9189574827      -1.634826521225374E-003  2.393688911809495E-004
   56215.9393904547      -4.298806885683071E-005  2.394948555241982E-004
   56215.9598234268      -2.705249220446015E-004  2.394703348440769E-004
   56215.9802563984      -4.564346935966856E-004  2.394631869238099E-004
   56216.0006893697       2.000684752212489E-004  2.395051277010057E-004
   56216.0211223409       9.058658543126263E-005  2.395004176475848E-004
   56216.0415553117      -7.413791981436546E-005  2.394956602569435E-004
   56216.0619882826      -1.157936338216370E-004  2.394895300869131E-004
   56216.0824212531      -9.728229101302333E-005  2.394848673707125E-004
   56216.1028543233      -1.587540257342868E-004  2.394936247564701E-004
   56216.1232871932       1.365164483124737E-005  2.394958022686044E-004
   56216.1437202632       1.216472587133310E-004  2.395036129099558E-004
   56216.1641532327      -2.404166850954459E-004  2.394749738916674E-004
   56216.1845861019      -3.166455933747425E-004  2.394691514135691E-004
   56216.2050191710       2.764266533985538E-004  2.395186898146250E-004
   56216.2254521400       4.554906963101235E-004  2.395204412917765E-004
   56216.2458850086      -1.121874749502316E-004  2.394874235806093E-004
   56400.4101948073       5.536981176756939E-005  2.545457694924263E-004
   56400.4306289618       1.883228256698288E-004  2.545330697149736E-004
   56400.4510632165      -1.963727779432656E-004  2.543884935899486E-004
   56400.4714975715      -2.447547105043357E-004  2.544722811460692E-004
   56400.4919317266      -1.625964272737868E-004  2.544699063909357E-004
   56400.5123659820      -1.616663204602187E-004  2.544034906848673E-004
   56400.5328003375      -1.822528388485400E-004  2.544222047878209E-004
   56400.5532344932      -1.127323225177390E-004  2.543481743777920E-004
   56400.5736687492      -5.171560457583046E-004  2.544402735768796E-004
   56400.5941031053      -1.251389154390825E-004  2.544889818696705E-004
   56400.6145373617      -2.852836978984863E-004  2.544566645498113E-004
   56400.6349716182       7.588097934063676E-005  2.544337946253742E-004
   56400.6554058750       4.807723865574154E-005  2.544953833835084E-004
   56400.6758401320       1.686135535523547E-004  2.544764369675526E-004
   56400.6962743892       2.472041698831084E-005  2.543213293197620E-004
   56400.7167086466      -1.577956251362922E-004  2.543686953596515E-004
   56400.7371429041      -3.241054307263624E-004  2.544493595965204E-004
   56400.7575772620      -4.000207784596310E-003  2.540422697790290E-004
   56400.7780114200      -1.520141444901513E-002  2.533331730587002E-004
   56400.7984457782      -2.833452356554711E-002  2.521040824018192E-004
   56400.8188800366      -3.816045573637661E-002  2.514518765544693E-004
   56400.8393141952      -4.311312557011016E-002  2.510515754391528E-004
   56400.8597485540      -4.210476562122700E-002  2.510768459312791E-004
   56400.8801828130      -3.497991546434720E-002  2.515607539148255E-004
   56400.9006169723      -2.309774607982884E-002  2.526250314029359E-004
   56400.9210513317      -1.097037190368610E-002  2.535948091242695E-004
   56400.9414855913      -1.749031086980546E-003  2.542100772042723E-004
   56400.9619197512      -1.152760786901075E-004  2.544706033299423E-004
   56400.9823541112       2.237043061834587E-004  2.544079304444645E-004
   56401.0027883714      -5.583060489477987E-007  2.545244225087813E-004
   56401.0232227319       5.558251391768465E-005  2.543911780957516E-004
   56401.0436568925      -3.971476050451672E-004  2.544254313572957E-004
   56401.0640910534       1.159255624907374E-004  2.545033594632500E-004
   56401.0845254144       2.090023666601049E-005  2.545140200487946E-004
   56401.1049596757       2.171277614673173E-004  2.543589124010040E-004
   56401.1253939371       5.606365858223938E-006  2.545085219744096E-004
   56401.1458281988      -4.101503232711856E-005  2.543860413971478E-004
   56401.1662624607       3.971910981723781E-004  2.544853164867472E-004
   56401.1866968228      -3.101246908387978E-005  2.544157516488714E-004
   56401.2071309850      -1.933706546030090E-004  2.544657763820081E-004
   56401.2275652475       5.300185067338425E-004  2.543849572698042E-004
   56401.2479996102       1.773403903104764E-004  2.544415125795578E-004
   56401.2684338731      -1.725959247641518E-004  2.544536444807829E-004
